
filled_synop: 30 data points in equal steps of sine latitude from +14.5/15 to  -14.5/15

CT2124:360           11.334   22.589   31.763   39.818   29.641   -27.359
   -60.751   -37.994   30.804   60.796   31.398   -49.079  -101.927  -107.239
   -62.849   -30.757    6.351   48.605   69.648   97.547  118.563   83.125
   -21.478   -95.216   -90.810   -34.655    7.171   23.956   35.118   47.594
CT2124:355           10.473   19.477   26.866   34.554   30.188    -6.263
   -29.959   -25.236   17.280   38.412    -2.767   -60.854   -84.940   -81.221
   -54.229    -6.222   76.190  174.042  225.531  308.102  409.867  352.680
  126.613   -35.753   -53.981    -7.923   19.322   32.111   42.868   52.336
CT2124:350            2.147   14.206   25.367   35.290   51.667   86.108
  107.091   95.974   74.667   35.859   -54.320  -203.812  -256.892  -200.624
   -77.787   26.652  173.946  330.238  376.931  301.593  191.498  137.285
   71.745   14.398    -4.765   13.425   21.934   32.526   43.870   52.301
CT2124:345            -8.373    4.891   18.213   31.652   65.115  157.920
  220.594  190.945   86.638    -8.132  -161.252  -485.979  -612.608  -449.904
  -119.761   53.587  252.802  486.428  539.436  369.613  152.637  104.173
  123.267  108.099   73.107   38.634   18.402   26.191   39.337   50.741
CT2124:340           -17.273    -4.887   10.316   28.285   58.100  131.690
  176.402  133.869   11.799   -85.324  -176.204  -358.200  -449.739  -311.836
   -66.785   51.828  151.588  278.198  348.490  410.652  453.100  424.519
  315.392  221.102  158.881   59.814    8.456   20.498   40.826   53.711
CT2124:335           -27.504   -10.775    5.914   26.336   52.384  105.846
  133.284   62.014  -125.758  -225.841  -168.925   95.801  242.502  185.071
   40.672   18.285   -10.949   -76.660   -46.123  210.548  464.715  468.881
  313.610  186.033  136.939   57.073    7.827   21.882   46.887   64.464
CT2124:330           -33.765   -13.627    6.493   30.787   49.831   79.601
   89.482    6.495  -239.420  -376.663  -262.499  117.070  286.161  234.163
   66.093    9.790   -54.422  -140.131  -161.787  -103.870    2.834    6.762
   -39.012   -50.938   -38.481   -26.326    -7.554   16.306   42.950   68.755
CT2124:325           -43.188   -15.569   12.674   42.334   54.108   54.436
   48.375    1.158  -146.464  -223.553  -175.053   -36.588    0.095   41.679
   42.270   26.496    -9.244   -22.180   -83.891  -405.442  -740.289  -717.405
  -407.050  -210.273  -150.398   -61.839    -4.322   22.321   50.021   78.340
CT2124:320           -43.011    -9.513   24.864   53.168   63.527   53.735
   47.083   55.955  102.370  121.771   92.795   29.475   10.225    0.975
    1.653   27.220   91.981  133.006   66.839  -198.837  -459.631  -490.620
  -304.721  -125.079   -75.493   -49.491   -18.505    8.852   39.069   71.868
CT2124:315           -43.722   -15.083   16.629   47.868   64.771   62.223
   65.804  109.335  249.565  305.889  217.511   -12.770  -108.355   -95.152
   -41.457   27.319  312.753  666.498  657.332  281.901   -94.730  -168.966
  -113.768   -56.479   -41.841   -64.555   -58.691   -18.460   31.147   73.786
CT2124:310           -42.781   -20.210    5.738   30.399   46.859   56.272
   68.068  103.827  198.237  222.083  123.876  -108.432  -205.696  -167.721
   -70.465    5.052  333.837  916.702  965.723  426.512   19.210   -45.757
   -31.149   -23.587   -29.732   -52.116   -52.981   -16.752   27.770   67.057
CT2124:305           -36.742   -16.467    5.185   25.131   34.943   38.502
   44.293   50.820   82.856   84.471    -2.490  -184.173  -254.769  -202.612
   -75.912   -42.537  -254.664  -685.288  -696.408  -272.252    3.062   34.495
   22.588    6.648   -12.695   -37.153   -45.870   -22.269   20.905   66.578
CT2124:300           -31.110   -16.719    -0.479   17.625   22.987   20.782
   17.875    -4.910   -53.771   -92.047  -132.433  -193.910  -216.061  -163.740
   -46.241   -33.308  -329.964  -699.612  -674.648  -248.531  143.923  195.822
  129.299   58.689   26.603   -12.016   -29.247    1.609   42.964   74.040
CT2124:295            -3.727   10.061   22.931   34.837   36.233   26.222
   15.492   -17.689   -92.008  -132.229  -131.960   -95.360   -75.149   -54.878
   -22.403    0.818    8.885   35.260   84.964  282.278  529.809  498.945
  277.580  151.184  100.356   21.261   -25.458    -4.374   37.745   75.197
CT2124:290           16.382   23.796   27.893   31.385   38.797   50.612
   50.976   28.298   -36.429   -69.900   -39.959   39.185   69.170   56.531
    2.580   36.885  341.817  663.454  678.006  323.151   -97.574   -96.342
   95.887  160.332  110.593   21.836   -13.757   14.148   52.208   79.856
CT2124:285            9.851   12.012   12.703   15.934   31.867   78.328
  103.655   88.976   44.201   28.130   51.855  118.974  148.971  121.936
   55.675   77.004  403.866  891.027  892.716  387.206   12.000   -39.023
   -21.677   -20.384   -24.929    -9.573    1.660   23.753   49.432   69.600
CT2124:280           14.391   17.562   16.716   17.430   38.494   88.050
  116.071  105.879   59.382   39.070   59.442  104.087  118.178  120.429
  108.694   76.487   -52.192  -214.401  -192.168   28.177  189.266  169.562
   -12.186  -126.452  -112.215   -32.482    8.105   22.584   36.719   51.826
CT2124:275           18.606   22.700   20.207   16.455   27.536   58.275
   74.369   70.160   36.903   12.791   29.506   64.942   73.081   91.715
  135.214   65.895  -436.769 -1106.781 -1081.131  -282.870  337.892  347.226
   83.893   -39.628   -37.101    -3.301   16.749   19.094   20.652   31.067
CT2124:270            6.832   10.497   14.241   19.798   27.849   39.757
   48.271   51.345   61.985   64.074   41.107    3.420    -8.461   15.522
   55.270    -1.028  -259.678  -495.371  -510.534  -295.315   -51.047   13.176
   19.498   20.848   25.660   23.479   28.041   33.322   35.369   40.014
CT2124:265            -3.931    -0.446    6.096   15.162   22.144   30.938
   37.316   34.497   36.740   35.072    3.290   -45.684   -62.226   -41.486
    -8.053   -22.501   -53.344   -54.613   -99.869  -260.119  -352.226  -298.438
  -128.333   -22.140    8.477   16.597   32.447   44.489   50.150   55.089
CT2124:260           -11.038    -4.222    5.765   16.436   21.724   22.077
   20.461   11.304   -22.888   -59.095   -64.073   -73.216   -82.391   -68.417
   -39.043   -20.045   50.368   42.649    -3.414  -196.940  -412.077  -383.516
  -190.482   -73.905   -30.594   11.038   40.698   48.324   52.003   60.262
CT2124:255           -11.427    -0.468   11.131   20.679   27.279   36.468
   39.678   34.661   41.054   31.054   -22.445   -99.259  -118.931  -104.948
   -77.967   -41.611  173.173  466.772  412.301   53.919  -144.255  -175.131
  -161.861  -124.620   -74.947   -11.719   31.192   45.109   51.822   61.601
CT2124:250           -15.225    -4.970   10.078   24.501   27.095   26.270
   18.868    5.759    -4.211   -29.123  -104.996  -227.418  -258.241  -189.328
   -79.790   -60.506  -189.726  -403.483  -391.975  -213.578  -144.785  -143.225
  -152.170  -145.091  -103.103   -35.892    7.879   30.403   47.550   64.085
CT2124:245            0.943    3.427   10.899   19.105   15.486    7.678
    -7.583   -37.015   -82.055  -124.322  -186.538  -287.156  -309.503  -219.977
   -91.738   -76.432  -239.572  -442.166  -432.446  -261.928  -159.110  -146.613
  -140.037  -123.761   -88.401   -24.397   18.933   37.980   51.552   64.044
CT2124:240           19.998   16.399    8.883    0.660    -9.180   -16.813
   -38.018   -86.278  -160.875  -206.808  -236.174  -262.111  -254.893  -181.777
   -92.100   -74.470  -134.736  -170.512  -157.737  -113.860   -68.657   -63.352
   -92.936  -110.950   -90.733   -26.489   13.556   34.116   48.129   62.647
CT2124:235           27.863   16.556    0.106   -17.381   -36.001   -38.778
   -56.795  -122.345  -236.124  -285.730  -280.666  -218.988  -176.733  -140.390
   -75.419   -39.379   -39.088   -22.421   41.557  215.954  302.815  265.537
   50.964   -75.962   -75.725   -25.706    1.596   25.197   46.978   68.358
CT2124:230           16.733    8.237    1.715    -7.189   -34.076   -77.792
  -119.604  -177.697  -271.828  -322.645  -317.280  -297.481  -273.326  -196.163
  -123.981   -78.157   -39.475   -18.029   77.183  438.819  704.995  572.557
  138.873   -69.214   -76.620   -28.958    0.588   25.195   45.174   63.836
CT2124:225            7.217    -1.937    -6.175   -10.556   -43.721  -100.613
  -144.168  -172.201  -190.236  -213.291  -252.201  -287.972  -268.360  -190.622
   -80.261   -24.728    -4.786   13.491   39.066   42.969   12.743   25.547
   -10.546   -52.609   -47.638   -15.040    5.154   24.025   41.822   58.887
CT2124:220            4.995    -1.110    -4.961   -13.872   -50.262  -118.104
  -162.074  -155.293   -97.081   -96.409  -206.651  -389.934  -405.488  -238.117
   -19.895   49.715   28.883    6.994   -37.269  -222.676  -337.712  -293.263
  -113.290   -27.210   -14.955    -5.452    6.584   21.869   37.122   53.536
CT2124:215            0.441    0.199    2.728    -4.179   -54.810  -153.817
  -207.336  -182.875   -84.510   -75.105  -190.238  -414.673  -449.807  -251.635
   -20.146   51.168   18.493   -12.467   -53.027  -167.672  -218.124  -194.692
   -63.685   10.802   16.786    3.139    3.767   17.673   34.720   53.519
CT2124:210            -7.654    -6.285    2.164    1.194   -57.562  -178.230
  -242.135  -211.434  -101.070   -95.980  -102.194  -199.073  -236.415   -97.562
   -33.817   33.147   22.913    3.528    -3.054    -5.469    3.544   -11.220
    2.168   16.411   15.688    -1.848    -0.763   18.887   41.881   63.313
CT2124:205           -12.367    -8.622    4.489    9.637   -45.058  -168.225
  -235.877  -207.919   -85.900  -134.260  -164.774   15.094  135.809   -74.139
   -89.787   59.886  145.730  145.824  163.670  115.778   -27.900   -14.107
   20.892    0.219    -1.564    -9.368    -3.705   25.564   54.367   77.960
CT2124:200            0.329    -1.690    -1.789   -10.352   -54.609  -126.605
  -183.645  -217.364  -147.210  -254.211  -936.949 -1855.282 -1918.017 -1172.952
  -272.868   79.683  466.257  779.853  712.206  494.796  444.121  290.471
   47.068   -27.502   -21.102   -26.948   -19.376    8.397   43.912   78.753
CT2124:195            0.873    -8.974   -18.309   -27.536   -45.763   -55.035
   -77.939  -216.993  -458.625  -691.008 -1468.909 -2709.118 -2809.472 -1400.006
  197.956  555.400  453.433  300.841  182.849  -220.054  -529.321  -457.342
  -154.932   -40.882   -27.936   -43.528   -30.473    6.282   46.436   81.575
CT2124:190            5.598    -6.281   -18.279   -28.612   -31.922   -19.713
   -10.138   -41.961  -117.009  -210.987  -470.975  -865.104  -863.363  -238.687
  500.908  626.400  344.183   77.338  -109.159  -554.748  -829.842  -717.001
  -273.597   -63.770   -31.993   -47.776   -34.561    1.535   49.167   95.782
CT2124:185           13.369    9.734    -1.176   -11.435    -0.825   -14.202
   24.895  259.348  692.253  890.220 1139.439 1550.474 1582.104  983.362
  381.645  252.021  197.704  116.286   -15.105  -195.242  -269.519  -276.032
  -142.337   -48.026   -25.147   -50.790   -34.114   11.451   62.733  110.027
CT2124:180            -8.154    -1.079    2.403    7.245   23.338    6.132
   50.175  308.466  774.646 1020.483 1383.632 1901.940 1914.625 1141.828
  324.596  139.221  154.814  143.438   50.060   -58.724  -110.199  -130.373
   -80.789   -34.008   -19.994   -46.590   -34.182    6.741   51.897   94.930
CT2124:175           -18.853   -15.367   -12.683    -3.783   34.938   83.563
  152.925  285.399  433.356  560.986  859.183 1106.484 1051.513  639.211
  103.364   -42.594   82.805  171.057  106.586   -61.917  -179.344  -161.632
   -84.098   -53.674   -48.738   -61.246   -48.856   -10.986   35.429   80.809
CT2124:170           -23.008   -12.822    -6.056    6.155   63.004  159.053
  225.748  248.342  239.003  282.342  334.969  379.585  335.410  175.208
    -0.407   -68.848   11.348   72.269   45.569   -29.161   -74.608   -93.644
   -98.616   -95.859   -84.853   -67.250   -47.718   -11.371   28.812   63.917
CT2124:165           -24.223   -20.034   -14.623    6.655   72.634  181.262
  236.937  209.861  130.046  114.874   80.481   50.483   24.726    9.979
    8.722   -17.658   -24.291   -29.168   -16.241   20.564   31.580    3.369
   -52.404   -75.803   -79.482   -69.386   -52.826   -14.586   26.578   61.726
CT2124:160           -19.493    -8.896    -1.387   16.619   81.391  187.527
  229.837  177.666   67.214   20.782   -11.034   -20.795   -24.952    -0.105
   43.290   35.136    0.837   -10.923   16.517   96.810  144.703  121.210
   46.325    5.159   -23.162   -48.854   -57.780   -30.814   11.931   56.160
CT2124:155           -11.438    1.449   11.661   28.427   78.517  178.044
  211.490  148.560   37.939    -5.696   -38.432   -42.319   -35.847    -0.529
   38.023   33.534    -9.123   -26.098   18.417  130.009  196.101  203.813
  180.525  146.784   63.422   -55.956   -88.311   -39.311   15.412   57.219
CT2124:150            1.005    8.923   15.767   32.846   74.311  137.115
  150.225   79.049   -44.136   -84.711   -70.723   -40.125   -26.276   16.502
   46.475   26.759   -56.417   -96.882   -20.627  175.682  284.614  316.219
  307.114  271.463  165.332    -0.026   -69.644   -42.399    5.426   47.195
CT2124:145           10.999   22.699   30.085   39.260   65.341  113.057
  123.844   60.395   -60.115   -86.754    -4.720  103.692  118.237   79.561
   31.062    -7.426  -103.498  -149.777   -65.610  185.771  336.544  366.793
  354.251  324.361  206.069   16.042   -57.282   -25.702   16.851   46.739
CT2124:140            7.786   20.246   26.862   33.712   52.795   92.529
  102.779   60.676   -18.526   -28.317   57.886  169.401  180.719  118.790
   48.941    1.374  -110.714  -171.005   -98.615  114.100  246.284  304.269
  349.251  341.465  227.142   38.204   -37.983   -13.135   22.032   46.003
CT2124:135            8.417   22.490   36.985   47.204   43.850   27.421
   23.605   46.675   86.009  104.835  135.263  165.451  161.077  120.502
   73.159   23.242   -96.910  -162.421  -124.923   -32.342   43.497  154.800
  315.389  344.852  230.522   31.910   -51.787   -28.597   11.834   44.698
CT2124:130            9.689   22.194   35.770   41.392   18.284   -27.313
   -35.095   24.882  122.498  144.972  114.911   68.585   52.199   43.276
   30.641    5.725   -58.307   -82.829   -60.239    -0.254   60.602  139.789
  278.811  302.541  190.956    3.368   -58.715   -34.812    6.466   44.971
CT2124:125           11.522   18.226   28.092   33.387    5.118   -57.437
   -73.103    -8.182  111.467  125.354   36.739   -72.290   -90.837   -54.317
   -28.170   -26.464   -60.583   -67.497   -29.075   62.910  124.954  125.502
  157.631  150.438   71.347   -35.068   -59.776   -18.689   22.726   56.426
CT2124:120           18.337   30.342   43.415   46.701   21.439   -20.718
   -34.869   -21.419    7.454   -15.255  -101.747  -205.586  -211.366  -124.034
   -47.404    -8.738   -15.209   14.072   91.484  182.411  161.376   82.214
  -170.014  -303.280  -244.583  -113.463   -53.752   -13.163   19.036   53.768
CT2124:115           17.390   24.586   35.068   40.729   28.385    6.547
    -7.403   -24.663   -40.104   -89.855  -195.934  -240.818  -238.378  -182.912
   -67.332   19.729   69.114  134.281  358.534  961.863 1188.742  687.381
  -122.899  -385.401  -337.019  -123.968   -34.995    -3.416   19.967   54.090
CT2124:110            8.018   18.207   26.647   29.929   21.289    9.917
    6.867    -0.742    -2.832   -70.339  -341.157  -671.504  -669.045  -347.682
  -108.392   34.408  235.397  419.816  542.836  664.530  587.212  204.381
  -648.133  -985.264  -760.443  -260.377   -48.075   17.730   52.134   92.614
CT2124:105            -0.653    3.806    7.329   12.992   14.320    0.824
   10.530   80.089  158.373  102.837   -49.897  -234.646  -260.433  -174.258
   -80.485   54.581  219.838  383.757  540.404  810.013  816.583  314.043
  -570.690  -882.070  -669.612  -194.700   -26.277   20.667   60.830  111.992
CT2124:100            -3.509    -5.007    -7.531    -3.995   14.887   44.148
   78.272  205.616  382.977  338.656  136.889   -28.484   -77.653  -101.711
   -52.509   61.981  134.606  198.849  481.315  943.502  977.443  563.053
  -253.003  -582.972  -467.919  -172.421   -25.924   33.121   64.258  101.776
CT2124:095            -4.811    -5.619    -8.954    -2.183   35.154   89.869
  122.638  218.482  350.105  239.193  -202.653  -601.535  -636.638  -401.752
  -174.826   -16.308  218.784  391.932  600.170 1141.386 1292.125  763.965
  -172.260  -459.238  -349.013  -128.477   -16.196   35.336   60.348   90.343
CT2124:090            -4.352    0.894    -0.048    5.930   52.418  141.759
  158.291  113.353   43.484  -153.066  -877.482 -1568.236 -1551.925  -822.312
  -274.464  -196.473  -163.109   -92.835  -178.881  -271.863  -289.087  -342.865
  -456.160  -469.465  -314.249  -103.067    -7.160   19.431   42.746   76.236
CT2124:085           -21.309   -19.774   -15.239    0.972   47.238  125.456
  127.728   14.259  -134.435  -307.357  -909.581 -1521.979 -1475.662  -703.657
  -183.477  -302.234  -872.396 -1205.057 -1322.611 -1558.138 -1605.788 -1251.430
  -628.201  -378.238  -241.308   -87.426    5.440   28.317   46.119   70.559
CT2124:080           -25.398   -16.519    -6.847   13.909   59.488  120.768
  109.912   -23.060  -187.119  -206.360  -165.323  -188.238  -162.192   -18.578
    -6.536  -282.532 -1049.502 -1529.986 -1610.987 -1760.491 -1786.024 -1358.895
  -605.413  -313.209  -194.655   -72.246    9.204   33.327   47.520   63.453
CT2124:075           -25.207    -7.447    9.008   27.381   65.396  126.129
  117.213   -22.591  -226.201  -110.517  784.194 1723.436 1650.147  748.397
  164.943   -94.924  -375.101  -485.277  -707.410  -742.710  -638.080  -633.644
  -485.916  -335.957  -202.527   -75.493    -1.720    9.002   22.981   47.421
CT2124:070           -27.089   -10.586    7.761   30.010   67.755  111.984
   91.993   -53.900  -225.049   -85.511  650.973 1294.568 1282.353  641.648
  107.192   -42.995   -71.269  -148.098  -171.495  -150.507  -151.173  -173.862
  -261.517  -234.916  -149.784   -59.371    -5.274   12.131   23.349   39.038
CT2124:065           -29.685   -12.582    7.300   26.295   43.276   68.017
   26.456  -179.092  -436.234  -396.513   -63.883  188.695  234.439  134.292
    2.277   -67.695   -73.484  -100.074   -62.722   13.553   20.628   -18.261
  -125.124  -143.902   -99.810   -43.521   -13.531    -0.865   11.623   30.292
CT2124:060           -17.947    -5.682    8.483   19.188   28.945   55.626
   11.117  -191.418  -435.943  -451.773  -290.157  -126.407   -81.826   -69.975
   -67.306  -101.765  -141.484  -169.733  -111.219    -6.178   17.850    -6.382
   -78.080   -93.191   -71.425   -41.545   -17.362    5.023   24.750   42.569
CT2124:055            -3.618    8.185   20.555   27.328   22.526   17.847
   -24.486  -142.099  -266.014  -297.733  -287.444  -232.533  -193.587  -135.860
   -89.140   -94.501  -128.641  -139.687  -112.213   -38.531    -8.150   -15.660
   -45.229   -49.067   -40.140   -31.658   -21.021    -1.313   21.126   42.778
CT2124:050            5.149   13.416   22.530   24.440    -2.170   -40.743
   -82.725  -136.233  -188.439  -213.643  -258.305  -273.046  -221.576   -74.510
   16.603    4.317   -72.932  -104.897  -102.231   -80.054   -62.555   -28.387
   19.958   31.551    9.580   -20.174   -16.718    4.972   26.654   47.376
CT2124:045            7.714   31.554   52.251   53.586   20.239   -25.167
   -60.550  -113.474  -167.558  -181.207  -186.496  -177.883  -129.516   18.013
  114.271   88.957    -6.304   -50.496   -70.601   -97.719   -94.864   -38.863
   44.476   64.732   36.990    -9.958   -17.661    2.663   25.130   46.259
CT2124:040            7.438   31.374   60.823   70.845   28.103   -33.744
   -62.289   -80.240   -97.899   -81.361   -33.526   -11.455   18.084   71.382
   84.673   70.041   29.626    2.908   -21.840   -60.147   -64.674   -19.500
   52.319   66.441   34.703    -8.580   -13.468    3.955   25.706   46.290
CT2124:035           13.086   41.087   77.407   92.143   40.029   -47.859
   -65.308   -23.168   27.444   75.866  201.832  302.841  282.638  146.641
   63.628   49.884   45.423   37.577   25.664   18.986   20.533   18.974
   20.281   18.706    8.011    -9.939    -8.131   14.450   35.104   51.519
CT2124:030            -2.690   33.236   66.891   68.613    1.243   -93.079
  -101.243   18.281  162.487  222.421  288.180  332.783  296.373  142.388
   47.571   27.245   26.454   26.638   54.490   85.126   85.559   67.889
   22.241    3.538    -2.938    -4.047    -1.300   11.464   25.588   37.551
CT2124:025           -18.288    5.078   41.505   58.813   15.026   -51.626
   -57.878    -7.268   63.650   98.033  112.206  109.984   85.407   14.090
   -34.987   -31.958   14.673   39.873   98.809  224.762  257.813  162.024
   43.861   14.810   10.891    7.217    5.590   11.295   16.847   21.280
CT2124:020            -4.973   37.134   72.166   77.033   25.160   -50.968
   -65.495   -51.440   -33.179   -10.688   22.436   34.183    8.642   -50.166
   -85.631   -69.884    -0.058   35.181   47.762   52.372   56.763   65.155
   61.009   52.617   41.569   28.848   23.331   23.052   21.459   19.928
CT2124:015           -17.118   21.302   67.670   83.553   23.762   -55.457
   -63.946   -25.373    7.915   23.725   44.379   41.359    8.800   -55.038
   -89.390   -75.271   -25.794    -6.932   -30.318  -109.236  -121.710   -45.524
   51.041   69.951   57.276   38.086   30.510   24.617   18.323   13.347
CT2124:010           -29.866    6.505   63.460   95.263   41.162   -51.728
   -47.840   85.968  235.204  244.687  161.914  104.726   58.587   -16.124
   -48.106   -38.448    0.698   18.929   -17.334   -64.796   -63.477   -37.168
   35.358   52.949   44.378   32.737   27.381   20.408   13.433    8.531
CT2124:005           -11.738   24.533   52.443   56.640   14.062   -42.351
   -25.551  131.053  291.531  289.049  147.913   27.355    -2.917   -19.034
   -29.879   -13.836   12.108   31.756   27.536    7.155    2.331    -3.495
    -9.393   -10.586    1.222   15.652   18.958   17.969   17.226   17.174
CT2125:360           -15.926    5.903   32.609   47.351   25.639    -5.886
    8.711   95.518  168.869  145.042   19.184   -87.328  -108.294   -74.542
   -37.796   -11.766   14.708   51.083  108.221  176.910  181.981  103.067
    -0.280   -36.857   -21.278    4.044   11.875   20.168   26.779   31.693
