
filled_synop: 30 data points in equal steps of sine latitude from +14.5/15 to  -14.5/15

CT2183:360           36.741   30.331   24.291   17.726   10.860    1.118
   -28.052   -77.981   -88.210   -70.418   -48.326   -42.664   -51.316   -49.141
   -17.606   32.933   80.120  208.629  378.255  401.893  295.222  115.714
   47.294   17.928    -3.003   -22.968   -36.364   -49.836   -66.053   -84.350
CT2183:355           45.601   27.305    2.488   -10.036    -3.395    -5.625
   -28.598   -62.575   -73.261   -85.948   -96.459   -95.214  -106.562  -110.662
   -66.487   25.436   91.448  266.669  598.611  667.441  441.402  167.534
   92.607   60.975   26.459    -4.729   -32.299   -58.467   -80.865  -100.326
CT2183:350           34.577   26.540   19.177   17.447   23.417   21.674
    -0.694   -40.168   -50.435   -21.753   18.552   16.801   -12.775   -15.881
   -10.428    5.157   23.423   47.449   39.895   39.519  105.776  149.061
  138.054   91.670   34.500    0.015   -27.211   -52.912   -78.721  -104.339
CT2183:345           23.549   24.433   26.425   30.038   43.453   48.662
   33.140    -0.904    -4.616   40.430   95.090   94.630   53.534   30.215
   16.925    3.924   -15.943  -152.522  -432.788  -489.730  -273.940   44.890
  137.478  104.443   38.988    4.878   -23.285   -49.726   -78.107  -106.950
CT2183:340           19.709   25.239   32.447   36.950   40.433   39.422
   35.419   28.092   33.051   52.406   65.393   61.965   37.390    5.085
    -4.471   14.056    -8.669  -163.621  -423.510  -471.130  -307.156    2.412
  108.347   88.132   34.414    8.824   -23.125   -54.276   -82.764  -109.872
CT2183:335           19.080   30.382   40.366   38.357   16.481    -0.296
   10.274   45.347   67.467   79.944   94.009   88.003   44.365    5.154
    -6.237   18.269    1.479  -100.162  -275.343  -326.455  -232.001   -52.597
   27.657   41.039   32.936   19.500   -16.876   -52.470   -83.125  -113.438
CT2183:330           16.080   31.448   50.073   52.312   15.561   -19.438
   -13.326   22.407   52.194   89.027  132.602  130.887   82.986   36.413
   15.692   16.608    2.411   -42.801  -119.560  -156.282  -127.090   -52.284
    -3.153   19.471   34.694   27.837    -6.195   -44.819   -81.576  -115.984
CT2183:325           23.039   34.865   51.643   52.844   17.853   -17.047
    -9.016   33.343   68.488  105.162  154.155  161.609  126.442   68.930
   37.763   18.313    -3.430   -34.121   -89.132  -122.381   -96.711   -35.984
    3.089   21.597   35.294   27.333    -7.979   -45.377   -79.109  -112.955
CT2183:320           42.905   56.125   65.023   61.994   27.399   -11.805
    1.325   65.666  109.830  128.982  148.267  148.660  116.346   65.726
   38.304   28.141   19.445    -3.653   -45.466   -71.114   -53.378    1.388
   32.511   39.956   37.746   27.155    -0.850   -35.086   -70.351  -107.151
CT2183:315           52.492   56.947   60.620   55.491   26.810    -0.770
   16.222   85.997  135.939  137.271  111.271   94.469   69.392   39.921
   27.210   25.093   20.111    8.291   -15.312   -34.064   -25.677    7.728
   25.605   30.321   27.850   15.572   -10.584   -38.758   -68.625  -101.873
CT2183:310           61.753   61.844   59.925   56.189   35.242    4.140
   14.226   79.323  123.497  109.899   65.214   42.613   25.282    8.422
    7.457   39.221   66.128   57.505   23.003    -0.663    -5.293    -2.160
    1.674    6.309   11.854    4.068   -19.172   -47.278   -77.076  -104.359
CT2183:305           72.117   63.681   49.612   38.376   39.533   45.828
   54.759   72.046   74.977   55.018   13.607    -6.077    -7.325    2.470
   19.353   66.020  101.743  100.346   70.954   49.029   30.880    1.777
   -12.122    -5.944   13.389    9.029   -20.297   -51.469   -74.309   -96.115
CT2183:300           63.665   56.290   40.644   33.776   45.631   58.015
   67.575   90.599   95.461   49.966   -28.388   -51.605   -32.476    -2.325
   23.540   71.346  106.895  111.327   95.077   78.125   56.359   25.282
   11.316   14.171   31.468   27.025    -5.597   -46.117   -79.597  -107.860
CT2183:295           43.584   45.989   50.761   54.391   58.729   62.251
   62.380   61.671   49.687   12.192   -46.238   -63.258   -41.602   -15.338
    6.554   51.556   88.409   93.254   90.844   86.049   64.899   29.681
   13.641   24.330   48.121   40.801    4.529   -38.963   -74.711  -110.653
CT2183:290           32.043   33.760   40.682   45.984   46.752   47.411
   44.725   40.706   31.040    7.459   -21.405   -27.310   -12.652    -2.808
   10.541   22.451   29.203   43.325   64.163   67.383   48.904   19.444
    5.516   10.184   21.661   14.453    -8.415   -37.151   -63.622   -92.024
CT2183:285           29.028   25.324   23.956   24.770   34.566   43.574
   39.417   32.737   23.720    8.092    -9.125    -8.714   21.237   56.329
   55.878   32.183   30.387   39.659   55.658   57.736   39.997   10.895
    -3.306    -2.353    9.111    4.670   -16.263   -39.513   -59.826   -80.576
CT2183:280           30.582   33.560   40.991   47.554   53.044   51.879
   40.776   25.692   15.607    -0.745    -8.063    -6.170    3.050    9.511
   18.735   24.602   33.651   44.802   67.958   71.902   49.483   11.595
    -5.613    -6.966    1.894    -4.090   -21.133   -40.138   -55.531   -70.943
CT2183:275           31.734   45.336   61.859   70.842   76.578   80.463
   58.361    0.428   -22.910   -21.413   -27.097   -24.581    2.278   18.468
   22.733   15.073   17.174   45.431   95.273  106.251   69.720   19.606
    -0.950    -6.865    -5.837   -13.387   -24.120   -35.321   -48.459   -63.538
CT2183:270           36.734   44.486   51.435   56.772   60.452   56.420
   43.599   18.921    7.975   23.508   57.859   57.976   28.132   15.307
   25.948   50.485   73.218   90.114   99.927   94.969   76.290   37.118
   13.780    4.212    2.649    -6.065   -18.354   -31.737   -45.846   -61.133
CT2183:265           39.120   42.415   45.251   51.223   65.774   74.852
   65.634   45.993   38.600   50.679   64.375   56.004    6.420   -34.453
   -10.939   73.253  129.106  151.303  175.793  180.047  134.067   71.424
   39.787   25.609   15.122    -0.005   -14.537   -29.899   -46.342   -64.057
CT2183:260           40.641   39.678   38.233   41.842   62.832   81.949
   74.927   53.049   42.419   49.142   57.193   42.137   -26.751   -98.309
   -62.312   62.034  131.875  157.338  173.797  173.823  147.174   95.421
   62.960   41.537   18.763    -0.835   -17.218   -34.303   -50.276   -64.625
CT2183:255           39.682   42.708   46.772   49.103   45.125   40.544
   40.909   51.081   43.726   18.376   -18.004   -29.717   20.919  104.043
  107.461   47.201   36.474   81.198  147.388  171.449  138.297   78.096
   45.503   23.190    7.070    -9.274   -25.683   -40.535   -52.216   -61.271
CT2183:250           35.082   42.586   54.695   61.164   53.130   48.016
   50.038   67.873   56.092    -8.455   -96.895  -127.472  -108.702   -97.292
   -68.408   -34.443   -11.116   34.118  104.606  135.277  106.245   47.951
   19.885   10.497   10.557    -2.063   -17.383   -32.883   -49.243   -66.316
CT2183:245           38.534   40.482   44.256   47.474   53.158   61.813
   69.440   92.084   71.663   -21.350  -156.379  -201.956  -198.369  -187.752
  -140.682   -44.763   24.412   59.464   90.298  106.298  106.199   95.493
   80.055   57.265   30.446    8.264   -10.578   -31.841   -54.528   -78.611
CT2183:240           47.863   47.214   46.707   53.071   71.339   84.701
   88.154  106.954   75.605   -45.184  -178.679  -217.090  -223.298  -148.274
   -99.620   -17.541   55.673   79.480   93.677  106.443  105.482  107.072
   98.869   68.328   29.499    3.052   -20.854   -44.455   -66.786   -88.341
CT2183:235           54.238   59.128   57.428   60.685   84.388  103.730
   98.715  106.556   81.849  -121.417  -449.027  -498.205  -313.342  -179.794
  -113.416    -8.885   53.714   52.582   39.216   40.320   46.477   55.245
   49.907   30.254    -2.826   -25.184   -43.529   -60.411   -77.103   -92.171
CT2183:230           41.981   47.784   52.881   60.500   70.514   73.805
   60.946   35.212    -2.947   -86.939  -196.638  -192.988   -52.284   83.804
  114.398   62.400    9.167    7.864    -3.994   -16.707    2.713   38.253
   43.179   25.230    1.779   -17.545   -39.317   -58.720   -74.134   -86.312
CT2183:225           28.373   34.573   42.545   50.701   65.061   75.448
   46.705   -32.640   -78.395   -27.932   92.943  155.541  270.204  422.910
  404.336  228.259  122.121   74.611   32.294   15.082   10.385   23.844
   28.829   18.754    2.258   -12.300   -33.345   -53.290   -68.094   -80.170
CT2183:220           29.911   31.355   28.038   29.955   57.911   85.464
   59.810   -41.631   -89.497   -16.041  124.702  193.185  260.961  288.165
  276.804  182.602   79.440   41.153    3.807   -23.981   -16.575    6.427
   15.157   12.011    4.587    -5.315   -22.647   -41.812   -60.120   -77.163
CT2183:215           28.303   23.116   19.458   24.858   58.330   89.792
   76.098    -3.301   -45.149    6.858  108.978  149.693  140.162  103.349
   82.962   55.921   19.636    -7.144   -34.429   -50.197   -38.502    -5.723
   10.213   14.615   15.269    8.718    -9.880   -30.745   -48.556   -67.510
CT2183:210           23.583   23.262   24.664   31.595   53.079   71.384
   71.134   62.924   57.092   66.417   85.255   82.101   40.356    -9.933
   -30.409   -36.278   -37.189   -45.696   -60.213   -65.635   -48.395   -10.562
    7.995   13.756   15.246   11.508    -2.214   -20.376   -37.614   -56.018
CT2183:205           25.680   27.756   30.380   36.024   50.751   62.102
   62.575   68.322   67.885   62.081   52.064   30.610   -30.598  -109.040
  -126.594  -102.488   -78.955   -71.889   -68.937   -62.046   -47.596   -20.165
    -3.931    2.096    0.770    -1.658   -10.205   -20.712   -32.626   -48.212
CT2183:200           29.077   30.714   32.670   35.244   43.337   46.923
   32.916    4.012   -25.281   -22.967    -8.961   -27.204   -91.582  -165.735
  -170.562  -134.528   -93.713   -80.867   -74.274   -62.948   -53.358   -32.382
   -17.543   -11.107    -5.109    -1.546    -7.598   -19.364   -32.634   -48.151
CT2183:195           35.643   35.675   37.249   36.793   39.751   39.925
    7.920   -51.770  -102.242  -123.403  -120.197  -130.796  -179.945  -220.129
  -199.585  -152.398  -111.079   -87.490   -70.224   -61.717   -64.136   -75.394
   -72.824   -46.781    -1.587   12.337    -0.630   -19.879   -34.022   -50.178
CT2183:190           26.249   31.870   41.278   42.323   41.838   34.151
   -25.783  -138.239  -221.235  -321.163  -401.533  -395.375  -332.364  -202.854
  -138.230   -88.961   -42.795   -13.777   11.051   18.843   -15.519   -84.928
  -107.263   -74.642    -5.197   16.770    1.931   -24.107   -43.416   -60.021
CT2183:185           18.899   24.591   38.904   40.782   29.759   15.286
   -60.689  -235.626  -352.653  -509.073  -804.836  -848.819  -520.621  -193.623
   -91.745    -2.097   64.435   93.739  106.228  102.427   51.724   -40.292
   -77.240   -68.648   -28.267   -16.707   -24.752   -38.491   -45.718   -51.095
CT2183:180           44.950   46.872   50.963   45.328   32.816   18.053
   -46.173  -188.410  -278.945  -396.831  -623.851  -654.685  -411.922  -219.761
  -124.163   41.618  135.553  157.067  146.175  124.384   77.036   -21.755
   -68.931   -66.369   -34.900   -27.820   -32.591   -41.430   -48.000   -55.957
CT2183:175           56.727   68.584   75.450   68.888   43.656   14.472
   -18.305   -86.587  -121.587   -30.011  194.930  266.364  167.298   99.098
  107.779  133.153  174.559  189.916  206.757  205.188  145.238   24.311
   -36.973   -48.268   -39.541   -41.385   -42.393   -43.642   -43.933   -42.615
CT2183:170           70.336   65.586   59.198   48.943   23.316    -6.543
    -4.212   38.451   83.927  227.054  516.893  584.000  385.309  152.062
  105.821   61.941   31.825   68.220  163.112  194.946  153.207   70.866
   23.543   -11.817   -41.694   -55.840   -54.417   -49.558   -45.004   -37.760
CT2183:165           74.371   63.255   51.656   37.455   13.107   -10.081
    0.736   47.055   86.326  170.047  274.356  286.194  194.232   34.704
    -4.568   -15.087   -21.128   11.656  103.666  148.299  116.830   51.827
    7.866   -21.000   -43.409   -56.891   -50.797   -38.483   -29.714   -22.071
CT2183:160           72.802   63.320   54.104   42.138   19.129    -5.791
    -4.143   23.528   44.471   54.412   41.344   34.656   29.722    6.291
    -2.914    -0.585   10.774   44.056   99.824  119.542  101.654   49.389
    2.705   -29.178   -42.520   -51.720   -42.348   -26.913   -16.710    -9.665
CT2183:155           69.656   61.122   48.895   36.791   34.826   38.276
   28.141    1.441    -4.427   -14.071   -43.006   -41.316    4.331   54.351
   68.754   88.499  118.346  166.457  244.380  248.505  222.900   92.091
    5.937   -35.131   -52.685   -63.251   -45.275   -20.165    -8.405    0.604
CT2183:150           54.682   66.512   74.942   71.062   48.549   21.695
    1.800   -37.324   -59.269   -44.865    -5.421   20.936   62.179  126.493
  137.089  107.924  104.168  182.020  482.918  660.866  506.697  135.867
   -21.290   -33.773   -26.339   -35.860   -35.118   -30.162   -25.900   -22.410
CT2183:145           19.771   39.346   74.343   89.750   56.856   14.674
    -7.757   -36.285   -51.181   -32.780   11.902   35.223   43.902   37.465
   27.193   -28.062   -98.001   -89.313   -52.225   -61.542    -4.867   89.225
  106.065   61.230   -12.426   -38.697   -43.605   -49.250   -55.764   -61.102
CT2183:140           39.485   52.036   67.229   66.312   29.649   -15.006
   -33.949   -37.359   -35.335   -20.320   11.091   29.224   36.215   41.996
   22.564   -51.622  -114.700  -178.426  -345.460  -439.059  -360.399  -127.670
   -21.203   -15.319   -41.187   -47.126   -47.566   -48.191   -47.772   -46.266
CT2183:135           55.154   61.611   65.299   56.621   22.988   -17.556
   -36.354   -43.416   -42.703   -25.972    6.823   25.005   27.937   24.227
    9.888   -12.655   -38.947  -134.735  -385.735  -523.630  -484.882  -285.329
  -158.764  -114.153   -70.183   -42.705   -42.750   -45.431   -43.019   -41.924
CT2183:130           56.497   54.333   55.135   48.476   13.698   -32.033
   -50.626   -51.548   -49.219   -30.506    9.152   28.933   33.112   32.850
   26.403   20.005    6.260   -53.538  -190.848  -288.341  -310.999  -291.702
  -258.685  -200.049   -91.282   -34.309   -30.258   -37.192   -39.869   -42.750
CT2183:125           54.297   58.007   61.014   51.779   15.784   -27.467
   -42.658   -35.625   -27.379   -18.205    4.732   16.787   16.417    8.938
    9.523   26.838   34.966   13.438   -25.280   -66.699  -112.934  -194.385
  -220.476  -180.035   -92.900   -43.960   -42.386   -50.354   -49.117   -48.751
CT2183:120           43.332   47.531   56.520   53.406   17.272   -31.182
   -45.767   -24.931   -10.051   -16.325   -36.752   -47.993   -44.866   -38.446
   -24.211   15.606   61.246   62.622   32.278    -8.638   -41.287  -110.016
  -153.951  -139.447   -90.068   -64.157   -59.079   -60.888   -58.672   -55.370
CT2183:115           38.818   38.522   43.495   38.948    5.273   -36.771
   -51.280   -38.999   -38.846   -60.807  -102.010  -119.217  -123.504  -116.571
   -96.036   -49.430    -1.045   17.845   44.839   55.758   32.518   -30.491
   -69.527   -74.758   -73.531   -69.870   -66.436   -64.701   -62.999   -63.521
CT2183:110           36.748   39.123   40.352   28.258    -8.074   -43.479
   -57.899   -41.969   -34.044   -89.326  -194.788  -215.147  -200.359  -135.151
  -106.410   -93.058   -89.297   -67.355    -0.907   43.191   37.711   11.134
    -6.180   -20.405   -47.115   -64.037   -69.530   -71.689   -74.219   -75.656
CT2183:105           30.579   23.818   26.237   22.742   -14.229   -57.552
   -72.647   -57.436   -54.007  -112.788  -316.289  -407.909  -241.479   -42.022
   -10.230   -48.998   -74.272   -76.203   -73.871   -66.728   -39.933   13.775
   31.428   11.493   -33.305   -54.455   -65.854   -76.115   -79.807   -76.440
CT2183:100           41.434   36.999   35.378   24.052    -6.816   -38.487
   -49.493   -38.642   -33.050   -32.062    -7.626   13.413   12.224   39.589
   40.412   -20.660   -87.696   -98.218   -94.676   -85.292   -64.453   -15.241
    9.060    5.345   -13.450   -28.729   -45.645   -61.736   -70.678   -75.907
CT2183:095           54.662   50.790   44.563   28.846    -3.946   -36.111
   -44.710   -29.300   -15.014   12.779  105.818  154.407  113.620   72.388
   57.800    2.723   -50.974   -66.571   -82.375   -88.739   -71.750   -31.982
    -9.923    -5.947    -3.494    -6.841   -21.851   -43.992   -66.550   -87.524
CT2183:090           60.439   53.516   46.306   34.655    -7.134   -60.161
   -71.296   -44.546   -26.270   -11.289    7.668    1.642   13.127    3.907
    -6.539   -27.847   -54.820   -59.396   -51.281   -42.624   -40.528   -40.180
   -35.211   -26.529   -17.360   -18.260   -26.935   -37.117   -55.509   -83.054
CT2183:085           58.686   67.010   68.926   53.689    3.314   -49.981
   -60.694   -29.888    -8.968   -17.850   -53.927   -74.787   -81.899   -93.005
   -93.902   -65.242   -35.405   -33.052   -41.762   -43.480   -37.253   -25.666
   -16.000   -15.987   -19.415   -22.084   -32.944   -46.935   -60.146   -74.874
CT2183:080           39.332   45.284   58.526   60.241   26.123   -20.635
   -28.019   16.065   49.465   15.333   -75.475  -118.283  -129.642  -133.035
  -124.710   -86.284   -49.994   -38.211   -43.032   -47.649   -37.994   -18.738
    -7.254    -5.195    -6.936   -12.435   -31.036   -51.928   -64.575   -74.255
CT2183:075           32.071   37.127   48.162   50.830   29.741    -1.277
   -12.163    8.353   15.471   -20.403  -102.845  -149.441  -150.858  -126.338
  -106.012   -71.994   -26.776   -12.007   -24.090   -29.379   -20.129    1.487
   15.117   17.960   13.987    6.733    -9.461   -31.935   -53.628   -73.675
CT2183:070           31.246   39.658   49.151   51.911   35.242   12.597
    -1.769    -9.130   -18.279   -57.498  -134.636  -179.159  -177.746  -152.215
  -126.033   -72.825   -16.117    2.438   -10.326   -20.144   -11.200   15.795
   32.948   33.866   25.545   14.658    -3.692   -26.730   -49.071   -73.188
CT2183:065           30.990   37.693   45.575   47.202   31.842    7.430
    -9.327   -25.087   -44.972   -80.883  -150.968  -197.308  -185.985  -150.567
  -120.387   -69.233   -15.208    2.532   -11.380   -23.742   -20.084    2.931
   18.026   22.126   25.206   20.706    0.512   -27.939   -52.373   -74.758
CT2183:060           33.111   26.348   18.626   11.882    5.599    0.704
    -9.941   -21.678   -37.342   -70.355  -117.082  -135.083  -142.528  -118.962
   -82.103   -42.116   10.557   27.399    3.458   -25.309   -27.970   -16.073
    -9.095    -3.932    5.902    5.188   -12.081   -36.011   -55.541   -74.266
CT2183:055           28.873   15.641    5.612    -0.841    -1.107    4.240
    -3.265   -16.135   -32.997   -74.155  -173.205  -213.765  -190.865  -140.855
  -101.582   -15.449   63.574   72.345   40.015   10.602    -5.288   -19.914
   -24.978   -22.066    -9.144    -5.479   -16.989   -36.171   -55.140   -74.640
CT2183:050           22.580   16.164   12.887   10.055    5.472    2.213
    -5.458    -8.657   -18.956   -53.316  -177.853  -250.471  -131.310   43.680
   96.145  106.806  111.393   99.202   44.565    -0.841   -16.986   -34.845
   -48.365   -42.819   -13.283    -4.231   -17.769   -37.992   -55.449   -75.241
CT2183:045           42.100   39.713   34.370   27.407   19.696   10.037
    1.792    3.742    -4.523    -2.893   48.949  109.574  128.982  212.448
  256.360  160.317   23.736    -2.741   14.507   13.386    -1.437   -23.922
   -39.109   -38.278   -22.963   -17.886   -28.952   -45.998   -60.127   -74.532
CT2183:040           43.621   38.395   34.222   30.793   30.760   32.101
   19.649    0.225   -18.284   -30.813   -39.622   -20.096   37.265  141.949
  181.179  129.135   57.849   35.946   30.488   37.124   22.951    -4.202
   -20.637   -25.543   -22.103   -22.929   -33.196   -47.566   -59.570   -69.620
CT2183:035           35.068   25.439   18.947   13.687   16.541   26.253
    5.082   -52.411   -96.360  -129.870  -222.708  -258.387  -140.923   19.662
   63.595   72.414   46.090   32.022   30.883   31.131   18.551    -4.125
   -20.049   -24.753   -26.151   -29.936   -40.226   -52.173   -60.901   -69.259
CT2183:030           32.364   19.085    8.871    3.921   12.178   25.971
    -2.834  -133.947  -259.638  -260.144  -184.581  -115.185   -53.545   77.805
  131.328   96.315   51.486   36.879   30.837   24.253   13.129    1.326
    -8.749   -17.600   -23.410   -29.059   -38.013   -49.025   -60.678   -73.922
CT2183:025           48.213   40.716   33.507   26.063   26.299   34.346
   18.400   -58.892  -114.206   -84.410    -2.874   19.226   86.902  116.973
  110.413   98.160   74.283   59.710   51.286   36.726   20.497    -7.294
   -29.782   -29.144    -4.483    0.139   -24.856   -59.900   -84.750  -107.948
CT2183:020           47.331   35.573   25.449   19.639   19.667   17.581
   10.051    -8.345   -24.565   41.514  295.522  463.328  370.246  176.055
  123.419  109.346  100.683   88.284   73.332   64.788   42.322    -4.431
   -35.140   -33.735    -4.171    4.436   -13.756   -45.240   -75.909  -104.883
CT2183:015           53.427   43.695   29.022   17.541   19.512   23.526
   27.492   39.489   53.121  109.806  259.512  340.389  308.007  158.990
   97.764   85.950   74.146   68.184   69.829   66.056   47.364   12.462
   -13.209   -16.906    5.033   10.121   -12.390   -46.093   -72.902   -98.658
CT2183:010           58.214   45.261   25.366    8.848   13.780   26.489
   33.311   48.927   64.865   86.455  128.833  149.812  135.064   60.642
   29.192   52.046   83.091   95.183  101.730   94.616   74.747   35.067
    2.350    -9.825    6.259    9.147   -10.753   -42.128   -69.847   -95.756
CT2183:005           58.308   34.207   10.561    -4.170    -0.530   12.150
   14.255   15.837   18.621    2.654   -67.722  -119.137   -91.941   -37.809
   -11.097   51.328  151.891  192.116  194.303  186.970  161.765   73.124
    -0.730   -22.133    -2.923    3.347   -15.276   -44.127   -68.771   -91.937
CT2184:360           61.139   38.315    7.812   -17.710   -20.810   -12.559
   -15.740   -26.794   -47.678   -77.843  -121.903  -124.485  -121.666   -69.000
   -19.610   15.491   47.094   93.980  223.895  336.552  305.350  115.612
   -19.481   -38.203    -3.155    3.238   -16.916   -43.050   -65.121   -87.907
