
filled_synop: 30 data points in equal steps of sine latitude from +14.5/15 to  -14.5/15

CT2188:360          140.835   94.173   53.379   26.249    7.380    -6.966
    -7.755    5.941   10.244    9.969   13.815   17.549   12.253    5.930
   14.690   48.709   77.302   72.146   39.666   26.042   39.832   74.217
   74.416   36.685    -0.346   -20.801   -43.877   -60.917   -72.346   -83.592
CT2188:355          115.142   90.537   66.837   41.859   16.712    2.063
    -0.963    1.585    4.688   14.489   25.518   27.704   21.340   11.031
   15.312   34.584   44.452   28.224   -16.916   -32.148    -3.340   38.373
   40.722   15.342   -13.559   -31.133   -43.406   -56.108   -72.151   -87.668
CT2188:350           95.428   79.006   60.225   37.649   11.381    -4.029
    -7.452    -7.302    -2.721   16.132   37.325   38.606   23.046    7.666
    8.796   18.786   21.684    7.858   -19.745   -26.025    -7.037   28.816
   34.063   10.833   -12.433   -24.451   -29.241   -43.603   -67.827   -89.744
CT2188:345           76.634   65.425   46.559   27.350    7.245    -4.465
    -6.862    -6.410    -1.223   20.569   45.530   41.402    3.242   -31.670
   -32.642    -2.536   20.997   16.712    -9.637   -22.110   -14.442    0.879
    5.817    3.914    -2.095   -11.997   -21.298   -36.217   -62.374   -92.086
CT2188:340           78.295   57.946   40.456   26.180   12.288    4.637
    6.140   12.986   20.555   32.480   47.787   37.267   -26.101   -85.272
   -88.346   -28.739   30.023   28.637    -3.453   -20.246   -20.792   -15.314
   -11.443    -1.011    5.768    -4.171   -21.673   -41.535   -70.940  -104.464
CT2188:335           82.791   61.637   39.806   19.445    0.485    -8.350
    0.420   16.449   25.325   32.401   36.485   29.265   -14.433   -92.359
  -100.415   -25.143   18.490   15.966    -6.908   -22.013   -22.446   -19.069
   -13.987    1.985   14.155    3.998   -17.173   -43.555   -79.755  -113.047
CT2188:330           95.491   77.554   57.991   33.099    -0.217   -14.467
    -3.019   16.170   26.682   39.151   49.971   50.657   64.010  104.267
  107.084   50.226   17.512    9.566    -0.986    -8.837   -14.254   -18.327
   -14.330    5.473   23.709   13.095   -15.411   -41.479   -74.977  -112.973
CT2188:325          106.799   82.138   55.092   23.110    -7.320   -19.369
    -6.133   22.130   34.114   45.107   54.605   53.524   47.974   26.892
   20.717   25.166   13.771    7.303    -3.649   -15.678   -19.470   -19.415
   -14.286    8.631   27.785   17.333   -10.778   -41.512   -78.174  -117.057
CT2188:320          115.791   85.350   56.003   23.331   -17.108   -35.142
   -17.333   21.929   32.008   32.064   36.353   37.429   11.180   -19.344
   -19.686   14.347   49.442   39.694    -7.939   -33.345   -33.312   -18.379
    -9.360    5.719   19.577    7.559   -22.204   -50.149   -88.566  -125.882
CT2188:315          108.095   81.873   55.993   30.383    7.651    -2.535
    2.611   18.006   18.036   -12.761   -65.854   -84.574   -73.880   -46.403
   -31.606    -6.887   18.011   11.712   -33.168   -64.692   -60.759   -37.848
   -26.969   -11.339    0.849    -7.243   -29.297   -55.246   -88.885  -125.163
CT2188:310           88.570   76.775   58.602   37.244   11.296    -0.487
    5.805   19.113   15.916   -23.655   -91.453  -115.020  -100.104   -81.917
   -68.403   -23.036   11.934    9.844   -18.339   -41.608   -48.249   -46.675
   -41.014   -16.800    6.944    -4.754   -39.499   -64.078   -87.845  -114.299
CT2188:305          107.683   86.703   62.887   33.544    1.760   -11.510
    1.933   26.501   30.141   17.624   10.384   10.616   -10.022   -28.344
   -20.985   23.340   58.167   49.871   20.743    3.247   -19.429   -45.709
   -46.512   -13.284   14.503    2.780   -30.653   -62.659   -96.204  -124.648
CT2188:300          111.126   89.538   63.800   36.389    6.469    -5.975
    8.040   31.314   41.988   54.402   63.488   73.830  104.759  137.351
  138.012   98.160   68.305   54.506   35.406   15.402    -7.911   -36.329
   -41.776   -13.387    7.348    -6.422   -39.301   -64.587   -92.040  -118.505
CT2188:295          107.039   91.181   66.018   40.067   14.882    4.624
   17.323   35.334   46.309   63.899   77.790   95.085  140.975  179.263
  171.170  109.645   61.907   49.491   43.633   31.672    7.524   -22.779
   -32.035   -17.876    -5.118   -18.906   -48.324   -72.661   -90.872  -109.183
CT2188:290          102.387   90.593   75.277   51.912   21.678    8.603
   15.944   29.032   35.961   43.675   48.271   54.758   70.367   80.913
   79.133   58.673   39.242   37.974   50.333   50.869   24.532   -17.869
   -33.095   -25.240   -20.230   -37.678   -67.040   -88.724  -106.436  -124.133
CT2188:285           92.942   80.887   66.728   46.654   23.703   12.222
   13.639   16.490   13.016   10.004    7.659    8.388    6.521    -1.586
    -1.132   11.059   21.137   27.931   41.903   47.663   36.392   12.555
    -0.304    -6.877   -14.303   -33.692   -61.477   -88.551  -116.145  -139.719
CT2188:280           82.339   60.918   43.642   36.549   34.209   28.881
   26.515   26.426   18.099    -3.244   -35.480   -45.768   -27.656    -2.507
    5.579    -5.308   -17.000    -3.262   27.614   42.673   50.902   61.300
   56.666   34.169   10.658   -13.070   -37.340   -66.884  -107.470  -144.856
CT2188:275           63.358   49.799   41.437   39.253   39.096   36.225
   33.731   36.059   19.787   -24.683   -77.590   -92.618   -79.150   -44.824
   -28.977   -34.757   -29.333    -8.251   32.097   64.841   78.928   89.613
   85.189   55.155   19.668    -8.783   -41.205   -71.058   -98.233  -123.505
CT2188:270           60.917   44.083   30.124   23.268   19.082   13.517
   12.789   17.957    -7.322   -81.836  -183.007  -210.367  -186.906  -126.783
   -99.959   -94.117   -86.339   -56.343   12.732   63.934   78.857   89.848
   88.000   62.275   31.018    3.221   -29.048   -58.372   -83.799  -110.446
CT2188:265           70.146   60.523   49.782   34.018   16.574    7.991
   11.756   23.378    -2.775  -108.339  -270.001  -317.009  -245.370  -149.095
  -115.527   -93.390   -80.290   -51.173    7.832   47.450   65.787   80.424
   80.989   65.348   42.963   13.894   -22.481   -53.853   -79.573  -105.176
CT2188:260           75.530   65.078   51.621   32.328   11.538    4.897
   22.897   51.876   34.098   -54.947  -194.088  -231.107  -164.682   -71.128
   -38.161   -18.283    -0.173   14.599   29.797   47.684   67.025   95.220
   99.423   75.432   46.276   16.996   -17.960   -49.563   -77.200  -104.480
CT2188:255           73.331   53.999   36.645   23.904    9.284    4.068
   32.413   93.696   99.616   39.857   -26.427   -30.941   -12.354   53.440
   78.726   59.479   45.521   48.056   40.116   42.056   61.882   99.534
  105.487   74.148   35.918    9.434   -18.409   -47.225   -75.912  -103.504
CT2188:250           47.878   42.571   37.535   33.262   30.064   28.434
   26.421   20.336   14.712   10.269   -11.318   -17.403   28.989   76.910
   88.276   78.801   61.819   59.026   46.102   40.345   56.020   85.264
   90.942   76.959   55.545   24.732   -20.550   -57.793   -83.538  -102.393
CT2188:245           34.017   36.009   36.838   35.913   33.457   31.244
   16.001    -7.966    -5.024   35.576   98.702  112.443   90.979   52.154
   42.169   53.665   62.905   59.735   43.360   39.598   52.588   82.311
   92.521   89.861   80.808   46.235   -20.775   -62.362   -76.199   -92.168
CT2188:240           26.737   32.401   35.176   32.830   27.686   26.709
   18.556    4.062   12.251   70.307  166.543  185.219  120.751   40.379
   21.701   28.501   38.352   40.667   37.136   38.699   53.344   84.640
   95.729   96.447   93.694   58.830   -13.705   -56.094   -66.253   -79.498
CT2188:235           34.910   30.046   25.812   21.854   17.741   19.915
   34.381   55.541   75.166  121.314  180.858  179.282   96.133   -16.202
   -43.257   -17.545    5.132    9.663    6.385    8.476   24.366   48.345
   60.163   71.791   73.155   42.387   -18.338   -59.968   -78.606   -88.674
CT2188:230           39.299   34.287   29.729   24.206   17.390   22.216
   52.839   92.575  108.417  110.864  101.466   75.645    8.541   -64.910
   -79.599   -42.962    -8.970    -3.713   -12.293    -9.701    6.886   33.917
   48.789   60.787   66.457   38.002   -17.696   -53.402   -72.268   -86.150
CT2188:225           43.380   42.066   39.597   33.321   25.351   27.341
   50.793   82.336   86.310   61.011   22.527    -8.198   -55.339   -97.970
  -102.052   -65.405   -34.909   -25.581   -24.151   -15.896    -3.237   14.714
   29.511   50.732   61.341   37.190   -11.124   -44.230   -64.041   -81.967
CT2188:220           45.979   44.002   41.263   36.246   29.549   28.298
   35.874   47.135   39.572    5.002   -39.102   -63.967   -80.495   -86.351
   -82.180   -66.464   -50.801   -37.985   -24.759   -11.516    0.604   15.246
   25.940   42.028   50.226   28.995   -13.417   -45.285   -64.868   -83.169
CT2188:215           40.740   39.179   35.004   31.459   28.248   24.411
   19.090   11.838    -3.845   -29.152   -57.983   -72.357   -81.860   -80.865
   -70.251   -48.089   -24.673   -12.220    -5.988    0.482   13.260   26.869
   33.632   49.199   64.036   37.410   -23.165   -57.445   -74.031   -89.175
CT2188:210           61.631   45.954   33.764   26.396   21.411   12.316
    0.277    -8.404   -26.918   -69.176  -118.213  -127.757  -104.207   -68.997
   -46.269   -21.047    -2.235   11.322   34.996   53.539   43.747   22.825
   21.607   34.337   44.092   25.425   -19.984   -58.319   -82.954   -98.710
CT2188:205           89.829   69.257   49.362   33.662   18.188    2.394
   -11.847   -24.239   -47.322   -93.012  -160.439  -169.763  -100.096   -16.170
   16.428   24.405   21.181   30.406   38.078   34.475   30.922   12.759
    9.587   41.391   73.302   51.558    -7.754   -42.689   -63.892   -86.920
CT2188:200           83.227   75.875   64.550   45.394   23.589    7.365
    -3.869   -13.116   -37.509   -82.892  -131.489  -127.650   -62.277   30.988
   67.408   61.018   55.998   60.719   62.237   63.869   50.356   23.333
   17.939   36.025   52.101   41.522   17.208   -10.233   -39.634   -71.732
CT2188:195           65.745   62.345   55.341   41.604   23.547    9.308
    -1.575   -12.120   -42.070  -111.367  -182.714  -178.509  -104.720   18.786
   64.528   58.397   53.178   57.112   61.697   67.203   58.701   36.776
   30.152   39.961   47.440   36.356   14.786   -10.974   -42.242   -74.087
CT2188:190           40.188   29.912   22.561   22.828   28.484   22.035
    4.167   -15.973   -46.743  -157.809  -333.729  -362.411  -208.155   -17.201
   33.443   23.982    4.474   11.474   30.950   38.251   44.598   58.224
   59.813   51.552   45.499   31.197    7.886   -15.859   -45.849   -74.725
CT2188:185           30.222   29.175   27.200   30.363   34.541   29.105
   11.127   -10.606   -30.733   -82.541  -158.602  -165.235   -82.308   21.428
   47.584   29.723   10.520   13.431   33.377   45.573   42.617   34.579
   32.127   43.218   49.399   36.304   13.279   -12.201   -42.717   -75.116
CT2188:180           30.761   27.077   24.952   24.505   25.361   22.198
   11.452    -3.437    1.107   76.434  202.680  241.043  167.506  105.869
   97.372   79.123   68.657   61.940   53.783   50.057   44.453   36.255
   32.691   38.674   45.000   32.057    6.391   -18.163   -47.991   -80.396
CT2188:175           35.180   30.247   25.586   20.437   14.224   10.367
    8.110    3.179   27.358  129.568  234.056  254.626  208.909  133.905
  112.166   92.405   72.855   73.205   83.536   82.730   62.483   32.502
   22.332   31.802   39.187   25.983    3.782   -21.841   -55.421   -86.485
CT2188:170           33.985   31.592   29.045   27.178   25.958   23.750
   12.415    -0.057   22.390   90.438  153.005  169.381  144.884  105.056
   90.854   89.554   86.743   93.606  113.212  113.203   85.621   41.721
   24.305   27.084   25.403   15.385    4.763   -16.018   -49.125   -86.352
CT2188:165           37.464   32.972   29.244   26.318   22.664   18.003
    5.633    -4.857   12.406   68.087  124.544  130.866   96.032   66.924
   61.129   77.122   84.890   94.978  108.087  106.545   91.624   67.290
   53.194   35.127   22.086   15.871   14.244    -7.143   -54.680  -101.436
CT2188:160           42.460   38.196   32.342   26.883   21.557   17.737
   12.315    9.033   24.448   68.398  109.434  107.241   66.991   34.795
   25.624   32.775   39.705   53.003   76.167   85.110   69.834   42.990
   33.204   27.028   19.479   15.330   16.719    -8.721   -60.864  -107.246
CT2188:155           47.805   43.756   38.709   30.495   19.706   14.291
   13.771   15.450   28.336   58.275   79.797   72.929   35.433    3.575
   -13.954   -26.222   -30.502   -25.238    -1.436   13.667   25.237   34.993
   35.697   31.019   25.755   21.355   20.438    -3.535   -51.982  -105.114
CT2188:150           54.561   48.662   42.066   33.286   24.336   19.350
   20.541   24.017   30.543   45.308   54.148   42.663    7.772   -18.937
   -40.438   -70.304   -85.032   -94.031   -94.295   -75.183   -26.599   28.043
   41.564   29.066   19.668   16.647   14.536   -11.864   -61.459  -107.174
CT2188:145           66.783   62.290   56.035   45.215   28.460   20.443
   21.360   24.158   27.039   31.479   32.872   23.415    -8.633   -36.375
   -48.324   -63.829   -73.961   -93.535  -126.596  -128.458   -64.719   31.659
   58.129   37.962   18.716   12.310   11.369   -11.799   -57.525  -107.228
CT2188:140           75.058   64.635   50.776   31.566   12.432    2.081
    2.035    6.389    6.847   11.344   13.456   10.431   -10.934   -41.557
   -34.960    2.052    6.987    -5.982   -56.118   -82.035   -41.405   48.781
   75.776   57.487   33.250   22.018   11.435   -12.342   -57.304  -104.791
CT2188:135           84.596   64.139   43.512   21.836    -1.425   -15.005
   -15.340    -9.798   -12.929    -9.247    -5.371    0.498   15.482   33.010
   61.839  153.973  228.862  196.200   47.920   -28.172    -8.497   48.824
   65.577   62.615   55.023   40.475   18.433    -8.610   -56.202  -103.386
CT2188:130           79.194   61.773   45.195   30.811   17.800    5.193
    -3.485   -12.003   -29.818   -50.602   -70.329   -61.369   -12.593   48.971
   89.085  166.094  227.735  198.351   73.715   12.809    9.087   13.105
   18.384   27.173   29.435   26.141   23.747    5.240   -40.899   -97.673
CT2188:125           87.716   80.667   68.511   49.741   28.928   11.580
    -2.314   -10.306   -43.635  -133.082  -242.606  -251.073  -146.252   -10.972
   25.046   -17.664   -62.496   -58.119   -32.489   -21.956   -15.524   -10.689
    -2.068   17.241   33.925   33.371   33.325    8.555   -56.628  -117.340
CT2188:120           81.968   66.863   48.302   24.714    0.801   -18.825
   -25.645   -28.539   -75.718  -217.291  -381.266  -397.279  -250.282   -82.692
   -58.250  -161.541  -252.816  -227.955  -110.074   -46.656   -35.609   -32.601
   -20.206    6.948   31.422   28.716   13.178   -12.569   -60.209  -110.814
CT2188:115           43.523   38.380   32.201   25.217   18.256    5.586
   -15.068   -37.471   -94.239  -240.769  -378.922  -382.940  -244.630  -104.923
   -93.206  -166.768  -205.289  -193.138  -133.174   -89.729   -64.447   -43.268
   -26.039    -4.853   13.121   10.046    -4.419   -25.466   -63.328  -106.466
CT2188:110           30.527   32.255   33.768   36.704   41.303   38.776
   21.068    -0.649   -49.406  -171.523  -280.356  -288.815  -185.646   -90.047
   -83.788  -131.654  -157.420  -149.384  -115.784   -89.585   -67.629   -46.639
   -30.149   -13.055    -1.054    -2.062    -6.884   -28.220   -73.861  -114.578
CT2188:105           31.123   36.325   40.065   39.416   34.985   40.119
   66.598   86.388   67.254   12.254   -68.198   -99.536   -78.013   -63.193
   -68.404   -96.764  -114.376  -107.097   -78.556   -59.868   -53.727   -48.192
   -35.810   -13.432    5.266    4.329    -2.734   -21.640   -62.883  -111.676
CT2188:100           26.798   31.959   36.673   38.358   38.568   59.027
  134.731  213.635  215.854  181.799  139.078  107.354   27.171   -36.504
   -48.125   -59.654   -73.074   -70.906   -60.510   -53.993   -56.422   -60.867
   -52.723   -23.120    4.225    6.244    0.265   -19.598   -63.795  -116.495
CT2188:095           18.894   27.045   37.010   49.282   60.711   82.809
  160.415  263.770  270.260  181.690   54.445    5.770   -17.074   -46.699
   -48.558   -22.682    -3.176   -10.185   -47.578   -68.640   -65.083   -63.716
   -58.961   -33.423   -10.295    -9.187   -11.535   -32.896   -91.779  -144.497
CT2188:090           15.573   17.194   20.791   26.322   33.261   43.278
   63.084   74.621   51.845   -25.285  -127.247  -159.405  -121.708   -66.686
   -45.594   -12.388   15.523   19.025   12.333    6.075   -17.301   -48.287
   -53.363   -38.809   -24.893   -21.880   -19.656   -33.661   -74.059  -116.760
CT2188:085           29.697   23.768   21.386   23.087   26.767   20.858
    -1.559   -24.826   -47.832   -99.824  -147.418  -157.795  -142.246  -125.430
   -95.986   -22.482   18.365   21.636   21.466   15.995    -4.702   -35.933
   -47.636   -44.252   -38.059   -30.774   -20.479   -28.858   -60.209   -94.384
CT2188:080           46.922   40.460   34.790   29.493   22.589    9.378
   -20.034   -50.635   -62.561   -63.795   -58.857   -41.714    8.672   56.423
   65.272   34.291   13.481   10.989   18.236   14.573    -4.905   -26.918
   -38.708   -45.116   -43.596   -35.609   -20.165   -24.234   -52.472   -86.280
CT2188:075           70.112   50.909   34.394   22.543   13.421    -0.620
   -22.615   -44.537   -43.617    5.411   60.162   89.119  131.315  157.522
  154.593   84.876   29.026   23.481   33.727   26.079    -2.372   -56.223
   -75.104   -58.615   -43.597   -37.454   -22.642   -28.602   -60.908   -90.762
CT2188:070           92.086   81.112   66.254   43.331   15.841    -4.663
   -23.199   -41.173   -43.676    7.968   55.996   80.330  112.671  107.463
  113.694   90.414   59.653   54.616   60.422   53.492   16.566   -41.946
   -60.338   -44.185   -28.200   -26.251   -22.403   -31.138   -58.765   -85.468
CT2188:065           78.141   61.330   41.929   19.652    -1.968   -19.285
   -31.513   -46.430   -69.593   -88.008   -44.515   -15.347   -30.427   20.781
   57.120   78.256   95.586   90.945   76.268   63.021   34.631    -9.877
   -28.729   -27.393   -25.877   -27.652   -26.695   -33.958   -52.836   -77.085
CT2188:060           71.714   46.964   24.436    0.970   -20.250   -36.600
   -40.881   -31.675   -63.226  -318.566  -668.248  -708.807  -391.125   -71.478
    -5.361   19.400   32.739   42.948   55.895   55.620   38.046   18.283
    3.260   -12.028   -23.106   -29.953   -32.245   -40.813   -62.722   -83.018
CT2188:055           75.715   49.628   25.783    3.571   -16.689   -32.627
   -43.511   -48.398   -55.324  -148.967  -338.485  -368.457  -188.559   -67.840
   -43.594    2.318   31.267   33.666   24.037   14.703   15.380   17.035
    3.673   -28.145   -57.447   -59.202   -44.229   -42.907   -57.814   -76.708
CT2188:050           78.798   54.306   31.626   10.734   -10.699   -24.325
   -38.090   -52.264   11.868  352.538  815.841  863.790  419.640   72.469
   15.351   25.535   34.582   30.733   27.921   26.448   16.358    5.662
    -8.158   -38.055   -63.724   -62.905   -43.680   -42.022   -58.713   -79.247
CT2188:045           69.037   50.913   35.268   22.881   12.946    3.919
   -27.633   -60.802    7.549  317.176  675.855  711.417  415.176   98.005
   24.175   30.378   32.644   23.125   10.631    1.821    -1.992    -4.032
   -14.269   -31.829   -45.585   -48.029   -37.093   -42.014   -66.710   -86.750
CT2188:040           77.141   64.102   49.396   30.756    7.913   -10.524
   -46.252   -77.722   -32.888   67.279  103.887  106.795  129.605   77.833
   32.632   22.115   16.650    8.393    0.183    -7.109   -10.777    -9.922
   -17.707   -28.738   -38.444   -40.326   -34.923   -41.472   -62.138   -88.030
CT2188:035           91.225   75.931   56.643   33.623   10.325    -6.564
   -34.027   -57.418   -19.887   98.780  246.138  263.973  150.871   53.205
   19.390   19.400   35.910   23.223   11.579    2.413    -3.691    -4.426
   -16.049   -30.524   -41.720   -42.990   -34.077   -38.209   -62.329   -92.421
CT2188:030           94.970   81.183   65.207   40.467   11.422    -4.425
   -19.180   -34.588    -1.359  134.758  305.526  326.838  175.960   36.820
   16.429   24.688   42.949   43.207   66.317   69.633   33.555    5.581
   -14.996   -36.312   -53.410   -52.846   -29.105   -34.615   -73.054  -106.074
CT2188:025           78.501   58.873   39.517   20.351    2.339    -8.095
   -15.212   -18.778    5.604   79.441  149.495  158.793   80.115    8.584
   79.752  299.930  309.886  351.187  243.215  106.675   59.884   19.891
   -13.919   -47.090   -79.041   -79.601   -55.076   -50.546   -74.453  -105.471
CT2188:020           74.927   47.363   24.832    2.643   -17.121   -26.374
   -21.275    -9.845    1.385    1.449   -17.507   -13.630    -9.931   -24.983
  142.562 1089.615 2004.967 1591.779  506.568  176.477   85.568   32.524
    3.499   -30.764   -62.968   -68.560   -52.804   -63.420  -101.939  -134.902
CT2188:015           76.364   57.594   37.104   13.148    -9.313   -20.343
   -20.613   -18.592   -15.407    -8.073   13.878   20.480   12.541   26.256
    4.036  -222.900  -523.131  -410.878  -216.502  -213.869  -115.278   12.076
   21.468   -11.218   -38.623   -49.527   -51.949   -62.790   -87.755  -114.666
CT2188:010           74.003   59.863   43.844   22.915    -0.677   -13.630
   -18.569   -21.546   -24.004   -35.438   -46.052   -44.605    4.447   36.641
  -147.206  -867.663 -1333.450 -1089.641  -377.936   -83.509   -34.756   29.778
   42.949    -4.383   -41.406   -53.890   -56.798   -65.451   -78.107   -93.523
CT2188:005           68.421   52.796   36.039   18.365    1.676    -8.945
   -14.506   -19.163   -23.204   -34.424   -39.546   -34.121   16.141   36.783
   -82.975  -376.610  -472.329  -420.908  -142.781   26.272   52.193   49.842
   45.702    -5.188   -47.124   -61.756   -64.986   -71.741   -78.190   -87.158
CT2189:360           59.058   45.712   32.925   19.294    5.121    -4.266
    -9.760   -14.692   -16.701   -17.830   -14.775    -7.452   27.892   44.142
   20.065    4.655    2.533    -7.263   -13.820    6.778   33.458   42.307
   37.680    -4.295   -43.975   -61.675   -69.020   -77.636   -87.539   -97.867
