
filled_synop: 30 data points in equal steps of sine latitude from +14.5/15 to  -14.5/15

CT2193:360           63.172   51.170   40.353   34.077   31.002   30.287
   34.599   42.481   42.872   37.266   27.310   18.758    9.542    2.697
    -2.503    -5.368    -9.683   -15.744   -30.593   -40.794   -40.485   -35.920
   -32.772   -26.360   -11.973    -7.450   -15.590   -28.346   -40.513   -53.959
CT2193:355           67.073   59.140   51.428   41.835   25.778   17.177
   24.921   46.437   49.707   42.456   39.288   29.097    0.243   -19.107
   -19.080    -7.386    -2.774    -7.842   -15.793   -19.502   -25.538   -32.425
   -34.271   -31.545   -24.522   -24.679   -35.372   -50.390   -59.976   -65.683
CT2193:350           74.802   60.171   43.951   30.442   13.469    4.209
   13.049   35.956   38.676   24.249    6.688    -1.199   -10.975   -19.300
   -17.577    -8.918    -7.012    -6.332    -8.639   -12.166   -13.377   -14.806
   -15.886   -15.126   -12.503   -14.607   -25.799   -41.418   -51.695   -58.681
CT2193:345           67.039   57.769   47.777   36.992   21.202   11.629
   13.832   23.915   23.620    6.273   -16.065   -21.539   -15.999   -12.316
    -8.745    -1.595    3.086    7.261   15.137   17.892   12.342    6.173
    2.052    -3.952   -10.072   -16.111   -24.899   -35.155   -45.387   -56.226
CT2193:340           51.232   46.532   40.454   30.203   16.946    8.297
    4.204    2.711    0.164    -3.042    -5.277    -7.365    -6.481    -0.211
    4.114   12.430   20.359   24.310   25.391   24.260   20.786    9.678
    0.456    -2.475    -2.581    -9.657   -20.318   -32.129   -45.443   -60.344
CT2193:335           38.855   31.718   26.765   18.480    4.944    -5.101
    -7.368    -6.055    -7.801    -7.074    -2.499    -2.937    -9.625   -13.255
    -3.447   17.684   29.780   35.174   40.278   40.750   39.119   34.248
   26.979   13.537    -4.687   -17.934   -30.851   -45.229   -58.859   -71.878
CT2193:330           42.620   37.325   31.514   24.497   19.298   13.944
    4.827    -2.638    -4.090   -12.242   -18.001   -15.148    -0.704    8.114
   13.354   19.869   23.430   34.160   53.255   60.623   50.508   35.178
   24.419   10.650    -9.221   -24.388   -36.960   -49.086   -60.959   -72.623
CT2193:325           45.134   39.784   34.133   27.043   20.659   12.625
    -2.437   -24.898   -26.105    -5.063   17.945   19.122   20.025   22.692
   18.004   17.876   22.407   25.382   16.218   10.734   13.277   13.509
    7.839    -3.061   -15.949   -27.028   -40.068   -52.855   -63.978   -74.657
CT2193:320           45.441   44.548   42.596   34.649   20.188   10.296
    1.015   -16.780    -3.398   53.765  112.890  104.583   20.874   -48.111
   -61.956   -24.151    8.013   12.478    4.199    3.793    0.195    -1.087
    -4.002   -10.505   -13.430   -21.365   -36.757   -53.119   -64.495   -72.135
CT2193:315           47.254   46.390   42.110   30.689    7.809    -9.489
    -7.927    6.264   51.113  179.548  307.743  275.458   18.578  -208.976
  -219.401   -97.641   -26.477    -6.849   11.394   21.823   16.251    0.449
    -8.017   -10.111    -6.866   -11.138   -24.217   -38.857   -49.345   -57.940
CT2193:310           38.900   38.298   40.265   30.658    6.887   -15.363
   -22.006   -22.423   10.663  160.918  345.903  347.589  150.353   -19.120
   -47.314   -25.372   -17.113    -2.025   29.627   45.848   42.476   29.955
   21.318   11.611    1.220    -6.725   -13.624   -22.978   -33.179   -43.149
CT2193:305           41.594   38.755   39.132   26.872    3.228   -20.712
   -58.063  -128.155  -130.238   -16.657  132.534  167.583  144.056  134.362
  114.318   54.588   11.412   14.039   39.771   53.223   50.389   32.139
   17.390    7.862    -2.055   -10.006   -12.153   -12.821   -18.950   -30.258
CT2193:300           51.954   49.259   43.698   29.103    2.520   -25.582
   -75.534  -172.599  -202.312  -173.386  -128.236   -91.663   -13.886   54.429
   60.010   29.925    6.373   10.332   33.281   47.768   44.873   27.486
   15.692    6.481    -7.277   -17.123   -16.389   -13.023   -16.137   -22.603
CT2193:295           47.083   44.711   42.167   30.777    6.262   -18.324
   -59.893  -131.579  -159.479  -145.245  -101.074   -71.549   -51.539   -27.927
   -15.562    1.395   13.465   16.420   22.471   29.449   31.431   34.759
   32.207   16.889    -8.498   -23.886   -30.831   -33.838   -34.685   -34.009
CT2193:290           41.328   33.458   29.855   18.991    4.342    -9.027
   -20.711   -29.849   -36.167   -28.545   -16.463    -9.886   -19.054   -23.602
   -16.144    -3.884    7.207    9.298    -1.343    -5.897    1.318   22.827
   29.452   17.210    -4.318   -19.509   -32.864   -44.259   -47.941   -44.879
CT2193:285           48.304   43.180   37.179   29.363   21.607   13.424
   13.092   16.711   14.595   20.938   23.433   23.584   10.957    -4.289
    -0.996   10.247   17.814   15.847    7.164    4.124    6.103   16.077
   16.622    5.653   -14.264   -28.546   -35.074   -39.682   -45.175   -48.990
CT2193:280           65.445   58.659   47.521   39.417   34.639   27.246
   25.355   27.908   24.924   13.951    -0.206    0.079    6.352    9.336
   16.991   27.488   30.702   28.001   17.696   10.969   11.339   17.553
   15.964    0.738   -23.454   -36.516   -40.310   -41.886   -49.881   -62.655
CT2193:275           73.381   59.191   45.922   36.472   31.135   22.477
    4.933   -23.532   -35.196   -40.756   -44.815   -37.033   -10.348   12.482
   21.758   32.852   38.025   33.161   18.932   10.641    4.564    -3.468
    -8.442   -15.455   -23.781   -32.071   -41.248   -49.996   -60.541   -71.664
CT2193:270           70.594   50.241   31.998   14.535    -2.163   -17.687
   -36.166   -56.561   -64.197   -64.153   -61.208   -51.523   -25.067    -5.554
    1.055   14.314   21.929   13.590    2.749    0.080    -7.895   -19.531
   -23.147   -19.916   -12.217   -17.298   -40.128   -64.653   -79.229   -90.089
CT2193:265           77.591   56.874   37.395   15.184    -9.387   -27.887
   -43.044   -52.041   -51.533   -40.142   -28.831   -20.698   -16.003   -19.105
   -15.549   -18.383   -24.598   -22.935   -26.740   -27.694   -16.240    0.907
    5.778    5.266    5.715    -3.196   -25.294   -53.976   -79.344  -100.444
CT2193:260           79.031   62.830   45.928   28.314    4.942   -11.660
   -28.653   -50.815   -48.959    -1.543   37.186   39.952   29.461   26.000
   12.749    -7.432   -13.285   -19.978   -22.554   -17.776    -5.528   18.103
   25.715   20.854   12.576    0.622   -21.110   -47.208   -73.748  -103.361
CT2193:255           71.433   56.973   42.398   30.811   23.650   13.556
    3.476    -0.911    2.167   25.093   47.097   45.971   24.614    7.112
    -1.317   -21.064   -31.119   -30.336   -30.339   -24.905    -6.603   15.213
   22.531   21.823   15.643    2.533   -20.648   -48.212   -76.032  -103.990
CT2193:250           61.968   51.826   44.321   40.667   42.780   36.331
   18.952    -5.349   -10.418    3.295    5.037    2.457    -6.274   -21.679
   -24.075   -33.787   -38.103   -29.554   -18.764    -7.479    8.760   33.353
   41.753   32.791   16.835    -0.503   -29.145   -61.329   -84.466  -101.881
CT2193:245           63.579   61.784   60.569   58.964   58.705   52.662
   33.805    8.396    -5.622   -15.286   -29.261   -45.110   -50.542   -41.833
   -52.360   -46.675   -28.355   -19.775   -16.874    -6.226   13.639   40.425
   46.562   31.646   10.558    -5.979   -29.207   -55.484   -74.320   -87.915
CT2193:240           71.293   68.601   62.541   50.688   31.858   18.838
   18.398   22.018    5.165   -26.367   -61.309  -119.528  -268.027  -366.811
  -301.441  -132.989   -55.986   -30.290    -9.877    7.137   17.493   21.542
   20.342    8.558   -12.006   -26.163   -31.453   -35.720   -47.576   -61.805
CT2193:235           70.971   63.534   54.233   39.562   14.849    0.808
   12.547   35.390   18.144   -46.220   -98.965  -140.604  -229.088  -258.017
  -220.394  -132.409   -81.289   -50.930    -0.779   26.217   26.787   20.197
   17.216    0.324   -25.315   -36.588   -38.444   -34.925   -35.055   -39.562
CT2193:230           67.966   57.936   48.314   31.602    3.011   -12.683
    -6.408   13.113    -5.122   -88.502  -166.992  -145.851    -3.179   88.774
   73.976   -29.760   -82.856   -67.791   -20.561    0.672   11.977   19.995
   20.365    7.403    -9.069   -18.521   -22.830   -24.454   -26.962   -29.493
CT2193:225           64.670   53.951   42.477   30.734   22.116   15.825
   10.432    8.977    -9.583   -71.699  -122.532   -84.488  139.830  295.072
  256.561   53.349   -45.517   -47.229   -13.606    5.851   15.769   23.198
   26.049   20.331    7.581    -2.515    -7.822   -13.565   -21.167   -28.316
CT2193:220           60.772   50.004   39.957   32.279   26.570   21.387
   16.909   10.184    4.243    -8.845   -19.672   14.845   96.576  137.591
  126.026   44.531   -22.069   -32.689   -11.894    2.545   16.905   35.164
   40.917   35.602   25.577   16.601    7.255    -4.360   -15.946   -27.413
CT2193:215           60.408   47.302   35.600   27.749   26.616   24.333
   23.160   23.896   22.120   28.757   37.648   50.168   74.855   94.299
   78.959   29.275    -6.209   -13.964    -4.347    -0.509    7.718   25.699
   32.330   21.464    1.979    -7.340    -8.576    -8.392   -12.792   -20.726
CT2193:210           69.350   52.648   33.949   21.920   22.913   25.742
   26.032   24.492   25.430   35.357   46.772   55.149   56.346   54.318
   47.554   31.314   17.672    9.687    6.446    5.265    9.953   19.108
   20.783   10.059   -10.898   -17.566   -18.590   -16.222   -12.024    -7.701
CT2193:205           77.199   55.699   25.481    1.917   10.400   25.600
   26.371   17.266   16.000   25.735   42.957   53.219   58.061   62.697
   57.894   43.935   30.585   22.929   16.592   10.290    9.353   11.464
   10.902   10.390    9.219    2.843    -5.437    -9.112    1.088   19.610
CT2193:200           67.217   52.116   34.120   16.961    7.390    7.704
   16.508   25.012   34.476   52.161   78.396   85.042   75.566   59.013
   39.532   26.322   24.256   23.596   21.257   21.571   21.941   19.271
   16.046   10.846    1.917   -10.154   -24.821   -38.622   -51.788   -65.255
CT2193:195           67.582   55.059   42.720   28.956   13.381    8.785
   18.632   26.766   31.681   34.115   42.667   54.104   51.811   40.301
   39.222   39.359   34.549   27.280   24.927   22.441   18.606   16.306
   12.360    3.940    -8.149   -19.766   -30.895   -41.621   -52.998   -65.708
CT2193:190           73.392   63.969   54.702   44.704   33.253   25.824
   23.796   13.068   15.634   42.161   74.340   93.010  115.445  116.687
   88.661   56.262   41.639   35.699   30.303   25.535   21.740   22.274
   22.515   19.349    8.971    -5.196   -21.862   -38.885   -56.065   -75.065
CT2193:185           72.473   60.243   48.685   37.120   29.359   26.417
   27.201   23.608   28.459   57.839  103.013  116.423   99.450   80.076
   69.599   48.713   35.924   37.312   40.116   35.684   28.494   25.998
   25.155   26.593   22.535    9.285   -11.138   -33.662   -56.501   -80.844
CT2193:180           72.236   63.093   53.154   39.195   25.112   19.825
   24.072   27.109   32.449   56.123   98.631  108.423   76.081   39.498
   34.432   36.247   32.709   29.425   28.933   28.221   24.754   21.128
   19.366   20.746   17.692    5.340   -17.669   -44.295   -69.745   -94.435
CT2193:175           72.323   61.515   48.977   35.102   19.096   10.008
   18.261   30.380   33.487   34.422   52.457   45.248   12.610   -12.106
    -1.047   20.760   24.464   16.768    7.921    7.192    4.512    7.121
   10.936   14.131   16.646    6.238   -20.163   -52.404   -80.218  -106.030
CT2193:170           66.919   54.656   43.231   31.804   21.709   17.331
   23.146   23.978   12.820    -6.246   -11.047   -18.155   -26.185   -21.296
    -7.110    -1.141    -2.530    3.299   -12.080   -33.748   -28.876    7.190
   29.435   24.782   11.052    -5.847   -30.903   -59.142   -84.308  -107.013
CT2193:165           76.090   56.863   36.484   24.824   22.560   21.152
   22.582   24.491   19.765    2.960   -13.292   -15.399    -8.249    -5.343
    -2.574   13.621   31.586   47.021   57.882   60.216   50.823   43.578
   39.106   24.798    5.871   -11.576   -31.575   -51.878   -71.807   -92.409
CT2193:160           89.905   66.070   40.329   27.848   28.618   28.122
   27.260   28.011   28.021   28.679   22.704   16.071    9.478    7.250
    7.385   17.242   38.353   52.271   62.967   76.216   73.153   53.712
   40.652   24.437    2.749   -13.534   -28.840   -44.501   -64.236   -88.005
CT2193:155           69.271   52.463   27.005    3.326    -3.641    -5.708
    -9.418   -21.028   -25.498    -9.182   37.554   54.286   35.123    -1.831
   -14.001    0.626   22.125   28.993   28.365   25.773   28.747   33.623
   34.107   25.732   12.207    -5.480   -27.209   -51.201   -78.711  -110.817
CT2193:150           61.208   46.193   32.751   20.916    9.415    -0.406
    -2.002    2.766   10.164   35.966   76.974   80.961   51.001    5.090
    -8.943   -13.644   -16.026   -11.436    -2.993    5.653   18.897   46.014
   58.390   47.019   22.474    0.558   -20.796   -44.451   -73.009  -106.110
CT2193:145           61.048   48.545   37.482   28.780   19.686   11.161
   12.021   22.327   24.895   32.397   44.691   38.779    2.452   -38.749
   -49.159   -43.512   -34.442   -33.276   -37.725   -33.411   -13.043   31.556
   55.239   44.862   19.050    -0.645   -24.908   -51.634   -76.851   -96.339
CT2193:140           72.814   58.258   40.384   26.887   27.008   25.227
   22.813   27.458   28.725   20.803    5.773    -7.717   -39.680   -60.690
   -61.932   -53.899   -35.417   -36.143   -37.472   -30.886   -13.588   15.405
   28.925   26.774   17.321    3.732   -23.894   -53.472   -73.175   -78.219
CT2193:135           72.975   56.824   39.561   31.553   36.194   36.551
   31.178   26.110   19.141    -0.868   -26.646   -31.676   -62.981   -83.771
   -81.005   -65.965   -42.643   -49.476   -42.665   -42.053   -28.661    9.620
   27.420   25.939   14.856    1.435   -25.194   -50.884   -69.985   -84.644
CT2193:130           69.830   52.305   32.584   22.300   30.191   33.098
   23.200    7.662    -5.361   -20.195   -41.850   -27.899   11.646   49.898
   83.100  113.842  114.575   51.506   -31.968   -81.586   -72.853   -18.861
   11.279   20.627   12.658    5.059   -14.863   -39.823   -69.826  -103.542
CT2193:125           64.257   45.728   31.135   22.085   20.217   15.976
    -1.169   -30.517   -47.589   -60.319   -68.233   11.058  211.022  364.626
  468.956  582.722  529.442  331.429   -39.329  -239.170  -190.517   -44.536
   15.577   36.008   30.596   21.509    -3.883   -32.491   -62.920   -97.511
CT2193:120           71.424   52.456   34.141   21.759   16.014    5.398
   -16.448   -45.715   -73.010  -123.848  -150.337   -26.186  337.741  607.587
  731.536  902.714  887.671  482.461  -250.312  -527.047  -419.541  -130.572
    0.866   32.613   27.425   24.638    -2.750   -35.635   -66.823   -99.517
CT2193:115           69.211   50.158   31.836   20.179   18.018    9.089
   -10.738   -37.492   -85.078  -201.625  -274.012  -185.357  119.328  332.672
  348.469  325.623  262.254   -62.571  -569.072  -727.779  -531.938  -166.260
   -14.003   17.066   16.201   17.433   -11.815   -47.175   -79.307  -111.221
CT2193:110           77.223   58.640   41.592   29.591   22.563    9.999
    -4.411   -23.503   -77.475  -245.150  -374.170  -316.940  -133.228   -43.793
  -162.234  -519.765  -686.632  -643.515  -584.936  -558.159  -399.159  -134.550
   -18.796   13.854   22.539   19.274   -20.204   -61.083   -91.188  -118.891
CT2193:105           83.872   64.276   44.521   31.047   22.939    7.491
    -8.117   -27.950   -56.465  -100.743  -128.348  -129.212  -107.804   -97.383
  -177.827  -293.173  -348.261  -378.157  -315.291  -272.470  -192.243   -78.883
   -17.005    9.689   22.171   20.003   -15.318   -59.831   -94.459  -124.560
CT2193:100           88.296   66.173   44.970   31.258   25.351    5.280
   -25.030   -58.529   -73.175   -30.782    6.244   -18.665   -60.883   -63.015
   -43.907    -0.934    -1.305   -38.673   -76.164   -73.647   -55.656   -45.201
   -20.189    9.074   34.909   32.097    -3.330   -45.295   -82.737  -123.075
CT2193:095           84.748   68.486   53.506   41.596   34.207    8.560
   -55.792  -123.745  -147.916  -146.855  -141.240  -119.535   -89.645   -66.524
   -11.689   61.208   77.844   63.500   26.844   13.750    -1.378   -28.618
   -24.464    -2.391   22.037   21.317    -8.077   -43.244   -75.430  -110.173
CT2193:090           81.806   69.227   56.916   40.606   23.616   -11.962
   -90.622  -171.030  -208.825  -249.208  -275.900  -221.478  -112.568   -58.824
   -10.799   40.368   56.950   61.131   52.124   40.272    6.907   -35.901
   -36.943    -6.804   28.438   29.320    0.536   -37.433   -71.095  -104.314
CT2193:085           76.875   65.748   54.661   34.645   17.061   -16.717
   -92.810  -171.942  -206.069  -221.990  -213.216  -179.908   -91.113   -36.566
   -15.733    -5.179    3.820    8.309    5.303    -2.777   -22.822   -41.710
   -37.079    -5.943   31.010   31.538    -2.690   -43.044   -72.093   -98.919
CT2193:080           87.505   78.101   66.397   44.499   19.184   -13.077
   -62.109  -113.199  -145.043  -183.716  -198.876  -163.922   -87.558   -45.446
   -31.266   -31.854   -29.554   -48.159   -80.950   -87.470   -73.713   -60.064
   -48.831   -17.739   20.226   24.561    0.195   -31.608   -58.120   -83.594
CT2193:075           88.130   84.776   80.877   46.234    -8.625   -42.516
   -54.544   -63.029   -87.303  -139.829  -167.379  -141.268   -88.479   -59.804
   -37.757   -16.189    -8.661   -29.348   -45.518   -49.719   -55.945   -51.382
   -42.551   -20.178    6.210    8.858    -8.623   -29.245   -46.652   -64.835
CT2193:070           97.592   84.927   64.134   19.026   -43.081   -77.503
   -80.780   -81.043   -94.581  -103.474   -98.303   -99.291   -85.566   -63.697
   -45.581   -24.919   -12.358   -14.171   -18.580   -18.993   -21.622   -22.869
   -19.410    -7.418    7.280    6.751    -9.128   -28.402   -46.269   -65.282
CT2193:065           92.122   78.550   59.397   13.935   -48.408   -79.611
   -87.706   -91.736  -103.498  -128.480  -145.243  -135.146  -106.057   -84.912
   -63.346   -35.033   -14.447    5.696   27.299   31.436   23.416   14.987
   10.482   10.324   12.196    5.014   -11.119   -28.877   -46.646   -66.814
CT2193:060           91.720   77.770   62.996   24.573   -38.210   -59.817
   -45.256   -25.778   -32.240   -71.385   -99.861  -101.207  -103.270   -96.378
   -59.820   -16.916    7.978   47.060   77.322   78.763   57.796   31.194
   18.971   11.339    4.689    -4.355   -16.380   -29.761   -46.194   -65.601
CT2193:055           89.540   70.171   46.788   15.948   -24.468   -32.160
   18.231   77.342   84.344   61.593   45.033   16.752   -27.820   -37.036
    5.649   74.354  101.793  118.386  131.722  124.845   81.424   30.759
   12.004   11.198   14.240    4.393   -15.518   -36.903   -56.825   -76.753
CT2193:050           78.689   58.132   34.539    8.213   -22.603   -11.902
   61.482  138.463  165.084  169.938  158.759  121.975   58.557   34.716
   64.205  128.270  150.224  145.973  135.846  124.129   82.503   32.711
   13.415   11.913   13.804    1.598   -20.058   -43.392   -65.209   -86.734
CT2193:045           71.773   49.146   26.816   11.979   -11.570    9.191
   98.181  183.668  222.170  257.095  250.080  198.900   96.722   51.169
   56.712   78.912   87.124   97.876  101.508   96.046   71.292   42.566
   27.567   19.982   14.372    -0.509   -24.882   -50.514   -74.557   -99.737
CT2193:040           67.364   38.623   13.220    -3.078   -18.936   16.637
  159.873  303.958  337.660  318.771  289.224  217.251   91.209   26.048
    0.532   -28.113   -32.557    7.600   48.305   57.065   50.830   37.387
   29.243   25.488   21.939    5.926   -22.715   -53.952   -80.792  -104.498
CT2193:035           73.109   40.530    8.730    0.391    -8.090   32.971
  193.128  346.778  360.407  271.181  201.109  151.299   92.338   47.525
    -4.140   -50.693   -60.325   -28.867   19.788   35.504   38.846   44.461
   43.469   34.377   23.377    5.645   -24.564   -55.908   -81.444  -104.377
CT2193:030           83.076   46.806   10.767    2.055    -3.602   35.543
  184.566  326.712  331.517  227.616  151.323  107.312   67.224   31.498
    -9.733   -43.417   -53.193   -46.280   -33.732   -19.206   12.949   42.884
   46.262   32.227   15.647    -1.282   -25.628   -50.813   -73.856   -96.432
CT2193:025           65.100   40.673   20.360    9.995    4.551   39.286
  150.370  257.231  252.432  155.461   89.062   45.982    8.362   -20.647
   -31.100   -37.686   -45.941   -56.120   -63.927   -51.470    -9.531   34.881
   44.140   31.709   14.351    -0.170   -18.389   -36.812   -55.469   -74.988
CT2193:020           67.433   50.714   34.035   30.990   25.156   48.516
  126.408  195.426  180.602   82.456   14.666    -2.715    5.331    -4.127
   -15.877   -22.831   -29.937   -36.889   -38.984   -31.542    -9.913   14.034
   22.258   17.747    7.284    -3.015   -19.576   -36.414   -51.489   -66.611
CT2193:015           55.450   41.753   30.899   36.990   53.025   77.238
  132.605  185.521  169.705   84.553   26.390   10.648   21.253   16.913
    6.092    -5.670   -13.560   -20.312   -26.085   -23.145    -9.057    6.306
   13.330   15.279   15.987    9.767    -5.484   -22.933   -40.607   -59.142
CT2193:010           55.427   47.075   39.489   54.405   82.524  103.610
  134.216  160.771  146.993   95.642   59.802   40.049   31.782   23.575
   12.880    -2.414   -10.133    -8.250    -6.030    -8.098   -15.825   -20.615
   -14.086    3.661   21.408   19.883    3.008   -16.424   -35.471   -56.667
CT2193:005           46.928   42.180   41.871   59.618   93.444  111.728
  116.933  118.338  103.707   68.172   41.160   25.202   13.663    4.242
    4.279    7.044    3.039    -6.157   -15.024   -20.258   -31.033   -38.929
   -31.511    -4.073   27.353   29.182    7.578   -15.887   -34.621   -53.788
CT2194:360           49.907   50.882   54.585   70.021   90.453   98.141
   86.611   69.215   57.237   37.603   15.874    5.931    0.857    -4.554
    -3.149    5.042    2.648   -14.878   -33.918   -39.100   -41.465   -41.522
   -32.225    0.961   35.692   36.618   14.324   -14.299   -38.763   -61.119
