
filled_synop: 30 data points in equal steps of sine latitude from +14.5/15 to  -14.5/15

CT2128:360           -13.437   11.415   30.347   24.543   10.912    2.117
    -3.965   -19.970  -109.127  -362.332  -461.732  -354.445  -172.217  -116.552
   -45.567   17.796   45.073   83.502  125.324  113.230   55.982   13.996
   -17.697   -69.248  -110.138  -107.710   -67.025   -22.987   11.882   43.303
CT2128:355           -19.498   10.267   38.778   37.513   23.863   13.380
   -10.333   -27.085   -97.018  -332.281  -434.871  -248.559   11.492   65.181
   34.556    5.658   13.879   14.618    2.778   16.605   49.910   56.456
   29.038   -29.537   -75.564   -83.304   -59.859   -35.732   -13.025   11.900
CT2128:350           -11.771    9.681   24.657   28.685   28.007   22.926
    5.377    -8.755   47.451  275.393  395.500  277.816  156.168  134.288
   83.648   38.272   35.855   32.572   34.930   50.041   95.523  123.209
   93.630   10.860   -59.781   -76.115   -58.139   -37.386   -18.464    2.294
CT2128:345           -12.473    5.834   21.077   29.408   33.730   33.741
   16.833    5.883   84.866  299.405  374.864  274.066   54.839    -8.242
   13.402   30.346   41.633   69.729  102.523  119.098  146.160  160.770
  128.888   35.660   -46.853   -67.738   -49.728   -29.999   -13.776    3.761
CT2128:340            -5.726   10.781   26.958   31.500   31.751   33.145
   27.681   28.014   51.357   83.502   75.169   46.930   -42.074   -68.834
   -38.367    -1.333   25.219   74.384  111.613  134.183  168.452  182.340
  147.694   49.196   -29.170   -47.500   -25.868    -8.324    -1.862    2.832
CT2128:335            3.333   21.365   32.581   25.015    7.759    5.001
   19.298   31.775   22.579    -7.977   -24.019   -42.756   -57.991   -55.523
   -27.616   16.790   47.704   86.933  116.175  134.830  148.735  142.417
  117.291   54.392    -7.910   -29.733   -22.160   -12.767    -9.506    -9.501
CT2128:330            3.847   23.874   36.414   27.717    4.965    -1.202
   11.604   18.632    -8.983   -74.131  -103.824   -99.692   -72.615   -49.364
   -11.977   32.030   62.052  102.374  142.535  151.214  146.322  141.944
  119.000   60.099    6.276   -12.297   -13.907   -15.289   -17.961   -21.036
CT2128:325           -14.513    9.688   35.301   25.683    -2.203   -10.249
    9.435   19.623   -23.280  -128.075  -172.135  -145.179   -67.904   -26.951
    3.362   31.696   54.696   79.731   98.489   96.730   83.108   79.018
   67.211   48.979   33.631   20.544    5.860   -10.058   -24.251   -38.635
CT2128:320            -4.861   17.200   31.215   24.233    6.496    0.327
   12.307   16.632   -35.538  -170.303  -228.521  -176.038   -62.762   -13.597
   11.288   30.380   43.237   33.401   23.527   15.705   -10.688   -21.029
   -14.388   28.011   64.395   56.309   26.393    -2.435   -28.115   -54.338
CT2128:315            -8.858   14.398   28.640   18.782    2.092    -3.844
    6.500   11.215   -24.557  -121.282  -160.564  -113.208   -28.390    3.843
   16.002   34.021   45.768   25.419   19.474   10.258   -36.592   -63.645
   -50.803   24.039   81.236   76.129   41.809    1.943   -35.992   -72.406
CT2128:310           -27.109    -1.721   26.351   20.227    -1.210    -9.603
    -9.247   -10.604   -12.208    -5.571    0.004    -1.926    -5.135    1.625
    -2.988    1.879   27.986   56.240   74.535   76.701   54.978   37.807
   36.435   94.550  138.163  116.817   50.040    -9.842   -50.981   -90.894
CT2128:305           -17.091    4.229   19.385   13.967    0.889    -9.734
   -32.845   -49.874   -17.345   88.364  133.098   95.358    9.583    -3.001
    6.133    2.994   70.539  295.662  423.382  427.118  299.348  166.350
  130.202  123.973  116.408   91.153   47.219    -3.508   -51.462   -97.456
CT2128:300           -22.768    -7.537    7.439    6.638    0.125    -9.636
   -42.213   -69.794   -45.775   35.903   71.546   71.878   63.042   72.384
   93.692  134.166  199.347  510.213  847.312  764.726  373.038  150.644
  124.463  129.122  114.279   79.347   25.854   -24.898   -69.214  -112.675
CT2128:295           -13.762    1.921   14.373   13.768    6.045    -5.311
   -24.492   -37.874   -51.014   -81.301   -85.962   -38.488   36.699   63.004
   56.285   42.127   20.680  -151.918  -362.164  -283.660    -3.319  164.919
  178.395  144.020  109.276   73.067   25.305   -23.273   -68.107  -110.086
CT2128:290           -10.525    3.082   15.276   16.191    9.557    -1.628
   -21.702   -44.723   -81.956  -161.951  -193.869  -136.647   -33.575    3.370
   -16.022   -72.559  -136.610  -395.826  -639.909  -575.165  -193.750  131.214
  188.681  144.559   96.585   60.781   16.695   -23.653   -60.118   -95.649
CT2128:285           -10.034    1.463   10.467   12.594   13.225    5.746
   -19.857   -50.864   -82.838  -127.893  -143.329  -108.436   -20.643   18.038
    -0.439   -42.055   -57.482   -13.330   49.395   73.941  107.026  149.404
  162.987  130.343   89.084   57.376   20.740   -15.790   -50.888   -85.812
CT2128:280           -15.612    -2.664   10.174   16.704   22.548   21.675
    4.241   -21.388   -55.588  -110.272  -134.138  -105.509   -20.929   12.985
   10.768   14.514   31.760  220.325  479.734  462.464  242.945  113.580
  116.151  101.074   75.676   54.207   21.877   -11.385   -42.774   -73.566
CT2128:275           -23.576    -5.856   10.969   23.130   35.348   44.233
   57.718   58.939   14.822  -117.136  -193.954  -156.274   -94.506   -84.426
   -98.051  -154.227  -204.075  -427.143  -707.521  -597.166  -208.837    2.360
   50.636   68.713   80.121   67.538   30.021    -5.978   -36.186   -66.065
CT2128:270           -22.385    -9.135    4.088   16.631   27.624   43.983
  100.701  143.596  101.440    -4.744   -59.610   -90.387   -81.101   -75.727
   -88.352  -110.163  -187.179  -464.539  -703.544  -667.169  -358.551   -83.869
    -2.209   30.522   55.003   51.741   21.561    -8.125   -32.487   -55.512
CT2128:265           -31.456   -15.067    1.952   17.180   35.053   55.768
  104.452  140.260   93.787   -45.322  -129.268  -129.970   -91.620   -80.992
   -69.977   -57.695  -109.048  -258.001  -352.274  -360.622  -261.681  -116.389
   -46.138    -4.384   30.220   34.931   11.260   -11.556   -27.689   -41.731
CT2128:260           -34.737   -17.567    0.711   20.251   43.609   60.524
   94.023  112.018   68.707   -55.324  -133.005  -132.057  -121.593  -117.905
   -66.992   -26.365   -59.633  -168.245  -255.291  -253.574  -188.454  -122.563
   -73.411   -34.173    -3.099    4.823    -8.535   -18.577   -20.095   -16.530
CT2128:255           -30.453   -11.421    7.253   28.739   58.920   76.769
   89.925   90.787   61.365    7.411   -39.931   -63.777   -83.193   -81.501
   -56.724   -31.487   -51.784  -154.772  -255.912  -251.306  -163.244   -91.223
   -60.984   -44.792   -29.361   -17.378   -10.468    -4.119    3.184   11.671
CT2128:250           -28.516    -9.038   13.312   38.458   66.382   76.196
   84.193   74.834   39.176    -4.294   -40.762   -67.418  -100.150   -91.962
   -62.661   -44.644   -45.449   -90.299  -133.313  -132.992   -85.806   -46.612
   -40.031   -46.636   -49.970   -37.222   -16.783    3.590   22.613   38.824
CT2128:245           -18.977    2.512   23.182   43.924   74.091   75.171
   69.301   45.177   -27.864  -137.133  -176.855  -185.690  -154.426  -112.672
   -55.221    -8.450   14.437   17.935   27.533   13.648   -15.980   -32.505
   -45.356   -55.611   -57.355   -42.375    -9.637   19.655   42.371   63.646
CT2128:240            -7.028   19.816   44.533   67.425   92.796   78.496
   22.565   -51.798  -195.185  -514.051  -667.044  -505.340  -224.316  -109.060
   -48.118    9.699   70.703  139.408  190.424  164.312   40.038   -63.336
  -101.992  -109.896  -111.473   -93.466   -46.749    3.959   46.736   83.883
CT2128:235            -4.578   21.177   44.598   56.272   73.493   48.560
   -11.181  -101.467  -260.356  -526.583  -614.892  -544.491  -321.278  -179.399
   -77.671    4.680  109.450  258.577  343.924  311.889  126.090   -27.800
   -95.470  -124.429  -135.049  -118.745   -50.748   11.940   56.834  100.431
CT2128:230            -8.114   17.892   41.561   57.489   74.999   48.894
    -2.835   -77.001  -279.557  -683.527  -838.504  -733.631  -455.807  -282.758
   -89.353  125.395  255.430  398.810  522.394  488.099  254.176   56.108
   -30.796   -91.534  -132.852  -128.584   -70.843    -4.795   48.386   95.341
CT2128:225           -18.954   10.105   33.513   45.855   67.186   43.246
   -28.619  -117.916  -330.217  -844.577 -1103.291  -902.758  -515.760  -325.612
  -126.555   79.071  218.277  397.204  544.818  546.208  393.273  236.134
  137.489   18.641   -84.483  -109.048   -53.512    -2.849   36.894   78.268
CT2128:220           -28.999    -3.830   25.074   36.361   46.384   20.151
   -75.949  -179.077  -238.580  -314.630  -354.036  -310.879  -193.407  -107.101
   -38.807   39.825  126.525  255.996  370.740  430.443  500.294  512.373
  422.387  174.560   -39.512   -88.130   -44.945    0.126   29.234   55.974
CT2128:215           -21.402    9.957   34.305   39.623   40.029   12.192
   -82.635  -170.636   -81.748  257.308  423.002  342.259  117.877   56.501
   40.851   27.439   59.153  122.663  193.979  275.162  480.996  615.680
  548.463  266.345    -8.126   -72.798   -27.730    8.928   32.542   58.346
CT2128:210           -16.599   18.065   44.621   48.342   35.344    4.598
   -89.127  -163.406   -20.727  488.098  754.300  600.850  249.121  140.523
   94.492   30.082   19.685   21.476   46.723  105.883  324.152  496.410
  442.796  196.909   -11.180   -49.008   -20.866    9.226   29.590   45.640
CT2128:205           -28.202    0.584   34.479   31.865   19.929    -8.097
  -110.699  -185.455   -98.415  124.468  207.654  274.522  247.945  208.759
  147.712   77.874   51.825   -21.106   -72.955   -72.045   -30.641    1.432
   -13.617   -14.797   -12.511   -10.106    0.338    8.654   17.143   27.710
CT2128:200            -2.306   30.496   53.278   40.212    6.810   -36.060
  -142.015  -228.615  -187.278   -46.383   42.627  116.035  184.174  183.261
  146.325   81.868   92.544  107.262  125.890   48.043  -267.580  -517.434
  -516.995  -253.787   -18.212   27.858   20.384   10.823    8.101    8.747
CT2128:195           12.588   41.521   60.843   47.166   13.200   -33.492
  -143.224  -240.485  -214.748   -60.456   23.395    8.536    -3.433   13.376
    -9.077   15.958  136.500  351.959  544.038  462.263   -18.354  -449.295
  -524.938  -287.669   -41.401   18.174   10.411    2.109    3.592    7.427
CT2128:190           13.159   41.988   68.653   58.306   29.891    -7.937
  -103.075  -188.970  -175.499   -41.269    -5.103  -235.414  -561.531  -588.443
  -457.991   -71.362  212.171  658.227  995.255  951.745  479.113   -42.662
  -193.437  -103.093   -33.919    -9.013    -0.401    1.613   10.404   23.145
CT2128:185           11.203   40.458   64.379   62.506   45.745   17.039
   -49.468  -106.066  -106.809   -43.354   -44.250  -443.952 -1419.024 -1658.390
  -908.796  -136.101  216.878  978.894 1687.759 1622.331  970.252  394.242
  168.227   30.373   -61.543   -47.261   -15.934    6.159   36.314   66.033
CT2128:180            4.669   31.593   58.590   58.284   46.222   28.086
   -19.402   -61.770   -46.612   25.184   68.202  115.732  235.223  277.571
  140.445   39.249  189.672  760.875 1223.075 1084.458  378.997  -164.736
  -322.966  -246.125  -130.695   -66.023   -17.717   24.649   64.893  103.909
CT2128:175            -2.291   28.673   53.435   49.747   31.500   19.789
    -1.088   -12.489    9.494   52.838  119.313  521.135 1428.254 1633.423
  898.573  117.956   39.026  194.296  249.030   64.365  -703.324 -1441.940
-1417.685  -734.481  -207.714   -60.026   -14.688   24.067   71.155  117.996
CT2128:170           -19.929   13.135   48.325   46.616   21.689   22.880
   17.332   12.248   38.393   24.855    -2.084   51.544    8.854   -45.060
   12.732   -16.587   -33.903   47.119  122.054   -47.754  -442.276  -642.054
  -696.964  -488.391  -211.364   -81.927   -46.542    -3.536   64.568  137.102
CT2128:165            7.956   36.844   53.443   34.160   -15.241    -9.416
   84.690  184.841  236.603  327.323  351.753   24.429  -694.648  -901.020
  -500.935   -74.426   -17.662    -9.968   -11.199  -139.000  -433.917  -678.317
  -686.670  -479.203  -272.199  -141.539   -67.267    -1.331   79.436  165.379
CT2128:160           10.325   33.624   47.500   29.011   -23.505    -4.777
  142.010  304.036  375.259  482.331  502.322  238.119  -143.739  -246.834
  -238.088   -75.707   -31.900   -27.256   -40.832  -175.005  -524.204  -812.492
  -814.033  -553.197  -307.756  -175.656   -83.204    5.604   96.705  185.068
CT2128:155            2.422   15.547   30.129   13.272   -43.491   -29.202
  107.053  241.848  288.842  309.360  267.062  202.215   75.869    5.706
    -9.651   -27.196   -27.465   -18.753   -47.356  -189.082  -573.347  -875.836
  -864.358  -553.006  -274.120  -149.995   -64.645   24.979  116.456  204.113
CT2128:150            0.255   13.705   19.855    6.646   -27.172   -12.862
   73.667  169.000  200.068  185.832  141.240  131.801  152.046  135.765
   72.044   42.403   41.299   34.615    7.294  -103.245  -372.506  -598.975
  -629.415  -493.892  -334.672  -215.410   -98.194   14.561  120.007  223.128
CT2128:145           -12.472    4.522   17.158    4.352   -21.631   -14.538
   42.169   98.814  118.302  157.186  165.052   50.667  -120.695  -155.710
  -105.590   10.892   48.006   74.103   78.789    -3.737  -210.562  -394.865
  -437.270  -383.636  -317.470  -237.188  -119.147    2.273  114.216  221.892
CT2128:140           -18.125    1.957   26.279   19.168   -16.137   -20.533
   23.441   68.547   59.924   25.496    -0.628  -130.632  -463.194  -540.527
  -252.508    -2.790   49.010  111.622  152.194   84.158   -77.641  -200.730
  -250.559  -275.501  -276.783  -216.267  -101.185   12.006  107.992  205.624
CT2128:135            -6.398   13.869   27.642   26.449   19.047   10.634
    -0.325   -14.782   -51.836  -149.069  -197.386   -91.052  164.004  272.507
  238.020  218.865  212.300  122.282   30.938    -5.725   -38.137   -78.625
  -122.866  -170.873  -202.239  -174.167   -90.564    -0.609   79.472  156.246
CT2128:130           -15.207    -0.483   15.357   17.061   23.204    7.078
   -48.433  -111.820  -176.178  -284.516  -293.948  -159.511  192.894  337.854
  269.907  134.654  123.508  108.085   82.741   83.565   83.552   68.027
   22.502   -62.849  -137.057  -142.248   -70.715    -2.119   50.439  107.352
CT2128:125            -0.181   23.165   39.265   29.680    5.865   -23.351
   -75.768  -132.624  -229.420  -477.755  -599.969  -479.564  -234.730  -125.316
   -35.384    8.152   50.848  129.706  213.753  263.862  305.714  315.416
  247.204   65.091  -101.040  -135.759   -75.079    -7.290   44.288   91.511
CT2128:120            0.164   30.118   49.625   31.944    -6.256   -37.272
   -80.099  -119.731  -193.924  -430.373  -579.579  -508.648  -380.859  -325.916
  -237.191  -143.292   -50.862  171.027  401.405  508.952  600.422  636.618
  549.358  255.903   -26.464  -110.697   -62.965    -5.316   33.120   70.158
CT2128:115           -17.580   15.546   56.072   39.604   -21.019   -48.827
   -56.631   -67.539   -52.950   72.842  136.412   31.012  -149.849  -191.967
  -189.696  -168.001   -85.891  140.581  305.314  476.840  772.234  908.448
  812.942  381.652    2.193   -92.529   -42.462    0.532   21.574   48.411
CT2128:110            9.647   30.763   42.551   22.632   -21.312   -38.837
   -14.201   13.423   64.939  291.305  429.224  298.035   59.814   -33.435
  -128.290  -215.810  -190.158   43.412  364.204  516.247  690.548  829.092
  774.609  417.685   62.871   -50.260   -31.286    -4.321    4.302   10.437
CT2128:105           19.919   30.459   32.966   17.128   -12.343   -22.748
    -1.756   28.250   30.964    7.118    -1.423    4.161   47.627    3.591
  -198.342  -449.026  -512.053  -416.869  -207.502   -57.154  218.308  525.730
  559.164  303.754   60.896   -11.376    -5.958    1.077    -7.342   -19.122
CT2128:100            7.741    8.577   11.021    2.824   -12.595   -20.783
   -26.923   -24.244   -47.053  -291.772  -498.431  -301.286    3.180   -14.445
  -279.871  -665.799  -806.112 -1021.171 -1301.999 -1116.950  -436.304   91.299
  207.298  159.049  106.474   61.227   31.962    5.563   -20.522   -47.598
CT2128:095           10.821   22.415   28.958   20.615    1.708    -8.994
   -30.879   -48.236   15.486  279.566  460.598  336.520  117.128    2.885
  -131.083  -241.901  -365.613  -776.345 -1071.485  -967.663  -495.956    0.615
  134.835  121.160   89.257   51.265   20.904    -3.021   -33.427   -65.374
CT2128:090            2.689   22.538   42.629   37.835   13.342    2.716
   -23.920   -46.685   50.345  410.756  613.175  462.633  106.552   -36.364
   -71.394  -107.472  -132.264  -216.726  -355.808  -248.219  127.660  423.166
  444.644  276.268  127.536   60.422   23.286    -8.577   -46.086   -83.680
CT2128:085            -4.594   21.220   49.559   45.833   12.082    0.005
   -11.972   -17.865   39.060  184.029  224.292  191.563   32.579   -49.992
   -46.231   -47.747   19.148  350.184  639.033  723.766  707.319  650.143
  575.829  342.103  139.492   59.260   21.014   -19.118   -62.593  -105.780
CT2128:080            -8.256   15.257   33.783   31.913   17.221   11.040
    8.789   11.177   22.636   28.836   25.735   23.583   18.365   13.757
   27.606   76.962  198.747  763.613 1443.967 1475.786  992.744  580.150
  497.000  389.003  239.829  155.351   86.393   12.294   -64.962  -142.917
CT2128:075           -24.485    -4.570   19.709   25.161   22.723   23.124
   28.164   35.352   32.761   16.194   11.484    1.037   -12.636   -19.288
   -27.076   -60.816   -31.574   32.079   -49.501   32.749  323.468  467.408
  464.734  410.343  362.953  297.199  160.024   21.094   -82.934  -188.929
CT2128:070            -7.844    6.806   19.689   19.620   11.649    9.089
   17.340   25.311   16.850    -8.563   -20.357   -23.986   -11.328    -9.704
   -41.668   -70.679  -124.902  -361.812  -576.372  -580.232  -398.709  -183.928
   -66.364  151.286  344.816  345.165  204.689   43.709   -88.912  -210.439
CT2128:065            -7.334    3.047   15.529   16.652   11.849    9.245
    6.636    3.423    -9.727   -50.375   -76.067   -66.603   -39.961   -32.769
   -24.717   -29.776  -116.236  -397.069  -685.181  -772.709  -855.789  -876.274
  -698.329  -194.140  232.960  300.643  167.023   34.803   -66.210  -170.808
CT2128:060            8.526    8.856   10.028   10.040   11.659    9.416
    1.154    -8.460   -19.254   -48.410   -65.628   -53.049   -28.171   -17.737
   32.166   98.514   19.246  -294.544  -619.349  -720.567  -772.376  -750.921
  -597.611  -181.957  199.775  270.826  149.457   25.066   -61.038  -152.820
CT2128:055           16.474   14.117   13.807   17.665   27.694   26.606
    7.892   -11.919   -14.610    2.686   18.639   20.193   19.073   28.764
   92.528  193.267  142.156   -94.734  -351.218  -446.885  -472.829  -439.860
  -337.117   -92.488  152.981  213.786  132.365   36.608   -38.369  -111.079
CT2128:050           31.314   30.065   27.652   29.995   36.840   31.941
    0.142   -39.035   -35.179   19.314   51.112   49.842   29.319   24.314
   45.334   70.601   38.274   -29.874  -106.615  -164.199  -210.656  -225.817
  -163.585    -8.754  128.690  161.366  100.881   36.781   -14.269   -69.607
CT2128:045           32.325   31.086   30.036   38.700   59.494   58.831
   13.192   -44.012   -42.835   16.521   56.486   49.435   12.418    -4.764
    -9.058   -12.166   -29.290   -34.320   -46.024   -71.056   -94.250  -120.377
   -88.542    -4.132   67.472   88.876   60.441   23.351    -6.235   -32.250
CT2128:040           34.198   31.879   29.363   35.709   57.886   57.321
   15.079   -40.714   -44.580    -1.798   28.428   21.329   -16.881   -40.574
   -54.481   -61.257   -71.204   -77.195   -80.460   -83.896   -72.750   -70.742
   -57.319   -27.896    -3.587   11.340   17.715   20.621   26.074   33.309
CT2128:035           33.057   31.803   30.502   35.881   51.611   48.916
    9.101   -45.763   -49.713    -5.321   31.320   26.656   -12.265   -41.870
   -61.807   -83.246   -97.886  -110.699  -118.288  -114.282   -81.178   -45.033
   -43.847   -74.921  -102.782   -86.277   -37.706   14.569   60.168  102.670
CT2128:030           23.080   18.865   15.343   17.098   34.781   32.053
    -5.387   -59.299   -58.225    4.444   56.258   60.918   41.850   24.090
   -14.210   -60.876   -79.316   -96.658  -116.160  -113.580   -75.073   -35.397
   -50.202  -131.487  -209.259  -185.284   -82.713   18.209  100.165  178.628
CT2128:025            9.716    9.819   12.636   16.077   23.966    9.553
   -40.386   -97.302   -87.779    0.546   67.885   69.765   27.219    2.879
   -17.581   -35.577   -39.416   -41.835   -25.425   -24.535   -31.771   -29.462
   -67.295  -173.483  -268.925  -244.529  -125.803   11.550  129.963  238.825
CT2128:020            -4.402    6.283   22.544   21.121   13.629   -12.135
   -94.393  -184.074  -168.056   -29.892   67.176   57.622   -48.096   -93.448
   -63.760   -18.545    6.759   18.864   11.345    6.331    2.895   -28.330
   -90.926  -211.404  -308.638  -273.728  -121.636   35.627  139.667  247.993
CT2128:015           16.303   20.614   25.147   24.162   24.496    -8.727
  -153.181  -320.580  -299.761   -64.002   96.917   85.103   -27.348   -64.260
   -53.775   -16.596   42.817  208.177  330.425  316.243  180.250   -24.931
  -117.254  -183.336  -233.873  -205.786  -110.374    -3.025   97.762  196.171
CT2128:010           27.294   23.862   19.888   11.053    8.642   -19.349
  -158.942  -336.363  -318.316   -74.693   87.613   68.738   -38.497   -66.513
   -63.183   -55.683   14.041  396.740  914.108  866.697  304.330  -119.690
  -225.549  -235.241  -206.856  -161.190   -74.725   14.628   87.676  167.630
CT2128:005           18.837   15.655   11.979    4.435    8.257   -10.583
  -101.151  -209.195  -201.930   -76.437    9.612    5.774   -56.482   -75.902
   -55.561   -32.422   12.618  195.843  408.634  348.873   -41.397  -402.160
  -457.215  -325.344  -197.899  -140.516   -68.615    6.976   65.480  123.711
CT2129:360            3.112   11.187   17.331    8.631   -12.733   -28.844
   -12.562   23.969   19.898   -48.562   -87.534   -64.554    -5.918   18.608
   12.045   14.382   11.074  -115.530  -322.772  -362.910  -317.368  -311.857
  -324.660  -269.578  -193.263  -142.864   -77.104    -8.082   54.598  114.836
