
filled_synop: 30 data points in equal steps of sine latitude from +14.5/15 to  -14.5/15

CT2096:360           -58.696   -45.969   -30.401   -11.890    6.260   33.695
   98.330  132.055  113.369   40.414    -2.469   -10.089    -7.696    -5.936
    -6.717   -16.045    -6.546   46.284  111.267   99.977    1.749   -93.188
  -100.814   -67.047   -52.558   -32.905   -12.692   10.117   39.220   66.608
CT2096:355           -58.056   -43.056   -26.830    -9.832    7.094   26.861
   53.019   60.823   50.987   23.607    1.822    -4.454    -6.328    -5.065
   -10.635   -28.169   -35.172   -41.702   -55.715   -90.740  -185.163  -256.592
  -238.630  -132.262   -65.939   -35.072    -6.195   16.193   34.023   55.891
CT2096:350           -64.798   -49.355   -32.825   -15.072    0.980   10.066
   16.680   14.745    2.168   -21.280   -41.050   -39.255   -30.443   -23.934
   -14.175    -3.121    -8.799   -65.285  -141.842  -191.573  -285.265  -351.959
  -320.935  -175.723   -85.323   -45.783   -11.003   21.288   43.621   62.724
CT2096:345           -76.925   -62.416   -49.035   -34.705   -20.521   -13.347
    -0.606    -2.056   -24.220   -61.445   -84.189   -75.030   -51.410   -34.186
    -9.984   12.540    9.268   -36.978   -95.307  -143.241  -251.607  -330.368
  -304.941  -181.846  -107.759   -61.085    -9.820   23.746   42.758   63.609
CT2096:340           -68.655   -61.921   -54.321   -44.180   -33.513   -25.034
    2.307    -9.354   -65.559  -164.409  -219.740  -185.555   -99.605   -39.727
    0.061   21.903   30.669   10.666   -16.606   -44.513   -86.165  -112.465
  -126.567  -140.288  -127.807   -81.273   -19.322   21.199   47.380   70.037
CT2096:335           -71.907   -64.615   -54.635   -37.386   -21.003   -20.888
    5.735   -27.089  -173.987  -451.928  -522.275  -481.396  -244.909   -83.221
   -21.684    -2.189   18.195   15.523   13.829    4.867    -3.095   -12.581
   -36.786   -91.399  -105.860   -68.811   -14.526   16.609   40.675   65.477
CT2096:330           -75.543   -63.186   -49.304   -33.316   -18.655   -17.316
   13.705   -17.659  -285.975  -941.431 -1228.568 -1006.503  -358.185   -74.903
   -20.736   -27.014   -14.187    2.944   15.294   13.214    9.645    -6.305
   -28.560   -71.145   -87.251   -61.283   -18.852   13.996   42.182   67.064
CT2096:325           -80.218   -64.381   -47.459   -25.326    -3.967    -0.586
    2.199   -19.583  -219.723  -801.590 -1109.578  -845.061  -199.449   30.004
   45.443    8.222    4.968   25.776   58.677   57.626   32.798    6.231
   -15.911   -55.240   -71.381   -49.119   -11.009   14.509   37.427   58.517
CT2096:320          -100.858   -74.826   -46.967   -14.268   10.971   23.195
   12.655   27.010  125.616  379.787  508.354  457.756  318.579  270.288
  178.870   52.721   16.054   30.817   58.876   59.505   49.632   38.426
   14.296   -41.472   -62.547   -35.174    9.112   25.645   31.491   42.550
CT2096:315          -100.985   -70.728   -36.166    2.279   28.433   39.520
    6.484   34.015  325.167 1084.099 1440.800 1178.742  477.078  197.887
  122.251   42.272    1.285    3.915    4.527    8.766   38.413   50.855
   31.516   -10.344   -27.833   -15.985    5.703   21.218   33.373   44.399
CT2096:310           -78.869   -57.035   -34.695    -9.267    9.901   18.710
    -1.752   46.939  283.513  750.823  920.250  773.639  305.893   80.666
   29.648   14.440    -7.647    -4.053    2.737    6.002   19.604   24.452
   13.417   -11.263   -20.576   -10.292    5.210   19.816   36.863   52.042
CT2096:305           -65.670   -47.903   -29.842   -13.138    2.903   21.223
   11.867   45.126  147.439  302.093  332.713  289.926  131.812   26.803
   -16.403    -8.187   -16.152    1.855   28.355   27.834    7.760    -5.928
   -13.346   -22.712   -24.374   -13.208    1.288   18.618   40.462   59.448
CT2096:300           -59.398   -47.510   -34.570   -21.043    -5.464   17.177
   45.020   79.615   88.101   69.633   67.007   40.210   15.606   -13.039
   -25.897   -16.683   -17.182    -0.000   19.653   17.780    -7.090   -28.871
   -32.434   -27.909   -24.377   -14.551    -0.223   16.948   36.004   53.464
CT2096:295           -48.889   -38.732   -28.485   -19.538    -8.727    9.574
   36.093   52.260   45.382   22.811   17.912    7.346   14.184   11.726
    -1.269    -9.287    -9.650    2.952   17.175   15.119    2.160    -8.370
   -19.066   -30.758   -31.661   -18.740    -2.702   13.640   33.139   51.178
CT2096:290           -46.417   -37.312   -26.253   -14.018    -2.964    3.884
    8.567   12.052    8.052    -2.155    -3.980    3.729   20.418   23.614
   14.383    2.010    1.177    7.904   13.431   11.365    5.391    -2.223
   -15.630   -34.052   -37.257   -26.841   -12.120    7.030   29.510   51.288
CT2096:285           -52.407   -42.652   -31.568   -15.287    -2.028    -3.425
   -12.845   -18.673   -25.871   -33.281   -32.863   -19.760    0.737    8.938
    8.191    3.531    6.515   15.224   21.649   16.963    3.775    -5.804
   -18.159   -29.896   -31.186   -23.102   -11.150    5.983   29.635   55.401
CT2096:280           -59.775   -50.820   -41.148   -27.393   -17.689   -22.649
   -34.152   -42.937   -56.540   -76.366   -80.191   -60.269   -27.184    -9.672
    -4.557    -1.913    6.892   25.359   39.594   30.391    -6.712   -28.715
   -36.373   -34.638   -31.937   -21.954    -9.054   10.919   36.518   58.740
CT2096:275           -72.361   -61.334   -50.103   -34.400   -21.961   -27.520
   -41.241   -53.138   -77.561  -115.481  -123.631  -101.333   -56.338   -30.722
   -13.179    0.043   11.229   29.546   48.524   45.031    9.269    -8.328
   -21.057   -25.859   -27.559   -19.039    -1.980   16.096   38.326   58.293
CT2096:270           -78.263   -62.644   -46.303   -27.328   -15.136   -16.877
   -24.540   -37.843   -67.477  -122.004  -143.176  -115.017   -59.513   -30.388
   -11.022   11.791   24.252   16.381   13.633   33.981   56.030   63.178
   45.479    7.719   -13.627   -10.456    5.409   17.998   34.811   51.148
CT2096:265           -83.518   -65.344   -45.483   -17.935    0.991    2.399
    -4.672   -18.968   -42.467   -91.117  -108.844   -91.316   -58.000   -37.911
   -13.472    4.942   14.868    3.032    -1.992   47.740  173.201  226.285
  194.646   69.046    1.218    -0.559   13.366   22.194   34.648   48.023
CT2096:260           -80.676   -55.114   -28.335    -0.593   10.789    -0.496
   -18.611   -33.867   -49.386   -72.710   -78.472   -62.526   -43.509   -28.286
   -17.148    -5.941    2.588   -20.909   -38.066   45.519  366.374  558.011
  440.823  123.469    2.777    -8.043    -0.434   16.204   42.726   62.609
CT2096:255           -75.362   -49.877   -28.272    2.631   12.156   -25.570
  -104.254  -147.496  -145.274  -108.611   -84.477   -69.997   -57.047   -43.714
   -33.540   -36.034   -31.138   -35.200   -37.158    4.237  151.406  231.672
  156.590   -51.778  -123.542   -73.605    2.194   30.848   56.015   80.263
CT2096:250           -67.781   -43.901   -17.152   15.991   19.997   -45.465
  -179.317  -243.956  -237.724  -188.208  -157.426  -122.633   -63.914   -30.293
   -35.356   -40.678   -35.681   -29.000   -16.341   -40.624  -175.750  -272.265
  -261.296  -236.461  -221.768  -150.506   -38.627   19.745   52.619   87.272
CT2096:245           -59.211   -42.805   -23.319    8.296    6.987   -74.614
  -218.108  -287.693  -285.036  -246.793  -217.399  -181.073  -141.131  -116.011
   -75.212   -32.008   -20.851   -25.554   -29.427   -66.891  -188.535  -253.099
  -246.464  -183.816  -143.909   -86.408   -16.812   25.181   62.408  100.450
CT2096:240           -44.446   -41.116   -35.114    -5.119    -4.227   -80.034
  -218.168  -269.740  -258.937  -215.957  -189.215  -145.087  -113.194   -93.716
   -65.333   -35.664   -25.613   -22.455   -26.987   -43.619   -70.744   -78.095
   -76.126   -37.599   -12.894   -12.549   -18.425   16.902   70.274  115.153
CT2096:235           -26.580   -31.241   -42.935   -53.538   -78.638  -153.777
  -269.603  -314.508  -248.628   -74.694   10.291    -3.769   -22.769    -6.857
   -17.831   -18.793   -14.378    -9.818    -7.293    -9.845   -11.585   -14.365
    -8.274    2.625    8.109    5.526    -6.525   11.992   53.974   97.534
CT2096:230           -53.424   -43.548   -46.707   -60.138   -82.304  -128.031
  -203.927  -239.581  -212.198  -154.699  -122.424   -76.435   -64.940   -63.575
   -16.510    5.639    4.905    -0.880    -4.224    2.412   23.787   32.582
   26.439    3.206    -4.502    -7.574   -12.892    9.652   53.132   92.017
CT2096:225           -83.361   -56.491   -19.027   37.847   58.887    9.875
   -85.967  -122.576  -120.856  -122.848  -105.031   -17.482  103.436  135.060
   80.963   19.203    4.722    0.139    1.524   10.146   33.940   47.584
   39.277   17.540    7.445    1.360    -2.435   18.844   57.830   91.926
CT2096:220          -101.136   -60.035    -8.854   55.106   81.839   46.672
   -33.551   -67.179   -47.296    2.411   44.041   83.835  150.384  168.346
   97.405    5.640   -14.836   -15.211   -15.225    1.543   39.143   53.262
   48.960   24.289   10.257    6.991    7.585   21.325   50.526   83.641
CT2096:215           -88.413   -58.333   -26.489   17.262   34.819    9.280
   -52.518   -75.091   -57.498   -25.774    -4.306   31.183   60.115   65.396
   43.579   11.889    1.259    -6.608    -2.841   24.378  107.182  149.736
  119.847   40.280   13.100   13.312   16.647   32.993   63.347   88.381
CT2096:210           -67.844   -49.584   -29.577    -6.643    -1.267   -36.176
  -104.043  -127.958   -98.077   -40.016   -14.514   -15.043   -40.145   -44.209
   -16.855    6.231    7.267    -3.536    -7.511   22.739  110.281  152.088
  117.438   37.262    6.456    2.126    3.729   21.186   53.358   83.041
CT2096:205           -32.346   -30.183   -29.622   -25.092   -29.298   -61.757
  -110.803  -124.526   -94.683   -32.414    -4.092    -7.577    -7.795    -1.368
    -6.423    -4.737    -0.943    3.933    9.446   18.178   29.653   33.133
   28.356    9.557    -0.951    -5.706    -6.721   10.626   45.107   81.685
CT2096:200            -6.285   -11.782   -19.985   -28.048   -37.835   -61.132
   -99.536  -108.700   -89.238   -50.954   -31.633   -22.617   -18.942   -13.758
    -3.994    3.311    5.345    5.753    3.916    -0.391   -18.281   -25.792
   -19.229    -3.881    0.144    -7.749   -15.308    9.978   56.455   94.525
CT2096:195           20.988    0.579   -23.545   -52.668   -72.068   -76.520
   -78.703   -77.130   -57.598   -36.190   -28.359   -12.654    -8.875    -6.911
    -0.289    7.317    7.794    5.101    6.674    -1.859   -27.673   -34.574
   -20.217   11.209   20.917    8.626    -8.794    4.830   40.934   83.820
CT2096:190           36.822    6.157   -24.381   -59.268   -78.266   -63.515
   -30.758   -18.743    -2.018   39.175   65.291   34.977   18.615   19.545
    -0.121   -23.467   -26.195   -22.505   -23.743   -24.600   -28.423   -26.928
    -7.936   31.661   42.536   22.095    -1.740   17.378   57.447   91.604
CT2096:185           41.989    3.608   -38.107   -82.627  -104.859   -79.278
    -6.349   23.181   -23.527  -103.177  -116.708   -72.301    -8.657    3.412
   -14.635   -34.122   -35.920   -30.366   -25.916   -24.541   -22.120   -17.464
    -6.305   10.110   16.215    7.522    -4.977   14.694   56.440   93.150
CT2096:180           38.643    7.027   -28.702   -68.799   -90.079   -99.892
   -91.497   -75.540  -110.853  -174.829  -196.981  -127.075   -42.289   -27.236
   -24.083   -20.768   -19.882   -22.627   -23.520   -20.948   -13.836    -6.042
    -3.039    2.572    6.306    -1.864   -10.313    5.779   42.219   87.612
CT2096:175           32.612   13.315   -10.873   -49.485   -59.451   -71.395
  -150.370  -188.952  -100.527   29.887   42.079    3.696   -30.155   -37.051
   -26.132   -10.993    -7.585    -7.664    -3.183    -5.994   -20.023   -22.653
   -11.530    2.920    7.453    0.023    -7.470   15.428   58.024   95.138
CT2096:170            8.588    -0.075    -7.984   -23.066    -9.159  107.926
  322.995  399.820  345.481  275.513  236.491  108.438   -29.386   -58.091
   -35.388   -12.118    -5.341    -4.843    -7.464    -3.509    -0.400    1.864
   13.995   31.947   34.850   18.416    0.966   21.277   64.856  102.650
CT2096:165           -13.521   -13.605   -13.390   -20.937   18.613  200.151
  460.262  537.685  405.542  155.640   55.006    4.245   -53.199   -70.251
   -31.136    8.023   17.295   19.400   22.694   25.369   35.365   43.150
   44.503   48.068   46.223   25.279    2.312   16.916   56.601  104.383
CT2096:160           -31.912   -21.621   -11.562   -16.765   11.442  124.227
  300.458  348.642  240.379   13.660   -80.028   -63.062   -32.501   -34.038
    -1.615   36.459   42.895   27.471   17.563   20.931   31.888   38.257
   35.473   31.875   29.549   20.853   11.203   36.551   83.908  124.209
CT2096:155           -43.934   -32.588   -23.369   -12.764   19.714   72.740
  129.296  146.167  125.539   88.773   55.761   27.593   18.510   12.789
   19.582   32.387   36.022   20.449   15.915   13.880    8.880   10.244
    4.785    4.268    1.728    0.117    2.003   24.670   67.126  107.866
CT2096:150           -49.643   -28.184    -9.911    2.231   23.147   59.676
  114.133  137.295  140.263  155.068  145.372   88.558   28.457   13.438
   13.455   13.065   26.634   40.349   48.578   63.518   51.866   31.500
   31.099   23.773    7.182    1.329    3.968   26.903   67.976  104.431
CT2096:145           -67.431   -38.599   -10.026   20.003   47.619   73.499
  103.162  116.691  112.140   95.542   78.083   55.842   20.240    9.408
   16.027   26.095   56.110  125.160  175.358  231.023  326.443  340.579
  230.562   67.282   11.465    4.007    4.967   26.735   62.169   88.938
CT2096:140           -88.491   -48.115    -8.408   35.149   68.604   82.253
   91.571   94.569   80.204   63.280   51.351   40.950   33.804   27.480
   18.970   17.608   62.758  193.254  282.862  333.609  415.002  424.511
  292.708   87.593   22.517   14.378   11.162   20.140   43.171   67.149
CT2096:135          -102.886   -56.013    -7.748   43.533   75.467   75.276
   65.169   61.337   52.385   44.497   35.472   24.594   13.032    6.470
    0.618    -0.807   13.836   38.880   56.320   84.602  110.353  113.723
   89.676   44.019   26.658   26.535   28.102   37.054   50.881   64.780
CT2096:130          -115.174   -59.670    -3.932   61.667   99.950   83.232
   50.010   39.010   38.744   43.209   37.146   22.975    7.342    -0.135
    0.312    -1.150   -21.759   -85.939  -120.439  -131.380  -137.603  -123.541
   -60.175   22.813   40.940   37.350   34.715   44.587   58.724   71.658
CT2096:125          -130.184   -58.635   15.472   93.750  134.938  112.074
   63.400   45.958   49.803   59.158   52.866   35.639   18.331   11.357
   15.326   17.809    -5.537   -65.570  -100.186  -114.511  -117.620  -101.431
   -44.366   32.503   55.298   40.611   27.916   38.250   57.478   75.689
CT2096:120          -136.372   -59.396   21.878  116.123  165.572  137.218
   74.242   48.522   48.364   51.516   44.118   28.611    7.218    1.287
    7.931    9.261    -2.288   -26.644   -45.460   -54.930   -54.552   -42.707
   -10.903   34.830   52.659   39.654   27.468   38.824   58.616   75.467
CT2096:115          -127.581   -51.418   29.786  112.655  152.702  127.532
   77.716   50.177   37.683   26.521   16.327    4.933    -3.952    -5.575
    -7.257    -8.981   -10.872    -5.389    -7.313   -28.826   -75.386   -86.432
   -44.969   14.310   35.604   30.370   24.382   35.783   52.324   70.499
CT2096:110          -118.260   -61.014    -2.763   69.258  103.945   93.678
   69.298   42.122    0.578   -52.272   -66.984   -53.035   -37.251   -30.202
   -28.656   -27.214   -25.787   -18.494   -23.552   -41.564   -81.121   -92.016
   -76.153   -47.240   -25.965    -1.683   19.433   35.223   49.923   67.722
CT2096:105          -111.553   -54.568    6.124   70.878   98.603   77.466
   40.379    5.233   -55.333  -120.421  -129.334   -96.138   -56.814   -39.662
   -33.736   -31.930   -29.196   -21.128   -23.174   -45.463   -88.180  -101.868
   -88.613   -63.457   -41.266   -12.776   16.921   36.869   52.781   72.563
CT2096:100          -103.891   -48.146   10.714   77.020   94.197   37.081
   -34.366   -82.431  -147.824  -208.297  -204.468  -128.827   -42.620   -14.430
   -14.718   -13.528   -13.239   -12.710   -16.047   -39.932   -87.621  -104.148
   -87.228   -54.701   -34.438   -10.775   14.154   37.797   61.547   85.283
CT2096:095           -93.166   -42.797    8.213   77.462   87.695   -10.483
  -149.612  -210.616  -250.707  -279.589  -260.822  -146.612   -23.921    9.500
    -2.959   -12.149   -10.819    -7.805   -10.698   -29.625   -65.662   -79.549
   -75.280   -64.765   -49.341   -21.693    4.514   33.539   66.689   95.658
CT2096:090           -82.050   -33.145   18.001   73.420   70.465   -45.694
  -196.311  -255.244  -261.757  -247.328  -217.771  -117.315   -18.040   10.311
    -5.645   -17.358   -15.442   -10.990   -13.525   -19.310   -27.831   -36.533
   -48.916   -59.824   -50.438   -23.576    4.962   34.206   65.542   95.049
CT2096:085           -72.246   -27.556   19.272   74.066   68.659   -48.173
  -184.718  -232.162  -202.676  -140.765  -108.013   -64.393   -18.715    -0.143
   -12.226   -22.966   -16.941    -0.212    4.411    -2.546   -14.462   -24.962
   -43.275   -63.326   -56.772   -25.557    8.477   37.227   66.088   92.637
CT2096:080           -69.446   -24.816   19.299   74.684   79.587   -14.380
  -152.418  -196.608  -149.735   -75.113   -49.977   -40.345   -29.701   -17.448
   -12.330    -3.850    0.491   16.653   26.952   11.876   -21.347   -38.541
   -54.885   -78.827   -71.119   -25.985   16.957   41.137   61.754   83.975
CT2096:075           -67.912   -20.281   31.280   83.078   89.532   32.407
   -35.189   -60.911   -64.585   -53.311   -45.874   -40.933   -33.655   -27.288
   -25.138   -24.917   -16.858    -0.701    3.059    -2.480   -13.324   -21.805
   -38.979   -56.752   -49.475   -18.068   16.539   40.433   60.771   80.488
CT2096:070           -61.091   -22.887   17.084   59.903   76.505   46.232
    3.348   -12.754   -24.259   -41.706   -49.125   -40.834   -38.640   -35.825
   -16.905    -3.813    -5.975   -15.127   -18.315   -21.412   -22.060   -22.703
   -30.248   -41.934   -33.283    -0.840   29.905   49.545   67.276   84.122
CT2096:065           -55.302   -29.683    -2.523   29.548   51.591   57.900
   55.694   57.239   66.342   61.595   45.429   17.337   -11.870   -18.671
    -2.226    9.162    0.541   -33.151   -49.953   -38.970   -15.672    -8.004
    -4.873    -2.022    5.260   14.748   28.213   51.536   79.138  100.186
CT2096:060           -36.361   -22.936   -12.105    -0.247   25.853   88.705
  161.254  181.697  182.733  192.425  167.138   65.595   -13.567   -21.576
   16.771   39.486   26.039   -17.438   -34.841   -21.096   16.968   31.393
   28.263   21.864   22.876   18.280   14.686   29.305   54.918   81.255
CT2096:055           -30.175   -15.609    -7.518   -10.028   13.570   86.772
  167.539  181.577  135.664   56.457   21.993   11.202    -4.936    -9.806
   15.299   31.583   22.047    -8.814   -19.822    -9.542   17.417   29.553
   37.348   42.101   41.504   29.170   20.882   34.571   56.833   76.273
CT2096:050           -50.431   -32.160   -11.526   15.054   53.334  126.846
  210.591  220.804  143.472   61.097   26.589    2.625   -16.567   -17.865
    2.018    6.407    1.912   -15.973   -24.002   -15.430    -0.910    8.040
   20.170   29.559   30.685   25.166   20.934   33.168   54.116   72.185
CT2096:045           -58.721   -32.807    -6.380   17.976   54.999  123.876
  189.381  192.319  125.312   51.322   21.283   19.800   26.013   22.584
   25.418   29.054   19.260    -3.059    -9.343    -0.391   19.124   28.201
   24.353   21.714   19.701   15.357   15.426   24.569   43.013   62.553
CT2096:040           -64.482   -36.570    -9.847   16.894   48.977  104.858
  162.947  163.108  104.166   41.929   18.609   16.907   12.057   15.360
   30.525   35.593   28.565   10.659    6.297   19.563   40.408   48.980
   42.489   29.839   21.977    9.350    2.756   17.932   39.560   55.275
CT2096:035           -79.273   -43.845    -4.156   44.538   82.825  110.923
  135.933  129.875   80.623   34.649   18.691   20.309   21.288   22.664
   27.208   27.507   24.497   13.084   12.663   33.176   61.010   73.405
   81.720   85.446   72.263   31.887    1.003    2.734   21.432   42.250
CT2096:030           -86.176   -38.266   11.766   59.599   84.999   83.414
   76.922   66.842   45.278   23.937   14.247   14.954   15.092   15.615
   16.212   18.314   18.683   16.965   21.414   34.660   53.423   69.461
  103.816  129.187  108.529   36.353    -7.860    -1.828   17.760   32.882
CT2096:025           -89.995   -42.397    6.320   62.759   90.606   68.715
   36.758   21.308    8.370    -0.945    -6.200    -8.319    -8.568    -6.188
    -6.281    -3.353    8.514   26.575   34.714   30.563   23.510   34.775
   80.437  118.107  100.559   36.455    -5.538    1.304   16.861   23.660
CT2096:020           -86.576   -38.011   12.617   67.565   88.976   60.126
   25.373    2.470   -26.660   -46.845   -46.154   -24.848   -10.423    -5.697
    -4.429    2.308   19.030   45.156   56.706   46.514   33.513   36.617
   53.214   63.855   51.283   23.467    4.044    0.150    5.505   13.761
CT2096:015           -81.876   -31.576   14.611   60.391   79.280   48.885
    8.579   -14.154   -46.898   -69.943   -62.510   -23.125    2.630    8.650
    5.075   11.368   31.325   58.484   72.901   79.976   80.435   76.364
   62.526   47.266   31.190   11.620    -1.182    -1.467    2.311    6.479
CT2096:010           -91.085   -41.378    5.119   51.508   69.511   39.081
    1.277   -23.206   -55.618   -77.883   -69.035   -23.962    7.016   14.682
   10.077   13.447   32.622   60.502   80.940  111.521  132.489  125.334
   78.907   38.115   21.737    7.833    -1.458    -2.663    1.858    7.566
CT2096:005           -77.002   -32.955   11.626   55.347   71.168   42.803
    4.825   -15.880   -36.049   -51.441   -44.947   -11.035   11.400   13.083
    -0.847    -2.706   13.185   45.806   68.338   97.534  123.362  120.768
   83.157   41.447   24.721   14.604    7.605    7.426   13.746   22.151
CT2097:360           -90.792   -49.231    -2.949   47.473   66.686   45.279
   16.693    -0.410   -13.020   -25.602   -24.501    -5.282    7.464    4.633
   -19.318   -29.042   -21.580    -3.506    9.217   33.900   74.090   81.558
   55.932   30.626   24.736   16.055   10.412   17.636   28.000   37.904
