
filled_synop: 30 data points in equal steps of sine latitude from +14.5/15 to  -14.5/15

CT2165:360            -8.755    2.177   13.633   23.805   33.993   52.554
   37.177   -43.517  -149.401  -177.606  -105.991   -33.504   -29.457   -71.557
   -73.570   -66.479   -11.215   -43.718  -578.813 -1836.101 -2216.922 -1505.253
  -368.982   -54.502   -38.594   -40.347   -25.206   -46.453   -65.170   -77.482
CT2165:355           -14.414    -4.580    6.838   15.678   19.081   27.577
    6.675   -72.956  -165.482  -199.601  -211.244  -208.252  -196.880  -234.975
  -276.204  -191.564   57.428   57.707  -604.700 -1942.732 -2315.732 -1708.752
  -549.396  -168.167  -100.129   -63.567   -34.083   -53.712   -64.614   -71.955
CT2165:350           -21.762   -10.751    2.262   11.380   11.593   10.856
   -13.634   -85.287  -160.074  -190.888  -265.199  -314.587  -248.778   -42.904
  102.908  126.974  194.177  121.391  -254.654  -848.493 -1030.937  -912.168
  -511.612  -303.619  -174.024   -72.029   -26.546   -42.399   -60.039   -74.760
CT2165:345           -24.703   -12.625    3.643   13.300    1.008   -16.747
   -41.102  -106.276  -174.828  -167.201  -110.407   -27.125   53.263  244.499
  396.939  370.847  292.226  196.638   31.366  -189.988  -311.565  -341.361
  -328.616  -265.438  -169.299   -77.414   -39.448   -59.282   -75.225   -83.455
CT2165:340           -20.748    -1.596   15.938   19.608    -4.082   -41.772
   -64.532  -110.034  -148.376   -93.543   74.974  222.212  286.850  292.614
  254.483  281.233  321.734  278.297  187.960   68.337   -30.324   -96.041
  -182.891  -191.545  -128.779   -49.598   -20.647   -40.856   -65.928   -83.811
CT2165:335           -23.978    -6.041   18.294   24.260   -19.175   -78.235
   -84.260   -76.753   -58.434   49.925  332.054  555.717  591.368  522.202
  481.484  414.943  318.666  248.333  214.602  176.915  107.328   16.709
  -112.546  -153.557  -102.324   -31.814   -18.016   -33.783   -59.224   -81.624
CT2165:330           -22.941    -4.339   24.985   37.884   -17.962  -120.065
  -105.801   14.042  155.944  292.863  573.409  775.760  765.362  561.903
  413.583  363.092  313.495  271.160  242.917  232.963  181.112   79.032
   -59.031  -108.615   -85.440   -45.315   -39.817   -51.181   -64.840   -77.444
CT2165:325            -8.097   24.894   48.369   44.645   -20.771  -110.836
   -75.320  131.609  372.575  503.892  662.814  757.468  711.561  469.398
  300.757  258.719  246.891  220.867  215.366  228.304  193.054  100.162
   -21.070   -74.042   -76.011   -62.843   -62.232   -66.992   -72.003   -76.605
CT2165:320            -7.842    8.186   30.361   40.355    -3.162   -80.261
   -34.598  206.289  460.248  532.398  523.350  470.112  429.117  303.325
  210.203  194.310  179.051  166.493  162.826  164.814  139.579   81.809
    4.810   -40.565   -55.362   -63.754   -73.165   -76.410   -79.973   -84.056
CT2165:315           -10.660   13.051   35.380   42.080    2.027   -71.764
   -20.741  236.741  485.305  463.091  251.573  155.056   98.280   93.740
  144.547  169.625  139.384  137.291  147.233  172.294  161.378   98.986
   18.521   -30.172   -50.103   -59.176   -68.826   -72.855   -77.638   -81.709
CT2165:310            -5.041   18.544   37.467   37.306    -4.197   -49.064
    -4.082  238.732  480.400  280.853  -624.399 -1145.302 -1083.639  -370.020
  100.296  159.335   86.108   89.075  146.283  227.091  230.752  148.495
   32.795   -27.147   -52.519   -62.831   -75.199   -77.736   -78.295   -78.640
CT2165:305            -4.116    9.409   26.105   35.527   12.541   -22.483
    9.160  187.253  386.098  150.864 -1277.032 -2500.795 -2137.146  -618.575
   44.298   84.523   62.682  107.107  193.555  321.475  336.407  223.039
   49.749   -24.362   -55.430   -74.460   -87.224   -77.237   -70.846   -70.261
CT2165:300            -0.417    9.409   16.810   17.759    -0.725   -25.850
   10.288  116.458  214.661  257.910  329.046  330.221  230.336   28.032
   -92.158   -77.671    -8.403   47.468  180.855  387.160  427.565  291.694
   90.923    4.245   -40.085   -72.118   -88.540   -82.153   -77.034   -76.120
CT2165:295            2.052    7.322   12.926   16.109    4.242   -16.797
   24.095  108.801  199.746  518.851 1763.261 2725.242 2261.175  668.113
   -63.455  -129.566   -60.056   -17.448  113.698  315.538  365.432  268.981
  116.883   47.414    -4.132   -53.894   -82.552   -86.975   -87.537   -89.181
CT2165:290            2.660   14.901   20.273   26.520   30.929   23.946
   64.319  124.916  203.344  459.797 1288.947 1745.477 1497.327  491.421
   -64.586  -147.582   -97.740   -70.965   25.662  152.140  192.839  189.614
  160.935  117.038   34.892   -44.863   -77.140   -81.970   -88.212   -94.875
CT2165:285            -8.901   16.863   40.456   56.913   61.801   63.230
   89.602  128.544  189.195  249.937  219.423  114.827   98.381   37.556
   -79.329  -127.527   -84.700   -65.421   -23.290   24.226   57.733   91.656
  121.281  103.500   40.683   -32.028   -68.672   -82.285   -92.253  -101.272
CT2165:280           -16.482   13.471   49.407   76.219   79.883   75.371
   85.089  111.306  138.615  111.656   -22.716   -85.109  -122.013   -85.197
   -73.062  -100.164   -84.734   -66.845   -57.347   -32.624    3.050   44.887
   88.080   83.904   23.028   -44.548   -72.641   -77.025   -82.760   -93.084
CT2165:275           -17.094   11.064   42.464   67.173   78.136   83.952
   88.087   89.859   89.989   58.151   -25.575   -60.639   -99.210  -100.554
  -105.107  -137.900  -171.727  -170.944  -129.710   -62.937   -15.595   31.706
   78.882   78.978   23.815   -38.812   -65.410   -67.678   -72.668   -82.233
CT2165:270            -9.868    9.745   26.220   44.233   70.632   96.793
   92.675   44.363    -3.240   -27.868   -36.619   -48.127   -74.476  -108.077
  -146.495  -203.222  -312.299  -336.032  -243.609  -104.971   -36.514   22.273
   79.185   84.602   31.142   -31.560   -57.838   -63.411   -67.344   -74.691
CT2165:265            -7.251    2.707    9.534   22.289   57.460   98.716
   93.787   28.415   -38.860   -57.968   -36.456   -31.864   -46.263   -43.378
   -57.748  -153.274  -288.351  -310.191  -239.402  -112.627   -45.043   12.915
   64.573   70.211   18.439   -36.790   -58.062   -62.575   -69.252   -77.209
CT2165:260           -11.505   -10.765    -5.786   10.542   58.163  114.324
  112.586   54.539    1.102   -24.423   -35.481   -45.537   -56.861   -63.063
   -90.611  -156.947  -268.544  -293.552  -224.569  -112.213   -51.368    -5.599
   33.626   38.880    -1.897   -49.804   -69.268   -68.992   -67.559   -68.055
CT2165:255            -9.437    -7.968    -5.233    9.998   56.791  107.247
  106.298   56.156    8.723   -20.643   -50.185   -69.218   -77.914   -76.867
   -96.195  -147.588  -231.626  -250.536  -201.763  -115.327   -65.257   -25.482
    9.486   14.117   -24.339   -67.052   -81.414   -76.847   -69.696   -65.219
CT2165:250            -6.357    -4.280    -2.226    6.702   38.352   77.212
   73.294   25.460   -23.856   -51.481   -79.432  -100.724   -99.701   -70.738
   -67.099  -119.354  -193.487  -208.130  -184.461  -131.518   -93.251   -39.537
   20.852   25.277   -26.853   -77.398   -90.922   -84.526   -79.029   -74.975
CT2165:245            -7.940    -7.270    -2.349    8.695   29.800   51.403
   43.938    1.640   -38.804   -64.458   -87.640  -101.596   -97.333   -76.595
   -70.929   -87.276  -132.159  -144.233  -136.875  -128.972  -107.282   -42.376
   32.697   34.513   -18.559   -75.693   -93.450   -86.187   -78.442   -71.469
CT2165:240            -9.122    -0.806    6.563   15.566   30.250   46.273
   39.151    4.383   -28.104   -51.936   -74.197   -80.353   -73.081   -47.414
   -25.926    3.536   35.812   48.051   22.275   -25.479   -30.145    4.480
   38.294   20.813   -32.502   -82.879   -97.695   -87.770   -74.040   -61.632
CT2165:235           -15.478    -6.531    6.254   18.802   34.600   52.070
   48.190   19.490   -10.966   -35.182   -78.427   -98.950   -71.076    2.148
   51.765  109.796  213.591  255.993  222.659  190.410  169.328  110.562
   42.834    3.186   -38.995   -80.018   -92.505   -77.246   -65.923   -56.803
CT2165:230            -5.828    -2.606    3.736   14.314   37.075   59.788
   59.958   47.676   35.627   12.418   -45.826   -76.839   -48.826    3.807
   49.647  113.480  183.101  222.907  277.016  339.084  313.602  195.435
   81.986   23.019   -32.552   -84.333  -100.502   -87.323   -74.683   -65.584
CT2165:225            3.545   11.441   17.461   24.390   35.155   45.779
   47.755   45.669   39.218   32.809   30.523   34.196   31.164   15.011
   49.825  139.261  245.495  297.133  305.794  267.143  218.970  159.664
   83.476   20.285   -33.754   -81.998   -97.334   -87.944   -80.196   -73.607
CT2165:220            2.405   17.489   30.894   40.427   42.710   41.109
   40.843   41.092   38.122   36.307   35.355   34.929   45.663   36.185
   81.448  257.346  512.606  596.057  523.399  391.385  301.392  181.082
   55.301   -18.287   -51.363   -75.512   -87.148   -84.956   -83.472   -81.574
CT2165:215            -2.664   12.850   28.784   41.068   47.532   51.323
   50.805   44.384   35.970   29.914   13.892   11.370   44.753   87.071
  152.776  350.963  661.637  755.915  658.345  513.149  406.201  204.870
    -0.704   -78.504   -77.241   -70.354   -76.204   -78.565   -81.037   -84.048
CT2165:210            -0.913    9.722   22.737   32.774   41.214   50.274
   49.724   40.897   33.364   21.592    -6.141    0.162   42.505  137.089
  214.924  297.977  392.461  430.259  446.096  409.721  331.876  147.348
   -55.745  -118.655   -83.388   -50.481   -53.977   -63.205   -71.781   -80.134
CT2165:205           18.375   23.909   26.030   27.299   27.719   26.972
   23.754   17.185   10.045    4.514   -24.563   -35.659   13.069   87.114
  119.031  112.361   71.897   70.113  157.957  271.106  238.796   70.737
   -82.684  -110.802   -67.878   -26.270   -27.364   -46.662   -70.433   -94.767
CT2165:200           29.514   31.105   26.681   22.888   19.606   15.849
   10.970    7.460    7.110   15.606   45.395   72.364   80.973  100.177
  102.229   52.610    -9.329   -46.750  -116.384  -183.315  -189.621  -124.537
   -69.124   -53.893   -32.203   -13.275   -23.405   -57.259   -85.854  -111.798
CT2165:195           18.279   29.905   38.409   39.041   26.528   11.852
    2.954   -10.413   -17.260    -6.243   24.358   44.300   53.524   65.897
   58.044    4.514   -56.302  -118.372  -279.327  -436.600  -429.991  -246.867
   -63.984   -11.586    -6.538    -8.658   -21.919   -51.173   -79.699  -107.198
CT2165:190            4.599   17.468   34.689   39.666   23.444    4.475
    -9.488   -30.420   -39.060   -31.772   -12.605    -1.852    5.005    7.628
    -5.881   -48.288  -110.301  -186.776  -349.091  -505.577  -494.788  -282.240
   -54.664   15.800    3.140   -16.178   -28.846   -54.211   -76.544   -97.670
CT2165:185            -0.723   15.850   40.222   48.326   23.493    -4.103
   -18.019   -50.143   -69.337   -52.764    -4.691   15.716    8.206   -17.983
   -36.051   -37.418   -47.893  -121.051  -318.455  -510.367  -504.127  -272.495
   -35.497   29.656    3.295   -18.328   -27.922   -52.056   -71.299   -89.943
CT2165:180            -1.240   10.144   19.108   16.074    -4.701   -23.609
   -27.236   -18.299    -9.807    7.179   46.512   59.633   54.411   38.389
   30.808   52.272   99.592   40.648  -201.549  -453.088  -466.385  -287.534
  -122.049   -51.595    -9.652   13.098    3.305   -33.197   -71.427  -107.913
CT2165:175           -11.717    -5.417    4.799    6.439   -16.455   -38.638
   -30.634   31.767   64.969   64.108   60.606   49.037   34.836    1.887
    -1.659   14.533   23.188   -15.343  -110.720  -196.940  -222.044  -189.963
  -128.302   -79.926   -23.879   19.089    6.154   -51.803   -97.561  -136.504
CT2165:170            -1.996   14.163   27.197   27.053    4.489   -14.388
    -7.442   48.033   64.146   30.648   -40.227   -83.407   -85.699   -91.669
   -74.753   -37.057   -19.487   -40.897  -110.267  -203.923  -228.399  -192.932
  -158.669  -117.004   -43.969   13.451    8.440   -40.367   -88.896  -133.963
CT2165:165            -0.204   14.551   30.670   36.467   22.512    8.080
    5.373   58.211   61.667   -59.102  -307.145  -429.728  -349.786  -193.565
  -103.887   -33.090   22.874   18.558   -65.493  -158.639  -193.431  -197.964
  -190.932  -156.183   -73.942    -3.893    -5.793   -52.669   -92.547  -130.798
CT2165:160            -2.233    9.967   26.348   36.255   34.380   33.477
   20.369   48.276    2.638  -230.269  -693.179  -903.095  -718.699  -300.363
   -93.410    -9.370   35.535   41.964   -42.151  -141.535  -179.599  -204.910
  -217.364  -184.560   -90.837   -17.796   -16.518   -56.716   -91.556  -123.956
CT2165:155            -2.753   17.083   34.264   42.815   53.442   66.646
   25.662   -13.619  -121.139  -459.409 -1125.815 -1400.272 -1095.193  -434.529
  -122.207   -55.256   -55.816   -43.171   -95.091  -144.663  -170.830  -210.613
  -235.402  -208.604  -117.561   -35.977   -30.986   -67.101   -96.089  -123.046
CT2165:150           -19.931    5.894   38.108   58.284   76.802   88.688
   12.261  -104.752  -303.811  -727.828 -1468.661 -1702.267 -1348.190  -558.453
  -195.163  -145.078  -200.102  -180.518  -164.135  -149.498  -163.441  -207.172
  -236.666  -212.180  -121.727   -48.233   -43.308   -75.611  -104.073  -128.478
CT2165:145           -27.380    -0.180   40.727   60.660   69.972   73.610
   -16.987  -117.428  -302.573  -856.636 -1941.471 -2262.536 -1673.545  -591.776
  -180.972  -118.222  -155.764  -132.953  -134.904  -115.394  -125.552  -157.330
  -168.363  -155.847   -97.445   -48.844   -50.439   -84.418  -110.780  -135.696
CT2165:140            -6.838   15.774   38.651   46.039   50.032   50.489
   -37.624  -166.826  -366.697  -904.651 -1912.796 -2204.079 -1582.794  -374.816
   68.329   43.759   -83.065   -78.878   -72.844   -59.476   -75.506  -126.811
  -161.644  -159.786  -105.848   -57.772   -54.984   -78.903   -99.236  -119.000
CT2165:135            1.421   18.092   33.845   38.298   32.676   29.202
   -29.561  -127.756  -250.720  -657.629 -1439.391 -1622.403 -1105.662   -98.984
  232.509  158.445    8.779    7.838   52.228   65.630   49.024   -41.081
  -144.615  -170.401  -108.309   -61.538   -58.811   -74.498   -92.615  -109.952
CT2165:130            5.132    8.620   18.885   21.708    5.876    -0.650
    1.554   -18.412   -55.274  -180.959  -578.856  -702.006  -280.348  236.564
  314.679  209.705   45.597   44.776  261.945  511.566  470.488  136.954
  -119.040  -164.815   -95.356   -50.809   -55.958   -80.778   -99.767  -116.642
CT2165:125           20.899   13.010    -0.635   -11.366   -34.719   -38.212
   76.565  348.835  543.993  851.083 1386.278 1543.928 1383.178 1103.898
  896.355  253.332  -461.899  -482.620  139.336  637.219  618.042  240.316
   -61.370  -131.851   -99.032   -70.390   -71.012   -82.674   -96.417  -108.559
CT2165:120           27.478   12.728    -9.577   -16.784   -38.261   -50.725
  111.581  525.545  823.920 1310.968 2274.849 2550.994 1829.422  716.531
  334.176   71.116  -139.402  -151.226   89.275  318.167  323.924  135.829
   -35.077   -93.390   -76.129   -69.312   -75.912   -82.358   -89.139   -95.536
CT2165:115           24.197   22.166   17.104   16.914    1.242    -3.401
   96.290  287.927  464.868  758.782 1173.380 1241.814  806.414   28.540
  -241.460  -185.438   -54.314   -16.672   87.195  198.953  195.960   76.305
   -24.792   -71.006   -71.534   -72.226   -79.027   -85.759   -92.024   -97.480
CT2165:110           18.414   21.010   24.918   27.839   32.014   22.848
   -10.434   -78.228   -66.728   -64.378   -99.147  -119.802  -221.921  -438.143
  -510.300  -291.958   -57.723    8.592   95.433  162.231  150.563   63.440
    -4.267   -44.092   -52.125   -61.075   -74.370   -83.387   -93.142  -102.836
CT2165:105           16.103   19.783   22.613   23.504   58.411   79.051
   -44.437  -437.786  -591.071  -618.969  -649.013  -631.110  -403.483   -71.261
    -0.346   10.047   67.614  111.883  162.307  164.172  153.867   95.048
   24.410   -16.223   -38.253   -61.523   -78.995   -89.150  -100.736  -111.683
CT2165:100           14.101   23.379   37.031   43.289   64.053   58.410
   -87.865  -500.878  -680.569  -524.631   -98.019   88.338  166.484  313.952
  362.193  305.492  277.329  286.982  338.655  441.354  374.331  193.099
   96.713   43.901   -10.496   -57.278   -79.058   -86.581   -95.943  -105.379
CT2165:095           13.795   20.641   28.469   30.530   30.094   22.575
   -31.056  -171.779  -217.442    -5.954  462.283  634.540  514.273  293.813
  268.857  283.226  243.888  239.209  137.309   -69.913   -34.627  134.683
  158.741  101.998   18.916   -47.953   -74.220   -81.324   -90.838  -100.846
CT2165:090           14.301   19.677   24.446   25.813    3.615   -10.389
   52.120  244.849  321.619  348.135  362.436  373.182  320.515  224.354
  239.322  326.118  433.637  460.294  604.005  801.208  686.094  353.027
  173.176  106.928   17.179   -53.947   -78.170   -80.273   -89.658   -99.015
CT2165:085           12.393   19.826   19.542   17.205    -1.834    0.006
   99.735  403.958  527.592  304.549  -148.015  -261.489  -152.508   82.858
  163.344  200.774  195.167  228.635  349.396  396.128  352.421  210.399
   96.582   49.694    -9.401   -63.109   -84.089   -85.222   -88.290   -92.988
CT2165:080            7.109   11.172   13.484   14.672    8.493   19.046
  103.255  287.965  352.902   63.027  -642.309  -877.718  -520.728   -36.674
   78.683  127.530  190.663  143.182  -121.037  -353.161  -316.278   -92.925
   39.557   31.640   -27.279   -63.850   -78.605   -79.126   -82.525   -87.697
CT2165:075            9.415    9.787    9.053   10.726   12.193   19.538
   65.874  163.885  223.246  198.358  118.629   71.362   -17.830   -33.512
   -47.064   -33.151   -17.537   -80.062  -295.691  -441.419  -402.602  -161.464
   37.670   59.255    -6.133   -52.379   -71.266   -76.972   -82.110   -86.542
CT2165:070           12.134   13.992   14.078   14.413   15.643   19.108
   46.087   78.858  151.893  421.713  957.063 1098.364  714.160   87.573
  -117.572  -174.099  -214.002  -253.039  -266.241  -240.665  -190.165   -41.262
   86.660   99.435   22.096   -36.124   -59.272   -70.016   -81.849   -93.804
CT2165:065            9.301   15.339   22.504   23.903   15.030    -0.481
    -4.714   -39.647    -4.756  239.531  750.060  901.677  646.108  165.221
   -44.412  -138.624  -204.821  -248.632  -268.242  -257.669  -199.695   -39.656
   82.187   94.653   27.848   -19.649   -42.449   -59.284   -77.063   -94.398
CT2165:060            3.546   14.767   25.722   23.651    5.302   -13.991
   -31.040   -99.526   -82.635   64.579  320.990  414.625  345.131  169.096
   61.563    -8.791   -69.375  -114.061  -175.666  -211.364  -178.325   -43.957
   68.205   79.216   36.044    -3.346   -31.589   -57.155   -82.262  -106.554
CT2165:055            -2.741    7.388   22.546   22.783   -15.734   -57.776
   -67.343   -79.541   -47.435   32.421  161.857  222.685  212.016  180.135
  149.959  141.713  126.429  103.547   37.003   -28.433   -26.431   27.708
   62.642   54.975   30.616    6.376   -21.109   -51.550   -81.033  -108.524
CT2165:050            4.194   14.492   23.862   14.510   -37.459   -82.146
   -70.292   -17.018   36.944  101.594  192.161  222.475  189.253  140.035
  135.303  203.411  271.111  285.525  265.320  222.756  189.254  119.966
   61.081   32.438   15.483    -4.486   -29.660   -57.190   -85.831  -115.060
CT2165:045            9.200   14.385   17.301    2.918   -47.366   -79.035
   -43.724   52.965  110.728  154.803  208.400  206.698  125.719   22.692
   23.507  133.558  234.752  294.030  386.782  426.162  370.345  181.472
   47.252    8.291    1.500   -14.339   -38.929   -66.620   -94.507  -123.524
CT2165:040           10.504   12.966   16.992   11.919   -20.744   -38.097
    4.401  111.618  148.992  150.793  124.585   80.388   -19.009  -136.509
  -137.025   -40.386   57.238  132.863  263.075  340.710  301.818  146.307
   47.657    9.503    -0.206   -16.812   -44.845   -78.745  -108.314  -135.780
CT2165:035            7.107    9.042   11.533   12.785    4.298    2.427
   40.056  139.366  163.843  123.643   51.381    -7.547  -116.486  -231.442
  -230.697  -151.343   -67.041    2.186  103.092  177.281  165.245   85.160
   35.711    6.880    0.825   -10.474   -36.461   -68.858   -98.146  -126.692
CT2165:030           17.033   19.714   19.752   27.177   49.560   68.099
   82.319  116.396   87.284   -44.012  -212.492  -284.504  -339.219  -348.440
  -330.482  -320.014  -277.713  -207.594  -127.557   -49.351   -20.010   -10.235
    -4.792   -23.420    -3.998    -0.154   -26.601   -62.758   -96.637  -128.959
CT2165:025           22.221   22.910   21.679   27.280   56.789   77.850
   62.462   43.117   -26.636  -272.565  -619.893  -708.303  -576.021  -391.035
  -345.849  -400.628  -406.432  -292.490   -85.397   51.409   88.325   38.156
    -2.584   -34.516    -4.771    1.826   -24.788   -54.451   -85.066  -118.889
CT2165:020           20.909   15.000    9.853   10.851   20.947   26.713
    3.377   -32.414  -108.858  -355.010  -728.572  -805.109  -537.794  -245.021
  -180.971  -261.401  -290.593   -81.943  480.928  817.633  789.719  409.647
  149.787   76.646   51.119    3.672   -38.096   -63.184   -91.739  -122.421
CT2165:015           16.807    9.547    -2.179    -3.824    5.379    9.851
    4.424   12.919   -22.846  -110.039  -203.317  -216.276  -118.833   12.078
   43.912   -42.510   -80.096  129.744  853.124 1348.151 1252.688  814.332
  581.473  432.041  167.043    2.408   -49.682   -66.864   -97.610  -127.180
CT2165:010            9.738    7.619    7.290   12.790   31.815   44.188
   45.780   60.370   47.545   32.493   27.660   26.036   37.264   58.002
   68.017   29.243    -5.622   20.745   88.119  162.853  299.948  539.774
  636.496  539.377  237.473   26.782   -39.891   -60.744   -91.920  -120.915
CT2165:005            4.880    3.387    4.295   18.231   51.384   65.504
   43.414    3.992   -17.948   -28.952   -32.234   -39.794   -70.778   -89.661
   -81.004    -9.724   22.083  -165.597  -817.614 -1172.897  -896.524   -84.947
  331.413  345.118  136.560   13.861   -34.491   -61.770   -90.720  -119.209
CT2166:360            -0.464    -2.387    -4.398    6.080   50.869   73.127
   22.672  -115.092  -174.048  -153.609  -128.440  -130.684  -195.598  -283.787
  -252.277   -30.990   58.094  -212.202  -973.240 -1310.250 -1109.897  -339.900
   90.631  154.732   57.131   10.427   -25.635   -59.525   -90.495  -117.770
