
filled_synop: 30 data points in equal steps of sine latitude from +14.5/15 to  -14.5/15

CT2160:360           48.596   31.963   17.856    -2.161   -22.870   -24.330
    -1.845   24.962   82.354  243.888  365.149  350.088  254.427   67.494
  -240.685 -1052.074 -1486.507 -1292.192  -738.372  -511.254  -282.789   -64.543
   -38.232  -123.840  -170.259  -176.052  -174.019  -148.299   -97.065   -42.015
CT2160:355           52.835   39.041   24.738    5.999   -16.334   -13.262
   18.256   55.061   94.325  158.294  179.876  131.341  110.483   30.892
   -86.911  -251.115  -266.882  -311.829  -322.716  -239.448   -46.200  152.936
  137.554   -40.181  -145.668  -169.544  -177.517  -153.340   -91.958   -34.281
CT2160:350           53.920   42.059   29.537   12.096    -8.006    -1.943
   39.251   89.486  107.328  156.184  167.963    -9.170  -359.262  -518.181
  -436.139   -12.445  281.127  329.549  204.229  195.170  193.765  197.545
  132.474   -36.682  -141.552  -167.696  -177.675  -150.414   -83.034   -23.042
CT2160:345           58.159   46.173   32.664   14.429    -2.678    2.309
   41.001   97.281   91.825  108.995   77.153  -311.947 -1521.755 -2401.212
-2060.821  -494.422  438.894  570.215  404.950  361.902  208.603   31.033
   -45.974  -101.918  -147.870  -167.903  -174.907  -156.286   -98.573   -29.529
CT2160:340           62.831   47.974   34.450   18.207    -1.802    0.546
   35.131   83.849   59.180   41.575   13.226  -401.025 -2031.604 -3407.028
-3062.054 -1015.720  258.898  437.235  351.033  321.287  175.507   -37.274
  -116.637  -105.879  -117.607  -146.568  -174.102  -148.166   -68.469    -6.786
CT2160:335           46.537   35.833   24.641   11.778    1.924   11.815
   56.852  121.563  117.999   58.559   -20.702  -282.883 -1130.166 -1797.181
-1620.418  -591.014   73.228  292.563  426.631  446.473  282.471   73.250
   -17.526   -51.347   -81.678  -115.149  -154.424  -148.639   -93.257   -30.514
CT2160:330           27.690   23.975   20.485   14.351    5.742   18.228
   59.547  106.431  132.674   90.783   24.948   55.161  306.962  512.926
  446.600  147.811   32.531  211.771  550.824  605.523  404.998  132.537
   27.500   -23.020   -70.854  -108.046  -149.431  -142.956   -91.424   -33.424
CT2160:325           16.110   24.238   29.622   29.833   25.738   42.149
   67.782   91.108  163.830  250.691  291.477  500.102 1437.558 2243.779
 2023.045  780.051   89.259  174.550  646.288  744.626  457.394  117.702
   11.626   -45.395   -86.533  -116.767  -162.674  -146.902   -77.347   -24.553
CT2160:320           24.947   25.401   25.276   22.767   18.572   35.603
   67.568   93.198  213.086  564.420  973.588 1246.623 1722.495 2019.795
 1807.567  825.540  166.052   74.663  205.449  170.769   -39.545  -297.042
  -328.804  -163.605   -78.717   -89.427  -122.969  -120.274   -84.957   -36.931
CT2160:315           30.522   30.399   31.976   31.409   26.430   42.305
   77.558  111.891  218.774  552.368  991.808 1176.146 1202.063 1241.176
 1100.278  579.951  226.383   65.610   -64.622  -193.881  -302.402  -419.613
  -414.964  -191.944   -43.584   -43.769   -79.214   -70.163   -46.424   -23.123
CT2160:310           24.742   28.691   29.759   29.819   31.099   45.817
   70.354  103.639  168.865  212.787  208.001  274.803  350.451  298.093
  315.911  391.041  322.233  242.235  171.493   62.387  -118.889  -226.631
  -233.495  -122.863   -44.747   -40.056   -63.843   -61.646   -39.261   -20.272
CT2160:305            8.767   21.504   32.828   42.319   50.359   57.833
   51.297   42.325   52.864   11.050    -0.380   41.575  108.191  245.692
  357.170  719.222  958.463  768.350  444.845  270.904   84.323   -92.057
  -139.571   -80.707   -51.484   -53.802   -69.561   -66.982   -50.140   -28.752
CT2160:300            -1.420   10.473   22.773   38.543   54.718   57.768
   35.666   15.113   15.356    -6.831    -6.021   14.041   19.646   83.409
  276.769  668.151  824.675  804.727  640.167  478.075  246.063   23.540
   -60.879   -52.816   -59.494   -68.439   -79.034   -67.875   -42.181   -23.322
CT2160:295            -8.310    2.119   13.286   28.460   45.278   47.541
   16.837   -11.852    4.961   59.642  107.192  126.731  104.196  143.541
  310.285  616.597  782.813  824.933  781.770  649.796  374.668  130.782
   28.852   -15.547   -56.871   -76.758   -91.285   -84.783   -56.712   -27.900
CT2160:290           -15.452    -2.111   12.210   29.894   46.897   44.645
    9.726   -16.220   28.745  167.783  258.878  285.888  249.892  260.457
  382.325  610.142  737.073  801.825  811.347  714.211  423.041  170.241
   65.168    7.057   -44.367   -73.094   -93.371   -85.317   -58.459   -29.965
CT2160:285           -24.045   -20.659    8.635   35.667   52.535   51.297
   17.070   -11.225   29.290  176.949  278.289  305.775  277.099  279.422
  314.198  370.403  442.076  475.641  480.083  442.264  304.923  164.330
   76.201   15.290   -36.559   -68.048   -86.491   -72.984   -44.144   -22.110
CT2160:280            -9.189    1.168   15.070   40.902   73.881   80.587
   50.719   24.555   39.272   96.078  147.357  170.915  175.218  177.310
   76.059  -167.575  -174.736  121.529  436.237  462.922  337.479  239.395
  145.621   51.029   -15.187   -49.387   -70.588   -67.236   -39.546   -11.894
CT2160:275            6.490    4.485   20.638   43.083   62.406   59.644
   36.186    8.560   -42.079  -152.285  -195.529  -148.694   -23.412   18.379
   -56.513  -158.436  -115.734  106.569  339.723  408.219  420.397  384.670
  257.758   85.978    -3.561   -37.232   -54.876   -37.853   -14.327    -0.949
CT2160:270           45.127   12.860   34.204   46.179   48.945   40.775
   23.877    2.455   -69.356  -238.366  -308.601  -254.068   -97.273   -43.736
  -101.262  -171.171  -128.164   33.781  205.017  338.674  503.445  545.048
  386.387  123.664   13.436   -26.006   -51.314   -42.776   -16.372    0.406
CT2160:265           12.744   -46.384   -10.843   14.815   27.747   19.678
   -19.671   -65.061  -141.856  -295.683  -371.926  -336.628  -179.170  -123.112
  -174.517  -261.447  -217.751   -12.502  220.327  362.376  477.031  507.980
  375.681  161.207   55.456    4.809   -31.657   -41.349   -37.131   -38.798
CT2160:260           -42.539   -34.415   -16.710    3.870   24.176   24.940
    -4.057   -42.469  -104.773  -250.406  -333.416  -336.907  -230.100  -189.100
  -256.611  -367.097  -350.344  -174.533   64.436  250.146  445.258  536.757
  433.136  228.532  109.183   23.145   -38.614   -46.503   -39.942   -46.938
CT2160:255           -54.361   -38.690   -20.993    1.607   24.936   35.368
   13.644   -11.343   -15.765   -40.575   -49.366   -86.381  -159.518  -258.427
  -383.244  -556.703  -587.146  -378.732   -67.102  161.303  429.078  610.408
  571.949  342.067  192.400   69.131   -41.395   -79.139   -73.522   -70.286
CT2160:250           -23.372   -20.242   -22.311   -15.267    -9.008    5.059
   18.975   30.397   88.815  282.994  421.680  336.896   23.071  -218.148
  -388.864  -619.175  -692.872  -524.381  -210.867   69.194  525.311  833.428
  799.668  484.397  273.893  104.981   -28.800   -68.343   -65.140   -76.233
CT2160:245           -13.694   -12.682   -11.931    -9.693    -9.952    9.418
   58.860  111.277  217.044  528.221  748.323  651.268  218.757  -129.326
  -327.102  -569.662  -694.668  -678.223  -575.959  -367.478  206.472  761.639
  811.820  492.118  294.862  143.384   -15.393   -71.050   -74.515   -83.013
CT2160:240           -11.002   -12.653   -13.570   -14.957   -21.012    -4.136
   61.401  136.175  197.405  320.318  392.502  312.817   84.069  -119.536
  -247.868  -382.637  -508.090  -684.449  -968.414  -913.724  -276.971  393.666
  535.244  389.010  298.588  160.314   -19.892   -88.408   -87.778   -79.121
CT2160:235            -6.919    1.740    -7.686   -16.335   -24.630   -14.009
   29.615   79.751  102.296   92.713   61.196    8.244   -68.516  -120.033
  -147.851  -104.203  -155.039  -464.266 -1009.541 -1113.286  -765.897  -354.965
  -125.310  149.169  280.037  154.664   -27.339   -75.059   -58.720   -60.317
CT2160:230           13.541    -3.414   -17.389   -28.261   -39.081   -40.608
   -26.226    -6.321   -12.832   -73.874  -134.424  -160.779  -155.751  -131.260
  -113.483   17.378   29.795  -253.720  -819.580 -1025.175  -889.878  -672.087
  -444.471   -35.679  217.989  151.404   -37.530   -93.348   -93.904   -80.632
CT2160:225           15.425    1.319   -18.412   -35.573   -50.643   -60.010
   -64.351   -64.191   -74.403  -127.379  -185.698  -205.592  -184.584  -146.645
  -129.552   -22.479    8.837  -174.448  -498.644  -637.754  -701.535  -690.101
  -533.961  -154.403  110.691  100.494   -32.575   -78.898   -76.650   -64.637
CT2160:220           29.242    8.272   -14.234   -34.964   -56.874   -69.553
   -82.751   -95.356  -100.501  -109.866  -115.255  -121.286  -134.178  -152.395
  -162.631  -144.216  -188.272  -293.979  -490.107  -615.904  -647.141  -645.215
  -536.144  -229.305   11.099   29.532   -57.752   -71.487   -55.989   -43.993
CT2160:215           73.204   34.772    -5.596   -51.853   -98.979  -119.995
  -115.910  -101.814   -91.044   -46.636    7.446   15.458   -10.913   -46.071
   -72.492  -109.090  -160.487  -284.592  -521.441  -653.263  -675.346  -666.485
  -565.038  -251.053    -6.231   25.035   -43.895   -61.267   -63.904   -59.034
CT2160:210           85.361   41.043    -6.060   -66.650  -134.266  -158.138
  -121.552   -46.432   -23.967    6.348   33.962   36.237   37.925   23.295
    7.382   -44.258   -98.146  -199.237  -389.653  -483.919  -518.603  -478.365
  -415.593  -268.747  -130.848   -66.985   -38.075   -25.792   -42.350   -51.167
CT2160:205           84.527   42.087    -3.405   -55.130  -114.157  -134.828
   -90.991    -7.451    -0.363   -14.439   -39.258   -49.296   -33.885   -34.345
   -22.408   -35.107   -70.537  -131.950  -286.199  -384.453  -419.335  -420.873
  -392.668  -271.580  -157.062   -94.869   -48.468   -26.685   -40.009   -49.498
CT2160:200           26.823   15.020    1.418   -16.103   -33.660   -41.212
   -15.787   26.009   -19.301  -176.377  -322.300  -348.382  -333.726  -167.066
   -77.565   -29.744   53.135   82.824   46.581   -24.100  -137.200  -317.469
  -370.522  -274.805  -180.431  -123.078   -50.773   -10.105    -9.773   -26.899
CT2160:195           -41.839   -21.338    2.929   35.705   76.481   84.321
   62.561   40.588   -37.053  -398.251  -929.700 -1057.920  -892.176  -676.515
  -521.434  -109.307  244.649  367.363  550.132  599.004  303.906  -172.502
  -319.870  -289.709  -246.087  -183.633   -65.197   -22.446   -40.939   -48.411
CT2160:190           -86.575   -42.354    3.601   61.093  125.255  140.488
   90.928   17.366   -48.177  -276.768  -667.105  -762.760  -587.491  -575.415
  -462.727    1.284  321.679  472.137  782.946  872.931  521.349   -54.348
  -256.900  -269.964  -253.857  -196.033   -83.770   -30.094   -32.160   -40.371
CT2160:185          -107.629   -52.651    9.348   80.374  147.168  163.285
   97.324   -16.489   -24.392  166.632  540.770  676.127  592.559  682.354
  694.157  418.007  281.913  402.400  700.100  745.541  488.698   19.313
  -178.258  -218.124  -230.456  -192.255   -86.959   -35.835   -23.700   -27.103
CT2160:180          -115.154   -50.279   13.877   81.726  164.532  192.902
  122.569   -16.536    0.223  269.980  647.193  773.100  825.899  823.041
  798.927  585.223  393.386  470.888  710.944  726.239  515.009   90.077
   -96.500  -156.861  -196.375  -178.013   -87.700   -54.039   -55.283   -50.104
CT2160:175           -98.537   -44.828    9.629   66.878  118.233  136.391
   96.264   19.912   61.741  280.377  555.801  646.837  616.155  453.908
  411.058  507.711  580.855  581.873  702.290  758.846  550.047  204.433
   54.126   -83.663  -191.873  -185.129  -108.343   -65.136   -49.401   -40.259
CT2160:170           -77.085   -41.235    -4.347   36.392   83.595  108.907
   99.815   77.338  119.240  248.581  435.566  485.384  403.510  316.622
  225.119   18.740  -164.428  -198.747  -152.341  -131.417   -19.852  183.174
  186.899   -16.686  -182.991  -173.151   -93.281   -64.130   -49.169   -34.294
CT2160:165           -65.123   -36.813    -4.803   30.937   70.135   95.576
   95.383   83.798  107.991  159.699  214.706  215.390  155.377   72.450
   -45.108  -322.548  -591.518  -699.361  -890.195  -958.292  -587.813    -8.420
  123.847   -18.881  -139.018  -140.529  -102.952   -75.960   -56.956   -39.130
CT2160:160           -57.018   -30.145    -1.159   31.181   64.897   92.690
  112.505  124.901  137.270  131.316  103.767   72.396   30.820   -25.650
  -121.251  -243.576  -333.021  -534.299  -935.791 -1059.568  -738.691  -158.851
    6.000   -58.584  -115.356  -111.902   -93.738   -73.023   -51.975   -31.425
CT2160:155           -50.676   -24.099    3.796   35.819   70.882  102.277
  141.935  195.540  220.815  202.545  164.026  131.470   99.795   65.027
    -1.861   -76.992  -140.629  -274.812  -509.700  -549.740  -457.550  -209.027
  -104.341  -108.809  -124.066  -110.055   -83.925   -63.768   -40.105   -18.058
CT2160:150           -30.149   -10.710    9.046   26.706   41.248   65.314
  111.577  160.483  177.976  212.243  255.900  241.983  165.101   97.160
   51.179   -16.402   -94.925  -150.564  -223.209  -253.018  -227.366  -168.528
  -120.428   -90.768   -72.375   -70.112   -73.296   -64.484   -44.838   -27.256
CT2160:145           -15.273    -5.748    3.186   10.280   18.783   39.179
   83.409  136.218  146.208  115.233   83.168   54.527    -6.493   -50.206
   -58.884   -32.892   -14.511   -21.032   -42.096   -57.415   -80.248  -113.519
  -107.809   -67.197   -40.122   -48.371   -69.586   -70.348   -56.891   -42.097
CT2160:140           -13.973    -6.412    -2.166    2.071    8.095   20.589
   49.144   86.666   78.686   -31.096  -192.156  -244.643  -208.705  -192.451
  -166.643   -59.750   27.365   77.719  133.921  141.438   89.205    -4.282
   -43.813   -34.081   -28.454   -41.838   -60.384   -63.267   -51.394   -41.630
CT2160:135           -26.662   -14.364    -3.309    6.106   13.288   15.374
   15.502   16.666    7.980   -14.367   -22.399   -35.976   -93.011  -141.396
  -116.615   -20.000   67.196  161.551  339.151  401.841  311.422  113.840
   26.743    -7.155   -35.795   -55.401   -60.893   -64.029   -59.788   -54.122
CT2160:130           -44.627   -18.645    2.775   22.076   45.025   50.125
   14.814   -49.002   -70.089   -23.583   66.014   84.119   36.844   -15.173
    3.678   59.404  122.660  217.581  440.844  553.344  431.636  196.758
  100.193    8.474   -71.456   -87.052   -66.506   -66.697   -66.014   -64.381
CT2160:125           -32.792   -18.397    -0.972   18.734   35.865   32.938
    -2.751   -54.340   -70.350   -42.501    -7.133    -3.434    3.022    -8.275
   12.120   58.095  112.823  174.444  245.822  262.289  246.833  176.835
  109.686   21.597   -51.766   -78.880   -84.825   -86.222   -77.865   -66.390
CT2160:120           -24.529   -19.962    -9.941    6.729   29.892   27.394
    -7.835   -54.406   -77.581   -74.561   -54.942   -50.059   -66.278   -77.903
   -57.135   -19.235   26.774   68.083  110.366  135.796  138.077  133.562
   98.766   22.934   -43.924   -70.612   -82.206   -85.762   -76.554   -63.267
CT2160:115           -27.595   -24.404   -14.849    7.072   42.038   42.658
    -0.959   -62.249  -100.392  -148.467  -195.136  -207.957  -211.842  -199.101
  -172.571  -135.673   -98.718   -58.579   -11.906   20.102   38.914   76.894
   66.262    8.669   -41.428   -60.193   -64.696   -67.508   -61.627   -56.551
CT2160:110           -15.241   -10.714    -4.394    6.401   23.256   15.315
   -31.951   -94.290  -141.100  -221.722  -303.810  -318.400  -301.324  -254.917
  -215.909  -150.488   -86.874   -58.836   -48.879   -33.135   -19.303   19.567
   17.069   -13.524   -41.657   -56.679   -61.964   -67.471   -68.681   -66.792
CT2160:105            0.805    -1.377    0.757    5.993   13.589    -0.026
   -53.353  -118.928  -156.394  -225.570  -371.464  -430.352  -321.071  -224.596
  -175.275   -90.460    1.151   26.739    4.831    0.376    -7.803    -0.044
   -12.614   -33.131   -43.347   -56.217   -62.001   -63.587   -59.362   -55.375
CT2160:100           17.779   13.464    7.797    -0.281    -6.497   -23.384
   -66.985  -132.023  -161.535  -103.387   85.222  164.847    -2.880  -137.865
  -114.019    1.724  109.465  147.345  141.630  125.953   86.470    -5.703
   -52.941   -50.913   -46.064   -62.986   -76.750   -78.825   -58.284   -43.098
CT2160:095           18.517   17.628   14.737   10.529    7.398    -3.776
   -28.447   -57.904   -70.834   -62.086   -85.206   -79.746   40.740  119.075
  156.237  177.737  191.951  264.324  449.498  524.315  405.734  157.079
   59.465   19.256   -17.448   -47.972   -72.827   -85.414   -72.742   -55.212
CT2160:090            4.091   12.106   17.144   17.319   13.862    7.676
    5.842    7.878    -1.512   -44.515   -66.388   -11.089  125.695  372.522
  424.452  260.549  141.239  197.407  448.694  590.442  495.423  302.986
  219.086  129.656   46.761    -1.625   -51.634   -76.787   -65.486   -57.848
CT2160:085            7.403    9.424   12.104   18.508   28.801   26.705
   14.746    1.282   -17.240  -114.991  -255.141  -248.998   -40.079  224.848
  256.120   92.650   -33.899    -8.926  121.955  192.097  219.197  240.033
  214.938  139.973   63.208   11.577   -45.055   -77.867   -75.805   -66.050
CT2160:080            6.154    7.444   13.201   25.306   39.554   33.775
   -11.021   -75.491   -89.750  -136.651  -258.611  -280.979  -105.900   24.683
   24.031   -58.769  -151.320  -162.103  -152.510  -147.750   -49.509  116.381
  144.100   92.007   32.164    -8.159   -51.791   -74.959   -69.672   -61.062
CT2160:075            6.620   10.997   15.931   23.428   36.096   32.329
   -25.246  -134.017  -144.333   44.075  381.755  488.481  320.548  121.471
   80.533   36.192   17.747   -18.991   -85.756   -95.468   -56.666   85.834
  114.010   57.959    0.894   -28.760   -60.495   -75.110   -62.159   -53.722
CT2160:070           28.793   30.965   31.607   30.775   27.866   21.114
    1.240   -32.186    -4.184  207.981  547.447  642.174  454.897  199.285
  189.172  273.693  345.125  301.828  123.427    -8.200    -8.749   67.470
   63.421   14.152   -30.416   -51.746   -69.513   -77.678   -71.003   -57.819
CT2160:065           42.103   44.647   43.296   32.459   12.216    8.767
   24.206   65.520   99.130   91.669  128.647  175.291  113.957   89.242
  199.999  593.497  840.630  812.825  515.578  242.257  129.265    -8.008
   -70.509   -57.520   -56.416   -66.279   -74.098   -73.862   -58.468   -44.936
CT2160:060           28.616   21.640   13.662    6.029    1.485    8.919
   23.381   15.257    -5.003  -113.010  -459.645  -581.545  -271.111    9.312
  201.577  918.178 1583.104 1429.399  689.370  316.890  126.851   -37.343
   -84.514   -78.163   -78.138   -77.233   -67.027   -60.111   -51.996   -44.283
CT2160:055            9.329    7.355    7.650    8.878    8.562   37.408
  160.674  368.566  431.717  334.534  270.711  275.788  111.410   37.121
  127.767  551.633  945.773  747.606   -74.888  -495.595  -421.666  -158.395
   -75.850   -77.368   -86.474   -79.053   -66.839   -56.160   -46.369   -38.948
CT2160:050            0.261    6.344   14.240   23.052   23.736   46.629
  168.776  347.554  383.298  338.133  218.942  154.180   76.180   -17.190
   -66.748  -312.797  -685.629  -770.712  -929.411 -1125.584  -829.717  -225.409
   -59.698   -75.226  -103.171   -92.539   -82.059   -70.202   -55.105   -41.189
CT2160:045            7.073   13.744   19.141   24.955   33.039   54.705
   89.977  117.387  108.259   79.579    -9.136   -65.427   -65.126   -64.059
  -143.792  -471.455  -750.755  -838.782  -711.847  -535.256  -416.815  -118.162
    6.187   -52.879  -108.005  -101.752   -88.645   -73.253   -58.330   -42.480
CT2160:040            6.554   14.242   21.549   29.991   39.170   41.691
   36.329   32.785   11.841   -56.014  -139.684  -159.752  -114.057   -44.869
   -73.078  -248.501  -389.262  -460.024  -431.044  -366.714  -311.308  -189.845
  -123.486  -116.976  -125.313  -113.501   -94.692   -76.644   -58.165   -40.967
CT2160:035            -3.992   12.512   26.731   37.994   49.395   43.643
   14.649   -17.510   -46.933  -124.707  -210.155  -202.653  -110.675   27.372
   78.528   68.777   17.952   -49.264  -195.657  -302.504  -284.938  -220.808
  -199.279  -167.200  -145.125  -130.421  -106.292   -84.995   -65.218   -44.205
CT2160:030           10.632   18.357   26.798   39.592   53.638   34.080
   -47.840  -164.675  -223.659  -262.117  -297.111  -252.776   -77.272  134.747
  279.592  553.054  756.596  665.422  258.118    -5.866   -78.314  -106.210
  -138.021  -158.581  -174.492  -162.442  -128.290   -98.580   -70.800   -41.171
CT2160:025           25.564   22.097   18.140   20.281   36.607    6.000
  -105.078  -261.625  -314.933  -305.656  -257.584  -188.677   -49.006  110.763
  260.621  657.160 1015.762  964.735  584.084  338.786  187.773    2.703
   -84.844  -133.519  -174.636  -168.423  -134.913  -106.676   -66.072   -29.209
CT2160:020           34.083   30.616   31.631   29.303   25.661   -15.516
  -142.233  -312.082  -358.584  -292.695  -171.640   -94.611   -14.336   56.806
  144.614  319.101  436.682  450.538  354.993  239.986  127.767   -25.191
  -106.270  -140.180  -166.811  -159.965  -129.899   -98.311   -59.821   -25.306
CT2160:015           37.012   33.035   28.759   21.921   16.343   -25.355
  -149.503  -306.285  -331.241  -197.056    -5.601   59.202   29.432   -28.176
   -49.091  -106.619  -148.344   -98.646   58.374  105.628   21.614   -98.426
  -150.239  -165.663  -172.234  -156.227  -122.611   -94.705   -61.039   -28.575
CT2160:010           37.395   22.585   19.662   18.805   18.482   -10.934
   -97.119  -194.369  -194.551   -56.060  121.951  149.911   46.303   -88.629
  -212.757  -477.029  -615.454  -543.094  -285.225  -158.304  -160.460  -196.968
  -209.096  -201.766  -186.768  -167.050  -137.362  -105.248   -68.427   -32.017
CT2160:005           38.083   32.579   26.520   22.912   21.474    9.846
   -25.166   -70.342   -65.757   20.945  125.375  103.045    -4.939  -160.182
  -277.212  -519.118  -709.397  -639.439  -400.951  -264.431  -247.416  -223.862
  -216.079  -216.296  -204.864  -185.028  -150.216  -115.978   -76.875   -34.811
CT2161:360           40.421   33.950   26.370   15.983    2.038    -6.898
    -0.363   16.992   22.559   49.987   54.519   -54.191  -197.644  -293.262
  -314.438  -338.802  -316.978  -226.638  -203.677  -198.980  -187.785  -167.008
  -174.638  -201.671  -215.310  -198.037  -157.831  -117.602   -71.035   -26.381
