
filled_synop: 30 data points in equal steps of sine latitude from +14.5/15 to  -14.5/15

CT2140:360           22.251   25.753   28.373   29.604   36.981   22.463
   -20.791   -73.045  -111.949  -133.604  -142.565  -142.584  -170.911  -192.613
  -151.267  -107.335  -126.966  -228.471  -322.666  -329.116  -299.164  -222.358
  -162.055  -110.965   -56.171   -25.733    -7.218   12.459   26.564   36.735
CT2140:355           15.878   19.376   21.031   20.791   27.582   13.628
   -13.040   -49.649  -125.556  -250.637  -325.074  -310.757  -236.881  -181.352
  -109.778   -37.591   -35.357   -54.323   -32.609   -30.782  -109.456  -148.120
  -119.636   -94.088   -70.250   -47.525   -27.644    -4.403   18.312   41.376
CT2140:350            7.338   16.154   25.805   26.211   28.815    8.447
   -24.796   -75.490  -236.763  -609.284  -799.503  -739.601  -351.815   -85.629
   -39.305   15.589   36.367   -80.769  -273.269  -298.639  -178.917   -29.076
   20.556    1.102   -38.349   -44.010   -30.273    -6.357   15.786   37.791
CT2140:345            3.321   16.688   30.909   29.123   32.470    5.702
   -45.510   -89.712  -292.785 -1006.159 -1426.930 -1289.125  -787.806  -568.125
  -339.311   -67.129    -8.775  -175.403  -440.342  -451.888  -202.300   76.160
  139.081   90.382   -24.332   -51.564   -27.304    6.228   24.555   41.144
CT2140:340           17.114   31.441   39.789   36.841   33.084    6.283
   -69.906  -151.302  -263.738  -630.412  -911.900  -786.535  -464.858  -345.402
  -214.452   -49.942   -24.012   -97.093  -189.139  -175.727   22.763  324.954
  382.985  231.697   18.025   -43.615   -30.460    -3.465   17.905   38.370
CT2140:335           17.339   28.750   38.211   39.413   32.095   16.783
   -63.600  -152.326   -21.606  622.311 1115.055  943.304  491.120  346.234
  208.717   68.122   17.355    4.488    -0.167    3.765   53.565  130.637
  143.975   76.755   -23.362   -40.187   -22.839    -5.699    9.021   27.184
CT2140:330           25.778   31.350   35.678   37.472   28.421   38.465
   13.422   -27.972  206.334 1066.523 1589.250 1387.983  663.864  312.053
  201.029   90.525   26.267   26.964   30.532    2.256  -131.088  -332.920
  -350.371  -211.286   -64.261   -30.995   -21.344    -8.747    4.944   17.987
CT2140:325           11.795   19.642   27.211   33.483   28.325   53.393
  146.011  257.692  421.656  771.685  943.680  844.059  415.809  139.807
   71.743   64.792   32.446   23.354   30.034    -0.598  -142.506  -308.270
  -330.024  -241.064   -99.222   -43.577   -22.248    -3.678   12.641   25.619
CT2140:320            -4.587    9.508   24.125   30.242   18.933   48.363
  189.662  370.658  446.357  484.934  505.057  398.230  143.193    4.988
   -23.889   10.276    0.145   -41.444  -112.057  -137.891  -125.150  -108.266
  -106.599   -96.632   -55.207   -29.085   -11.425    5.622   18.498   25.895
CT2140:315            3.144   13.638   23.579   22.224    8.407   27.223
   88.496  153.173  193.902  233.330  255.362  168.712   13.289   -61.202
   -72.762   -43.829   -46.907   -64.796  -100.381  -109.971   -74.127   -24.278
   -19.272   -35.533   -48.601   -36.433   -11.966   12.633   31.605   46.831
CT2140:310            7.924   11.838   11.778    -4.805   -32.224   -25.175
   15.580   64.013   56.028   -61.490  -155.828  -160.095  -120.889  -116.732
   -97.822   -38.457   -19.050   -25.483   -27.678   -20.029   12.190   58.768
   64.130   35.579   -12.845   -24.963   -14.708    -1.135    8.997   19.020
CT2140:305            7.387   13.154   19.344    4.192   -34.257   -32.159
   35.373  113.832  109.088   45.925    9.088   -35.060   -73.044   -79.903
   -61.829   -18.836    4.436    9.845    0.323    8.572   46.962   76.729
   72.547   40.997    -2.969   -17.741   -17.729   -15.688   -12.051    -5.946
CT2140:300           17.596   21.108   20.984    8.670   -13.172    -4.950
   59.884  136.766  142.774  100.350   59.254   22.068   -25.150   -45.282
   -38.669   -18.445    2.946   43.717   83.543   89.463   72.488   38.163
   20.150    8.907    -6.272   -13.395   -12.694   -11.284    -9.544    -7.048
CT2140:295           15.185   18.744   20.447   13.382    -0.742    9.883
   71.145  143.622  150.013  105.545   58.096   24.815   -15.921   -37.037
   -33.441   -21.098    -1.219   64.964  161.389  174.017   94.911    -9.060
   -38.074   -31.687   -16.787   -11.247   -10.121   -11.463   -12.548   -13.884
CT2140:290           20.962   27.670   33.452   24.758    -2.434    2.751
   67.332  132.692  128.508   73.056   23.408    -2.859   -33.403   -49.510
   -43.964   -35.017   -21.541   20.658   92.094   92.328    -4.298  -101.629
  -116.967   -72.668   -13.865    -0.562    -8.982   -20.016   -24.236   -26.579
CT2140:285           15.095   25.914   34.284   31.645   22.196   25.447
   56.252   89.520   73.784    4.473   -49.729   -57.244   -40.385   -34.215
   -37.581   -51.591   -48.139   -72.001  -131.162  -144.698  -129.386  -121.550
  -121.998   -86.663   -30.924   -11.371    -8.979   -10.614    -9.713    -8.161
CT2140:280           13.567   28.743   42.908   38.128   22.660   16.453
   26.591   34.980    6.971   -59.191  -103.842  -102.248   -72.116   -52.692
   -32.112   -14.601   10.471   44.383  102.072   98.252   10.948   -56.540
   -78.565   -65.384   -34.090   -23.665   -17.682   -13.738    -7.386    1.228
CT2140:275            6.131   24.176   39.045   36.827   26.022   18.402
   14.526    5.788   -31.373   -95.916  -132.221  -137.088  -110.926   -82.749
   -45.072    4.200   55.352  122.672  212.606  213.742   96.173   -20.962
   -65.534   -70.270   -54.958   -49.823   -39.636   -30.179   -18.800    -3.574
CT2140:270           15.483   35.574   51.575   48.507   38.883   24.099
    -5.549   -44.444  -105.496  -222.253  -292.669  -286.251  -227.380  -179.013
  -106.875   -27.620   58.879  200.093  324.128  340.014  225.910   51.794
   -28.059   -60.857   -75.891   -89.432   -66.974   -31.110    0.641   31.774
CT2140:265            6.390   27.369   49.231   47.182   34.116   17.033
    0.947   -22.861   -96.374  -282.519  -394.185  -370.198  -274.205  -212.887
  -135.085   -37.293   77.658  321.462  583.183  621.215  454.945  243.912
  140.772   16.714  -107.407  -142.320   -93.173   -31.265   10.119   52.786
CT2140:260           23.013   28.944   32.455   34.125   38.497   25.834
    6.514   -16.412   -75.934  -204.072  -286.381  -302.335  -280.763  -238.968
  -172.348   -60.132   58.735  295.446  578.065  649.107  563.182  443.563
  339.140  138.204   -92.878  -165.489  -116.331   -43.588    9.317   58.352
CT2140:255           35.284   33.758   29.904   24.689   21.829    1.030
   -41.313   -80.034   -99.428  -101.272  -116.153  -179.242  -329.240  -361.346
  -253.190   -94.074    5.750   98.261  198.200  268.643  377.378  494.242
  441.739  197.884   -76.763  -154.335  -109.195   -38.128   10.671   55.166
CT2140:250           34.357   29.435   23.901   10.535    0.164   -29.327
  -118.436  -206.810  -187.896   -18.639   65.740   -21.296  -235.251  -285.325
  -195.366   -76.909   -14.119   -52.970  -169.747  -116.167  128.153  277.743
  250.899  131.390   -47.466  -109.572   -75.138   -26.445    5.472   40.350
CT2140:245           28.885   32.273   32.252   17.387    -4.910   -41.992
  -133.568  -217.841  -203.293   -86.957   -25.032    2.540   25.763   40.878
   30.435   30.383   83.029  238.331  481.686  503.784  388.145  360.337
  289.071  100.797   -48.206   -74.178   -48.830   -20.222    0.846   22.081
CT2140:240           13.197   18.594   23.697    7.364   -12.318   -43.735
  -114.937  -176.701  -176.543  -136.346  -108.532   -32.745   89.883  133.468
   73.377   -42.412    -5.228  212.929  404.507  357.119   -91.975  -658.241
  -718.447  -384.728   -75.268   -18.199   -18.490   -18.347    -5.365    8.466
CT2140:235           24.473   24.851   17.042    -7.851   -41.835   -74.883
  -120.547  -166.111  -170.363  -125.311   -90.774   -63.096   -23.270   11.202
    7.333   -34.718    5.029  111.362  169.486   93.705  -257.948  -650.090
  -721.047  -483.698  -136.122   -24.155   -11.277   -10.145    -3.041    3.433
CT2140:230           17.910   15.480    8.247   -20.181   -59.272   -90.105
  -119.399  -154.150  -184.013  -203.764  -210.952  -212.657  -206.326  -160.074
   -55.231   72.536  151.347  240.090  354.617  296.213   -16.513  -287.160
  -346.319  -236.734   -66.074   -19.143   -12.994    -8.978    -0.245    8.549
CT2140:225           13.800    7.425    2.049   -28.300   -72.344  -101.340
   -94.331   -90.332  -163.841  -356.247  -454.831  -447.369  -408.846  -348.373
  -120.628  106.097  191.982  247.281  158.356  146.951  194.674  189.881
  142.524   47.158   -42.464   -44.398   -24.480    -7.881    5.549   17.667
CT2140:220           29.629   18.549    1.323   -31.236   -72.776   -98.780
   -84.948   -76.818  -164.509  -400.498  -525.171  -514.776  -433.634  -377.644
  -151.010  279.824  383.311  203.264  126.701  163.421  251.883  322.189
  311.583  196.702   34.512   -13.696   -12.752    -6.256    -1.990    3.021
CT2140:215           31.248   10.877   -12.743   -44.352   -77.559  -101.159
   -99.531  -103.573  -165.598  -326.931  -411.909  -395.725  -304.139  -301.401
  -452.381  -647.477  -655.603  -479.376  -211.688   -89.528   56.297  225.718
  266.826  175.716   45.826   16.534   11.208    2.107    -8.488   -17.725
CT2140:210           33.380    5.475   -22.860   -53.467   -86.966  -115.557
  -130.448  -153.397  -160.378  -176.172  -204.583  -176.440  -130.318  -194.043
  -670.627 -1463.196 -1567.289 -1090.283  -771.068  -616.343  -279.501   -13.723
   59.068   70.737   69.140   66.736   42.905   13.467    -9.193   -32.548
CT2140:205           28.232   11.516    -8.168   -31.184   -58.441   -99.834
  -170.534  -217.228  -170.577   47.896  202.877  155.222   67.278   -14.426
  -222.457  -374.594  -430.107  -489.639  -375.178  -337.342  -395.851  -410.407
  -346.392  -178.957    3.329   63.625   47.413   13.985    -9.306   -28.974
CT2140:200           21.717    3.570   -14.808   -37.312   -45.983  -108.075
  -365.366  -579.072  -484.360  -159.363    -7.182   87.781  112.841   70.024
   33.340    -4.057   -41.336   -53.437   -66.041  -138.799  -433.301  -704.896
  -681.849  -379.418   -66.516   22.055    4.757   -15.403    -8.905    -1.429
CT2140:195           22.543   14.363    3.394   -16.063   -41.305  -114.841
  -375.945  -598.997  -464.035   62.021  374.593  349.334  176.241   98.390
   77.149   72.727   65.259   78.711   57.643   -29.413  -274.908  -510.590
  -543.874  -379.178  -162.166   -67.961   -33.164   -12.396   13.631   41.455
CT2140:190           18.355   14.704    5.475   -13.716   -40.958   -83.982
  -236.293  -358.579  -186.158  350.517  650.802  547.093  211.037   89.876
   87.301  113.578  148.338  262.866  335.921  260.852    -5.612  -321.508
  -421.271  -343.964  -216.211  -144.819   -84.125   -22.103   36.237   90.311
CT2140:185            3.516    6.092    9.364    -9.133   -47.215   -57.138
   -40.405    6.681  142.927  450.608  598.828  510.537  229.868  128.703
  130.003  165.711  241.347  598.226 1006.648  920.265  349.218  -185.817
  -320.979  -275.134  -211.752  -168.624   -99.483   -26.578   40.165  105.304
CT2140:180           14.111    6.760    -4.027   -25.636   -59.778   -50.698
   26.538  112.106  223.878  409.832  498.924  444.361  250.557  176.534
  193.841  221.834  277.617  514.856  784.136  723.786  334.078   -62.657
  -197.101  -198.253  -170.963  -142.327   -85.228   -24.577   30.209   83.721
CT2140:175           19.739   11.757    1.948   -20.288   -64.211   -48.673
   56.641  168.649  246.291  344.684  398.500  356.435  260.149  237.542
  288.657  365.236  385.877  259.053    -0.369   -54.584    -0.437   -30.610
  -101.564  -123.775  -126.966  -116.836   -75.317   -30.930   10.561   53.598
CT2140:170           14.750    6.577    -1.064   -21.573   -63.158   -47.257
   49.984  150.741  210.378  255.482  274.572  258.839  205.149  196.376
  301.716  483.080  513.378  302.102   15.282   -25.016   40.622   15.166
   -50.667   -84.045  -110.688  -111.046   -72.815   -33.373    -0.006   34.247
CT2140:165            7.427   -11.683   -32.049   -53.452   -76.136   -55.317
   27.273  111.389  151.545  162.739  167.281  148.026  112.874   93.151
   57.768    -2.044   45.310  348.899  704.283  687.411  386.539  151.132
   63.590    -9.644   -74.666   -90.479   -66.057   -36.489   -12.514   10.763
CT2140:160            -0.811   -27.676   -51.813   -73.754  -104.420   -87.545
    3.221   91.621  131.375  163.549  171.940  129.150   57.200   14.593
   -90.064  -209.557  -174.107   69.680  271.085  303.671  225.324   93.123
   32.143   -14.352   -56.673   -71.917   -55.202   -35.697   -23.077   -10.348
CT2140:155            4.918   -16.104   -36.181   -58.634   -85.152   -68.998
    6.787   81.719  118.815  155.617  167.921  115.718   18.299   -28.924
   -57.838   -34.600   -15.564    -7.428   65.305   94.069   80.450   55.114
   27.812    -2.305   -26.758   -42.015   -40.688   -35.247   -32.805   -31.321
CT2140:150           16.723    -6.955   -30.720   -54.004   -79.048   -66.778
    9.405   79.843  102.754  104.107   96.384   69.351   22.974    4.621
   -37.272  -161.789  -174.885   -82.412   -73.517   -51.698   20.023   79.651
   85.945   54.620   18.022    -8.554   -23.619   -36.212   -51.724   -66.222
CT2140:145           28.091    3.643   -22.069   -41.859   -66.325   -60.489
    -0.771   54.501   67.950   60.911   54.497   31.683    -8.231    -2.672
  151.625  373.559  360.705  113.858   -36.587   -37.002   47.870  170.109
  190.850  128.882   60.931   22.321   -11.890   -44.133   -71.779   -95.222
CT2140:140           28.403   12.414    -8.476   -42.764   -82.085   -85.266
   -41.902    -5.332    -0.644   -15.736   -21.453   -33.270   -53.391   -47.437
   69.949  252.779  229.998   -98.796  -404.762  -354.551   -19.852  258.018
  295.903  196.874   82.777   27.691    -9.904   -43.636   -77.360  -108.938
CT2140:135            6.738    4.482    1.817   -29.858   -83.181  -104.247
   -89.781   -69.641   -84.245  -133.366  -147.822  -113.215   -46.463   -42.404
  -202.138  -483.615  -505.925  -318.630  -184.841   -90.442  137.843  340.356
  361.441  235.361   96.992   32.475    -6.946   -44.933   -84.819  -122.539
CT2140:130           21.209   11.847    -2.891   -31.763   -65.607   -89.196
  -125.382  -152.190  -163.464  -171.249  -163.961  -115.165   -15.218    1.780
  -106.221  -210.646  -207.196   -74.973  129.845  223.180  302.704  352.294
  348.630  243.201  113.886   48.793    6.152   -34.641   -76.446  -117.566
CT2140:125           18.727    6.423    -8.659   -32.042   -59.680   -81.282
  -125.223  -165.952  -170.775  -149.047  -130.532   -90.736   -14.096    6.816
   -25.423   -67.668   -54.627   97.540  294.281  344.797  318.783  293.089
  283.885  204.442  109.939   62.117   17.998   -29.696   -75.513  -120.049
CT2140:120            6.949    -6.729   -19.765   -32.489   -45.383   -49.906
   -50.918   -57.981   -69.634   -92.813  -101.723   -87.704   -57.177   -40.644
   -18.740   -14.047   -31.958  -110.133  -178.903  -161.247   -68.076   23.299
   57.296   84.522   96.964   76.184   25.466   -28.610   -76.712  -125.444
CT2140:115           17.864    -4.930   -23.181   -30.733   -34.238   -24.162
   46.357  107.510   76.335   -39.892   -94.703   -88.300   -54.538   -29.016
   12.075   55.367   12.178  -280.621  -621.658  -638.010  -407.005  -186.584
  -113.424   -28.403   54.418   60.578   17.687   -26.700   -63.018   -98.930
CT2140:110           26.352    1.325   -19.606   -27.621   -27.150    -5.378
   82.086  151.707  112.329   -46.533  -128.086  -102.016   -45.721   -12.024
   57.959  133.653  109.998  -106.490  -368.610  -406.201  -317.979  -248.610
  -206.622   -94.688   22.202   50.820   19.199   -20.491   -51.344   -79.724
CT2140:105           35.331   12.444   -10.379   -20.982   -34.181   -23.373
   53.525  102.647   74.557   -22.825   -70.320   -45.969    3.312   39.391
  116.555  212.180  225.665  295.178  417.151  314.198   -43.777  -283.615
  -276.374  -130.507    2.770   33.522    3.989   -26.405   -45.463   -65.830
CT2140:100           20.293    0.217   -15.287   -19.857   -15.236    -2.571
   35.312   53.600   18.762   -56.188   -92.102   -57.972   22.242   71.581
   64.876    9.444   23.931  188.926  325.512  247.902   -35.032  -251.004
  -263.272  -148.295   -19.418   21.510    7.350   -16.969   -33.212   -46.867
CT2140:095            5.488    -7.668   -16.262   -12.076    -0.103    5.562
   14.958   12.085   -67.894  -232.238  -297.583  -258.293   -82.829   16.479
   12.963    -7.704   -16.090   -96.448  -235.030  -266.049  -254.736  -288.018
  -273.130  -154.694   -33.295    5.112    -5.187   -19.550   -25.029   -26.235
CT2140:090            -6.635   -13.010   -17.329   -10.486    9.633   14.791
    5.881   -13.050  -145.876  -512.873  -684.416  -536.163  -231.742  -124.848
   -57.452    -6.245    -6.750   -78.923  -150.950  -176.528  -185.322  -193.875
  -182.487  -111.149   -37.916    -8.837   -11.811   -16.259   -11.622    -4.824
CT2140:085            -1.583   -22.732   -36.840   -29.623   -10.033   12.983
   58.529   88.157   15.379  -230.230  -353.411  -258.465   -61.741    0.052
    -9.516   -14.546   -19.552   -31.181   -31.446   -66.113  -130.614  -167.627
  -164.855  -125.433   -82.060   -53.142   -33.501   -15.488    5.186   25.534
CT2140:080           12.054   -16.132   -43.412   -25.815    3.311   44.824
  148.374  228.567  282.955  472.924  555.719  339.351   49.353   -22.610
   -25.184   -27.227   -38.606   -78.550  -137.365  -160.668  -183.738  -211.865
  -213.883  -177.658  -135.505  -101.690   -54.941    -8.615   30.789   68.554
CT2140:075            -3.319   -29.801   -43.648   -10.098   46.422  100.733
  184.201  256.257  320.996  421.461  420.214  300.576   20.368   -91.516
   -56.195    4.177    8.290    -5.297   -22.592   -53.605  -120.861  -175.365
  -189.797  -175.915  -149.128  -117.408   -67.377   -13.260   33.253   75.142
CT2140:070            -2.256   -26.321   -42.123    -7.213   50.826  104.112
  181.900  253.442  304.763  369.158  365.133  251.635   45.764   -40.371
   -32.597   10.585   25.194   62.916   97.805   75.907   -15.426  -100.611
  -132.390  -146.891  -151.021  -130.774   -76.493   -17.698   31.371   76.041
CT2140:065            -9.708   -33.804   -50.389   -10.918   59.033  109.137
  163.160  214.065  245.995  294.138  298.388  194.381   42.469   -16.878
   -17.061    0.296   15.339   69.667  122.099  110.222   46.294   -10.235
   -46.003  -100.785  -147.279  -139.054   -82.748   -24.458   21.542   65.364
CT2140:060            -8.005   -29.359   -37.507    -1.742   51.340   86.743
  109.510  130.783  141.022  140.762  124.974   92.741   36.267    3.789
    9.042   21.060   34.420   40.712   36.932   53.498  101.230  120.145
   75.991   -27.460  -115.487  -125.616   -78.718   -23.595   18.252   56.320
CT2140:055           11.374    -7.049   -25.035    3.825   51.486   79.524
   98.803  113.205  114.308  103.956   88.604   77.916   81.655   70.035
   35.266   14.466   42.912  122.667  170.312  187.446  183.745  146.272
   98.692    1.786   -86.717  -101.960   -66.179   -28.369    0.464   29.027
CT2140:050           -12.788   -22.241   -16.274   20.956   74.986  104.622
  116.122  125.158  122.794  121.329  108.177   66.870    5.572   -16.563
    -8.967    -2.592   42.656  211.740  386.450  381.519  255.694  158.769
  109.070   33.316   -43.281   -65.475   -49.171   -28.678   -13.071    2.715
CT2140:045            2.430    -8.437   -10.141   28.397   81.745  106.467
  109.655  107.493  100.188  100.047   78.034   19.819   -63.916   -86.428
   -60.831   -23.728   21.420  107.478  204.694  209.837  159.565  130.563
   94.920   31.819   -23.697   -39.095   -35.516   -31.141   -27.755   -20.907
CT2140:040           10.311    -0.063   -11.377   27.224   90.400  112.888
  101.786   82.169   62.732   40.379    -4.467   -69.855  -149.954  -159.622
  -132.795   -59.853    -9.886   -60.576  -142.725  -110.776   -21.383   11.520
   -13.604   -11.156    -4.394   -14.266   -29.954   -41.941   -44.324   -41.157
CT2140:035           -22.045   -38.053   -34.077    9.505   73.211   96.793
  103.256   91.850   40.597   -38.722  -103.665  -207.712  -364.632  -369.838
  -246.349  -114.781    -4.646  141.860  258.560  233.887   38.503  -121.499
  -156.126   -65.333   23.164   28.512    4.156   -22.138   -42.980   -61.154
CT2140:030            -1.105   -24.452   -32.940    4.799   69.875   90.248
   98.252   82.337   -35.391  -246.166  -335.283  -406.470  -401.806  -329.920
  -189.164   -21.875  160.727  544.749  845.548  798.673  378.761    8.718
   -87.797   -22.342   44.955   38.795   13.305   -15.045   -42.440   -70.926
CT2140:025           35.097    2.382   -31.888    -4.954   56.552   64.548
   59.648   41.048  -144.810  -614.183  -797.445  -675.452  -381.434  -252.509
   -78.748  166.539  368.063  826.334 1244.728 1175.856  612.702  167.749
   49.652   57.261   57.471   32.533    7.570   -21.979   -48.728   -78.033
CT2140:020            2.250    -7.961    -9.098   13.543   47.001   49.538
   17.016   -10.681   -75.329  -296.151  -412.793  -233.456   -54.775   -32.121
    2.873    6.303  120.243  445.149  664.435  699.688  536.239  316.540
  217.010  150.389   90.057   51.428   20.705   -11.842   -41.995   -70.666
CT2140:015           -10.342    -5.685    0.861   18.623   42.690   45.647
   -15.111   -57.705  139.115  780.505 1069.208  882.132  686.655  584.632
  140.086  -280.094  -268.587  117.251  504.209  522.865  358.377  263.206
  221.518  151.298   80.694   47.686   24.360    -2.903   -26.567   -51.064
CT2140:010            -0.978    2.182    5.625   21.475   42.730   42.956
   -27.815   -72.900  136.193  752.811  997.345  807.565  459.863  303.977
   16.610  -290.887  -322.812  -108.611  174.457  191.889  131.364  152.658
  154.932  109.392   60.928   37.482   20.328    -0.632   -22.193   -45.742
CT2140:005            -0.129    -0.594    4.615   21.696   39.026   27.043
   -36.930   -74.369   -25.264   65.766   68.851   63.789   -63.512  -151.263
  -196.169  -276.709  -338.630  -531.068  -742.674  -661.375  -322.245   -74.544
   -12.564   14.549   43.453   46.755   27.127    6.030   -11.818   -28.554
CT2141:360            9.515    9.913    9.649   21.433   47.074   30.892
   -40.323  -103.485  -140.178  -160.955  -178.298  -216.351  -178.215  -157.329
  -131.234   -33.508   -56.316  -225.213  -290.799  -307.538  -300.417  -236.397
  -167.564   -65.606   16.146   34.622   15.219    1.182    -1.889    -3.110
