
filled_synop: 30 data points in equal steps of sine latitude from +14.5/15 to  -14.5/15

CT2098:360           -67.048   -25.064   16.532   49.125   61.749   67.520
   57.109   13.660   -39.879   -56.958   -41.000   -23.218   -17.877   -22.707
   -26.776   -22.184   -15.809   -10.271    -2.647    9.340   21.619   40.946
   71.828   81.602   69.959   46.585   37.303   38.806   41.467   42.140
CT2098:355           -64.757   -27.001   12.270   45.033   54.677   56.732
   45.499    7.330   -42.277   -59.584   -41.740   -27.978   -22.334   -22.436
   -22.301   -17.580   -11.366    -6.815   -10.372   -17.353   -13.777    6.715
   37.614   49.569   44.949   30.522   28.940   33.325   37.946   41.372
CT2098:350           -69.120   -29.423   12.782   46.623   55.092   57.236
   44.890   13.719   -23.656   -41.263   -37.281   -25.206   -18.829   -17.365
   -10.056    -6.714   -12.214   -16.296   -28.495   -50.962   -54.244   -34.838
    9.848   26.718   18.877    7.115   10.124   16.492   23.587   31.722
CT2098:345           -66.287   -24.075   16.443   45.448   56.355   61.366
   41.677   -13.811   -77.349  -104.329  -124.841  -130.671  -109.044   -55.951
   -14.796    -3.120    -2.461    -5.167   -31.047   -86.284  -106.474   -99.890
   -85.563   -72.428   -41.878    -4.634   13.379   21.520   30.074   39.598
CT2098:340           -57.782   -26.168   10.074   38.619   45.244   53.985
   21.552   -96.474  -228.244  -254.862  -223.601  -179.991  -138.455   -61.904
    -7.567    8.030   17.402   23.785    5.560   -29.160   -46.283   -58.561
   -62.249   -58.002   -34.770    1.042   19.192   25.310   31.944   41.311
CT2098:335           -75.181   -33.719   16.348   52.569   52.150   45.322
    4.040  -151.265  -339.259  -358.037  -230.878  -116.579   -71.039   -27.012
    5.962   18.870   29.959   38.090   37.957   28.370   11.784   -14.527
   -51.762   -61.698   -39.591    -3.832   14.923   24.297   33.049   44.973
CT2098:330           -69.960   -30.299   10.124   37.348   40.234   35.036
    -3.662  -125.149  -254.328  -244.082   -65.060  107.311  134.237   61.850
   20.839   28.628   56.701   71.307  101.789  157.172  154.770   79.742
   -37.498   -71.847   -46.544    -7.713   11.993   21.512   29.748   41.434
CT2098:325           -67.234   -33.749    5.485   36.543   39.313   33.049
    4.498   -71.850  -150.556  -118.397   71.849  235.073  246.860  127.444
   45.725   40.298   72.094   88.589  113.455  163.833  160.287   78.769
   -49.956   -85.724   -54.472   -12.190    7.658   22.048   34.692   47.294
CT2098:320           -59.054   -17.855   24.481   51.049   45.295   25.015
    3.934   -37.888   -84.025   -45.752  115.708  244.996  248.520  136.877
   55.486   27.658   17.065    8.565    0.833    -0.554   -10.508   -48.638
   -98.336  -105.880   -71.837   -22.546    4.442   22.138   39.748   56.691
CT2098:315           -55.541   -20.487   18.417   43.663   26.443    -4.897
   -23.754   -49.041   -68.271   -34.427   79.722  173.729  181.102  103.683
   42.721    5.691   -47.367   -81.966  -105.357  -146.293  -164.649  -145.339
  -111.899   -96.262   -65.556   -24.352    -0.421   17.557   35.826   53.763
CT2098:310           -58.695   -28.276    7.889   35.070    8.916   -34.996
   -59.413   -89.054   -67.686   -45.534   24.789  114.046  125.719   86.211
   56.701   25.868   -18.056   -42.976   -69.374   -86.437   -92.105   -95.331
   -81.073   -67.744   -43.816   -15.285    4.309   18.731   33.548   48.384
CT2098:305           -46.106   -25.003    -2.221   26.838   52.891   59.897
   34.871   -73.832  -236.042  -246.560   -73.864   40.658   60.472   59.091
   50.807   40.323   30.261   20.630    4.044    -8.620   -16.658   -25.094
   -30.752   -27.801   -17.108    -4.032   10.562   27.270   41.801   54.914
CT2098:300           -40.203   -13.858    -3.710   25.978  190.903  442.850
  482.025  294.777   94.768   42.346   28.388   34.599   35.539   35.416
   38.428   34.457   23.358   16.320   22.490   30.846   25.048    4.367
   -30.102   -35.029   -14.685    6.503   18.730   28.723   38.576   50.173
CT2098:295           -62.324   -44.424   -20.770   32.958  183.643  362.301
  395.007  303.892  171.601  107.683   24.225   -42.796   -46.294   -23.758
   -11.426    -2.822    4.875   10.101   24.476   46.432   45.249   18.671
   -19.434   -29.186   -19.625    -5.536    6.721   20.417   32.384   44.590
CT2098:290           -63.281   -37.005   -13.852   21.597  104.310  203.712
  220.973  161.985   77.422   23.372   -46.880  -103.398  -103.301   -67.302
   -41.753   -25.356    -5.441    8.802   23.223   44.464   44.247   17.327
   -22.038   -34.510   -28.920   -18.472    -6.438   10.664   30.517   52.125
CT2098:285           -69.884   -43.118   -14.817   15.984   50.971   95.822
   91.550   26.941   -33.590   -73.107  -112.844  -124.236  -114.656   -76.448
   -46.696   -27.289    -7.075    7.270   18.103   32.535   30.195    4.213
   -31.311   -43.215   -42.149   -37.269   -21.123   11.171   41.263   67.087
CT2098:280           -70.492   -43.446   -14.117   10.767   23.129   35.594
   16.704   -82.769  -178.565  -199.529  -164.378  -137.206  -108.740   -45.425
    -7.359    4.147    5.385    9.201   12.337   10.193    4.666    -8.322
   -25.011   -33.655   -39.880   -43.820   -28.798    6.426   42.429   74.413
CT2098:275           -72.903   -48.993   -24.270    -3.180    5.511   11.494
    -1.836   -61.223  -121.832  -129.164   -75.566   -33.829   -21.646    -3.700
   13.253   20.453   28.358   34.421   23.501   10.497    4.641    -5.718
   -16.494   -24.064   -37.594   -49.909   -35.346    2.821   41.874   79.185
CT2098:270           -72.300   -47.362   -21.313    -0.340    9.419   16.168
   10.217    -8.788   -24.798   -30.336   -11.252   11.904   10.884    -3.567
    -4.395    4.279   14.316   19.881   17.544   13.265    8.914    -2.312
   -16.085   -23.406   -29.774   -34.013   -21.026    9.764   41.216   73.345
CT2098:265           -68.155   -38.332    -7.639   15.399   30.801   46.202
   51.510   60.572   68.793   59.837   24.302    -5.451    -8.686   -15.018
   -19.600   -17.059   -14.985   -11.773    -3.617    4.556    4.808    -1.676
    -9.849   -14.877   -19.659   -21.556    -9.321   18.961   48.044   75.573
CT2098:260           -71.087   -40.255    -4.257   22.214   24.642   18.010
   18.854   32.157   32.564   26.382   12.356    -7.066   -15.587   -27.936
   -31.909   -30.508   -23.563   -17.261    -9.879    3.476    7.934    -2.292
   -11.732   -16.567   -33.783   -49.833   -33.735   11.454   51.462   82.875
CT2098:255           -63.269   -30.611    0.891   21.139   24.069   20.975
   18.283   15.915   11.177    0.603   -16.132   -25.630   -33.832   -51.552
   -56.571   -44.867   -26.985   -15.707   -10.696    -5.007    2.234   11.439
   18.584   13.226   -10.779   -34.543   -26.858    7.852   40.518   68.794
CT2098:250           -59.794   -35.603   -10.784    6.503   14.826   19.082
    6.434   -22.891   -51.624   -67.778   -91.655  -103.467   -87.442   -52.230
   -30.771   -28.485   -35.036   -29.002    -9.413   14.754   28.259   41.733
   51.102   44.288   11.610   -26.209   -28.210    -2.212   28.573   55.936
CT2098:245           -58.355   -45.732   -29.338   -17.922   -10.182    0.857
   -22.474   -88.960  -132.140  -149.813  -158.209  -142.618  -109.799   -49.164
   -17.240   -10.522   -18.147   -12.004    7.214   36.010   51.423   71.084
   93.487   85.184   36.756    -8.808   -12.976    7.344   25.763   42.449
CT2098:240           -52.554   -34.841   -15.829    -6.709    -8.645   -13.225
   -50.248  -182.827  -298.581  -296.665  -202.363  -136.838   -93.387   -23.339
   14.926   17.082    2.759    4.248   15.181   28.419   40.784   63.517
   80.154   73.287   36.885    -7.813   -16.194    1.716   18.612   32.437
CT2098:235           -50.257   -35.756   -17.216    -5.239    -7.874   -15.381
   -52.970  -171.420  -268.711  -263.088  -167.303   -99.435   -55.593    5.748
   36.027   35.935   17.891   14.707   18.800   22.566   31.687   59.484
   81.726   75.184   32.729   -13.285   -20.542    -7.918   10.186   30.196
CT2098:230           -44.980   -29.933   -16.110    -8.632    -6.511    -6.291
   -22.600   -79.733  -131.368  -123.592   -65.585   -23.289    3.930   41.784
   60.734   49.179   16.229    7.783   19.629   43.790   53.286   63.161
   80.883   74.008   28.675   -13.824   -16.161    2.748   20.694   39.604
CT2098:225           -54.364   -25.238    1.429   10.457    -6.771   -28.911
   -27.358   24.407   73.263   75.240   39.051   26.205   36.603   44.317
   44.781   30.883    1.335    -9.126   -14.716   -20.426   -20.335   -20.093
   -23.273   -22.539   -12.503    -2.838    4.554   15.832   26.474   36.605
CT2098:220           -66.158   -41.934    -5.256    8.628   -39.911  -101.636
  -100.843   -26.513   34.069   45.619   27.822   19.452   22.132   21.034
   18.275    1.472   -29.901   -36.733   -32.501   -23.643   -23.686   -41.215
   -55.467   -55.074   -29.321    -2.942    7.128   16.630   25.620   36.318
CT2098:215           -50.926   -22.791    -0.466    -2.757   -55.911  -117.970
  -123.630   -84.292   -54.362   -38.129   -21.730   -11.240    -6.439    0.996
    4.729    -6.551   -32.241   -31.539    -3.236   30.902   33.573    4.514
   -29.377   -40.498   -33.130   -20.256    -8.011    9.214   24.237   38.243
CT2098:210           -56.357   -32.135    -7.540   -10.307   -66.798  -124.898
  -133.978  -102.450   -77.362   -71.238   -75.267   -65.092   -52.798   -18.573
    -0.234    -5.018   -22.585   -12.741   48.501  117.647  124.252   78.479
   17.756    -8.176   -23.259   -30.987   -24.789    -2.865   18.115   37.595
CT2098:205           -66.870   -51.676   -25.193   -20.531   -70.900  -128.397
  -138.325   -91.956   -45.780   -59.669  -151.178  -180.762  -135.029   -30.017
    8.294    5.044    -4.066   12.166  101.330  226.345  235.409  129.854
   15.809   -14.612   -36.478   -58.994   -53.607   -24.487    2.502   29.172
CT2098:200           -44.952   -20.002    -3.572   -11.986   -62.395  -119.127
  -133.492  -116.673   -96.509   -80.017   -95.302  -112.151   -58.365   12.091
   25.199    5.354   -27.051   -27.895   25.337  101.106  116.454   92.437
   65.981   42.062   -12.311   -63.168   -60.807   -25.204   11.079   47.056
CT2098:195           -52.910   -37.789   -18.199   -21.510   -70.566  -127.508
  -151.183  -166.313  -174.411  -101.190  115.183  242.230  197.633   64.502
   19.923    -8.497   -49.068   -69.218  -114.524  -180.840  -170.655   -62.812
   39.210   45.844   -12.930   -61.014   -53.936   -17.616   21.295   57.493
CT2098:190           -66.938   -57.118   -37.217   -37.759   -75.149  -117.987
  -145.784  -184.935  -195.337  -137.510   45.198  154.343  123.176   14.249
   -19.668   -29.452   -41.385   -63.448  -154.589  -255.585  -248.654  -137.027
   -28.392    -8.888   -31.855   -54.504   -41.558    -1.772   34.894   68.550
CT2098:185           -51.623   -42.122   -34.072   -47.018   -90.477  -132.570
  -169.487  -249.808  -291.654  -281.468  -238.146  -200.744  -150.161   -76.467
   -44.808   -26.563    -3.363   -10.210   -57.704   -98.488   -99.758   -64.881
   -15.365    -1.015   -15.021   -29.108   -18.416    9.749   38.644   64.865
CT2098:180           -53.634   -52.698   -42.338   -51.518  -116.363  -180.702
  -200.944  -240.818  -286.436  -283.689  -300.037  -313.955  -239.798   -96.594
   -38.993   -12.470   14.160   18.084    0.257   -21.832   -25.672   -11.873
    3.631    9.245    3.244    0.381    9.904   26.563   42.511   58.764
CT2098:175           -61.085   -54.166   -53.826   -70.801  -129.157  -184.550
  -160.202    1.537  122.670   82.665   -69.968  -121.211  -109.571   -48.446
   -11.751    3.521   15.884   20.152   12.601    -1.306    -6.656    -8.348
   -11.413    -8.754    -5.006    -2.304    7.818   25.148   40.019   52.823
CT2098:170           -80.635   -77.676   -74.073   -81.096  -120.953  -155.289
  -104.817   92.512  233.218  207.762   54.193   -18.853   -27.305   -21.315
   -12.291    5.231   21.206   26.301   25.548   22.662   16.531    0.513
   -13.658   -14.357    -7.617    -1.160    9.650   26.748   42.002   55.465
CT2098:165           -97.464   -94.087   -90.201   -86.160   -92.263   -93.350
   -49.953   64.240  135.508  138.694   81.055   40.580   22.438    -0.471
    -6.420   11.244   34.387   40.193   34.313   22.847   17.504    9.676
    -2.154    -4.298    1.194    7.290   18.060   35.536   50.130   63.195
CT2098:160           -92.506   -95.036   -96.714   -93.633   -88.222   -76.003
   -39.779   30.665   80.342   90.116   77.086   60.623   44.814   26.203
   20.147   25.192   30.620   31.684   39.363   39.457   35.144   28.439
   17.316   11.863    1.344    -6.062    2.929   22.076   38.863   53.983
CT2098:155           -78.195   -81.926   -86.465   -80.393   -62.764   -40.522
    -7.071   52.077   90.340   88.178   59.728   40.071   35.937   33.580
   32.306   35.602   35.252   29.782   31.677   36.813   32.125   16.268
    6.515    4.662    -7.530   -15.370    -8.525    9.616   28.884   47.048
CT2098:150           -68.335   -68.640   -74.532   -63.358   -25.758   11.074
   40.804   93.725  126.160   98.092   33.244   13.956   10.157   30.394
   39.759   41.557   40.077   25.742   -22.999   -30.527   -34.923   -37.693
    -4.247    2.246    -9.738   -17.589    -9.932   13.270   32.959   50.050
CT2098:145           -81.422   -83.142   -81.708   -55.941   14.822   82.018
  102.604   88.799   75.452   32.258   -63.824  -106.594   -71.395    6.048
   28.172   28.570   27.442   13.897  -139.201  -347.580  -314.322   -80.964
   63.832   67.091   33.121    2.113    -4.154    9.289   24.440   38.976
CT2098:140           -71.686   -63.484   -66.375   -46.419   24.596   94.463
  116.009   92.280   59.688   31.295   -33.453   -70.957   -54.548    -4.012
   10.891    4.700    -2.997   28.571  172.131  354.359  357.448  249.966
  196.244  158.306   63.345    -7.326   -14.831    7.931   23.573   37.978
CT2098:135           -80.579   -71.375   -56.370   -24.431   34.954   93.407
  129.247  182.512  208.422  161.000   62.792   17.676    -1.548   -11.591
   -12.478   -14.832   -22.271   33.747  276.899  512.365  526.869  369.855
  221.805  159.841   69.901   -11.135   -25.701    -2.541   17.079   36.158
CT2098:130           -67.639   -56.918   -49.009   -20.926   37.381   92.805
  133.354  195.787  224.662  185.313   91.239   42.861   17.676   -11.113
   -21.182   -21.757   -27.793   14.826  169.114  307.130  330.924  263.135
  185.294  137.445   53.942   -14.337   -28.019    -6.874   15.668   34.711
CT2098:125           -56.181   -40.696   -37.236   -15.442   38.107   87.619
  115.360  145.248  144.000  120.618   60.282   23.448   13.469   16.965
   13.798    -3.589   -11.475    4.008   13.042   14.471   49.392  113.927
  143.726  119.301   55.425    4.072    -5.506   16.591   28.021   34.384
CT2098:120           -91.615   -64.894   -33.846    7.919   72.229  118.423
  118.363   88.715   61.022   40.374    -1.869   -20.461    -8.466    3.356
    2.258    -9.339   -23.146   -27.522   -69.963   -97.912   -62.134   50.866
  136.712  129.481   64.324    8.014    -3.684   12.649   29.049   40.648
CT2098:115          -119.783   -83.370   -43.827    -5.906   63.762  118.295
   69.177   -69.028  -115.819  -127.802   -66.794   -21.117    -9.143   -11.763
    -9.324   -18.895   -34.989   -34.930   -28.266   -16.216   15.997  107.443
  172.162  159.774   69.369    5.066    1.709   23.107   37.877   52.340
CT2098:110          -119.494   -89.896   -51.616   -12.681   52.976   93.994
   -11.799  -384.536  -596.624  -484.169  -162.535   -45.307   -25.104   -14.889
    -6.145   -15.451   -22.256   -17.478   17.869   62.864   80.389  104.975
  124.424  117.004   63.351   16.385    9.520   19.377   29.291   38.701
CT2098:105          -113.333   -84.422   -48.920   -11.181   52.233   96.853
    1.017  -305.707  -468.185  -411.947  -190.327   -91.975   -57.109   -27.614
   -14.340   -26.106   -43.067   -42.257   -24.474   -12.887    -8.499    -6.096
    0.396    5.120    2.293    9.059   19.018   23.631   27.337   31.160
CT2098:100          -102.601   -71.921   -40.239    -7.905   43.874   85.339
   58.032   -49.242  -113.802  -128.682  -115.990  -101.572   -73.115   -36.276
   -22.989   -25.646   -29.600   -38.552   -75.641  -114.077  -125.737  -164.219
  -194.245  -158.170   -42.854   30.558   42.245   37.899   36.650   33.085
CT2098:095           -99.166   -66.907   -34.559    -2.206   33.637   60.612
   99.039  230.410  285.310  194.280   -11.632   -83.176   -65.312   -29.885
   -18.969   -14.787   -13.037   -24.170   -61.825   -94.762  -118.205  -168.222
  -192.438  -162.690   -63.684   21.135   42.993   39.579   37.489   34.291
CT2098:090           -89.143   -58.320   -28.501    2.879   40.299   73.724
  117.257  221.019  260.419  184.408    8.964   -57.167   -40.688   -10.216
    -3.173    -2.160    -3.700   -11.752   -27.791   -40.141   -58.007   -87.261
   -97.118   -79.444   -24.353   21.182   36.649   37.154   39.362   42.058
CT2098:085           -78.513   -48.227   -18.531    9.273   46.351   78.417
   82.588   59.344   35.528   21.980    4.954    -7.965    -6.380    9.824
   15.195    5.020    -7.451   -11.426    -7.251    -5.831   -19.336   -45.187
   -59.373   -47.628   -19.709    3.055   22.624   39.602   51.876   58.283
CT2098:080           -69.279   -38.366    -8.676   14.889   34.890   49.638
   30.961   -49.358   -92.621   -84.625   -38.006   -20.079   -18.187    -7.583
    0.274    4.621    3.340    2.215    0.241   -10.680   -17.574   -29.213
   -42.546   -35.140   -11.374    8.256   21.719   31.757   39.438   45.061
CT2098:075           -60.511   -35.422   -11.830    4.536   13.159   15.666
   -12.130   -82.184  -116.240  -113.976   -98.742   -87.898   -48.434    -9.260
    3.516   17.806   31.412   31.153   26.821   19.948   10.410    -9.670
   -27.780   -25.135    -7.808    5.070   12.869   18.241   26.618   36.961
CT2098:070           -53.375   -33.410   -11.092    1.814    3.656    2.346
   -18.668   -74.367   -97.124   -83.786   -43.772   -21.724    -1.065   20.133
   26.803   25.866   25.019   24.381   39.294   58.056   40.458    -3.394
   -24.668   -27.422   -30.400   -27.672   -12.744    8.288   26.010   42.004
CT2098:065           -51.564   -38.115   -24.590   -16.335   -12.057   -11.825
   -23.453   -51.537   -60.493   -29.930   40.912   69.487   55.807   33.990
   27.106    9.289    -7.481   -14.429   -25.488   -41.295   -45.246   -51.184
   -60.025   -55.346   -36.154   -19.509    -6.545    7.590   21.297   34.517
CT2098:060           -49.201   -38.216   -25.619   -17.722   -18.368   -20.762
   -25.505   -35.794   -35.950   -14.001   24.918   40.105   34.110   13.387
    4.184    -5.011   -18.192   -25.846   -32.818   -39.172   -45.985   -51.710
   -53.394   -49.121   -33.148   -18.482    -6.439    6.338   20.934   36.286
CT2098:055           -48.313   -31.233   -15.307    -8.092   -14.259   -17.818
   -12.627    1.857   12.143   15.916   15.755   17.602   25.084   34.699
   32.229   18.058    7.189    0.837    -2.885    -4.905   -13.932   -32.533
   -44.176   -42.530   -31.001   -18.835    -3.734   14.307   31.061   47.730
CT2098:050           -57.822   -33.254    -2.338   12.318    5.285    1.821
   12.099   39.487   52.696   42.558   20.581   13.956   21.730   33.756
   33.657   24.825   14.717   12.386   16.384   16.817    8.486   -11.550
   -26.035   -27.296   -21.502   -15.117    -2.829   15.357   33.478   51.049
CT2098:045           -51.269   -16.619   21.928   41.958   34.547   29.557
   39.266   60.511   65.197   51.696   23.849   12.219   14.324   20.150
   20.596   20.691   19.051   19.521   22.597   22.341   16.849    6.518
    -1.837    -9.135   -23.973   -28.238   -14.176    8.593   29.028   49.790
CT2098:040           -54.735   -10.696   29.955   51.845   54.896   59.434
   68.764   83.395   84.415   60.508   19.123    -0.149    -6.030    -4.399
    -3.252    4.323   12.642   16.922   19.390   19.834   15.146    3.965
    -4.377    -9.802   -16.057   -17.031    -3.100   20.180   41.445   61.485
CT2098:035           -68.230   -14.701   44.340   74.890   66.576   63.351
   74.905  100.392  102.657   73.884   24.024    0.643   -14.868   -30.219
   -29.639    -2.615   26.007   31.035   25.428   24.487   22.258    9.520
    -0.937    -4.875    -3.489    -1.012   11.168   31.684   50.963   70.864
CT2098:030           -54.081    -3.270   47.395   73.785   65.642   62.303
   72.945   94.978   94.943   70.678   27.276    4.214   -13.019   -30.480
   -32.269   -19.872    -7.308    6.677   35.301   56.189   52.498   31.471
   16.794    5.051   -11.566   -18.803    -6.361   17.616   41.543   69.054
CT2098:025           -53.027    -1.902   43.952   68.840   70.576   73.499
   80.910   97.838   97.311   71.693   35.075   16.984    8.175    6.539
    4.375    -7.510   -14.045    6.157   56.247   87.931   88.925   71.780
   55.654   35.796    2.361   -16.462    -4.678   23.166   49.075   75.267
CT2098:020           -60.205   -15.723   34.034   64.599   74.303   80.979
   75.934   59.240   43.104   26.583    3.096    -9.391    -5.063    0.491
    3.382   10.521   24.029   43.848   85.080  115.901  116.190   91.848
   70.882   49.435   12.585    -6.970    5.535   35.262   58.309   77.973
CT2098:015           -54.427   -14.373   25.922   54.084   78.230   92.555
   74.629   26.324    -2.941   -12.451   -13.432   -17.299   -21.343   -26.624
   -22.519    -6.227   12.176   33.556   73.843  104.481  108.047   89.321
   72.730   54.128   21.736    2.880   13.417   39.495   60.216   78.639
CT2098:010           -57.622   -18.901   23.688   58.007   88.908  104.516
   78.708   11.260   -26.302   -31.044   -19.590   -17.906   -20.450   -27.735
   -24.092   -19.473   -16.175    3.142   44.620   74.228   81.061   72.061
   63.387   51.253   24.641    9.100   16.984   39.237   57.193   70.790
CT2098:005           -59.238   -17.912   26.284   57.540   94.586  115.743
   82.659    -2.820   -46.739   -45.089   -29.123   -26.052   -12.836    -0.557
    5.027    -6.333   -11.390    1.656   22.329   35.682   54.234   78.475
   87.024   77.080   50.660   35.954   39.065   50.485   57.636   62.459
CT2099:360           -64.090   -14.453   36.924   68.514   83.983   87.011
   58.412    3.281   -42.967   -53.711   -68.916   -73.474   -36.260   -20.186
    -1.836    -0.979    0.648    7.678   23.730   45.934   55.106   71.967
   85.648   82.680   62.548   49.255   48.562   52.408   53.707   54.756
