
filled_synop: 30 data points in equal steps of sine latitude from +14.5/15 to  -14.5/15

CT2080:360           -41.537   -31.141   -22.272   -14.789    -7.857    -5.683
   -12.469   -21.143   -23.148   -21.419   -13.342   -12.999   -21.498   -26.510
   -25.855   -17.597   -13.894   -14.450   -17.567   -22.936   -39.176   -61.135
   -61.248   -46.967   -30.373    -6.301   28.427   53.603   68.232   79.275
CT2080:355           -34.853   -23.806   -13.376    -3.649    5.328    8.239
    3.300    -6.185   -11.115   -16.655   -23.044   -28.616   -39.698   -56.637
   -55.961   -23.298    3.678    -6.327   -38.028   -49.501   -40.715   -24.943
   -17.447    -9.474    2.763   19.942   42.302   58.003   67.248   76.953
CT2080:350           -36.768   -30.149   -20.220    -3.762   14.802   22.159
   16.304    6.089    2.218    1.753    2.542    -3.587   -21.135   -37.231
   -42.368   -42.097   -44.123   -46.334   -56.238   -58.837   -40.711   -13.216
    -3.255    -5.242    -4.230   12.818   36.543   54.662   67.496   81.110
CT2080:345           -31.335   -26.535   -19.467    -5.574   12.637   21.166
   19.363   12.376    9.310   14.917   21.966   15.022    -6.642   -23.183
   -33.455   -51.075   -63.310   -62.557   -57.776   -52.113   -34.395    -9.395
    -0.562    -9.021   -12.290    6.346   32.969   52.186   71.232   89.723
CT2080:340           -23.970    -9.134    2.803    7.575    7.172   11.134
   20.882   31.524   30.999   19.909    5.884    -3.608   -18.494   -37.014
   -44.712   -45.488   -45.303   -50.106   -51.924   -46.850   -31.703   -12.887
    -4.463    -4.364    0.112   11.113   23.607   43.564   71.264   95.116
CT2080:335           -15.086    -4.156    2.597    1.457    -2.453    0.423
   15.032   33.404   32.827   10.409   -13.303   -21.069   -19.507   -19.309
   -28.304   -44.121   -54.424   -52.845   -47.616   -44.141   -37.781   -33.403
   -25.734   -15.089    -5.801    4.324   14.850   34.603   63.355   94.011
CT2080:330            -8.668   -12.791   -14.277    -9.929    0.137    6.140
   10.813   14.160    9.790    -5.871   -20.281   -22.391    -9.220    -0.732
    -7.988   -26.453   -36.867   -39.677   -36.441   -35.920   -35.347   -31.339
   -25.566   -20.841   -12.855    -6.602    -1.281   21.428   59.416   99.083
CT2080:325            -6.943    -9.841    -8.588    -1.377    8.315   12.142
   13.333   14.284    9.019    -8.212   -22.011   -19.551    0.421   10.564
    7.463    -4.497   -13.716   -23.392   -33.732   -37.881   -42.040   -44.264
   -35.147   -19.527    -8.903    -2.777    3.101   31.247   73.162  105.326
CT2080:320            -8.573    -1.477    5.977   12.173   16.669   18.163
   12.169    4.504    -0.633    -8.662   -13.346    -7.710    8.313   16.208
   18.146   19.704   12.501   -12.890   -42.575   -48.459   -39.880   -31.077
   -19.334    2.246   14.131   12.494   11.859   31.956   61.964   90.442
CT2080:315           -16.774    -3.560    7.508   16.706   22.899   21.728
   10.625    -0.229    -4.685    -6.921    -7.678    -2.489   11.300   19.630
   23.484   25.729   17.575   -14.609   -47.727   -51.950   -32.593   -16.895
    -7.586    2.845   11.465   14.302   16.444   31.538   51.740   72.847
CT2080:310            -0.334   -11.180    2.885   14.865   23.611   23.282
    4.045   -12.733   -13.723    -3.252    3.311    3.142    -0.203    1.954
   12.841   24.794   19.983    -0.500   -20.398   -27.330   -26.297   -24.911
   -15.944    -1.064    7.979    9.730   12.498   27.910   45.699   59.889
CT2080:305           -17.040    -4.693   10.613   26.787   36.942   30.223
    4.567   -15.441   -13.391    8.330   17.094   12.348    -0.192    -1.470
    6.734   17.070   16.935    9.949    0.766   -13.610   -40.997   -52.564
   -42.260   -24.628   -10.628    1.956   13.523   31.666   51.765   65.154
CT2080:300           -29.809   -20.407   12.170   31.490   38.833   32.495
   11.501    -4.789    -6.480    5.242    9.704    1.093   -13.433   -13.812
    3.486   21.740   22.246   17.813    9.165   -10.580   -41.896   -53.156
   -47.713   -34.778   -18.210    9.931   27.709   41.237   51.131   52.299
CT2080:295           -47.529   -37.329   -25.044    -6.493   12.727   19.397
   14.961   10.284    7.977    3.729    -1.190    -5.746   -13.102   -14.300
   -16.423   -21.207   -27.984   -27.006   -18.632   -18.968   -31.818   -41.326
   -37.626   -23.104    -6.691    5.877   16.421   35.340   61.844   87.031
CT2080:290           -34.676   -94.766   -68.968   -47.662   -29.434   -18.136
    -9.249    -2.746   -10.894   -34.663   -48.136   -46.821   -35.758   -31.814
   -35.945   -41.124   -39.762   -26.760   -11.818    -6.015    -2.817    -0.357
    -1.866    -7.521    -4.461    4.773   16.090   29.297   45.127   63.944
CT2080:285          -105.796   -88.864   -69.837   -49.663   -29.437   -15.891
    -8.021    -1.451   -10.002   -37.990   -51.488   -47.080   -21.077    -6.492
   -17.633   -40.295   -45.946   -36.584   -23.624   -18.028   -11.060    -4.224
    -3.442    -4.901    1.197   14.566   28.809   40.278   49.688   60.055
CT2080:280          -100.557   -81.359   -61.373   -42.303   -23.890   -10.498
    -2.740    3.702    0.659   -21.549   -36.547   -26.712    4.099   19.424
    9.369   -19.576   -32.101   -32.238   -30.044   -27.039   -15.585    -6.520
    -1.150    6.303   13.348   25.816   38.590   48.732   56.439   63.531
CT2080:275           -94.431   -75.647   -54.657   -29.344    -2.945   10.431
    5.703    -1.888    -3.701    -9.280   -14.325    0.146   38.719   56.217
   50.398   27.713   18.000    4.187   -16.510   -19.754    -4.162    9.543
   10.999    2.664    2.075   19.648   41.698   52.746   59.015   67.619
CT2080:270           -83.195   -65.239   -47.101   -23.653    7.658   21.142
   10.484    -5.017    -3.336   23.132   53.006   61.182   55.439   51.095
   49.183   38.178   28.471   28.351   34.058   31.883   21.192    8.326
    -0.462   -11.611   -12.057    7.610   38.655   56.135   68.997   79.441
CT2080:265           -62.061   -44.391   -26.792   -10.376    3.200   10.098
    2.461   -13.668   -14.676    -2.011    4.131   10.143   25.735   34.803
   37.879   40.184   40.518   41.441   42.731   38.001   20.445    -6.414
   -14.134   -20.530   -23.424    -8.273   17.738   40.443   64.541   84.982
CT2080:260           -40.200   -27.398   -17.035    -6.239    5.899   11.523
   12.989   16.570   18.104    5.461    -7.481    -5.022    5.596   17.158
   24.389   35.921   42.869   41.231   33.019   25.367   23.803   25.636
   18.840    -4.320   -18.792    -6.554   14.613   34.735   59.448   84.864
CT2080:255           -19.753   -10.761    -3.487    1.818    4.558    6.403
    0.601   -10.024   -13.289   -11.554    -8.879    -5.871    -0.580    6.802
   12.373   23.846   34.860   27.943   10.915    2.858    3.324    8.845
    5.445    -5.322   -10.548    -1.111   15.781   35.036   60.415   87.869
CT2080:250            0.724    -1.194    -6.189   -16.806   -29.741   -34.045
   -30.003   -22.483   -17.284   -13.116    -2.890    0.769    -2.990    -0.543
    2.906    7.237   10.610    6.669    -6.860   -17.192   -16.029   -10.036
   -11.740   -23.858   -32.574   -17.839   10.657   36.425   65.284   92.201
CT2080:245           12.146    -0.287   -11.222   -21.995   -34.553   -35.568
   -19.568    -0.056    7.374   12.079    0.558    -4.679    0.312    -1.296
    0.916   16.001   20.945   17.789    6.347    -4.911   -13.515   -20.844
   -22.213   -17.268    -9.840    1.462   15.875   35.247   62.274   92.597
CT2080:240           14.267    1.832   -11.952   -26.891   -38.546   -35.776
    -5.713   50.956   76.219   63.941   44.623   42.218   35.521   28.355
   29.015   45.711   65.460   53.707   16.215    -3.789   -14.172   -25.943
   -27.401   -12.407    5.697   13.919   16.921   31.787   67.411  105.925
CT2080:235            9.626    2.940    -5.763   -22.892   -51.511   -58.000
   -29.485   10.763   23.115   33.362   36.779   37.955   38.668   46.341
   46.287   31.786   16.520   11.296    5.875    -1.000   -15.082   -37.297
   -41.091   -24.675    -7.929    -0.079    1.131   22.841   73.066  115.674
CT2080:230            -4.479    -8.004   -14.131   -22.017   -26.841   -22.481
    -6.855   20.956   35.156   23.765    -4.446   -12.151    4.626   20.002
   19.098    3.403   -13.329   -15.070    -8.640   -11.215   -14.714   -22.551
   -25.941   -28.870   -29.646   -20.686   -10.939    9.363   50.102   99.046
CT2080:225           -21.512   -21.505   -20.820   -19.103   -20.092   -16.546
    -7.249    3.594    8.924    8.304    6.075    6.994    2.125    -1.851
    -4.025    -7.660    -9.988    -8.801   10.596   22.894   15.450    8.257
    4.393    -5.050   -12.609    -9.333    -6.752   10.746   45.555   87.571
CT2080:220           -31.192   -33.825   -34.200   -29.859   -22.422   -16.510
   -12.525    -8.894    -5.814    -3.379    2.007    5.108    9.376   15.452
   15.464    6.156    -3.456    -3.567    1.795    1.763    6.664   11.122
    9.900    6.928    7.213   11.895   18.277   35.637   65.325   93.433
CT2080:215           -44.649   -42.145   -37.096   -27.000   -13.008    -4.076
    -2.150    -2.616    -3.259    -6.360   -11.044    -8.079   10.320   28.127
   33.548   41.339   49.706   33.993    -4.070   -19.932   -13.745    -1.643
    -2.651   -23.289   -37.021   -21.328   10.611   35.719   62.463   89.443
CT2080:210           -51.127   -40.350   -29.637   -18.998    -7.151    3.056
   13.719   25.650   27.184   13.657    -2.868    -5.022    5.307   12.986
   20.983   38.960   44.699   33.040    -0.370   -17.213   -18.321   -14.977
   -15.919   -20.320   -19.908    -5.219   20.193   41.193   60.488   79.982
CT2080:205           -53.345   -38.137   -23.619   -10.759    0.838   10.570
   20.631   30.360   30.538   23.000   14.753   10.539    4.354    0.770
    2.446    3.503    2.317    6.377   13.736   10.269    -7.966   -31.789
   -34.832   -20.394    -7.818    4.849   20.314   36.783   55.073   74.281
CT2080:200           -55.986   -38.589   -21.782    -4.139   15.523   27.528
   30.635   29.454   26.130   18.299   10.043    4.971    -2.219    -8.216
   -11.206   -14.658   -13.958    -2.329   26.614   32.903    2.666   -38.924
   -44.262   -26.733   -12.401    -0.274   16.652   34.974   53.165   72.863
CT2080:195           -58.346   -37.427   -17.125    4.641   26.972   39.025
   38.632   34.323   30.209   17.525    2.109    -4.554    -6.826    -9.533
   -12.949   -18.726   -22.051   -11.579   16.738   26.335    3.568   -34.390
   -42.369   -32.721   -21.521    -4.160   22.822   43.943   61.123   77.225
CT2080:190           -53.501   -29.646    -8.161   12.072   32.103   41.390
   32.821   18.046   11.977    7.131    2.019    1.837    8.883   13.664
    4.907   -22.053   -36.808   -28.395    0.604   18.434   15.601    9.268
    3.415   -11.474   -18.009    -5.971   21.397   45.146   67.496   87.342
CT2080:185           -43.713   -25.493    -8.754    5.589   17.000   20.727
    8.802   -13.908   -21.648   -10.580   12.758   20.259   15.969    7.219
    -0.855   -23.028   -42.044   -33.143    -2.716   14.363   26.732   36.403
   31.179    7.471   -11.417    -1.333   24.611   46.014   68.678   90.229
CT2080:180           -33.458   -29.884   -15.332    -0.616   17.134   23.605
    8.317   -19.978   -31.906   -18.209    2.479    9.521    9.992   10.068
    7.074    -6.255   -16.133    -7.930   24.446   47.099   51.516   52.422
   45.540   13.920   -14.305   -11.501    4.645   26.310   58.215   93.906
CT2080:175           -41.588   -30.712   -17.662    -0.876   16.387   23.729
   21.157   20.092   21.821    7.780   -10.999   -13.061    1.249   17.193
   18.756    7.171    -3.509    4.508   34.133   51.681   52.178   37.864
   29.529    8.729   -15.369    -9.179   10.499   31.455   61.566   99.487
CT2080:170           -41.522   -33.232   -23.846   -11.190    6.780   14.344
    7.020    -9.762   -14.609   -11.323    -5.270    -2.182    5.892   21.391
   25.337   13.224    0.062    8.026   35.196   51.000   49.385   43.987
   42.450   37.603   34.178   37.738   42.622   57.681   90.902  120.662
CT2080:165           -36.990   -31.063   -23.444   -14.353    -5.031    -1.620
    -9.357   -28.186   -33.737   -15.894   10.288   15.628    4.706   -14.794
   -14.872   14.673   47.482   44.745   12.533    -2.955   10.909   33.554
   40.718   47.907   54.206   57.945   58.019   66.843   95.139  119.237
CT2080:160           -32.592   -27.475   -21.258   -12.173    0.201    4.883
    2.121    3.026    8.286   16.699   38.312   43.923   13.991   -27.557
   -30.895    -0.892   18.009   16.532    -4.600   -15.160    -8.658    6.498
   16.439   29.564   41.840   49.247   53.395   63.026   77.972   94.467
CT2080:155           -26.718   -19.624   -11.522    -1.923    7.303    9.323
    0.220   -16.363   -17.291    1.833   20.443   23.480   20.027   16.810
   13.685    7.296    6.541    2.031   -15.126   -23.000   -18.201    -6.877
    0.558    2.753    6.971   19.924   40.138   55.923   68.140   82.544
CT2080:150           -10.973    -9.007    -6.897    -2.281    4.409    4.937
    -7.091   -27.034   -30.232   -14.841    4.574    9.617    8.183    3.795
    1.305    0.225    -1.307    -6.225   -15.924   -19.131   -14.758    -7.031
    -1.037    -1.040    1.649   15.303   36.610   51.789   64.276   81.274
CT2080:145           14.005    6.686    1.291    -4.930   -13.718   -18.643
   -19.716   -17.917   -16.343   -14.963    -8.752    -7.561   -14.636   -21.727
   -25.548   -32.591   -38.155   -33.743   -24.588   -19.221   -12.838    -3.336
    4.973   16.452   25.278   25.411   18.679   31.389   65.850  100.268
CT2080:140           25.342   19.059    9.279    -4.856   -20.668   -27.542
   -24.245   -21.284   -20.038   -17.382   -14.930   -16.845   -21.107   -24.841
   -32.108   -43.094   -49.216   -44.844   -31.536   -26.737   -26.130   -27.957
   -15.799   22.129   46.024   39.015   13.402   31.635   78.197  114.947
CT2080:135           13.999   21.796   23.675   14.585    -5.634   -11.889
    -3.714    6.205    7.726    1.316    -4.731    -7.606    -9.460   -12.249
   -18.185   -27.349   -32.187   -30.594   -22.281   -20.101   -26.341   -30.510
   -26.048   -21.168   -14.100    -6.563    -4.204   16.911   60.995  113.131
CT2080:130           -14.567    -3.339    -2.115   -12.706   -26.255   -25.888
    -6.873   12.641   20.622   22.395   22.135   16.119    1.257    -8.000
   -10.962   -12.293   -14.471   -22.212   -33.747   -35.861   -34.998   -32.202
   -26.450   -17.422   -11.057   -12.462   -12.209   23.009   82.741  133.609
CT2080:125            -9.039   -23.792   -36.581   -45.689   -49.529   -46.404
   -28.326   -10.452    -1.398    9.815   15.850   10.357    -5.364   -14.259
   -14.711   -13.162   -14.530   -14.960   -18.547   -25.748   -39.383   -44.915
   -31.331    1.203   11.509   -11.322   -33.458    9.059   79.079  136.480
CT2080:120            1.513   -21.389   -40.424   -53.021   -57.653   -51.154
   -27.527    -1.669    5.464    1.838    0.746    -1.538    -7.410   -10.963
   -11.171    -9.629    -9.158    -0.458    6.643    1.455   -21.343   -32.175
   -13.972   15.542   19.461   -10.890   -31.508    0.156   59.491  121.220
CT2080:115           11.727   -14.768   -39.286   -52.134   -55.655   -47.024
   -17.590    7.940   12.400    0.607    -4.665    -2.872    2.153    2.647
    -0.029    -3.063    -6.015   -13.510   -20.048   -21.682   -24.531   -22.037
    -1.583   28.157   28.863    -6.418   -16.477   27.770   76.490  114.936
CT2080:110           -42.619   -38.091   -31.663   -21.336    -7.919    -3.309
    -4.763    -5.936    -7.816   -15.316   -19.050   -16.552   -10.286    -5.752
    -6.499   -12.071   -17.186   -13.921    2.672    9.148    -2.252   -17.769
   -14.648    3.358   17.840   22.635   21.138   38.135   72.425  103.700
CT2080:105           -40.701   -34.274   -26.337   -15.446    -4.048    -2.555
   -15.995   -31.496   -33.294   -25.401   -15.938   -10.630    -3.312    -1.796
    -2.510    -5.788   -10.394   -14.603   -19.970   -21.265   -14.262    -6.600
    -1.132    7.406   15.999   19.114   15.940   30.633   65.711  100.824
CT2080:100           -38.538   -33.094   -25.802   -13.692    -0.034    -0.412
   -26.357   -60.345   -64.127   -36.349    -3.125    7.622   15.026   23.984
   21.076    7.471    -0.103   -10.584   -34.549   -42.045   -27.298    -7.068
    -0.162    1.392    4.509    9.464   10.947   26.858   61.435   96.421
CT2080:095           -41.284   -33.507   -25.101   -13.968    -1.086    -0.934
   -24.328   -56.423   -59.129   -30.878    -1.790    7.315   13.260   13.456
   11.813    6.160    -2.312   -11.414   -30.849   -36.955   -21.836    -0.287
    5.645    2.167    2.873    8.919   13.093   29.954   63.921   95.404
CT2080:090           -38.765   -29.063   -20.391   -10.931    -2.608    -2.213
   -11.767   -21.618   -18.221    0.556   28.538   36.295   21.237   10.691
    8.375    8.243    7.872    0.817    -9.027    -9.863    -6.707    -1.310
    0.942    -0.992    0.165    5.853   11.843   27.569   59.056   90.848
CT2080:085           -33.175   -29.191   -24.905   -19.299   -13.485   -11.348
   -13.403   -15.908   -11.871    1.354   14.807   18.019    6.274    -8.839
   -10.359    -6.567    -6.395    -4.730    0.999    2.817    2.435    -1.261
    -0.248    3.580    6.785    9.403    9.517   24.716   58.358   91.526
CT2080:080           -15.023   -67.151   -46.688   -26.852   -13.127    -7.091
   -11.804   -18.405   -20.232   -19.249   -16.575   -13.724   -11.879    -6.854
    4.217   20.710   26.153   29.268   30.254   24.715   12.579    5.295
    3.957    4.465    2.625    -6.514    -9.407   12.566   42.403   66.064
CT2080:075           -37.287   -45.393   -34.845   -14.507    1.359    7.905
    -0.552   -12.016   -15.107   -17.455   -17.437   -11.879    0.336    9.803
   13.323   14.489   17.051   18.432   16.414    7.178   -17.986   -32.998
   -29.688   -11.711    -1.893    0.305    5.453   29.097   60.288   89.403
CT2080:070           -30.558   -31.275   -28.395   -15.538    1.764    9.500
    1.788   -10.414   -15.927   -24.614   -30.236   -24.007    -3.789    8.809
   10.769    8.244    8.988   12.666   16.118    9.694   -20.559   -44.460
   -40.157   -13.067    1.755    5.860    9.611   30.582   63.539   94.871
CT2080:065           -31.764   -20.222   -19.970   -21.022   -19.525   -15.651
    -8.985    -3.160    -3.772   -13.883   -23.222   -22.043   -10.166    -2.911
    -3.355    -7.799    -6.545    -2.511    4.666    8.353    8.378   11.453
   10.451    2.801    0.981    9.214   17.875   33.365   58.132   80.442
CT2080:060           -30.089   -20.680   -14.747   -15.229   -18.648   -14.480
    1.842   18.885   19.719    3.815   -12.276   -17.769   -21.299   -22.059
   -19.089   -14.494   -10.577    -4.399    2.493    7.727   21.446   37.986
   35.249   12.594    0.376    7.629   18.136   32.131   53.438   75.506
CT2080:055            -9.334   19.124    0.813    -4.950    -8.412    -6.832
    6.294   21.266   23.577   12.547    -1.013    -8.036   -19.970   -26.410
   -22.087    -9.375    0.337    4.756    9.210   17.393   33.157   47.435
   44.558   23.972   13.283   15.110   21.294   34.567   53.544   71.793
CT2080:050           34.344   11.238    -7.231   -18.302   -23.161   -21.768
    -6.498   10.517   12.335    -2.096   -19.304   -24.167   -23.946   -23.660
   -17.731    -3.110    9.004   16.024   22.543   27.316   28.760   24.474
   20.850   17.840   18.020   22.233   29.097   40.791   56.064   72.974
CT2080:045           19.366    8.872    -2.699   -15.100   -27.451   -32.102
   -24.260   -12.463   -11.063   -15.469   -19.512   -19.835   -17.165   -13.358
    -6.644    9.185   19.763   26.196   31.609   33.318   25.294    6.513
    0.776    1.447    4.276   12.647   28.670   44.651   65.459   86.984
CT2080:040           16.334   19.735   10.571    -5.359   -21.797   -29.263
   -27.086   -21.378   -19.016   -17.339   -15.581   -12.894    -6.077    -1.003
    0.573    5.505   12.389   15.339   18.983   24.927   25.707   19.817
   14.999    4.042    -1.985    5.666   20.843   40.088   71.173   96.843
CT2080:035           22.505   19.187   13.396    3.275   -10.018   -16.867
   -16.353   -13.615   -11.530   -10.861    -9.043    -4.555    5.120   17.558
   14.384   -12.678   -33.798   -29.855   -10.104    2.655   17.791   36.074
   36.679   17.864    -0.566    -2.865    -2.918   11.915   49.101   90.472
CT2080:030           19.962   14.898    9.154    2.469    -5.233   -11.354
   -15.445   -18.181   -16.393   -11.443    -4.716    -0.515    7.808    8.322
    -0.763   -25.805   -51.807   -49.666   -21.906    0.495   16.182   42.496
   46.274   22.044    -1.141    -8.827   -22.878   -13.291   27.399   80.391
CT2080:025            4.080    2.540    1.348    0.547    -1.234    -6.320
   -15.947   -32.704   -35.346   -16.300   17.349   27.584   24.410   21.676
   14.096   -17.500   -38.678   -39.918   -31.758   -26.044   -12.104   10.274
   12.512   -10.522   -35.390   -35.138   -33.273   -13.763   44.843  103.500
CT2080:020            -0.915    1.305    2.649    4.217    6.546    4.358
   -12.905   -41.829   -45.924   -18.533   25.161   36.579   24.334    -0.297
   -11.592   -24.752   -38.148   -38.806   -28.568   -22.265   -19.605   -16.193
   -15.609   -21.589   -28.169   -27.740   -37.309   -19.381   41.536   98.008
CT2080:015           -19.180   -12.377    -6.089    1.265    7.971    9.173
    0.525   -13.510   -13.799    0.788   28.327   35.552   15.227   -15.134
   -22.543    -9.360    3.426    3.838    0.927    -2.435   -15.999   -40.214
   -45.840   -35.464   -20.887    -9.747    1.394   18.534   51.366   88.423
CT2080:010           -31.143   -23.152   -15.580    -8.913    -2.534    1.529
    2.956    0.438    -0.999    1.036    -2.741    -7.686    -2.286    7.267
    7.813    4.567    6.458    7.289    5.147    -4.729   -24.196   -70.885
   -81.835   -49.486   -11.778    4.219   19.409   37.376   62.951   87.449
CT2080:005           -27.026   -24.441   -20.779   -15.385    -9.263    -5.291
    0.728   10.253   12.900    4.122    -9.216   -16.282   -24.237   -32.701
   -35.394   -30.144   -23.870   -19.433    -2.435    8.188   -18.759   -69.769
   -78.038   -45.353    -9.306    2.915    5.310   15.517   39.609   68.661
CT2081:360           -28.160   -17.716    -9.839    -4.559    -0.063    3.560
    2.182    -0.035    -1.039    -6.151    -9.376   -14.000   -34.391   -59.193
   -65.339   -55.551   -49.363   -46.669   -44.495   -49.806   -49.613   -54.680
   -52.922   -31.351    -6.756    -1.230   -12.994    -3.982   27.747   58.619
