
filled_synop: 30 data points in equal steps of sine latitude from +14.5/15 to  -14.5/15

CT2082:360           -64.121   -57.054   -47.019   -29.727    -9.833    -2.033
    -8.713   -22.435   -25.982   -21.110   -21.265   -25.730   -34.117   -43.245
   -45.128   -36.682   -31.511   -32.764   -37.750   -40.250   -38.274   -37.476
   -37.288   -35.610   -28.315   -10.634   15.774   38.994   61.324   83.411
CT2082:355           -55.770   -47.472   -39.172   -32.130   -25.373   -18.752
    -4.399   13.208   14.002    -4.316   -19.047   -22.240   -13.494    -6.032
   -15.752   -42.166   -56.674   -56.325   -50.958   -49.996   -49.588   -51.016
   -51.877   -59.183   -60.112   -34.774   10.025   42.886   64.710   83.331
CT2082:350           -48.230   -40.960   -34.198   -27.523   -19.873   -13.965
    -7.114    -3.181    -2.433    -1.505    -0.118    -2.363    -3.502    -4.199
   -16.817   -49.320   -67.362   -62.414   -36.410   -26.567   -39.530   -53.272
   -57.315   -66.924   -67.403   -38.219   12.652   42.923   65.624   84.775
CT2082:345           -41.073   -36.071   -29.265   -18.906    -8.625    -5.220
    -9.588   -13.324   -11.770    -7.375    -6.160    -7.433   -10.749   -19.820
   -31.797   -55.048   -68.616   -66.343   -56.087   -52.923   -45.879   -42.036
   -44.648   -59.498   -64.030   -44.733   -10.164   21.199   49.067   74.808
CT2082:340           -33.215   -26.664   -19.733   -11.571    -3.949    -3.169
   -13.041   -20.115   -16.247    -1.519    9.819    8.520    1.548    -3.458
   -17.063   -40.225   -51.023   -51.744   -46.569   -45.468   -40.463   -30.951
   -30.002   -37.118   -36.851   -27.052   -12.702    9.274   38.330   70.070
CT2082:335           -23.251   -15.151    -9.847    -4.963    -1.664    -4.629
   -15.845   -22.302   -17.919    1.639   16.002   15.289    2.099    -7.099
    -5.186    3.722    2.882    -9.683   -23.676   -30.633   -36.318   -39.363
   -36.015   -28.403   -23.304   -21.465   -20.453    -0.377   35.509   71.216
CT2082:330            -2.904    0.704    -0.143    0.310    2.469    -1.064
   -10.884   -17.613   -13.114    5.125   16.434   14.046    -1.858    -8.673
    6.656   35.012   39.519   20.800    -8.245   -22.535   -36.869   -46.619
   -39.581   -19.474    -9.987   -10.731   -15.486    4.351   41.841   72.869
CT2082:325           -13.542    -8.962    -2.850    1.227    2.542    -2.355
   -16.253   -26.300   -22.811    -6.424    3.758    4.829    0.398    1.395
   12.894   32.831   34.506   16.225    -5.469   -15.821   -27.329   -33.105
   -24.144    -5.579    2.040    -2.644    -5.890   10.580   38.182   65.988
CT2082:320            0.624    2.397    5.283    9.373   12.744    5.760
   -16.952   -30.500   -28.878   -17.645    -9.380    -3.281    4.136    8.423
   12.319   15.320   13.142    3.039   -11.117   -19.518   -24.104   -23.231
   -13.106    3.288    9.254    4.974    1.614   17.183   40.431   61.698
CT2082:315            -7.599    3.306   10.663   14.748   14.121    5.231
   -17.467   -34.037   -32.355   -18.122    -7.609    1.514   12.711   17.338
   16.750   14.566   11.327    5.494    -1.905    -7.929   -18.134   -23.141
   -12.243    9.972   17.753   12.139    4.181   17.767   41.003   63.947
CT2082:310            2.194   10.899   17.058   24.263   29.921   20.418
   -13.740   -37.011   -34.298   -11.680    2.749    8.566   11.522   11.699
    6.016    -2.842    -4.093    6.106   16.023   14.216    3.354    -2.663
    -0.622    1.988    4.002    4.394    5.886   21.852   46.544   68.828
CT2082:305            5.308    9.533   14.626   20.656   24.274   15.540
   -10.612   -28.262   -26.484    -6.520    6.149    6.389    2.340    0.867
    -6.216   -19.052   -22.352   -16.791   -11.958   -10.066    -3.326    2.817
    2.437    -2.738    -3.343    -2.249    2.622   21.896   47.540   70.764
CT2082:300           -38.501   -24.788   -15.613   -11.064    -6.713    -6.874
   -12.933   -18.576   -19.434   -18.288   -17.849   -14.560    -7.583    -5.113
   -10.208   -17.463   -19.447   -15.990    -8.021    -4.234    -4.156    -5.001
    -3.557    -3.877    -2.054    2.635    6.049   21.407   51.004   78.412
CT2082:295           -55.737   -40.215   -23.170    -4.016   11.426   16.340
   14.285   11.745    8.814    -0.500    -6.790    -8.080    -9.209    -9.323
   -10.981   -10.168    -8.543   -10.435   -10.381    -9.485    -6.366    -3.807
    -1.718    2.709    7.233    9.465    7.914   22.812   53.799   83.778
CT2082:290           -69.995   -55.467   -37.754   -10.561   16.751   27.048
   26.841   24.168   20.990   10.675    2.146    1.299    -0.105    0.050
    -0.498    -4.508    -8.302    -9.505    -9.345   -10.435   -10.664    -7.797
    -5.721    0.155    6.325   11.990   13.551   26.247   54.070   87.064
CT2082:285           -71.615   -53.986   -32.956    -7.306   14.106   21.486
   15.442    8.950    6.420    2.336    1.780    5.655   11.476   14.538
   19.516   23.162   22.905   14.691    -3.074   -12.506   -14.165   -15.038
   -17.918   -18.148   -13.626    -5.551    5.677   29.122   65.464   98.332
CT2082:280           -68.565   -50.124   -34.142   -18.448    -3.135    1.150
    -9.194   -19.059   -19.651   -14.167    -8.595    2.070   30.203   52.541
   54.159   45.113   42.054   39.010   32.845   24.859    1.415   -30.010
   -38.259   -37.249   -34.251   -20.904    1.208   25.487   61.156   95.499
CT2082:275           -68.530   -53.545   -39.785   -26.090   -14.330   -10.833
   -14.487   -16.763   -16.607   -15.188   -10.880    0.428   27.464   46.706
   52.829   49.100   47.335   53.948   65.208   62.856   40.147    9.708
    -1.530   -14.147   -22.651    -9.372   15.443   39.357   68.584  100.697
CT2082:270           -74.896   -58.629   -41.766   -19.021    3.579    8.233
    -8.967   -22.089   -22.393   -14.244    -3.308    5.236   19.120   32.057
   39.165   42.012   44.102   51.665   63.324   64.904   62.096   58.994
   48.653   24.867   13.082   23.288   44.887   64.193   87.033  108.136
CT2082:265           -76.620   -59.792   -40.022   -16.012    3.608    7.450
    -7.579   -20.657   -21.129   -13.573    -7.903    -2.929    2.172    6.318
   15.609   34.299   46.405   43.023   32.768   31.401   51.136   69.110
   58.519   14.088   -14.243    -0.647   28.693   52.878   78.793  102.729
CT2082:260           -71.629   -56.693   -41.159   -20.632    0.362    7.281
    5.570    5.432    4.328    0.197    -0.955    0.029    -1.500    -1.505
    2.514    5.142    5.904   12.158   20.557   24.945   30.294   33.529
   26.416    1.486   -13.193    -0.010   24.729   43.336   64.519   87.937
CT2082:255           -68.689   -50.613   -32.921   -14.489    1.587    9.093
   11.179   12.464   11.801    6.834    4.222    3.654    5.864   10.856
    5.609    -5.058    -6.448    -3.332    4.004    6.835    2.864    -0.426
    -0.963    -0.780    2.238   11.069   22.936   39.140   60.562   81.385
CT2082:250           -70.241   -51.440   -33.205   -13.960    2.722    8.113
    0.827    -4.621    -3.564    -1.919    -1.805    -3.030    -8.922   -14.912
   -12.820    -5.711    -3.316    -4.704    -7.742    -8.591    -9.740   -12.710
    -9.404    5.898   16.533   20.535   22.186   34.006   54.168   75.758
CT2082:245           -60.310   -49.330   -37.122   -21.125    -6.419    -3.010
   -12.755   -16.454   -11.739    0.977    9.046   10.899    5.810    -0.212
    -0.277    4.466    6.521    7.009    7.691    7.580    5.838    7.785
    6.446    -1.491    -1.516   10.550   26.131   40.055   58.679   76.016
CT2082:240           -73.977   -60.229   -44.919   -23.980    -3.814    0.029
   -13.318   -22.067   -14.754   16.840   40.304   40.774   29.611   24.720
   18.246    8.651    7.408   14.501   28.018   29.442   11.823    -9.051
   -10.032    -2.060    4.279   12.116   21.673   37.069   60.677   84.536
CT2082:235           -90.475   -68.995   -45.856   -19.725    2.610    9.723
    1.427    -4.125    -0.305   17.790   31.553   31.650   24.266   17.784
    9.974    -7.569   -13.005    1.239   32.290   39.656   21.319    1.792
    -1.943    -4.340    -4.596    3.111   13.885   29.703   55.025   84.585
CT2082:230           -93.212   -67.282   -42.884   -15.521   10.142   22.629
   23.870   23.371   20.809    7.853    -3.136    -2.812    7.070    9.530
    1.699   -23.390   -33.777   -22.355    -9.087    -6.327   10.192   24.406
   19.764    0.620    -5.547    -1.019    3.364   22.274   57.367   89.664
CT2082:225           -70.925   -49.675   -30.336   -13.049    2.372   15.217
   31.467   41.616   34.828    2.656   -19.582   -19.572    -0.988    9.713
    2.908   -14.561   -19.043   -10.422    6.529    9.515    1.175    -7.690
    -8.677    -7.803    -5.925    2.228   13.062   30.658   58.130   85.815
CT2082:220           -52.337   -35.440   -20.813    -8.209    3.909   15.077
   30.123   40.151   32.759    1.808   -17.730   -18.781    -6.728    -1.074
    1.896    4.500    5.671    8.173   12.949    9.432   -11.268   -32.225
   -31.287   -17.727    -6.990    5.663   19.935   35.965   58.181   81.669
CT2082:215           -40.127   -23.914   -11.969    -6.812    -2.383    5.463
   18.141   24.319   20.037    1.474   -12.308   -12.468    1.137    9.192
   13.921   24.978   29.356   23.794   15.415    7.419   -18.832   -47.698
   -43.430    -7.905   14.364   16.016    9.175   23.236   50.029   74.595
CT2082:210           -51.211   -39.495   -27.213   -13.043    0.252    9.232
   17.471   23.043   20.899   10.280    1.694    0.329    4.217    6.304
    7.310   10.626   10.450    4.965    -0.827    -6.548   -19.836   -27.922
   -24.487    -9.628    1.972    6.585    5.043   16.040   39.754   68.479
CT2082:205           -60.727   -47.141   -32.942   -15.914    0.495   10.015
   14.089   18.159   18.866   17.240   16.193   10.263    -0.959    -4.467
    -7.054    -7.982   -10.466   -22.895   -44.309   -50.105   -36.498   -23.861
   -21.699   -24.142   -22.217   -12.876    -1.930   14.601   38.496   64.590
CT2082:200           -45.119   -38.602   -31.506   -25.352   -19.371   -10.915
    0.894    8.833   10.168    6.942    3.317    -0.737   -11.285   -18.517
   -14.624    -6.408    -7.615   -17.212   -31.345   -33.834   -23.647   -13.021
   -14.371   -25.579   -27.931   -15.439    4.595   22.672   43.316   65.645
CT2082:195           -28.714   -27.290   -28.660   -32.590   -32.218   -22.450
    0.592   16.196   15.952    2.194    -3.857    -3.953    2.589    5.454
    8.213   14.925   17.218    6.643    -3.391    -4.800    -3.003    -0.971
    -5.909   -23.811   -29.586   -17.067    6.788   29.468   55.695   81.257
CT2082:190           -23.958   -21.884   -21.949   -28.308   -32.285   -23.976
    3.093   22.988   21.812    -5.780   -25.961   -17.159   20.735   41.241
   30.841    3.427    -6.223    1.182    8.209    9.798   12.530   12.373
    7.235   -12.418   -19.635    -8.509    8.615   31.191   67.613   97.135
CT2082:185           -34.754   -30.832   -27.081   -22.823   -17.308   -10.434
    -1.135    6.096    9.085    7.855    7.065    9.252   14.482   16.078
   11.231    -2.198    -6.168    4.410   19.547   24.448   26.178   27.034
   22.759   10.066    4.372    8.638   16.018   33.764   64.209   92.672
CT2082:180           -43.831   -38.846   -32.803   -25.472   -18.856   -15.745
   -16.244   -13.066    -4.084   21.046   38.969   32.373    2.549   -13.866
    -9.038    4.722   12.414   15.538   22.373   27.513   33.533   34.747
   32.284   23.576   17.975   19.037   20.036   32.080   57.902   87.344
CT2082:175           -46.033   -43.090   -37.882   -28.618   -19.867   -17.795
   -29.135   -36.440   -26.426    6.602   25.456   21.173    0.135    -8.153
    -9.247    -6.990    -3.491   10.980   27.484   33.835   42.603   49.430
   44.221   22.649   12.829   17.232   21.847   38.935   72.611  101.391
CT2082:170           -38.154   -32.825   -26.753   -19.653   -13.495    -9.831
    -6.694    -0.753    0.417    -5.157    -9.392    -8.240    -8.321   -10.558
    -7.778    -1.787    1.795    8.504   19.154   22.995   20.701   19.564
   19.289   16.173   14.830   17.325   19.213   31.978   58.860   88.599
CT2082:165           -34.395   -28.761   -22.875   -16.776   -10.327    -3.959
    2.608    7.852    7.616    1.026    -1.008    -3.525    -4.040    -3.458
    0.165    7.833    9.800    0.916   -15.806   -18.323   -16.570   -19.212
   -12.441    6.340   16.251   18.592   18.041   30.345   52.626   75.960
CT2082:160           -21.149   -22.656   -23.238   -22.845   -20.187   -14.180
    -0.836    8.411    8.298    -1.344    -9.118    -8.220    -1.784    0.604
    1.928    5.749    6.073    -0.556    -8.755   -10.674   -13.130   -13.124
    -7.981    4.183   12.843   17.410   19.267   36.150   66.509   93.700
CT2082:155           -29.035   -25.716   -22.694   -20.012   -15.390    -7.108
    7.414   16.191   17.745   17.213   15.370    8.919    -2.215    -7.532
    -6.193    -3.574    -3.610    -2.860    -2.828    -2.838    -2.449    0.955
    3.348    4.618    8.668   11.844   13.384   26.688   54.007   84.971
CT2082:150           -43.489   -28.390   -15.446    -3.924    6.237   14.765
   25.333   32.010   31.829   27.780   21.844   13.529    -4.132   -12.576
    -9.199    -0.101    1.313    -7.126   -21.264   -21.352   -10.099    -1.178
    2.805    0.174    -0.184    3.779    7.832   26.282   61.806   91.378
CT2082:145           -45.891   -30.993   -15.825    1.336   15.507   22.260
   24.365   25.053   24.531   25.094   23.199   10.942   -12.926   -20.794
   -16.847    -4.193    -1.411   -12.580   -25.722   -23.810    -6.094   11.824
   14.929    9.319    8.067    9.714   12.172   28.156   59.451   91.531
CT2082:140           -55.426   -37.534   -18.077    3.071   18.810   20.514
   11.359    7.917    1.811    -3.028    -3.675   -15.006   -38.006   -46.790
   -33.747   -10.638    -6.420   -19.026   -42.409   -40.357    -7.472   18.314
   21.570   10.196    5.427    6.730    8.692   24.471   56.527   93.090
CT2082:135           -59.623   -43.173   -26.826    -5.420   13.548   14.436
    -6.697   -21.899   -28.079   -37.905   -50.350   -49.006   -36.863   -31.753
   -20.150    5.037   12.571    0.561   -11.538    -9.747    4.202   20.048
   23.979   21.063   20.615   15.987    3.089   22.903   67.913  105.017
CT2082:130           -49.942   -39.790   -26.103    -9.283    4.714   11.806
   20.967   25.479   14.655    -8.308   -19.246   -21.345   -12.003    -6.266
    -2.154    5.872    9.257    3.262    -9.111    -9.321    -0.457    4.292
    9.801   19.397   24.477   22.991   16.061   28.870   61.412   94.092
CT2082:125           -37.551   -32.274   -22.591    -6.017   10.923   26.000
   51.140   62.647   51.777   22.658    6.347    1.114    2.168    2.088
    -5.164   -17.800   -18.919    -3.462   17.678   16.383    -8.773   -26.509
   -22.669    -9.437    0.531    7.793   14.962   33.064   59.796   86.465
CT2082:120           -31.737   -19.161    -5.076   10.308   23.822   34.767
   49.926   56.122   46.640   20.813    3.966    -2.953   -10.186   -16.563
   -26.419   -40.926   -41.517   -21.260    -1.038    -3.758   -26.778   -44.506
   -44.566   -36.011   -25.265   -10.211    7.850   29.543   57.187   83.935
CT2082:115           -39.237   -18.563    1.656   19.694   31.679   33.256
   25.161   20.026   15.207   10.303    5.828    -2.914   -19.064   -28.594
   -29.524   -29.825   -29.113   -15.907    -0.429    -5.579   -33.789   -53.197
   -51.793   -38.837   -26.284   -10.262    8.031   27.212   49.376   74.504
CT2082:110           -53.039   -31.680    -9.293   21.855   45.467   42.425
    9.399   -10.258   -11.150    -1.272    1.648    1.607    4.109    5.627
    6.126   13.478   14.656    6.175    -1.692    -9.362   -31.205   -48.940
   -43.539   -20.724    -6.425    5.998   20.178   36.219   52.259   70.305
CT2082:105           -32.471   -16.902    -0.678   17.024   28.663   26.709
   14.484    7.876    5.632    6.706    8.468   12.639   21.750   25.099
   23.887   18.582   13.279    4.432    -7.184   -13.478   -15.436   -14.251
   -14.987   -17.199   -11.769    4.933   23.836   42.994   64.556   85.074
CT2082:100           -20.595   -11.044    -0.737   11.582   19.717   17.959
    9.710    5.758    4.936    4.006    4.545   13.228   28.588   34.140
   32.810   29.281   23.586    2.073   -24.237   -29.578   -18.695   -12.325
   -12.662   -17.243   -12.748    7.112   32.550   53.801   73.371   91.981
CT2082:095           -10.128    -5.646    -2.714    -0.239    1.286    -1.277
    -8.495   -11.958    -9.253    -0.143    6.362    9.337   12.823   15.083
   19.495   24.605   21.411    4.289   -17.820   -22.805   -13.315    -5.432
   -10.867   -30.765   -29.608    5.365   54.163   72.591   77.541   88.751
CT2082:090            -7.372    -8.024    -7.596    -4.082    -1.679    -6.376
   -16.463   -20.793   -17.192    -4.465    2.707    1.663    -5.000    -6.522
    0.650   13.252   15.132    8.794    2.667    -0.638    -6.015   -11.875
   -15.554   -26.795   -25.123    -2.591   29.006   53.959   76.372  100.186
CT2082:085            -6.767    -5.451    -3.005    1.568    3.232    -3.239
   -18.119   -25.037   -20.636    -8.053    -2.871    -2.471    -5.696    -6.890
    -7.449    -8.390    -7.709    2.790   14.916   15.000    8.446    3.331
    -0.061    -9.095    -9.712    3.524   19.356   43.552   82.451  120.711
CT2082:080            -4.034    3.165    6.695    7.626    7.441    2.752
    -9.014   -12.624    -8.144    5.252   11.798    9.993    2.363    -0.180
    -7.010   -15.315   -15.573    -3.822    7.970   10.337   14.025   18.474
   14.544    9.845   12.009    7.945    -0.038   31.288   90.489  137.771
CT2082:075            -3.515    2.081    3.435    0.676    -3.108    -6.828
   -11.844   -13.498    -5.446   16.521   26.779   19.936    -1.831   -10.020
    -7.398    -1.739    -0.256    -2.004    -2.060    -1.579    -7.419   -14.937
   -11.716    -9.836    -8.926    -4.916    -2.659   19.743   65.862  118.291
CT2082:070           -12.763    -8.568    -6.476    -5.329    -4.812    -7.500
   -13.901   -17.964   -13.227    -1.622    3.170    7.386    6.052    5.514
    4.003    0.446    -0.776    -1.659    -2.194    -1.242    2.837    8.134
    8.981    8.650    9.675    7.855    5.043   25.872   67.851  111.860
CT2082:065           -23.008   -19.486   -13.930    -5.518    -0.053    -1.257
    -4.913   -11.650   -21.617   -36.724   -40.621   -21.438   10.214   24.280
   18.960    5.390    1.706    -1.838    -6.091    -3.446   10.441   21.230
   24.023   23.365   24.451   19.715   10.888   31.735   73.180  107.454
CT2082:060           -27.950   -22.543   -15.847    -6.760    -1.280    -5.414
   -12.549   -22.959   -51.885   -91.876   -93.267   -69.492    -9.303   20.177
   18.167    9.251    7.503    -1.975   -12.317   -10.758    1.184   10.324
   13.850   15.131   17.411   15.146    8.117   20.488   50.447   86.641
CT2082:055           -25.959   -19.022   -12.375    -4.188    1.293    -8.135
   -32.955   -53.718   -93.413  -184.979  -224.329  -162.473   -43.299    -2.713
    0.806   -12.029   -14.924    -3.778    8.572    6.080   -13.773   -21.949
    -8.891   22.574   34.219   26.433   14.642   28.651   58.708   85.922
CT2082:050           -34.391   -26.666   -19.172   -10.461    -2.233    0.003
    2.093    -4.412   -35.672   -96.007  -116.076   -80.558    -5.346   20.750
   17.647    6.591    3.440    -0.090    -0.139    0.010    -8.350   -13.400
    -2.577   19.434   27.567   23.976   17.048   28.341   55.185   83.478
CT2082:045           -32.843   -20.261   -11.218    -8.634    -0.601   23.105
   67.641   82.262   68.279   36.002   25.310   29.711   51.099   58.533
   38.721    1.916    -9.320   -10.040    -8.803    -3.040   20.692   39.377
   35.709   17.412   11.773    6.889    -0.363   14.306   46.695   76.741
CT2082:040           -30.729   -19.739   -10.754    -6.423    2.554   31.028
   87.710  108.868   96.979   61.461   47.148   50.590   68.788   74.043
   46.228    5.354    -7.054   -15.154   -20.979   -12.178   27.584   55.919
   48.507   22.722   15.662   12.040    7.222   23.042   53.800   81.159
CT2082:035           -40.519   -30.166   -19.753    -9.561    5.479   39.061
   95.931  117.936   99.947   44.485   17.503   15.857   14.560    9.695
    8.478    1.843    -4.614   -19.429   -32.279   -22.378   15.806   36.897
   33.813   12.072    2.843    0.881    0.909   14.759   41.878   72.006
CT2082:030           -61.201   -52.195   -39.220   -23.197    -7.167   15.548
   52.300   65.902   53.814   15.285    -4.284   -11.457   -18.472   -22.805
   -13.844    -3.153    -3.084    -9.807   -10.929    -4.665   17.307   32.955
   26.849    4.622    -1.789    1.662    7.735   24.630   53.380   79.907
CT2082:025           -54.583   -39.440   -23.067    -4.887   10.797   17.695
   18.755   19.397   12.984    2.600    -4.548   -13.124   -16.905   -15.964
    -9.986    -0.651    2.545    2.564    1.264    2.234    1.368    0.058
    -0.315    -3.820    -4.357    -1.862    3.407   23.851   55.503   83.594
CT2082:020           -51.747   -35.937   -20.371    -1.595   11.682    6.366
    -8.669   -13.957   -17.737   -17.710   -18.829   -18.843   -16.877   -14.923
    -8.665    -2.500    3.402   20.000   33.544   28.182    5.037    -6.278
    -5.474    -0.689    1.437    0.204    0.255   18.341   52.158   86.409
CT2082:015           -47.199   -29.014   -13.764    0.076    8.570    0.549
   -18.592   -25.619   -26.611   -22.038   -21.344   -14.729    -3.406    -0.092
    -1.276    -2.033    2.938   16.097   24.387   21.509    5.496    -3.311
    -1.327    3.668    6.448    3.525    0.617   21.636   55.947   85.002
CT2082:010           -48.700   -29.835   -14.541    -0.985    8.463    8.298
    3.506    0.574    -2.251    -3.712    -5.950    -8.105    -7.416    -6.241
    -7.044   -10.013    -8.393    -1.813    1.837    1.565    -2.041    -2.766
    2.121    9.389   14.168   13.091   11.375   27.821   53.680   75.411
CT2082:005           -55.511   -41.008   -25.161    -6.075    8.299   14.989
   20.876   22.412   16.335    6.224    0.140   -11.366   -23.145   -25.156
   -16.802   -10.310   -13.313   -22.075   -25.598   -26.058   -27.960   -25.921
   -15.977    -3.663    4.996   14.857   23.843   34.350   45.577   58.012
CT2083:360           -57.811   -47.710   -34.384   -13.136    3.767    8.387
    8.741    9.329    9.657    8.190    2.781   -13.158   -28.042   -31.662
   -24.489   -20.292   -27.140   -42.184   -48.935   -47.971   -45.024   -40.118
   -28.622   -13.347    -3.166    6.876   16.735   26.410   35.374   45.647
