
filled_synop: 30 data points in equal steps of sine latitude from +14.5/15 to  -14.5/15

CT2115:360           -50.468    -2.001   30.823    4.572   -50.016   -91.483
  -130.687  -173.452  -292.860  -587.295  -714.895  -575.615  -305.276  -198.219
  -126.440   -51.539   -29.629   -86.635  -150.266  -118.421    -8.815   69.112
   85.454   74.009   60.890   57.113   52.568   46.689   41.321   36.042
CT2115:355           -74.522   -20.398   40.995   22.805   -34.759   -70.370
  -109.445  -145.106  -210.945  -381.494  -448.320  -361.652  -228.374  -176.148
  -111.226   -71.470   -82.673  -206.404  -329.193  -295.557  -132.065   -13.012
   18.016   35.970   54.126   62.446   64.462   63.516   59.307   51.333
CT2115:350           -44.682   11.313   46.091   22.236   -33.783   -60.339
   -51.200   -49.223    -4.852  159.767  239.252  218.636  156.049  143.586
   81.895   12.041   -25.793   -97.094  -141.930  -153.560  -135.620   -96.372
   -66.294   -21.971   20.573   39.955   48.517   56.066   62.562   67.249
CT2115:345           -77.796   -18.762   45.842   38.947    -7.736   -32.025
   -14.887   -14.110   28.982  220.947  321.731  269.860  143.482  130.077
  110.109   58.485   31.132    0.658   -26.526   -49.891   -90.166  -112.326
   -96.272   -55.141   -17.364    9.465   39.482   65.984   80.920   91.409
CT2115:340           -56.112   -11.194   27.582   23.218    0.379   -37.390
   -99.292  -173.845  -245.482  -343.667  -302.581  -230.588   -64.946   20.789
   39.163   43.501   34.183   11.534    -9.315   -26.889   -58.516   -83.681
   -76.581   -43.654    -8.415   11.879   25.338   39.804   55.810   72.010
CT2115:335           -35.988    -3.221   21.067   18.519   14.095   -52.411
  -280.590  -526.648  -718.198 -1148.850 -1280.053  -909.784  -224.221   -11.669
    0.215    0.960    -3.082    2.259    9.862    -0.530   -24.535   -47.470
   -46.558   -28.614    -9.868    3.041   13.551   25.067   39.824   56.873
CT2115:330           -36.174   -12.353   12.832   18.957   48.037   -19.727
  -448.473  -871.348  -894.365  -962.591  -974.623  -467.599  114.814  197.411
  119.038   29.424    -7.006    -7.630    -5.096   -11.515   -13.082   -17.792
   -15.763   -11.260    -8.183    -1.637    3.960   14.622   31.668   53.073
CT2115:325           -46.433   -24.463    -2.658   11.493   32.136    -1.260
  -215.969  -432.011  -144.665 1068.639 1833.329 1540.535  755.025  400.333
  217.494   64.300    -5.862   -20.162   -30.523   -32.891    -7.378   17.244
   16.889    -6.827   -25.383   -17.781    3.553   25.049   43.177   60.930
CT2115:320           -51.500   -37.558   -16.569    0.896    4.080    0.334
   -33.802   -53.495  350.384 1585.987 2318.663 1934.522  782.548  279.213
  136.164   44.029   -14.837   -31.773   -49.147   -52.726   -35.964   -17.233
   -10.912   -13.623   -16.719    -8.799    9.050   28.105   44.575   60.009
CT2115:315           -50.270   -37.740   -27.219   -15.857    -4.808   10.517
   45.797   87.034  282.923  757.955  996.119  776.131  229.456    -8.472
   -44.828   -14.463   -30.265   -33.472   -38.828   -38.872   -32.810   -29.842
   -21.807    -9.438    -2.163    6.462   20.565   34.186   45.742   55.682
CT2115:310           -45.039   -32.540   -20.122   -11.461    -3.722    8.671
   70.348  135.143   96.604  -146.384  -290.532  -224.482  -191.438  -217.305
  -115.868   -27.426   -20.414   -17.158   -10.522    -8.693    4.055   21.816
   23.310   15.895   14.591   21.946   31.562   39.130   46.048   52.942
CT2115:305           -39.626   -23.646    -5.886    -5.505   -16.477   -24.107
    -1.674   40.708   -85.189  -411.967  -485.023  -379.871   51.717  203.701
   72.448   -11.449    -7.319    -7.175    -9.066   -10.376   -15.384   -20.942
   -14.341    5.528   19.507   28.024   35.191   41.238   49.349   58.238
CT2115:300           -30.073   -16.320    -6.853    -2.815   10.519    0.685
  -123.079  -291.540  -410.012  -671.199  -831.198  -640.915  -277.005  -156.156
   -50.276    -1.747   24.203   14.421    0.361    -5.802   -24.155   -38.408
   -36.835   -22.957    -9.962    2.795   21.888   40.452   56.577   71.645
CT2115:295           -26.465   -14.910    -4.958    5.512   13.147   37.938
  131.951  224.778  119.996  -136.900  -237.819  -311.962  -199.981  -102.252
   -92.779    7.115   60.482   42.814   17.544   11.910    -1.988   -12.285
   -20.298   -31.008   -34.680   -20.851   13.631   46.338   71.338   93.586
CT2115:290           -24.727   -12.125    -0.194    6.935    2.209   43.174
  261.193  489.203  399.089  114.114   23.483  -256.549  -468.271  -448.389
  -307.864   -13.712   76.269   54.117   32.751   29.455   13.072    1.410
    -8.664   -26.288   -38.889   -27.772    5.742   39.031   64.097   87.692
CT2115:285           -17.578   -17.173   -20.324   -34.085   -65.705    -7.193
  252.215  531.475  507.434   -22.067  -428.487  -476.012  -808.922  -982.050
  -528.554   -64.489   23.535   35.314   36.530   42.007   44.743   46.124
   26.713   -16.921   -48.982   -43.574   -10.102   24.897   53.345   79.714
CT2115:280           -21.027   -23.724   -27.834   -21.127   -43.394   17.401
  148.528  279.561  561.743 1319.332 1633.200 1292.052  775.374  576.141
  227.950   31.236   10.987   66.490  110.219  111.286   72.512   37.353
   16.948    -6.475   -23.103   -23.691    -1.453   23.539   46.353   72.350
CT2115:275           -33.028   -47.321   -53.436   -26.179   14.027   89.022
  157.490  246.677  687.380 2027.244 2701.995 2139.636  975.703  541.721
  314.354   71.906    9.486   83.680  144.625  150.848  116.390   78.639
   52.411    7.458   -30.384   -33.718    -4.993   26.096   49.616   70.665
CT2115:270           -22.832   -45.463   -56.366   -20.710   35.968   99.215
  158.424  240.298  531.393 1189.894 1426.959 1192.503  485.237  147.624
   93.006   47.684   15.871   87.544  159.095  180.447  182.460  170.956
  143.880   67.838    -4.944   -23.295    4.001   30.927   49.149   66.886
CT2115:265            3.684   -20.300   -51.879   -24.859   27.783   77.484
  142.926  222.945  319.969  404.005  376.711  345.740  160.650   32.362
    6.093   16.777   10.882   67.099  121.961  159.306  233.790  278.387
  256.883  134.500   23.831    -2.714   15.658   33.276   44.476   57.108
CT2115:260           -26.328   -50.964   -59.958   -22.770   50.743   97.474
  116.136  132.707  110.126   -14.253   -66.629   -81.980   -34.023   -18.535
   -11.761   20.242   20.209   -14.552   -38.631    6.248  190.828  358.609
  350.108  186.247   36.122    -2.032    8.918   22.737   31.501   40.252
CT2115:255           -25.790   -45.459   -54.637   -24.569   53.421   85.436
   37.043   -35.626  -123.337  -306.674  -393.994  -375.887  -195.730   -85.037
   -50.650    3.084    6.353  -117.952  -266.096  -237.563   -31.792  156.208
  190.553  121.970   36.134   12.186   18.282   22.343   21.954   21.190
CT2115:250           -10.407   -22.495   -39.820   -16.363   56.218   77.171
    -1.275  -116.194  -238.869  -520.095  -712.503  -634.233  -397.497  -272.539
  -143.289    4.145   30.125   -87.187  -224.893  -231.971  -126.784    3.542
   44.009   42.353   37.242   30.351   22.493   15.386    8.973    0.443
CT2115:245           -22.706   -39.074   -45.184   -19.677   48.923   66.508
    1.113   -84.128  -152.272  -253.090  -285.593  -273.182  -209.940  -134.762
   -69.353   32.199   53.948   -22.642  -119.538  -139.354  -117.848   -76.607
   -48.953    -5.682   41.231   45.782   24.346    5.406    -8.378   -21.992
CT2115:240           -10.772   -21.084   -29.862   -16.199   28.432   54.206
   40.440   15.718    5.829   35.087   54.232   52.123   40.588   38.928
   44.463   32.357   26.453    8.816   -23.420   -49.653   -96.454  -143.649
  -133.657   -62.486   20.411   38.683   15.504    -8.486   -23.708   -33.959
CT2115:235            -2.318    -8.950   -19.931   -14.050   13.346   33.622
   58.886   97.896  107.902  121.680  131.646  120.009   72.447   17.981
    6.606   19.897   31.191   35.888   34.128    9.799   -63.795  -149.473
  -151.715   -73.111   11.992   29.639   13.327    -5.488   -21.474   -33.255
CT2115:230            -7.331   -13.679   -17.311   -11.367    2.979   20.183
   47.499   81.770  101.388  117.421  125.629  113.425   34.007   -52.666
   -52.139    8.959   38.360   55.443   72.982   57.674   -12.917  -117.716
  -138.697   -81.297    -5.228   18.677    8.988    -6.154   -23.361   -44.319
CT2115:225            -6.610    -5.471    -4.733    -1.678    6.908   18.586
   32.300   33.265   52.719  141.195  275.088  267.385   95.235   -34.892
   -46.654    4.833   37.096   54.974   81.875   77.069   16.397   -64.815
   -84.002   -50.768    -4.191    9.234    2.010   -10.859   -35.231   -58.354
CT2115:220            4.115    1.922    -1.275    0.294    6.185   15.905
   15.211    -9.558   13.104  162.454  336.280  300.698  104.929   -39.579
   -50.072    -1.588   33.225   61.928   93.013   96.192   42.566   -37.784
   -61.864   -31.462    5.084    5.757   -13.521   -35.365   -55.137   -75.503
CT2115:215            1.062    -0.627    -1.053    3.799   12.154   20.491
   27.050   33.970   51.574   62.601   52.461   23.007   -32.373   -76.253
   -71.025   -27.133   12.271   58.279  123.216  141.813   99.930   13.535
   -22.968   -20.016    -3.145    -9.449   -30.787   -51.859   -70.481   -88.804
CT2115:210            -2.129    4.236    9.185   14.188   23.439   34.571
   60.262  122.146  145.196   73.017   -86.712  -164.192  -160.973  -121.692
  -110.346   -78.207   -41.961   10.467  116.288  168.124  135.478   65.133
   33.822   13.523    -5.687   -18.254   -34.594   -55.399   -80.611  -104.846
CT2115:205           -38.256   -30.824   -34.542   -20.595   58.598  148.679
  202.116  212.362  191.842  104.272   -13.433  -114.914  -202.105  -210.647
  -157.385   -82.958   -31.809   53.229  182.027  245.014  252.399  230.704
  192.931  105.844   30.728    6.257   12.473   20.868   25.403   30.164
CT2115:200           -44.246   -33.906   -21.004    2.817   50.325  104.066
  166.840  226.137  189.248   42.091  -109.755  -182.607  -220.144  -203.106
  -150.309   -93.181   -61.141   -33.976   21.763   88.282  177.499  225.751
  201.436  109.954   27.098    -1.307   10.600   26.665   33.207   37.397
CT2115:195           -44.592   -27.747   -11.584    6.813   36.124   70.404
  125.966  225.570  221.883   27.871  -255.640  -344.363  -250.725  -183.920
  -137.564   -81.050   -49.157   -59.691   -51.763    5.208  101.183  157.654
  166.906  110.110   29.004    -1.920    8.661   23.628   30.237   35.259
CT2115:190           -49.181   -28.889    -8.148   14.333   35.405   46.122
   59.832  117.479  103.027   11.442    -7.831    -9.250   -99.268  -160.882
  -131.859   -66.233   -30.673   -41.959   -48.448    6.970  184.463  330.908
  324.581  194.133   74.261   34.509   30.088   28.009   22.007   17.381
CT2115:185           -47.495   -30.546   -12.797    4.652   25.830   30.761
   15.756    -3.669   -47.164  -119.171  -173.500  -161.436   -96.548   -86.878
   -74.598   -59.736   -43.194   -36.245    -0.054   77.832  223.447  303.595
  286.281  184.366  101.167   68.010   48.924   31.841   20.740   13.464
CT2115:180           -36.591   -22.859   -11.512    0.749   25.382   31.761
    -4.399   -67.871  -120.124  -175.830  -168.395  -136.565  -101.422   -85.716
   -69.739   -64.460   -61.089   -55.487   -52.629   -21.678   95.424  199.576
  195.236  115.858   46.036   22.364   23.690   28.006   32.952   40.294
CT2115:175           -40.462   -34.944   -26.367   -10.865   24.949   34.121
   -23.702  -123.387  -195.232  -250.466  -259.433  -217.337  -110.486   -47.207
   -29.089   -32.247   -30.743   -37.589   -56.547   -71.077  -115.080   -93.251
   -49.576   -41.695   -84.673   -86.210   -43.387    6.518   40.386   67.397
CT2115:170           -39.082   -34.836   -29.010   -17.890   19.652   29.802
   -53.286  -181.558  -246.133  -271.411  -254.906  -185.519   -80.458   -33.182
   -21.903   -21.476   -19.034   -20.162   -33.266   -51.414   -92.323   -62.701
   -45.851   -21.465   -21.305   -26.439   -14.292    9.245   29.544   51.323
CT2115:165           -32.289   -24.251   -17.472   -10.993    7.953   13.195
   -42.908  -141.568  -192.255  -151.858   -81.849   -58.765   -52.412   -41.842
   -16.915    -1.818    6.523   26.488   65.254   65.861    2.714   -72.271
   -86.044   -32.927   10.231   21.998   19.202   15.274   18.336   25.587
CT2115:160           -31.280   -22.860   -14.447   -10.366    0.230    8.826
   -22.141  -102.529  -144.521  -131.596  -115.810  -117.392  -108.353   -57.574
   -13.071    9.808   21.675   52.878  124.399  135.505   45.300   -93.626
  -126.144   -56.601   25.690   45.259   31.016   15.637   12.460   14.337
CT2115:155           -33.528   -23.282   -11.980   -15.448   -28.221   -21.519
    -8.495   -64.182  -125.434  -172.988  -246.925  -277.819  -219.612   -79.199
   -30.322   -19.775    -5.774   21.589   65.666   68.366    -9.109  -119.158
  -148.274   -88.492    -7.924   28.328   32.900   28.309   24.025   18.233
CT2115:150           -42.193   -26.601    -7.386   12.506   37.179   55.221
   90.843  259.478  353.514  275.366   62.430   -45.085   -58.342   -43.798
   -39.125   -15.706   12.981   37.725  130.090  192.940   92.173  -133.608
  -189.752  -124.590   -20.490   12.627    8.972   -10.056   -42.277   -35.196
CT2115:145           -37.483   -25.521   -14.280    1.842   34.023   80.460
  185.701  390.512  480.627  339.231   64.638   -36.833   -42.853   -25.624
   -33.936   -63.791   -79.029   -88.739  -136.640  -163.680  -171.591  -158.887
  -149.201  -107.027   -31.891    -1.256    -7.469   -18.856   -27.517   -30.266
CT2115:140           -25.993   -17.304   -13.069    1.025   23.720   50.262
  157.275  424.458  525.073  430.564  195.241   79.004   31.680    1.333
   -26.269   -58.295   -81.848  -102.611  -115.857  -115.560  -136.310  -133.511
  -119.933   -74.019   -16.140    1.927    -0.546   -10.043   -16.000   -14.538
CT2115:135           -17.454    -6.059    3.252   12.465   30.361   47.803
  119.008  308.655  424.491  393.173  231.664  115.334   55.869    6.007
   -24.950   -54.964   -80.101   -87.804   -87.699   -71.346   -86.431   -89.534
   -87.241   -77.636   -52.212   -42.659   -44.061   -44.337   -39.710   -25.371
CT2115:130           -15.920    -4.821    3.500   10.468   16.551   20.481
   48.181  133.816  219.829  254.334  251.838  214.495  122.502   19.907
   -14.185   -11.302    -1.513    7.126   -13.828   -33.336   -38.294   -64.582
   -83.519   -69.079   -40.147   -29.222   -28.112   -27.191   -20.146    -9.468
CT2115:125           -15.531   -11.364    -8.147   -11.227   -16.948   -15.098
   -27.957   -62.895   -45.238    7.368   76.995   87.544   66.906   18.655
    8.800   25.139   53.007  175.784  424.978  479.724  296.848   23.040
   -63.866   -49.352   -19.970   -13.014    -7.706    -3.045    2.395    5.160
CT2115:120           -10.808   -18.643   -19.748   -31.116   -83.837  -119.796
  -125.554  -140.775  -130.467   -88.944    -1.935   25.207   18.878   11.044
   21.199   55.142   78.267  127.843  214.466  233.994  194.308   49.306
   -15.085   -16.567    -8.902    -1.092   12.526   21.366   25.883   28.496
CT2115:115            -1.081    -6.012   -13.775   -40.204  -129.013  -168.998
   -85.114   93.653  142.699   58.206   -29.514   -53.428   -31.675   -14.203
    3.937   69.741   98.033   58.134   24.013   21.778    3.151   -38.366
   -58.335   -35.416   -10.436   10.373   22.743   30.079   38.082   44.820
CT2115:110            -3.581    -8.748   -15.219   -29.098   -72.940   -81.470
   45.999  312.264  398.028  288.636  118.231   48.185   -12.767   -45.816
   -34.463   27.051   43.541   -68.472  -301.202  -382.106  -304.729  -178.982
  -127.736   -66.132    -2.039   27.876   35.716   38.674   47.136   56.233
CT2115:105            -6.373    -1.493    -4.603    -0.507    -8.593    8.900
  134.812  322.378  366.982  312.095  256.916  152.920   -29.546  -117.790
  -101.426   -26.783   -14.463   -89.547  -204.539  -265.512  -301.292  -274.498
  -235.891  -151.574   -46.943    5.303   22.350   38.259   56.479   70.764
CT2115:100           -35.323   -18.689    -0.164   18.238   38.532   68.481
  125.880  203.142  204.138   86.751   -56.080   -87.880  -120.048  -156.292
  -127.229   -51.741   -37.554   -70.446  -125.782  -167.902  -243.609  -321.014
  -302.965  -191.637   -70.869   -15.055   14.678   39.223   61.214   77.833
CT2115:095           -47.796   -15.801   19.065   43.860   51.158   69.895
  109.131  149.326  133.455   88.716   50.741   -10.609   -63.470   -74.091
   -61.255   -29.588   -21.746   -25.858   -31.589   -63.969  -148.262  -221.503
  -220.185  -148.486   -60.747   -16.402    9.790   33.766   57.968   79.112
CT2115:090           -44.146   -15.869   12.142   41.869   73.391  104.046
  146.811  197.536  164.701   46.844   -42.837   -68.424   -49.296   -28.471
   -22.439   -26.360   -23.028   -18.744   -10.754   -31.251  -101.758  -176.521
  -183.619  -133.263   -69.549   -32.599   -17.426    -1.358   28.747   66.073
CT2115:085           -54.991   -27.818    1.625   38.418   86.852  118.273
  151.866  175.945  112.750   -49.845  -173.278  -176.915   -86.682   -28.770
   -16.072   -34.706   -29.176   -15.543    -1.767   -15.066   -66.359  -120.052
  -132.172  -109.188   -71.954   -49.362   -30.463    -9.270   24.871   67.150
CT2115:080           -56.549   -32.709    -9.029   26.475  102.272  133.170
  142.564  145.699   51.315  -250.779  -479.411  -425.172  -173.999   -51.873
   -23.353   -46.573   -35.307    -7.327   25.242   22.373   -26.604   -81.713
  -100.155  -100.915   -90.963   -72.082   -27.070   18.323   52.339   85.042
CT2115:075           -44.992   -19.540   10.934   50.198  107.900  119.484
   86.084   20.187  -103.697  -428.494  -667.927  -566.163  -209.166   -25.108
   17.791   -24.991   -16.965   34.136   95.159  109.051   82.254   35.344
    8.476   -33.921   -80.354   -79.581   -31.888   23.229   66.090  102.929
CT2115:070           -27.069    -5.063   17.927   38.084   92.675   81.921
   -32.250  -206.113  -356.337  -569.610  -705.800  -570.562  -146.823  107.308
  136.436   39.674   31.498   83.006  161.635  196.071  224.667  257.879
  229.037  105.780   -33.377   -65.890   -20.705   27.858   63.820   98.744
CT2115:065           -26.080    -6.331   23.375   28.840   55.079    1.609
  -214.112  -497.675  -665.982  -845.744  -924.972  -738.934  -228.709   68.983
  123.978   45.999   55.759   57.972   64.440   93.678  173.307  277.925
  262.795  124.050   -26.950   -57.610   -16.660   26.567   58.782   94.339
CT2115:060            -7.197   15.955   47.096   50.688   68.359   -45.571
  -565.314 -1233.078 -1434.296 -1390.313 -1160.355  -988.987  -572.113  -194.369
  -141.068   -77.929   21.240   46.145   -36.525   -28.035  113.940  205.234
  183.170   73.941   -50.821   -78.204   -36.708   16.950   60.487  102.649
CT2115:055            1.025   10.591   29.148    5.239   32.692   -45.764
  -842.510 -2219.005 -2439.341 -1684.684 -1200.583 -1075.532 -1223.455 -1364.993
  -919.031  -182.297   68.796  250.852  526.626  557.568  299.973   81.331
   33.291   -31.803   -92.633   -95.612   -34.622   28.725   71.931  114.127
CT2115:050            -4.169   19.273   39.209   19.921   -28.268  -101.984
  -304.737  -566.578  -562.173   -47.391  583.716  481.047  -230.065  -635.369
  -496.874   -34.646  145.595  104.180   88.055   99.472    -0.790   -73.984
   -78.254   -87.261   -92.628   -85.906   -40.220   18.658   65.227  107.620
CT2115:045           -26.363    -2.926   20.716   22.349   -39.491   -38.809
  249.840  779.745 1012.238 1281.342 1561.159 1453.043  992.364  723.276
  423.057   18.584  -156.896  -366.979  -819.774  -883.329  -499.396   -60.400
   42.887    -8.695   -65.578   -76.370   -32.089   23.078   60.938   97.357
CT2115:040           -32.253    -4.678   17.000   38.684   -17.259   29.072
  572.682 1450.572 1713.594 1461.716 1104.511  937.569  675.804  422.137
  284.309   84.780   -52.283  -222.587  -428.632  -405.007   -79.025  343.179
  428.211  267.304    2.114   -80.084   -42.378   11.491   48.135   86.495
CT2115:035           -33.963    -7.107    3.741   18.542   -10.554   81.445
  570.907 1302.389 1433.086  887.506  279.042  124.076  120.613   49.362
   16.814   24.229   -10.624   -18.019    6.402   82.108  425.276  881.549
  910.290  507.736   21.670   -91.312   -45.397    4.841   35.272   71.819
CT2115:030           -37.541   -14.441    -2.775   33.858   45.919  132.587
  466.138  967.029 1005.919  503.330   12.048  -120.051   -59.432   -33.734
   -46.391   -10.116    1.469   25.998   46.325   76.603  179.002  249.086
  240.450  144.553    -4.765   -55.249   -34.147    -3.607   25.693   63.827
CT2115:025           -47.251   -20.764    0.505   47.095   94.052  183.252
  406.794  748.812  761.284  360.206    -0.808  -111.967   -92.827   -81.376
   -67.891   -16.645    6.664   29.361   49.231   51.800   38.967   18.146
    -7.487   -59.707   -86.853   -85.053   -52.193   -11.145   32.532   83.746
CT2115:020           -58.447   -32.620    -4.826   43.245  117.966  191.908
  280.008  393.087  363.811  127.912   -92.452  -153.416  -105.719   -74.192
   -57.889   -33.289    -6.518   29.540   80.563   39.679  -290.575  -729.291
  -788.544  -548.020  -271.819  -181.101  -111.163   -28.841   44.156  110.046
CT2115:015           -59.801   -28.632    1.697   39.136  102.481  144.078
  122.149   52.814   -11.916  -114.473  -207.405  -226.700  -148.230   -87.342
   -68.784   -66.485   -37.904   53.614  153.027  126.406   -59.613  -270.194
  -331.037  -307.411  -204.323  -146.411   -85.521   -17.746   41.175   94.893
CT2115:010           -56.846   -24.766   11.724   42.311   74.661   83.096
   17.200   -84.554  -150.652  -254.976  -334.465  -317.138  -201.055  -130.971
   -87.810   -49.985    -6.541  108.831  313.950  346.830  233.961  110.082
   52.347   -13.004   -70.320   -66.803   -34.865    -3.373   27.862   61.131
CT2115:005           -60.839   -26.483   12.807   28.383   39.939   28.399
   -76.256  -251.845  -318.198  -308.139  -270.111  -229.635  -114.591   -24.568
   -27.229   -75.191   -72.497   -43.082   -30.711    -6.740   97.019  173.498
  163.455   98.120    0.361   -22.014    -2.876   14.726   27.444   42.911
CT2116:360           -52.506   -12.228   27.790   41.170   34.752    8.723
   -97.671  -273.845  -333.549  -280.734  -204.950  -152.386   -64.125    -4.427
    -3.011   -48.061   -63.435  -117.137  -231.462  -232.659   -74.050  111.754
  145.311  101.276   33.825   10.171   13.077   18.278   20.198   22.515
