
filled_synop: 30 data points in equal steps of sine latitude from +14.5/15 to  -14.5/15

CT2161:360           40.421   33.950   26.370   15.983    2.038    -6.898
    -0.363   16.992   22.559   49.987   54.519   -54.191  -197.644  -293.262
  -314.438  -338.802  -316.978  -226.638  -203.677  -198.980  -187.785  -167.008
  -174.638  -201.671  -215.310  -198.037  -157.831  -117.602   -71.035   -26.381
CT2161:355           57.011   39.282   22.771    7.884    -9.763   -10.076
   35.885  106.951  100.733   49.128   -37.021  -252.899  -749.869 -1166.077
-1104.331  -557.438   67.587  255.937  158.695   77.984   44.801   -47.246
  -111.913  -160.869  -197.825  -192.964  -156.241  -120.401   -74.883   -29.165
CT2161:350           70.901   48.870   26.220    1.266   -21.487   -17.904
   45.186  161.188  153.132    -7.637  -219.554  -481.615 -1325.009 -2347.134
-2373.946 -1224.001   28.570  334.484  395.297  475.583  344.994   57.619
   -54.135  -112.931  -166.890  -180.330  -156.116  -131.016   -90.918   -42.432
CT2161:345           78.363   58.426   36.893    8.898   -29.025   -35.858
   10.472  103.219   89.283   -94.483  -372.503  -586.140 -1216.228 -2200.055
-2297.630 -1228.281  -328.612   -49.254  174.924  264.824  240.411  109.032
   19.284   -69.476  -145.222  -165.745  -155.637  -136.634   -84.585   -36.108
CT2161:340           73.791   57.587   37.314    9.689   -18.805   -21.887
    5.616   55.793   61.498   -45.151  -242.232  -326.816   -57.807  505.065
  589.955  100.047  -143.694   -45.209  172.617  281.815  247.711  136.526
   49.094   -60.782  -160.709  -183.834  -162.208  -134.141   -85.624   -37.821
CT2161:335           60.237   47.806   33.241   12.147   -16.587   -21.532
    -5.329    9.518   59.399  188.414  374.695  493.322  822.679 1222.323
 1187.086  611.020  112.930   98.024  300.636  399.904  335.932  190.941
   87.855   -38.865  -151.940  -174.210  -147.093  -126.011   -83.061   -36.429
CT2161:330           36.064   26.762   15.376    1.596   -17.681   -15.408
    -0.017    9.465  120.677  439.379  854.202 1038.677 1071.002  904.227
  742.407  468.214  179.651  134.713  298.750  367.278  306.683  182.953
   94.026   -25.324  -136.655  -165.150  -156.023  -132.551   -80.989   -33.024
CT2161:325           11.718    4.772    -1.787    -9.925   -19.251    -3.043
   29.614   49.612  197.471  634.472 1203.923 1388.701 1235.900  913.584
  723.699  439.403  185.559   93.935  124.444  123.243   73.520   51.439
   15.156   -68.009  -142.258  -158.373  -153.933  -138.788  -100.021   -50.104
CT2161:320            -7.105   -14.958   -17.874   -18.216   -24.237    -0.473
   60.790  124.366  269.445  653.521 1222.326 1401.844 1183.833  864.342
  717.171  487.160  282.101  144.933   -96.108  -298.569  -284.912  -149.482
  -135.488  -142.768  -143.286  -147.723  -145.226  -130.196   -86.536   -46.217
CT2161:315            1.202    -0.457    -0.537    -0.770    -4.260   17.611
   74.111  137.121  252.875  500.173  785.253  858.071  698.461  437.323
  371.368  502.020  623.854  486.743   85.185  -159.201  -230.808  -225.848
  -236.671  -185.218  -127.084  -126.180  -143.380  -136.185   -94.842   -47.193
CT2161:310            2.773    2.826    2.880    1.200    -1.450   18.479
   79.885  163.341  244.941  328.190  415.981  450.636  359.418  245.375
  269.897  493.080  702.503  633.144  330.443  120.625   -16.307  -133.675
  -201.852  -162.925  -111.616  -118.547  -140.867  -139.861  -102.042   -50.625
CT2161:305            -7.689    -4.428    -0.210    2.874    2.342   14.580
   56.491  111.795  154.323  145.032   94.437  102.392  130.802  194.344
  290.420  507.186  671.242  703.617  641.151  478.093  306.936   35.166
  -108.148  -107.962   -83.458  -104.660  -144.259  -143.386   -81.356   -30.404
CT2161:300           -19.367    -6.357    6.343   18.629   31.495   45.821
   48.112   39.322   54.551   46.595   13.649   27.399   89.981  159.328
  282.254  659.534 1005.123 1077.322 1046.941  953.867  662.198  163.046
   -57.571   -81.107   -80.338  -101.109  -124.127  -130.683   -94.312   -45.017
CT2161:295           -31.060   -14.572    4.562   26.654   48.926   60.277
   43.794    9.073   23.113   84.881  167.556  210.447  235.094  250.015
  342.683  675.378 1052.273 1133.911 1118.440 1068.897  773.971  218.524
   -26.200   -65.056   -76.105  -105.532  -126.041  -128.386   -84.649   -29.732
CT2161:290           -33.702   -23.415    -8.961   14.638   46.655   61.521
   46.855    2.237   12.063  146.283  366.011  440.646  381.925  287.716
  297.077  300.798  292.036  409.359  741.389  877.509  665.123  193.518
   -15.351   -62.746   -81.926  -119.666  -155.802  -152.862   -72.740    -6.479
CT2161:285           -22.407   -13.689    -2.448   11.922   26.644   34.719
   37.738   35.328   57.540  163.500  326.362  367.373  268.108  124.893
   72.452  -107.971  -267.958  -149.118  252.686  444.036  365.924  130.808
    -5.797   -60.131   -90.246  -130.682  -170.535  -178.672  -127.296   -52.512
CT2161:280           -15.738    -7.507    0.928   11.910   24.947   29.185
   34.600   43.693   46.551   53.513   58.412   48.335    -9.950  -108.080
  -156.635  -264.148  -335.027  -219.220  152.950  384.029  343.311  167.650
   65.950   -13.396   -72.343  -125.107  -171.321  -184.029  -132.953   -64.147
CT2161:275           -11.235    0.363   10.052   18.267   27.318   23.192
    7.899    -5.538   -23.691   -88.991  -196.973  -239.614  -212.468  -196.245
  -213.206  -274.552  -298.544  -179.444  178.980  435.295  408.985  234.610
  139.548   39.767   -51.321  -114.943  -168.037  -179.093  -112.061   -52.914
CT2161:270            -8.255    1.350   11.361   23.749   36.580   21.097
   -49.235  -149.389  -214.301  -281.697  -325.746  -323.061  -277.736  -162.296
  -148.381  -257.284  -322.971  -204.571  135.549  377.796  446.776  426.311
  365.338  160.999   -57.230  -144.187  -176.771  -184.810  -135.910   -65.556
CT2161:265            -3.705    0.038    4.640   15.580   42.381   31.581
   -67.310  -211.447  -284.619  -391.276  -524.180  -550.994  -409.550  -194.138
  -179.362  -345.105  -513.932  -401.944   -10.749  266.933  423.757  611.408
  617.567  308.105   -19.025  -119.226  -151.796  -166.683   -90.048   -25.658
CT2161:260            3.505    9.477   16.452   25.168   33.974   12.933
   -62.449  -158.553  -206.819  -283.453  -388.953  -414.326  -276.997  -122.457
  -156.389  -358.240  -531.709  -446.655   -92.183  200.273  370.039  539.703
  556.296  315.492   42.204   -78.540  -149.905  -174.917  -121.994   -53.913
CT2161:255           10.222   17.925   24.348   30.998   37.649   25.940
   -23.579   -97.070  -101.999    2.576  172.793  203.506  126.093   17.978
  -101.735  -363.458  -541.994  -514.849  -306.694   -72.737  185.527  505.437
  582.332  351.525   85.532   -42.866  -126.284  -166.866  -133.187   -74.231
CT2161:250           13.978   25.558   34.698   41.684   48.505   50.943
   36.977    0.965   22.935  252.282  639.417  714.949  434.212   44.381
  -153.881  -503.771  -856.547  -832.654  -558.289  -327.824   19.579  566.460
  710.265  432.431   92.243   -29.448  -106.530  -147.530   -93.258   -50.370
CT2161:245           11.183   19.182   24.672   26.660   26.131   36.515
   72.780  119.288  164.701  290.874  458.024  452.857  254.155   -38.834
  -195.789  -358.764  -511.809  -561.394  -553.783  -443.072   -57.677  651.881
  864.852  540.197  171.795   32.852   -92.457  -161.078  -137.524   -85.642
CT2161:240            3.419   12.282   20.196   23.222   17.846   31.438
   90.898  181.653  211.646  158.772   34.511   -40.091   -70.118  -106.066
  -158.892  -128.596   -91.828  -205.294  -559.874  -666.431  -387.435  227.231
  459.984  385.234  228.402  120.165   -75.899  -161.464   -99.836   -53.956
CT2161:235           -12.610    -9.003    0.435   14.750   32.221   55.894
  105.768  171.831  176.084   76.602   -72.214  -135.089  -148.626  -127.952
  -138.188   -66.677   -23.980  -186.792  -735.885 -1028.211  -752.846  -189.771
   71.305  235.278  330.369  244.781   15.095  -113.220  -111.372   -88.723
CT2161:230           -18.561   -12.607    -3.214   12.657   31.914   49.798
   76.198  103.896   88.870    5.032   -96.577  -141.873  -158.417  -159.893
  -162.893  -102.770  -103.556  -235.012  -521.205  -646.051  -646.967  -519.610
  -310.073   94.363  388.194  316.848   22.894   -99.300  -118.359  -113.004
CT2161:225           -16.269    -3.869    7.911   16.768   22.225   27.393
   29.885   29.253   13.185   -31.818   -79.604  -103.732   -98.562   -77.544
   -82.604   -85.391  -110.434  -208.188  -374.143  -488.322  -590.503  -672.538
  -514.332   -19.441  370.361  328.373   65.881   -62.535   -72.083   -79.659
CT2161:220            3.484    2.226    7.795    8.335    6.756    4.351
    -6.395   -19.679   -30.317   -38.176   -46.535   -50.405   -32.072   -16.352
   -27.207   -51.825   -92.417  -184.110  -338.680  -454.097  -569.917  -658.766
  -516.425   -15.790  334.930  284.717   33.287   -68.749   -85.578   -92.849
CT2161:215           13.890   10.806    5.463    -2.872   -12.170   -20.675
   -30.176   -39.622   -45.614   -34.808   -23.671   -19.226    -4.755    3.007
    2.376   -15.195   -43.000  -135.789  -324.412  -433.547  -509.207  -540.036
  -434.426   -90.011  192.840  191.040   26.072   -59.296   -73.143   -78.400
CT2161:210           44.913   28.642   14.181    -5.036   -27.572   -43.094
   -45.854   -46.630   -56.904   -58.942   -57.282   -51.474   -45.727   -33.014
    -4.908   12.997   30.988   17.262   -72.452  -209.497  -276.623  -395.854
  -400.113  -150.159   88.667   99.076   -25.885   -75.134   -83.928   -83.825
CT2161:205           74.135   46.890   16.163   -18.427   -50.933   -71.575
   -73.574   -62.388   -78.452  -127.467  -184.449  -183.849  -162.542  -110.731
   -46.819   27.209   79.982  212.517  668.455  843.807  500.659  -239.366
  -447.760  -225.494   32.128   67.978   -10.027   -69.012   -80.065   -74.583
CT2161:200           81.998   45.816    5.382   -34.997   -86.691  -116.922
  -117.538   -90.572  -102.032  -214.046  -371.110  -383.289  -294.750  -150.575
   -54.675  113.519  292.636  412.807  872.517 1160.743  673.801  -314.219
  -569.574  -319.950   -26.090    5.133   -64.295   -78.816   -63.856   -54.245
CT2161:195           63.992   28.947    -8.131   -48.185   -83.157  -105.498
  -124.478  -145.536  -172.162  -258.759  -421.974  -443.929  -241.294   -10.613
   79.407  165.848  233.454  237.775    -2.942  -326.440  -397.251  -518.098
  -581.475  -374.035  -130.343   -65.318   -60.068   -64.180   -66.667   -63.866
CT2161:190           45.686   17.184   -14.910   -49.544   -87.536  -101.458
   -92.988   -75.246   -64.339   -39.740   48.950  119.441  160.484  269.669
  318.958  279.586  253.151  187.082   -96.649  -300.086  -412.804  -392.088
  -367.272  -269.582  -143.032   -96.122   -82.814   -69.058   -65.802   -66.644
CT2161:185           14.103   11.523   -23.196   -57.143   -83.852   -83.284
   -36.641   25.219   72.738  171.121  277.949  321.877  308.835  252.841
  253.573  289.497  299.598  261.139  216.300  175.707   16.900  -124.765
  -165.504  -148.727  -134.254  -110.858   -77.651   -63.804   -71.414   -73.340
CT2161:180            2.677   -14.881   -27.724   -37.819   -49.712   -39.893
   12.704   86.410  144.688  218.879  278.344  296.098  259.342  182.162
  167.440  214.593  235.446  253.221  315.133  297.132  210.099   44.124
   -32.334  -120.947  -198.831  -172.258   -95.519   -64.297   -63.865   -68.571
CT2161:175           -16.164   -11.996   -21.821   -28.708   -31.208   -16.713
   22.666   65.137  106.762  174.357  233.563  234.654  182.492  117.071
   60.046    -8.842   -46.105    -6.358  104.340  133.119   90.872   43.465
    9.874   -94.306  -166.265  -136.480   -73.604   -61.007   -78.439   -88.396
CT2161:170           -24.524   -42.925   -33.546   -27.076   -22.521    -5.613
   25.926   60.019   98.492  158.774  205.279  198.709  144.121   83.642
    -4.680  -164.984  -256.847  -239.977  -176.041  -163.805  -130.251   -68.477
   -69.634  -142.583  -159.667  -113.207   -57.218   -53.059   -71.030   -81.141
CT2161:165           -54.082   -35.400   -18.164    -6.448    3.351   20.271
   47.475   77.871  105.299  138.440  156.572  136.740   84.987   30.491
   -64.149  -225.622  -319.902  -376.424  -436.815  -436.716  -301.649  -136.640
  -101.540  -124.869  -124.342   -93.684   -55.195   -45.000   -50.960   -60.534
CT2161:160           -51.337   -28.426    -7.904    9.041   23.329   40.772
   59.702   78.059   96.495  128.550  151.675  128.333   67.665   10.703
   -56.107  -131.621  -190.551  -291.572  -437.294  -461.002  -332.028  -164.981
  -114.066  -112.626  -101.950   -81.957   -59.679   -53.309   -54.215   -54.959
CT2161:155           -46.924   -24.158    -1.706   19.966   39.570   59.570
   82.510  107.372  121.901  137.502  139.979  110.001   42.796   -15.930
   -46.336   -52.472   -70.232  -155.612  -309.552  -355.870  -274.813  -162.514
  -116.422   -90.721   -71.691   -63.506   -61.369   -57.693   -57.952   -57.804
CT2161:150           -49.313   -21.141    5.141   30.131   54.011   75.847
  103.784  135.129  137.625  118.744   89.104   53.703   -17.677   -73.187
   -76.363   -33.472   -18.868   -47.802  -111.534  -142.818  -137.282  -116.677
  -101.273   -74.151   -52.791   -47.095   -49.154   -51.992   -56.374   -59.592
CT2161:145           -43.325   -16.549   13.907   39.273   63.030   85.758
  114.783  146.576  133.269   50.606   -47.661   -88.439  -113.243  -114.427
   -83.503   29.916  107.545  106.708   53.377   14.165   -18.732   -62.320
   -77.797   -60.853   -41.676   -41.419   -51.325   -56.718   -59.133   -59.732
CT2161:140           -41.366   -18.393    5.522   31.689   60.343   83.399
  106.549  129.529  108.105    -4.883  -184.553  -244.310  -158.327   -48.915
    0.202   86.532  185.686  196.191  153.337  128.761   78.391   -22.006
   -63.617   -52.140   -33.317   -41.452   -55.259   -62.753   -58.593   -51.068
CT2161:135           -41.601   -26.377    -5.682   23.702   57.681   77.844
  102.291  136.872  125.714   60.982   -17.271   -39.477   -29.603    -2.326
   15.478   -11.115   -71.543   -10.746  173.855  246.628  187.754   31.922
   -33.743   -41.052   -47.828   -62.400   -72.494   -74.806   -53.337   -36.456
CT2161:130           -48.882   -22.483    7.760   46.003   87.829  109.903
  113.076  109.520   88.041   60.067   27.585   10.774    6.377    -2.269
    5.810   -12.318   -19.193   40.756  209.205  301.985  255.277  136.157
   72.561    6.204   -52.471   -75.679   -85.627   -86.704   -67.300   -43.794
CT2161:125           -38.539   -10.594   18.289   51.863   86.223   98.787
   89.357   71.440   39.379    1.520   -29.751   -41.210   -46.301   -39.375
   -25.519   -40.567   -41.196   10.963  154.530  245.162  225.833  149.295
   99.848   31.973   -39.440   -71.187   -89.075   -95.882   -79.843   -53.319
CT2161:120           -23.302    0.947   24.467   48.480   76.172   79.662
   55.270   21.172   -26.033  -132.085  -268.861  -299.887  -226.444  -100.326
   -60.441   -88.751  -104.454   -61.885   35.078   98.288  120.458  139.163
  122.755   50.227   -24.826   -55.477   -75.650   -84.446   -64.606   -45.774
CT2161:115            -1.113   19.893   36.478   47.346   59.301   53.429
   21.166   -18.542   -69.134  -205.163  -403.066  -449.632  -324.590  -145.480
   -92.763  -108.129  -108.898   -72.703    -4.418   46.710   73.463  111.475
  102.758   41.039   -22.717   -50.001   -66.422   -76.383   -64.503   -54.306
CT2161:110           17.066   21.006   24.262   27.492   31.150   18.972
   -15.703   -57.602  -100.921  -176.301  -265.296  -276.496  -226.711  -148.459
  -103.330   -57.957   -23.692    1.851   22.966   40.420   47.028   57.257
   45.689   15.514   -15.659   -42.565   -71.455   -85.623   -76.946   -65.086
CT2161:105            7.162    3.350    2.759   10.326   25.237   15.487
   -25.076   -75.386  -108.266  -107.005   -72.688   -47.621   -44.765   -14.256
   24.085   64.200  110.680  126.866  119.415  117.047   92.728   44.824
   15.167    -5.257   -24.615   -47.757   -71.549   -84.968   -78.313   -67.520
CT2161:100            -4.142    -0.654    5.445   16.844   30.315   18.066
   -32.981   -97.424  -121.086  -101.294   -81.069   -50.161   39.804  115.740
  150.700  156.682  164.639  196.874  265.108  290.019  211.852   77.651
   15.861    -6.560   -22.302   -48.656   -76.283   -88.886   -77.748   -66.216
CT2161:095            -8.007    -0.692    6.306   16.314   29.055   15.759
   -42.787  -113.857  -134.970  -119.935   -92.266   -42.010   77.470  187.334
  210.654  148.698  106.127  162.074  300.450  349.089  274.473  122.080
   52.790   13.385   -24.282   -52.671   -76.112   -88.711   -80.841   -65.592
CT2161:090            1.050    1.454    3.096   10.203   21.380    7.776
   -45.626  -102.726  -117.644  -117.440  -105.383   -53.287   73.168  182.180
  184.477   77.828   14.070   58.326  188.723  254.150  237.850  189.770
  145.895   62.148    -8.515   -44.142   -70.048   -81.043   -65.581   -48.438
CT2161:085            6.952    9.382   11.907   16.320   21.451    7.487
   -36.137   -81.375   -89.655   -75.687   -60.595   -21.466   77.531  154.920
  141.767   37.057   -20.378   -22.461   15.113   45.834  110.815  191.121
  172.558   80.792    8.762   -30.763   -67.907   -78.841   -56.025   -36.959
CT2161:080           -10.205    4.740   18.968   25.436   27.528   14.879
   -25.200   -65.171   -64.921   -21.464   26.849   64.445   97.943  121.649
  116.362   69.238   46.147   20.265   -12.791    -8.941   60.861  145.012
  138.678   82.213   32.880   -10.330   -55.259   -69.789   -58.629   -45.425
CT2161:075           -23.178    -0.477   17.387   28.970   33.722   24.581
   -13.118   -49.251   -51.988   -17.132   22.888   56.076   86.892  109.870
  137.156  167.464  182.217  154.391  101.905   86.966  101.493  121.996
  108.349   84.260   49.669    1.854   -51.271   -66.946   -55.913   -45.160
CT2161:070           -20.647    -6.122    4.963   16.928   29.846   28.539
    -1.359   -29.792   -55.954  -108.091  -127.516   -91.243    -1.232   71.256
  147.654  241.951  294.997  328.861  323.887  286.593  196.067  114.455
   86.741   79.272   53.220    1.755   -56.792   -69.372   -55.742   -44.533
CT2161:065           -10.530    -3.641    1.589    3.807    6.728    8.120
    2.027    -3.601   -45.985  -182.882  -285.566  -266.424  -104.045   32.063
  132.438  282.116  366.570  422.150  434.333  389.682  264.841  123.533
   78.734   66.756   43.366    -1.082   -52.322   -66.420   -52.192   -41.028
CT2161:060            6.780    -7.308    -2.889    -4.523    -8.016   15.640
   70.900  117.987   88.332   -38.985  -181.375  -210.631  -106.591    5.581
   84.960  226.445  307.939  300.493  257.168  231.594  163.916   80.719
   59.212   47.672   30.276    -3.347   -48.492   -63.962   -55.736   -41.703
CT2161:055            6.214    4.518    -0.919   -10.246   -12.971   48.723
  248.966  473.796  487.226  297.324   59.297   -14.361   -25.941    1.821
   15.980   35.572   47.171   -36.153  -197.095  -232.124  -143.293    -8.664
   32.126   26.770   16.645    -6.499   -47.400   -61.946   -45.583   -27.782
CT2161:050            -1.379    4.427   14.102   14.007    -0.245   73.403
  357.685  721.051  765.709  501.319   92.387   -46.981   -51.179   -32.199
   -74.730  -246.788  -387.843  -444.403  -517.558  -550.995  -379.876   -98.287
   -20.670   -11.618    -6.595   -19.419   -61.506   -68.922   -36.337    -9.567
CT2161:045            -0.839    6.429   12.532   10.407    7.983   74.083
  296.993  545.921  558.632  329.268   15.834   -83.574   -48.485    -1.830
   -36.648  -225.514  -388.423  -418.860  -326.006  -245.205  -200.712  -102.233
   -51.230   -31.169   -17.075   -23.472   -51.974   -63.875   -53.871   -39.251
CT2161:040            5.993   12.625   17.245   14.896   15.801   59.993
  182.896  311.952  301.706  132.823   -70.211  -112.114    -6.551  123.229
  172.499  152.756  124.928   76.235   -22.471   -88.266  -124.417  -124.374
  -115.039   -74.538   -43.239   -45.845   -67.145   -71.286   -59.789   -49.005
CT2161:035           15.980   20.921   26.045   27.613   24.922   40.812
   82.431  125.304  103.209   -12.975  -143.192  -151.991   -39.478  106.283
  247.880  516.277  664.646  614.462  289.134   46.108   -28.100  -114.651
  -164.283  -120.511   -73.796   -67.507   -75.094   -75.362   -68.376   -58.043
CT2161:030           24.073   26.850   29.188   31.394   32.890   26.644
   14.278    5.346   -19.362   -99.103  -182.518  -177.649  -110.520    -4.604
  175.838  700.708 1088.679 1056.629  716.290  469.906  256.720   -66.426
  -184.795  -140.170   -87.923   -80.221   -77.039   -72.998   -67.597   -61.872
CT2161:025           35.292   31.685   27.559   26.969   30.541   12.736
   -43.981  -111.912  -138.859  -162.587  -192.832  -182.371  -148.863  -139.895
   -13.042  485.195  936.825  900.440  682.650  591.963  334.616   -49.010
  -164.431  -138.202  -110.186  -100.490   -78.049   -67.930   -68.116   -65.554
CT2161:020           38.814   33.526   28.777   26.935   21.522   -12.697
  -104.760  -212.016  -228.274  -134.643    -6.954   24.854   -15.890   -43.769
   -30.289  -199.463  -431.571  -358.472  -175.450  -188.988  -168.015   -83.281
   -87.626   -98.005   -99.352   -91.768   -76.098   -63.410   -54.800   -47.905
CT2161:015           32.985   24.855   16.647   15.329   19.199   -15.520
  -123.268  -249.957  -256.731   -86.863  155.915  198.011   56.952  -135.021
   -95.547  174.957  268.308  232.290  -139.306  -369.900  -304.990  -103.023
   -66.245   -89.615  -107.743   -98.059   -76.193   -60.750   -47.465   -35.264
CT2161:010           36.603   26.150   19.641   23.325   27.327   -11.156
  -132.803  -274.359  -289.633  -114.653  100.234  107.254   -37.038  -194.430
  -126.720  670.322 1614.019 1294.114  236.552   -90.059   -85.889   -67.689
   -69.089   -93.006  -118.874  -108.404   -77.920   -56.447   -43.738   -31.909
CT2161:005           43.230   33.780   26.469   25.341   22.996   -10.793
  -105.246  -214.519  -256.957  -194.257  -103.245  -169.828  -404.395  -633.663
  -754.504 -1088.363 -1423.896 -1090.860  -263.195   85.859   80.635   -42.373
   -71.535  -102.904  -127.209  -111.442   -73.879   -48.953   -35.277   -24.494
CT2162:360           44.530   39.427   32.937   29.740   30.962   10.716
   -32.557   -75.285  -140.462  -265.287  -417.823  -564.893  -817.532 -1055.705
-1270.671 -2038.193 -2661.532 -2187.043  -637.280  115.862   88.366   -98.605
  -116.084  -139.493  -134.782  -111.088   -63.983   -39.587   -35.940   -28.576
