
filled_synop: 30 data points in equal steps of sine latitude from +14.5/15 to  -14.5/15

CT2209:360          108.196   87.652   67.204   44.420   19.804    4.775
   10.235   18.585   19.865   17.968   18.202   22.439   29.788   30.879
   28.415   29.463   29.894   31.847   43.260   41.209   25.237   17.169
   16.813   18.780   20.749   13.377    -3.081   -19.857   -37.838   -57.621
CT2209:355          105.074  100.917   99.259   72.033   21.033    -3.600
    -2.681    0.513    4.058   19.841   26.325   23.614   17.620   11.206
    -1.516   -13.987   -11.966    1.774   15.314   20.702   17.508   13.052
   15.812   24.870   30.630   24.983   10.380    -7.406   -26.701   -50.188
CT2209:350          109.335  101.647   87.816   55.246    5.424   -20.343
   -22.894   -20.252   -20.057   -10.054    -6.597   -18.321   -38.304   -50.372
   -64.949   -83.860   -77.782   -44.116   -15.980    -4.404    1.222    5.860
   12.985   29.220   42.821   35.131   10.209   -13.942   -32.340   -48.272
CT2209:345          104.289   90.897   72.987   45.248    5.516   -17.772
   -23.272   -25.382   -29.416   -34.052   -42.862   -62.175  -101.376  -120.424
  -107.326   -72.808   -55.234   -41.117   -18.827    -5.445    0.848    7.751
   15.585   28.696   40.415   34.613   14.604    -4.794   -21.518   -38.653
CT2209:340           93.982   77.217   60.943   38.494   10.325    -6.544
    -4.540    5.189    2.510    -9.715   -22.076   -44.311   -87.695  -107.828
   -91.429   -61.508   -46.592   -36.259   -28.688   -16.800    1.007   19.126
   27.664   29.324   29.426   26.112   16.918    5.541    -7.458   -21.631
CT2209:335           88.110   64.363   42.902   23.705    6.070    -7.494
    -4.443    9.977    9.939    4.928    -4.412   -17.851   -33.674   -44.606
   -50.766   -51.263   -44.788   -38.530   -33.906   -22.492    -4.197   16.812
   25.997   25.083   21.960   20.103   19.668   15.416    5.206    -7.008
CT2209:330           92.128   64.457   35.101   11.805    -4.577   -15.219
   -13.417    -2.740    -4.611    -9.675   -22.440   -37.550   -56.679   -70.327
   -71.971   -76.041   -71.538   -57.330   -37.616   -21.770    -8.304    5.972
   14.179   16.482   17.155   16.823   13.421   10.395    5.188    -5.069
CT2209:325           94.811   71.706   43.426   17.989    -5.973   -22.975
   -25.893   -13.162   -18.355   -41.794   -67.499   -90.813  -128.760  -145.777
  -134.169   -98.901   -73.353   -56.238   -36.323   -21.727   -10.940    0.670
    7.806   12.967   17.897   16.166    7.838    0.640    -4.540   -11.066
CT2209:320           83.730   61.269   41.292   21.072    -0.552   -16.464
   -21.604   -17.442   -35.141  -100.664  -168.209  -184.702  -178.167  -157.045
  -127.583   -73.283   -42.602   -31.228   -11.959    1.644    6.475    8.693
   11.541   13.215   16.675   15.489    9.603    2.983    -3.698    -9.389
CT2209:315           80.895   63.649   49.003   29.781    5.607   -12.953
   -17.736   -13.650   -33.475  -117.405  -195.091  -184.415  -105.023   -45.894
   -24.204   -11.690    -6.559    -4.693    3.803    8.525    4.672    -3.969
    -1.828    9.050   19.548   18.839    9.937    0.711    -7.080   -14.468
CT2209:310           87.671   71.106   53.096   31.276    2.207   -17.248
   -20.863   -19.596   -42.129  -118.374  -172.737  -118.164   47.054  132.425
  122.839   60.902   33.040   18.003    5.108    -1.027    7.487   22.067
   23.792   19.994   16.818   12.425    5.077    -4.074   -16.301   -31.255
CT2209:305           91.328   72.342   53.031   29.263    0.039   -17.318
   -17.889   -12.372    -8.649    -7.123    -2.335   50.130  168.309  230.031
  211.689  145.416  105.661   60.976    2.922   -17.959    -4.057   11.677
   14.343   17.369   17.602   11.577    -0.590   -15.677   -32.276   -49.788
CT2209:300           97.928   81.020   62.449   40.332    8.703    -9.510
    -6.505    1.251   21.828   71.847  110.014  138.002  174.903  196.609
  201.697  202.514  180.876  113.068   43.009   13.898    -1.421    -9.464
   -12.400    -3.736    6.489    0.426   -18.786   -36.123   -50.099   -63.984
CT2209:295          102.320   90.062   74.022   47.279   12.089    -2.261
    7.477   21.093   46.397  101.244  132.615  137.990  110.542  103.279
  126.572  144.657  133.197  101.729   61.726   36.160    1.987   -30.700
   -34.201   -14.003    -0.113    -8.338   -28.542   -48.759   -64.033   -75.014
CT2209:290          100.961   94.459   91.592   65.609    2.495   -20.933
   10.991   57.207   78.757  110.680  136.251  124.789   87.870   81.020
   85.453   98.275   92.353   72.592   50.361   35.122   28.145   27.364
   19.372    8.376    2.603   -10.113   -36.539   -59.014   -70.021   -77.744
CT2209:285           98.983   83.714   67.583   43.062    9.509    -4.844
    7.425   25.109   42.465   66.651   78.160   77.547   58.867   52.018
   60.264   73.824   70.114   49.146   23.743   14.958   20.929   23.235
   20.775   18.563   12.855    0.189   -21.262   -42.655   -62.049   -80.798
CT2209:280          100.905   79.562   55.856   33.264    7.766    -3.924
    3.357   15.119   25.551   41.258   50.916   51.673   45.233   43.097
   50.094   61.863   59.326   38.856   17.614   12.969   22.407   28.650
   30.001   34.122   30.471   15.008   -12.668   -44.497   -73.573  -100.139
CT2209:275           92.243   71.526   49.712   31.378    8.405    -2.635
    3.249   14.157   18.535   18.293   18.338   24.846   38.746   44.498
   37.704   31.040   28.554   25.557   21.061   21.861   40.564   62.934
   61.992   56.257   53.745   30.666   -21.766   -71.093   -98.235  -122.583
CT2209:270           89.700   56.846   30.276   16.861   12.798    7.960
    8.391   11.906   12.584   11.328   12.355    8.969    4.152    3.411
    4.746    5.595    7.074   13.967   21.723   23.366   18.209   10.782
   13.355   21.760   20.952    7.576   -14.902   -40.398   -65.544   -89.599
CT2209:265          104.227   68.007   33.727   17.660   14.999   10.520
    8.529    7.543    3.472    -6.208   -12.425   -16.627   -24.190   -26.303
   -16.853    -2.276    2.411    1.463    3.505    7.928   13.243   18.608
   20.901   22.863   23.017   13.045    -4.993   -24.368   -44.260   -64.229
CT2209:260          122.693   82.689   38.931   20.751   24.166   19.790
    7.365    -8.172   -14.066   -19.922   -29.200   -29.641   -23.889   -20.318
   -20.996   -17.104   -14.000   -14.063   -12.865    -5.777   12.631   27.331
   30.285   28.488   24.029   11.812   -12.384   -36.636   -53.648   -70.383
CT2209:255          116.695   75.482   38.549   19.511   11.046    4.209
    6.583   14.382    8.326   -10.886   -21.604   -25.137   -21.004   -17.982
   -20.188   -28.934   -29.050   -18.798    -9.867    -5.439    7.696   22.542
   22.622   14.534    7.331    -0.190   -13.301   -27.988   -41.345   -53.830
CT2209:250          134.777   90.620   38.626   13.934    3.376    -6.148
    3.144   16.026    9.581   -17.218   -36.782   -33.608   -17.315   -11.372
    -8.296    1.008    4.098    -1.316    -5.657    -8.000   -15.965   -23.809
   -25.292   -19.592   -13.566   -17.524   -30.517   -41.885   -46.665   -49.473
CT2209:245          112.036   78.832   46.571   29.785   22.123   15.763
   15.767   20.171   15.890    -0.955   -14.730   -13.964    -9.438    -9.712
    -6.822    0.326    2.612    2.080    5.539    -0.291   -30.097   -58.085
   -60.186   -42.558   -23.747   -22.566   -29.170   -35.313   -40.039   -43.769
CT2209:240          108.956   80.913   52.877   37.144   31.223   25.209
   20.767   18.559   16.620   20.693   23.879   18.626    6.011    0.029
    -8.071   -26.398   -30.485   -13.528    3.205    -0.202   -28.220   -58.257
   -61.046   -42.819   -25.180   -24.816   -31.314   -37.478   -41.780   -45.049
CT2209:235          120.216   92.614   59.853   41.685   30.103   19.460
   12.483    2.649    -0.715   13.335   24.197   18.017    6.971    3.570
    -4.460   -22.932   -26.391   -14.462    1.296    1.545    -1.784    1.901
    -3.328   -18.084   -27.758   -32.150   -36.661   -40.557   -44.790   -49.228
CT2209:230           91.414   55.756   26.934   16.784   22.218   19.089
    8.528    -2.765   -12.970   -33.803   -51.497   -38.292    1.249   17.750
   15.688   10.201    9.861    1.532   -12.415   -12.097    4.355   13.390
    8.249    -9.306   -27.966   -35.407   -39.064   -41.404   -43.902   -46.554
CT2209:225           87.655   56.628   23.342   14.016   32.429   35.338
   18.118    -4.665   -18.681   -35.161   -47.163   -46.674   -37.726   -30.354
   -18.078   -12.652    -8.795   11.051   30.781   31.102   15.238    1.006
    -4.653   -12.856   -23.186   -29.104   -30.610   -33.299   -41.780   -54.259
CT2209:220           72.518   49.437   29.237   23.461   33.029   32.969
   18.656    -2.546   -20.419   -39.654   -52.399   -56.840   -57.075   -52.037
   -32.793    -9.165    -0.418    6.073    7.926    8.577    5.809    1.711
    -0.764    -3.626    -7.645   -14.346   -24.284   -34.953   -45.373   -56.550
CT2209:215           71.546   52.142   35.655   29.721   34.505   30.403
   17.712    3.389   -18.007   -58.115   -84.839   -87.152   -70.486   -56.793
   -39.710    4.148   20.481   -10.805   -37.308   -36.712   -25.899   -15.830
   -12.132    -5.421    2.322    -0.957   -13.307   -27.399   -40.755   -54.704
CT2209:210           78.105   62.524   45.858   35.419   29.766   19.986
    5.238   -10.957   -34.236   -86.521  -124.936  -117.100   -83.734   -72.234
   -76.556  -105.897  -110.573   -78.910   -52.584   -45.109   -43.732   -41.745
   -34.656   -17.525    -4.127    -4.245   -11.195   -21.373   -35.037   -52.097
CT2209:205           89.933   64.863   44.287   36.844   43.913   36.907
    6.008   -32.905   -54.952   -75.931   -88.650   -80.696   -45.613   -30.051
   -48.023   -83.654   -88.983   -69.814   -41.379   -33.276   -35.987   -38.297
   -31.737   -11.489    8.494    6.803   -11.199   -31.415   -47.807   -63.384
CT2209:200          115.325   86.660   54.614   40.233   47.121   37.818
    -3.775   -55.469   -72.938   -64.543   -53.900   -41.480    -8.495    5.402
   -10.348   -37.326   -41.747   -33.303   -17.535   -12.252   -12.627   -11.516
    -8.875    -2.638    5.519    2.214   -11.571   -27.580   -44.115   -62.992
CT2209:195          106.360   83.811   56.764   43.578   45.218   32.841
    -9.227   -63.630   -79.912   -64.934   -51.067   -37.727   -13.614    -7.043
   -13.289   -31.164   -35.792   -30.587   -19.269   -15.890   -19.459   -23.219
   -22.416   -22.738   -24.004   -26.954   -32.268   -39.741   -51.277   -65.847
CT2209:190           91.082   72.985   56.201   47.788   47.396   32.171
   -10.831   -65.011   -79.037   -56.844   -34.451   -23.097    -6.721    -0.249
   -16.607   -48.789   -58.077   -47.496   -35.817   -32.893   -34.923   -38.616
   -36.075   -27.766   -19.124   -19.731   -27.023   -33.799   -40.442   -48.702
CT2209:185           86.954   66.577   42.411   31.462   48.347   42.277
   -14.006   -92.310  -106.230   -66.517   -37.687   -28.000   -25.785   -26.945
   -34.611   -45.423   -49.094   -49.268   -45.718   -43.309   -41.727   -38.734
   -33.834   -24.664   -17.544   -15.129   -11.793   -12.533   -22.430   -38.686
CT2209:180           79.909   66.046   53.222   41.027   31.562   12.083
   -32.733   -89.299   -98.951   -55.495   -14.106   -14.234   -43.584   -56.969
   -51.733   -40.050   -37.766   -42.360   -47.335   -45.623   -36.931   -26.743
   -22.473   -18.111   -11.687   -12.902   -21.768   -31.293   -40.958   -51.851
CT2209:175           76.179   66.431   55.357   39.140   20.270    -3.501
   -44.380   -88.175   -93.802   -62.782   -29.968   -24.655   -33.924   -37.528
   -39.684   -38.664   -37.932   -35.535   -31.894   -29.772   -27.509   -25.391
   -22.622   -15.992    -8.997   -13.076   -26.825   -41.032   -52.509   -62.816
CT2209:170           69.880   60.311   56.003   36.252    -1.638   -28.718
   -68.049  -121.621  -124.447   -74.474   -42.725   -29.798   -17.731   -14.643
   -22.943   -33.457   -35.242   -26.282    -8.869    -5.390   -13.283   -19.611
   -17.717    -9.570    -3.475   -10.337   -31.323   -51.558   -64.534   -74.972
CT2209:165           79.309   64.412   48.524   20.534   -22.249   -51.695
   -59.464   -53.096   -45.280   -16.401   16.578   19.083    7.552    3.295
    -6.429   -22.846   -29.115   -23.572   -19.189   -17.797   -12.529    -9.512
    -7.695    -3.780    -1.124    -8.196   -25.308   -44.722   -61.880   -77.343
CT2209:160           92.899   69.783   45.575   20.541   -15.951   -38.595
   -33.082   -18.760    -8.005   14.419   32.217   34.152   19.935    7.599
    7.663    8.497    4.044    -6.507   -12.771   -14.441   -11.629    -4.606
    -2.782    -4.814    -8.196   -15.260   -28.901   -42.509   -55.687   -70.580
CT2209:155          105.655   75.484   38.452   17.207   14.264   12.651
   17.078   26.504   36.302   52.104   57.231   58.261   51.917   42.410
   35.117   13.941    0.505    -5.594   -20.073   -25.560   -20.954   -13.113
   -10.645    -4.349    1.413    -5.739   -24.825   -43.644   -59.679   -76.186
CT2209:150           87.838   63.204   36.422   16.411    -4.506   -13.159
   20.054   79.715   95.638   85.141   74.271   69.058   68.503   68.736
   56.895   47.811   44.224   24.142    -8.434   -17.898   -12.756    -8.674
    -7.386    -0.318    6.541    0.608   -15.800   -34.749   -52.806   -70.917
CT2209:145           69.645   52.330   36.443   20.946    1.348    -5.554
   21.963   67.165   75.398   55.150   29.592   11.464   -21.653   -41.842
   -26.775   11.299   28.399   28.220   31.733   29.641   13.068    -3.300
    -5.878    2.902   12.913    7.379   -11.018   -31.328   -49.571   -68.127
CT2209:140           71.056   55.322   41.364   29.550   18.367   13.757
   25.892   49.831   45.067    3.487   -37.779   -59.200   -87.482   -96.517
   -79.636   -41.420   -18.533    -5.483   16.277   18.953    4.434    -7.713
   -10.535    -1.258   10.019    4.583   -15.220   -36.871   -54.237   -70.406
CT2209:135           81.698   67.844   55.547   47.876   45.006   40.088
   36.562   36.464   22.567   -24.736   -73.419   -86.244   -93.433   -91.784
   -58.878   -21.009    -8.230   15.330    2.655    -8.620    -4.510    -2.493
    -7.462    -5.299    -0.370    -7.469   -24.951   -43.562   -58.654   -72.277
CT2209:130           93.028   86.336   77.080   68.492   60.294   50.764
   37.037   15.801    0.218   -10.938   -13.725   -27.215   -43.608   -33.463
   29.541  173.227  225.843  167.547   78.045   50.892   36.136   10.177
    -1.901    -8.380   -15.114   -23.753   -37.720   -51.664   -63.937   -75.983
CT2209:125           95.098   86.307   75.482   65.763   55.247   43.819
   31.398   18.325    5.690   -19.952   -46.168   -47.180   -33.706   -22.858
   18.634  113.682  149.144  131.655  133.796  125.325   56.589    -0.909
   -12.638   -12.550   -14.309   -20.544   -30.300   -41.645   -53.388   -64.980
CT2209:120           98.701   85.397   68.784   54.678   41.739   30.048
   18.318    5.045    -2.429    -2.381    -5.452   -10.889   -18.844   -27.588
   -51.718  -128.953  -162.897  -132.122  -146.240  -146.243   -77.804   -20.927
   -11.134    -8.839    -4.830   -11.384   -30.867   -48.643   -59.507   -68.663
CT2209:115          105.273   86.167   64.784   46.469   25.158    8.041
    2.972    5.132    4.765   18.484   35.242   28.058    8.185    -5.581
   -45.986  -135.318  -169.741  -161.408  -181.471  -176.059   -98.799   -26.978
   -12.648   -11.658    -8.277   -12.496   -26.072   -39.048   -48.058   -56.084
CT2209:110           99.802   76.022   53.247   37.106   25.428   15.453
    8.559    3.023    2.659   21.077   36.550   31.087   14.454    -3.826
   -32.627   -61.630   -67.692   -80.414   -46.879   -27.431   -34.638   -25.310
   -15.626   -12.898   -13.875   -18.460   -27.832   -38.152   -47.943   -57.031
CT2209:105          119.579   93.268   57.876   38.997   34.929   27.695
   23.449   21.471   19.087   13.551    7.242    4.312    3.057    -8.285
   -33.977   -94.944  -124.347   -93.999   -71.067   -59.911   -25.686    1.676
    7.291    -6.740   -23.336   -29.434   -33.480   -36.768   -42.024   -47.983
CT2209:100           98.642   72.728   46.708   35.153   39.223   37.916
   29.675   16.667   11.265   10.811   11.431   10.196   12.507    9.003
    -7.531   -25.485   -31.257   -39.087   -33.549   -24.438   -12.543    1.628
    5.493    -2.730   -14.180   -21.844   -31.404   -39.869   -47.219   -54.904
CT2209:095           84.417   61.636   40.051   27.618   28.941   27.007
   20.482   11.806    7.670   10.552   15.031   14.488   13.282    7.798
    0.302   -13.673   -23.955   -22.080   -14.251    -7.612    -1.780    2.117
    2.876    -1.615    -9.118   -16.222   -26.547   -38.193   -50.023   -62.291
CT2209:090           87.453   67.163   45.247   28.838   19.817   11.871
    6.640    3.179    0.826    1.464    1.825    2.873    9.680   12.038
    1.980   -20.517   -31.905   -22.198    -2.051    5.435    3.200    -4.329
    -6.245    -4.143    -1.703    -7.942   -22.086   -37.745   -51.962   -65.870
CT2209:085           90.069   67.314   43.523   26.118   15.415    5.679
    0.007    -2.098    -3.762    -4.497    -4.568    -4.081    -0.291    0.605
    -6.232   -21.612   -28.792   -18.469    3.328   10.916    5.648    -7.625
   -12.602   -12.196   -10.828   -17.066   -32.162   -46.971   -57.895   -67.527
CT2209:080           90.456   65.785   40.217   21.062    9.203    -0.915
    -8.532   -14.457   -16.097   -10.230    -3.148    -2.432    -5.417   -10.102
   -11.574   -13.991   -13.451    -7.025    6.073   10.904    5.734    -6.271
   -10.541    -8.570    -3.541    -9.153   -25.539   -42.953   -56.612   -69.339
CT2209:075           92.332   61.500   33.928   14.881    3.033    -8.286
   -16.059   -20.457   -22.060   -13.585    -3.756    -3.545    -3.570    -1.059
    -7.176   -18.463   -19.266   -11.688    2.185    7.153    3.673    -4.703
    -7.050    -2.673    2.717    -2.650   -16.919   -34.032   -51.823   -71.032
CT2209:070          101.040   70.633   42.878   21.583    6.619    -7.170
   -13.409   -11.495   -12.462   -16.397   -19.901   -20.392   -20.371   -24.063
   -24.653   -32.619   -35.606   -24.954    -9.743    -5.069    -2.578    1.402
    2.420    1.380    3.795    -1.396   -15.973   -33.254   -51.120   -70.725
CT2209:065          114.370   93.980   70.663   48.700   21.413    -0.139
    -8.641   -13.105   -17.316   -19.902   -25.458   -26.327   -19.210   -13.200
   -17.899   -24.113   -23.162   -19.663    -9.863    -6.466   -15.913   -29.779
   -29.397   -16.635    -5.824    -9.363   -21.578   -35.799   -52.310   -71.456
CT2209:060           97.084   87.608   74.051   52.445   17.673    -8.312
   -12.051    -2.545    -3.929   -13.174   -20.870   -24.303   -30.609   -32.640
   -25.272    -8.257    -0.855    -7.106   -21.574   -25.661   -21.410   -15.655
   -11.128    -0.040   14.477   10.250   -13.098   -40.101   -62.592   -83.614
CT2209:055           90.534   83.675   79.097   62.828   26.149    -1.417
   -10.622   -10.578   -14.675   -23.573   -33.505   -34.840   -33.168   -29.666
   -20.124    -1.777    4.173    1.987    -4.737    -7.356   -11.338    -9.055
    -3.875    9.957   26.714   20.724   -10.232   -43.801   -69.855   -95.677
CT2209:050           94.156   85.275   77.072   60.439   22.210    -7.396
   -12.851    -3.704    -3.376    -5.102    -2.270    -3.866   -12.297   -13.509
    -5.075   14.937   22.743   15.841    -4.457   -13.098   -16.656   -20.522
   -19.172    -7.488    7.588    0.467   -29.083   -61.442   -89.925  -119.672
CT2209:045           94.201   75.088   57.768   38.773   15.720    -3.309
   -11.584   -12.590   -14.044   -11.368    -8.886    -9.876   -17.718   -21.554
   -12.705    9.281   18.542   17.695    9.588    3.964    -8.943   -24.930
   -24.929    -6.366   19.341   15.231   -16.702   -51.961   -79.718  -105.076
CT2209:040           99.653   77.540   52.010   31.219   16.102    1.970
    -9.326   -20.936   -25.175   -13.213    -0.257    -1.738   -17.830   -30.479
   -25.556    -3.756    9.124    8.858    8.929    8.557    -1.641   -15.639
   -16.434    -3.653   15.063   11.094   -15.021   -44.095   -67.353   -89.480
CT2209:035           96.882   79.487   58.264   40.392   25.614   12.067
    -0.693   -16.653   -22.305    -5.870   15.763   13.261   -11.630   -30.187
   -36.785   -48.173   -52.389   -37.363   -14.077    -4.441    1.376    2.699
    3.891    7.420    9.569    2.793   -13.178   -31.136   -51.483   -75.496
CT2209:030           84.249   67.872   53.289   39.508   25.559   14.312
    6.278    1.499    -2.017    -0.758    5.518    2.912    -6.514   -14.235
   -26.723   -56.647   -68.158   -53.055   -19.473    -2.171   13.838   37.832
   43.492   29.069   11.047    0.026   -13.439   -29.857   -48.309   -68.298
CT2209:025           81.299   66.017   52.656   39.315   16.893    -3.240
    -3.345   11.299   10.190   -11.489   -41.486   -41.854    -9.785    8.502
    -3.371   -31.129   -39.834   -35.336   -20.436   -10.335    0.270    5.321
    8.566   19.348   26.208   16.840    -8.524   -34.834   -51.191   -64.058
CT2209:020           69.872   52.389   37.440   28.219   28.834   28.205
   20.067    8.845    1.844    -7.447   -18.137   -19.189    -9.387    -3.354
    -5.284   -13.995   -19.485   -20.896   -17.739   -13.051    -5.093    9.440
   14.793   11.093    5.159    -2.723   -16.141   -31.594   -46.036   -59.532
CT2209:015           64.391   46.643   29.673   20.792   23.927   25.061
   17.413    6.728    1.465    -1.111    -0.914    0.076    1.078    1.388
    4.974    8.061    3.833    -1.703   -15.375   -19.354   -16.871    -7.252
    -3.709    -2.680    -1.201    -5.042   -16.575   -30.523   -44.199   -58.541
CT2209:010           64.925   47.143   25.712   12.611   13.050   10.271
    1.517   -12.065   -18.097   -11.254    1.544    5.238    9.531   16.806
   23.456   41.768   48.238   33.035   -10.645   -28.782   -24.488   -24.372
   -25.390   -17.347    -3.985    -6.113   -17.552   -30.086   -43.010   -58.382
CT2209:005           68.355   56.605   44.410   34.923   29.286   23.189
    9.523   -15.799   -25.046   -14.454    -1.991    -0.067    -3.735   -12.206
    -1.722   35.202   54.586   47.954   43.254   41.296   14.535   -18.024
   -26.249   -23.232   -15.882   -16.487   -21.508   -28.437   -37.482   -48.620
CT2210:360           65.256   55.375   43.514   33.884   30.083   24.896
   12.225   -14.275   -24.168    -4.375   22.249   18.238   -11.474   -32.975
   -39.626   -51.473   -57.164   -28.395   11.250   21.409   10.834   -17.341
   -26.082   -16.787    -2.880    -4.506   -11.769   -19.757   -28.439   -38.990
