
filled_synop: 30 data points in equal steps of sine latitude from +14.5/15 to  -14.5/15

CT2129:360            3.112   11.187   17.331    8.631   -12.733   -28.844
   -12.562   23.969   19.898   -48.562   -87.534   -64.554    -5.918   18.608
   12.045   14.382   11.074  -115.530  -322.772  -362.910  -317.368  -311.857
  -324.660  -269.578  -193.263  -142.864   -77.104    -8.082   54.598  114.836
CT2129:355           -18.812    -1.535   23.672   22.171    -2.441   -10.818
   13.438   46.279   49.893    9.525   -25.855   -14.665   13.500   19.230
   21.596   25.365   17.440    -7.887    6.575   -13.798   -46.088   -17.805
   -38.859  -107.401  -154.602  -134.378   -73.019   -12.736   42.215  100.234
CT2129:350            -2.261   23.650   44.272   34.573    -4.577   -18.837
    -2.810   15.469   36.295  106.404  153.128  120.774   27.990   -11.062
    -3.786   16.550   20.834   24.702   23.112   20.699   34.953   30.175
    7.387   -53.404  -122.025  -121.068   -73.538   -20.083   28.556   77.422
CT2129:345            9.340   29.532   46.290   41.157    6.451   -10.587
    0.944   24.095   52.114  127.881  179.101  145.085   23.756   -36.631
   -30.536    -4.707   12.353   43.115   72.577   81.420   83.605   73.260
   42.738   -27.517  -101.497  -109.625   -64.061   -15.292   26.496   65.403
CT2129:340           10.398   21.397   30.199   25.777    5.632    -6.174
    2.146   21.161   33.962   61.339   80.377   58.186    -9.946   -43.284
   -30.803    5.944   34.219   73.486  118.527  133.418  128.147  112.963
   77.071    -5.412   -92.103  -106.124   -56.556    -6.348   31.744   70.158
CT2129:335           14.157   20.752   25.515   20.313    4.982    -5.222
    -7.761    -8.969   -16.395   -39.098   -62.026   -59.787   -44.707   -36.787
   -19.404    8.877   36.299   79.320  127.319  145.385  147.595  136.573
   99.736    5.300   -92.216  -110.273   -65.623    -8.238   36.524   76.545
CT2129:330           10.392   13.427   16.353   15.960   12.335    6.974
    -0.206    -5.863   -22.814   -73.592  -103.942   -92.940   -42.098   -13.595
    -3.477    4.233   26.068   63.203  103.781  124.049  147.973  160.328
  124.803   14.692   -92.746  -107.373   -52.734    -0.124   33.635   66.170
CT2129:325            3.809   11.139   16.916   22.501   31.958   30.433
    9.885   -18.000   -38.944   -74.952   -95.134   -84.668   -42.883   -16.382
    -5.845    -2.851   14.901   46.461   78.567   95.882  120.042  135.373
  107.384   29.050   -52.736   -74.099   -49.935   -16.852   11.334   38.661
CT2129:320            -4.613    6.316   18.717   24.541   29.989   26.368
    0.910   -36.622   -56.051   -66.518   -68.544   -60.335   -40.088   -23.628
    -8.646    9.331   30.859   58.305   95.978  107.217   91.013   73.507
   49.759    4.042   -47.624   -59.863   -39.378   -17.853    1.364   24.451
CT2129:315            -3.231   11.827   28.687   34.891   28.901   18.935
    -4.406   -38.818   -52.604   -46.352   -35.441   -29.843   -28.504   -22.067
    -3.078   26.384   51.014   67.836   80.126   79.945   53.440   21.117
    -3.241   -29.473   -54.937   -60.844   -42.217   -19.334    -1.011   16.532
CT2129:310            -4.469   12.331   26.609   29.472   22.568   14.719
    1.661   -17.398   -23.838   -14.820    -5.617    1.371    4.950    8.789
   25.277   47.103   68.521   96.081  119.975  112.726   61.256    -8.427
   -39.886   -51.720   -56.950   -55.999   -36.492   -15.035    -0.470   12.421
CT2129:305           -16.488    -2.012   17.334   26.295   24.090   18.801
   10.732    -0.600    -4.472    6.347   14.340   23.390   39.165   52.377
   63.447   63.780   72.550  132.931  197.087  197.370  128.630   22.650
   -16.378   -20.825   -13.125   -15.639   -11.731    -5.794    -2.607    -0.597
CT2129:300           -15.107    0.164   15.198   21.262   22.108   19.928
   14.903    6.754    -0.766    -4.545    -2.824    4.510   27.238   47.212
   58.227   85.559  107.772  116.177  201.063  220.298  118.959   52.918
   34.233   14.227    2.486    -6.586   -11.214   -14.814   -18.267   -20.945
CT2129:295            -9.825    6.456   20.271   22.143   17.583   12.171
    5.738    0.436   -12.627   -52.149   -87.835   -70.575   -19.297    1.378
    -3.907   -62.710   -79.419   -74.528  -173.365  -166.155   -16.086   60.975
   68.116   61.166   35.842   10.786    -4.084   -15.859   -31.321   -46.300
CT2129:290           -11.698    3.698   25.956   25.836    3.195   -11.919
   -19.343   -25.787   -41.795   -68.702   -92.623   -73.595   -12.001   17.652
   10.261    -6.603    2.716   43.109  159.009  204.891  221.202  281.177
  282.555  190.086   96.390   55.579   20.610   -13.724   -44.505   -72.766
CT2129:285            6.191   20.371   30.632   22.572    -2.575   -19.636
   -28.332   -33.104   -56.850   -85.424  -116.331   -97.474   -36.561   -11.448
    -6.042   -46.619   -54.389    -7.745   81.261  135.741  201.380  281.392
  299.957  234.980  140.200   86.684   40.232    -7.487   -52.150   -92.762
CT2129:280           13.842   21.618   24.993   14.062   -10.922   -28.574
   -37.369   -41.394   -94.529  -174.144  -240.647  -231.031  -133.203   -59.828
   -40.453   -92.867  -109.787  -176.262  -307.656  -276.039   -42.562  198.929
  259.780  210.916  133.830   89.200   41.068    -7.648   -53.029   -96.921
CT2129:275           10.046   12.731   18.082    8.856   -16.886   -36.773
   -40.138   -25.088  -131.135  -410.423  -550.593  -616.105  -436.440  -173.280
  -186.637  -152.582  -106.622  -211.163  -388.541  -361.284  -123.302  145.194
  215.230  180.482  134.399  101.667   54.351    5.296   -43.376   -94.044
CT2129:270           10.073   18.028   22.497   13.809    -2.476   -17.405
   -13.071   28.267  -117.626  -857.382 -1555.833 -1538.655 -1183.699 -1012.090
  -696.500  -220.088   -77.300  -125.713  -184.655  -158.561   -78.793   45.163
  104.880  113.317  111.394   89.802   47.112    3.356   -40.931   -87.980
CT2129:265            -9.873    4.418   19.826   22.692   13.527    6.803
   11.658   34.322    -3.601  -206.086  -428.248  -411.809  -296.129  -294.546
  -185.527   -62.438   -47.658   -99.827  -165.080  -148.184   -61.375   34.841
   82.298   95.810   85.028   64.354   31.955    0.615   -34.231   -73.138
CT2129:260           -14.512    -0.693   13.932   19.005   15.719   14.245
    5.248   -17.052   33.404  551.472 1202.557 1124.515  950.340 1070.719
  688.602  123.534   -33.645  -106.930  -208.877  -199.043   -33.754  119.372
  165.721  155.211   84.422   51.563   21.095   -11.666   -46.153   -81.631
CT2129:255           -20.801    2.009   24.636   36.781   39.839   43.604
   15.430   -84.336   -38.025  349.974  588.463  632.781  510.044  340.572
  275.870   86.838   -17.173   -55.630   -97.410   -92.509   90.203  371.535
  399.475  232.415   97.116   67.486   32.202   -12.636   -48.385   -79.207
CT2129:250           -31.232    -2.665   32.426   50.922   51.705   50.729
  105.294  251.734  279.624  123.292    3.652    6.721   -13.363   -64.795
   -32.005   13.574   16.583   44.605   98.352   73.446  -123.523  -398.097
  -406.024  -175.937   31.661   63.167   24.260   -14.676   -39.616   -67.091
CT2129:245           -27.867    -2.666   23.657   43.486   64.787   69.941
   46.578    -8.567   -62.598  -162.493  -264.159  -272.592  -190.437  -116.719
   -70.062   13.620   75.257  134.055  200.783  158.606  -129.785  -457.868
  -494.011  -293.682   -31.916   38.901   24.124    -2.359   -22.649   -45.447
CT2129:240           -35.567   -10.448   17.736   38.272   74.160   78.379
    0.917  -123.257  -225.900  -361.911  -471.672  -521.230  -490.753  -378.100
  -274.516   -43.446  108.877  169.536  177.282  141.778   -16.574  -192.671
  -233.388  -145.726    -3.714   39.356   24.162    2.293    -9.501   -24.083
CT2129:235           -31.471    -8.845   16.628   38.022   90.698  100.376
    3.437  -145.993  -265.672  -440.476  -561.678  -647.800  -743.836  -670.387
  -508.983  -114.378  109.280  177.034  194.453  176.016   67.994   -62.113
  -105.250   -64.149   14.233   39.424   32.934   19.414   10.532    -1.939
CT2129:230           -12.179    1.984   18.852   37.953   74.453   70.402
   -13.622  -129.534  -252.135  -549.513  -809.988  -904.261 -1187.444 -1373.058
  -953.374  -226.636   61.442  195.633  340.843  365.868  235.330   64.495
    1.514    -2.236    7.217    4.720    8.668   10.656    9.367    5.191
CT2129:225           12.226   16.135   15.982   18.793   45.220   41.644
   -32.681  -151.565  -227.184  -377.743  -505.781  -429.893   -58.098  211.703
  168.413   57.709   88.024  219.839  402.575  442.447  324.953  174.546
  108.048   41.038    -5.833   -30.813   -19.258    -3.620    1.231    6.827
CT2129:220            0.998   12.725   24.729   32.341   41.692   32.311
   -29.632  -140.146  -158.935   -39.612   85.647  266.954  857.116 1238.213
  971.758  305.717  102.823  174.014  308.075  358.815  327.684  255.349
  198.808   99.677    -8.424   -60.342   -50.742   -24.179   -10.237    1.952
CT2129:215           -16.022    3.358   23.764   30.254   28.358   18.737
    -7.002   -52.468   -13.186  253.528  539.668  657.068  710.206  643.968
  578.530  227.037   51.192   89.377  183.379  262.098  413.103  557.183
  533.044  332.880   56.583   -68.763   -59.831   -26.768   -12.944    5.508
CT2129:210           -30.497    -3.666   31.373   40.886   18.264    -2.175
   -10.591   -27.643    2.101  210.793  411.529  470.829  433.047  378.478
  319.871  126.973   54.444   79.766  137.424  244.948  622.692 1040.284
 1033.380  636.286   76.930   -88.539   -56.529   -18.129    -9.911   10.969
CT2129:205           -19.610   15.010   44.358   45.862   20.883    -2.460
   -24.969   -50.184   -71.747  -115.313  -146.597  -137.970   -60.088   28.722
   35.583   30.851   76.263  138.027  221.057  308.069  615.048 1113.416
 1103.950  607.486   68.777   -81.340   -67.414   -35.509    -8.789   23.087
CT2129:200           -34.406    0.881   44.655   48.556    2.076   -38.989
   -74.686   -99.668  -168.583  -487.070  -852.448  -887.218  -755.296  -637.180
  -477.118  -108.063  118.793  226.776  309.527  283.452  -148.123  -913.630
-1058.585  -631.286  -204.750  -117.220   -73.172   -23.141   18.265   54.850
CT2129:195           -18.602   14.451   46.205   43.196    -4.582   -48.016
   -91.251  -135.346  -193.658  -369.430  -542.851  -631.781  -816.078  -901.588
  -695.781  -217.833   71.444  293.837  605.435  607.322   -13.457  -879.805
-1102.183  -812.735  -266.887   -90.188   -49.605   -16.570   20.340   57.559
CT2129:190            -6.612   22.425   48.220   35.628   -26.362   -75.224
  -110.064  -147.227  -152.709   -76.455   51.265    -7.789  -315.107  -492.359
  -396.906  -133.774   61.181  335.508  763.301  791.443  249.874  -598.186
  -844.638  -606.193  -200.050   -60.015   -21.973    0.233   32.295   61.037
CT2129:185            0.309   19.741   49.387   41.523   -31.886   -83.265
   -97.468  -115.016   -73.505  143.033  341.135  349.105  264.895  207.510
  140.310   37.680   77.417  325.968  725.051  761.333  462.693   55.773
  -107.855  -137.297   -97.090   -48.702   -21.356   -11.137   14.732   42.439
CT2129:180            8.608   32.847   47.595   33.653   -26.194   -69.681
   -45.551   17.505  109.406  376.975  649.513  656.610  465.555  299.145
  192.088   59.805   56.803  228.983  528.622  580.788  408.630  117.147
   -25.051   -40.139   -42.922   -25.701    -5.128    -1.207   10.427   29.441
CT2129:175            0.572   23.542   42.922   35.540   -16.445   -48.222
   -10.599   72.453  170.433  430.883  728.601  673.814  195.497  -178.957
  -182.362   -83.623   -33.609   69.288  225.823  233.546   79.971  -175.589
  -269.117  -201.873   -87.401   -31.669    -8.721    -4.377    7.547   27.567
CT2129:170           -12.188    7.207   37.856   41.999   -10.024   -37.568
    -8.144   40.364   99.121  196.038  235.953  181.797   -21.840  -191.020
  -208.625  -110.675   -52.155    -4.147   52.661   19.862  -187.311  -480.712
  -546.345  -368.122  -115.272   -33.023   -21.362   -16.139   10.801   40.858
CT2129:165            -4.529   21.881   39.613   31.993   -13.386   -34.199
    7.184   95.589  145.235  138.621   98.155   25.929   -90.516  -186.608
  -180.730   -78.967   -13.560   10.154   20.204   -28.556  -250.513  -539.610
  -599.893  -432.316  -174.705   -64.877   -24.977    -4.570   24.099   55.346
CT2129:160           -14.078    6.886   29.219   36.706    4.195   -14.057
   51.166  199.492  265.377  216.905  139.300   11.739  -219.978  -253.196
  -289.976  -159.714    -2.298   23.726    -5.398   -66.861  -227.512  -440.661
  -499.499  -384.621  -187.936   -84.440   -39.836    -6.895   36.653   85.461
CT2129:155           -21.182    -4.390   12.303   20.419    5.417    0.425
   63.674  208.171  270.150  199.870   67.245  -117.337  -804.403 -1458.581
-1240.706  -386.129   26.929   46.632    -5.284   -74.594  -226.218  -446.624
  -520.133  -415.119  -238.021  -133.931   -68.720   -14.167   47.452  112.970
CT2129:150           -28.416   -10.494    5.663   13.368    5.234   10.376
   60.233  156.287  199.111  179.162  122.669   81.249   -65.491  -225.118
  -199.339   -16.275   70.711   52.657   15.262   -60.306  -243.173  -502.142
  -580.955  -478.395  -303.491  -198.925  -108.180   -19.706   68.095  150.969
CT2129:145           -33.777   -16.853    3.614   15.974    7.955   10.231
   52.448  135.546  183.833  224.653  280.087  411.627 1087.411 1723.585
 1404.973  498.800  118.900   53.009   14.190   -79.712  -252.693  -468.679
  -538.253  -479.686  -351.527  -256.474  -141.459   -23.458   82.623  184.537
CT2129:140           -20.154    7.842   30.296   37.261   18.357    7.795
   28.849   68.649   96.888  126.784  149.171  269.224  680.314  958.822
  926.089  509.695  194.523   82.989   10.568   -76.517  -213.732  -404.266
  -481.169  -434.819  -326.649  -242.505  -138.788   -27.930   78.057  182.168
CT2129:135           -20.051    7.096   37.885   50.985   32.140   15.148
   12.729   13.092    6.252   -21.958   -56.587    -7.858  155.253  311.649
  333.335  230.373  128.674   70.441   33.876   -17.042  -125.086  -280.695
  -356.839  -348.991  -290.158  -231.820  -133.783   -25.600   75.277  177.370
CT2129:130           -10.189   19.182   50.523   61.876   43.086   19.974
    -7.143   -39.560   -75.220  -166.096  -275.122  -270.093  -202.996  -135.269
   -74.171    2.147   39.683   55.137   92.155   92.891   13.268  -112.926
  -190.828  -240.708  -267.690  -245.046  -142.870   -29.163   68.342  169.736
CT2129:125            -1.817   28.317   54.188   57.313   38.505   14.423
   -31.701   -99.821  -146.486  -247.512  -362.750  -361.118  -241.765  -108.375
   -66.644   -34.147    8.510  112.323  226.596  256.294  238.808  123.935
   28.776   -82.531  -210.119  -251.280  -170.559   -46.380   59.028  162.519
CT2129:120           -10.533    8.226   36.179   40.674   13.153   -14.460
   -63.894  -160.732  -211.695  -227.405  -244.535  -237.365  -161.081  -110.837
   -90.629   -17.274   92.968  224.174  521.777  654.907  628.437  464.384
  353.977  137.070  -166.969  -253.070  -153.839   -24.288   60.803  154.218
CT2129:115            -7.339   16.162   38.084   34.564    -0.264   -32.941
   -66.626  -113.009  -134.507   -95.389   -12.119    -6.202   -48.450   -83.360
  -144.885  -290.217  -314.995  -103.901  419.774  687.104  694.750  692.532
  637.748  350.199   -91.224  -245.006  -172.152   -46.989   46.325  139.668
CT2129:110            -6.048   15.005   34.772   30.829    -8.429   -41.712
   -51.861   -49.746   -42.056    -2.750   62.318   60.047    -5.128   -75.488
  -206.253  -604.076  -838.847  -683.210  -412.090  -257.831  100.431  597.384
  704.046  419.784   -57.128  -211.167  -151.669   -42.772   33.428  113.283
CT2129:105           -10.554    5.362   27.938   30.188   -12.230   -49.343
   -44.267    -8.893   14.754   34.387   38.037   26.828   16.491   -27.290
  -162.144  -456.993  -589.237  -675.121  -741.141  -647.642  -276.796  349.592
  521.389  314.758   -37.308  -141.087   -98.372   -25.131   19.828   75.322
CT2129:100            -8.548    8.150   21.825   16.652   -13.918   -33.335
   -25.416    -3.833   22.812   88.091  165.623  162.690   87.955   11.633
   -47.762  -105.650  -162.309  -344.340  -720.949  -784.134  -529.311   -60.045
  103.207   72.950   -28.340   -72.188   -56.397   -13.718   13.586   40.678
CT2129:095           -20.532   -11.547    2.488    1.971   -34.902   -61.773
   -39.169   18.461   55.713  128.107  224.651  223.674  106.066    9.596
   24.015  153.824  204.998  112.612  -151.643  -245.411  -163.902   -27.480
   17.725    2.669    -9.988   -20.294   -19.602    -8.494    0.129   10.511
CT2129:090           -17.484   -10.206    1.939    1.697   -30.865   -54.373
   -31.524   29.177   66.706  112.654  155.389  149.453   67.873    -4.307
   40.596  221.234  298.916  306.988  230.224  177.732  144.552   71.524
   36.577   15.155    8.215    -4.904   -10.087   -10.899   -10.717    -5.826
CT2129:085            -4.350    4.323   10.130    7.530    -9.376   -18.705
    2.945   59.005   89.513   84.524   62.492   50.243    4.724   -33.140
   33.994  265.535  430.739  549.342  829.528  931.386  702.669  302.503
  158.361   99.097   34.860    -3.900    -9.518    -4.590    -5.192    -9.089
CT2129:080           12.491   12.912    9.987    6.878    3.152    1.234
    9.356   27.845   36.484   27.419    9.870    1.813   -19.264   -23.908
    -0.794    1.742   15.248  141.182  301.040  336.178  370.396  343.690
  288.575  198.943   66.933    9.488    7.847   11.141    -4.881   -23.234
CT2129:075           12.083   12.728   11.887    7.903    -4.432   -14.633
   -13.690    -9.226    -8.999   -15.970   -28.867   -33.720   -29.664   -16.966
   -10.302   -46.956   -64.822    -4.161   40.428   58.354  163.523  324.186
  345.928  283.148  192.367  133.999   78.660   21.938   -25.618   -68.630
CT2129:070            8.705   12.593   15.478   13.226    0.515   -10.410
   -13.136   -12.908   -14.844   -23.485   -36.286   -39.777   -32.367   -29.082
   -13.685   70.214  154.302  122.813   79.558   96.800  117.836  171.325
  197.383  198.732  186.757  167.866  106.685   30.005   -32.121   -89.856
CT2129:065            -2.111    2.015    8.711   11.627    9.101    7.989
    4.813    2.998    1.145    -4.962   -10.997   -15.226   -12.307   -18.549
   -31.275   -37.480   -30.639   -45.251   -30.525   -11.776   -36.822   -81.161
   -63.910    -2.975   86.089  112.939   73.811   18.563   -27.108   -79.642
CT2129:060            -2.426    -3.028    -2.185    -1.561    0.700    2.362
    0.001    -3.954   -11.724    -9.208    6.442    4.395    -3.199    -5.837
   -62.444  -270.391  -424.366  -401.945  -316.928  -294.677  -324.410  -416.342
  -398.206  -211.345   80.519  174.374  115.465   27.160   -42.525  -117.008
CT2129:055            2.173    -0.307    0.269    0.985    6.942   15.518
   11.517    -1.526   -16.056   -43.417   -75.743   -86.703   -73.389   -51.999
   -93.835  -225.753  -310.170  -344.120  -342.541  -334.715  -351.594  -380.825
  -333.061  -168.658  114.235  215.369  131.152   15.354   -67.920  -150.238
CT2129:050            9.815   10.229   13.811   15.735   18.433   22.453
   16.644    2.397   -13.043   -61.293  -159.214  -187.893  -130.355   -72.386
   -86.942  -128.412  -158.244  -187.789  -206.839  -210.951  -225.665  -245.707
  -202.635   -58.720  162.699  231.859  147.049   21.481   -73.743  -155.283
CT2129:045           24.527   24.727   23.788   21.315   18.342   15.710
   10.456    -1.137   -10.185   -11.445    4.184   11.679    1.899    -9.684
   -30.278   -54.536   -80.007  -101.370  -120.796  -137.779  -136.141  -139.423
  -110.770   -15.281  123.698  170.608  111.613   22.881   -52.979  -134.090
CT2129:040           27.305   27.246   24.669   20.400   17.606   14.920
   10.376    -1.241    -5.056   35.699  130.340  163.152  129.545   65.552
   32.730    -8.422   -54.189   -74.261   -85.888   -96.659   -86.798   -68.010
   -40.184   20.039  106.261  134.117   86.477   15.242   -48.459  -107.761
CT2129:035           22.239   25.933   26.147   22.329   13.775    4.107
    0.590    -5.174    -3.513   31.765  105.228  131.366  117.282   95.625
   68.009    5.829   -47.001   -63.942   -72.164   -72.871   -62.207   -34.846
    -3.692   46.140  113.078  134.678   90.713   29.695   -22.766   -80.736
CT2129:030           10.934   16.309   22.982   23.047    9.989    -3.049
    -7.588   -14.589   -15.329    -0.044   19.233   24.082   33.091   31.623
   20.785    -4.269   -24.127   -33.034   -58.168   -62.641   -52.520   -20.545
    4.879   48.896  126.411  146.500  107.313   44.076   -11.608   -66.388
CT2129:025            4.441    9.584   21.385   25.678   17.438   10.299
    8.101    -0.465    -5.217    7.093   17.790   15.684    -0.759   -21.822
   -24.795   -19.066    -1.553   13.367   10.405   15.828    6.208   -14.741
   -22.553   18.793  110.278  131.606   89.595   27.845   -16.368   -58.967
CT2129:020           12.706   11.749   10.948    8.503    2.710    -5.815
    -2.826   28.510   50.191   43.341   30.674   21.514   -23.475   -72.794
   -67.763   -43.437    5.771  132.627  398.196  487.399  406.383  116.839
   -29.469    -8.816   78.923   99.754   77.952   32.383    -0.682   -29.810
CT2129:015           13.457    9.617    6.307    -0.195    -9.545   -19.439
   -29.037   -43.334   -48.614   -27.194   12.331   17.983   -31.214   -99.380
   -85.536   -38.188   25.077  238.809  840.254 1098.664  832.983  237.721
    -4.728   -28.338   34.329   54.993   55.282   31.908   18.905   10.208
CT2129:010           27.190   27.774   30.125   23.751    -2.064   -30.750
   -53.135   -90.229  -103.292   -74.075   -11.043    7.389   -19.125   -53.867
   -38.877    -8.622   38.861  213.480  726.706  951.045  660.981   26.989
  -222.945  -200.978   -54.363   12.789   28.939   23.356   34.781   45.475
CT2129:005           32.013   35.687   37.215   23.131   -13.203   -47.781
   -79.249  -139.448  -162.973  -126.182   -48.498   -17.719    -7.459    -0.054
   15.025   43.479   81.595   83.256   47.455   -22.452  -201.225  -593.238
  -749.888  -602.102  -242.364   -69.977   -10.511   22.705   63.295  100.218
CT2130:360           26.638   22.009   22.485   11.729   -38.819   -94.616
  -116.987  -136.061  -137.976  -101.435   -21.731    9.930    1.176   -13.450
    -3.866   38.533   63.647   -26.768  -346.038  -565.248  -627.578  -710.869
  -739.286  -601.827  -298.117  -149.451   -71.627    0.224   75.575  141.132
