
filled_synop: 30 data points in equal steps of sine latitude from +14.5/15 to  -14.5/15

CT2120:360           40.957   21.950    0.650   -27.861   -57.392   -55.195
    -2.906   68.194  135.451  243.461  342.814  341.997  231.599  121.552
   71.540   38.993   23.622   31.479   43.621   77.695  170.213  259.731
  247.742  151.370   80.065   49.593   31.237   28.071   41.485   53.313
CT2120:355           38.724   22.405    4.824   -20.460   -49.829   -39.053
   33.656  115.078  164.339  207.855  236.763  229.113  174.852  120.551
   83.195   39.640   20.583   28.808   44.253   92.864  223.296  340.424
  319.338  191.609  100.712   59.421   32.238   26.286   43.484   57.885
CT2120:350           19.895   13.236    5.570    -8.433   -25.507   -14.753
   35.533   87.686  115.146  133.523  139.908  132.159  107.724   78.861
   58.640   25.283   11.790   36.562   80.884  146.117  286.308  404.799
  371.533  204.446   94.778   48.530   17.612   17.271   43.494   60.865
CT2120:345           -24.467   -14.257    -5.343    2.873   11.641   23.717
   43.089   59.690   60.460   52.378   41.492   31.440   20.539    9.131
    7.023    -0.609    5.631   46.121  108.366  175.005  297.696  403.201
  366.872  185.984   73.592   32.063    8.432    3.991   28.433   56.769
CT2120:340           -52.475   -33.384   -11.795   12.498   36.341   50.278
   56.212   54.348   28.127   -32.809   -93.592  -112.632  -105.633   -91.229
   -71.187   -47.504   -19.871   21.365   78.044  140.692  242.957  338.009
  316.830  169.691   59.644   21.777    7.482   13.640   46.290   69.208
CT2120:335           -71.982   -52.536   -27.875    3.867   46.360   63.582
   62.028   53.670    5.030  -120.663  -261.617  -294.947  -239.111  -175.340
  -131.477   -89.202   -55.735   -24.683    5.235   53.081  158.862  274.098
  272.302  148.111   44.447   14.543    7.828   11.325   37.627   64.963
CT2120:330           -86.602   -59.651   -26.337   16.681   59.029   66.494
   47.618   17.013   -54.243  -210.623  -379.834  -413.751  -333.138  -217.329
  -157.052  -105.476   -64.097   -51.322   -71.170   -50.166   62.546  235.292
  251.460  123.578   29.916   12.752    3.996   10.007   37.753   69.700
CT2120:325           -93.211   -57.275   -21.020   20.442   75.242   79.286
   33.417   -30.832  -110.869  -294.413  -494.978  -525.356  -414.021  -235.131
  -165.733  -113.454   -63.191   -64.210  -126.909  -138.143   -73.543   27.730
   49.497   33.063   24.100   17.090    0.218   14.212   54.338   86.491
CT2120:320           -82.299   -46.852   -11.198   30.613   70.219   55.248
   -27.074  -136.537  -213.414  -350.616  -551.622  -578.078  -413.555  -281.918
  -217.358  -112.733   -48.260   -52.162  -102.745  -127.751  -167.475  -226.049
  -214.046  -119.207   -46.819   -20.009    0.921   25.488   50.787   74.640
CT2120:315           -88.372   -56.383   -25.715   15.765   69.386   39.031
  -101.626  -276.594  -322.554  -248.952   -77.111    -9.854   -53.889   -77.525
   -56.015   -31.013    -9.889   -17.407   -42.299   -70.305  -171.719  -307.844
  -312.433  -193.871   -93.793   -44.389   10.059   42.451   50.917   64.464
CT2120:310           -77.885   -58.537   -34.470    8.997   75.650   39.481
  -169.350  -451.709  -501.723  -291.484   58.429  164.781   77.961   -18.761
   -17.514    -1.122    8.059    -0.538   -22.526   -51.338  -142.443  -251.785
  -262.315  -179.917   -96.048   -54.470    -8.968   29.194   53.046   77.887
CT2120:305           -61.427   -46.851   -24.843   18.743   66.445    3.671
  -296.733  -697.257  -761.215  -438.100   -22.225   97.872   85.214   22.699
   18.539   35.931   48.306   34.351    2.917   -34.772  -124.812  -232.547
  -258.375  -219.104  -169.014   -99.253    -6.427   46.517   71.058   87.165
CT2120:300           -25.099   -19.282   -13.810    3.450   36.977   -20.334
  -260.818  -530.266  -542.536  -277.789   76.666  180.198  112.693   28.597
   17.171   28.907   44.631   67.180   90.922   60.777   -52.087  -208.017
  -260.103  -236.847  -195.295  -124.533   -22.340   34.016   58.518   81.787
CT2120:295           19.282   12.708    5.125    -0.047    -6.117   -41.388
  -147.566  -277.322  -259.829   -47.070  197.374  252.466  132.330   21.020
    1.775    -3.735    8.090  137.452  405.444  448.564  212.688  -114.998
  -218.737  -231.872  -221.105  -156.645   -47.627   12.259   43.688   79.044
CT2120:290           50.461   37.813    8.310   -28.487   -71.067   -98.080
  -102.273  -100.756   -68.046   47.447  149.244  147.987   28.079   -72.170
   -77.543   -40.456    -4.981  155.689  536.389  645.389  296.485   -51.355
  -148.804  -191.825  -208.440  -153.315   -65.618    -5.854   45.229   91.615
CT2120:285           79.712   43.360    6.219   -39.952   -90.393   -93.996
   -33.287   39.600   63.840   58.524   36.291    7.399   -58.980   -99.408
   -97.643   -50.553   -15.022  -110.301  -455.571  -596.651  -381.013  -103.901
   -69.696  -136.991  -180.304  -139.036   -70.849   -16.312   41.020   95.282
CT2120:280           63.925   36.555    4.504   -41.039   -89.184   -75.482
   45.669  197.372  215.802  108.770   -44.352   -99.030   -97.983   -78.754
   -70.119   -24.978    -7.974  -159.100  -575.606  -725.110  -482.516   -85.400
   -23.213  -115.043  -168.004  -130.301   -69.464   -17.386   42.579   97.790
CT2120:275           23.461   22.699   19.742    5.074   -27.047    1.462
  145.171  353.111  380.174  198.920   -61.546  -130.574   -75.073   24.746
   41.501   34.787    8.813   -41.068   -54.214    -4.450   -46.622    -3.775
   11.150   -78.722  -138.329  -117.536   -69.797   -18.290   42.480   97.993
CT2120:270           -11.872    -2.828    -2.991    -4.167    -4.716   39.484
  185.495  358.404  364.565  160.480  -114.298  -172.802   -36.724  108.480
  124.243   69.831   19.769   22.824   59.159   53.568   75.537   58.594
   28.085   -47.435  -115.490  -103.250   -67.086   -22.938   34.714   91.585
CT2120:265           -33.926   -22.076    -5.475   13.848   31.650   77.141
  193.941  322.975  320.873  158.261   -41.987   -71.463   51.171  163.057
  170.200  109.722   67.246   86.704  170.657  199.463  171.365  118.031
   65.359   -26.282   -93.788   -86.849   -52.914   -13.071   36.484   84.978
CT2120:260           -42.675   -22.903    -3.293   19.052   41.559   83.249
  175.586  273.243  276.565  192.395   80.585   65.954  139.590  190.063
  184.404  115.938   64.119   73.191  131.123  136.121   50.166   -89.620
  -132.337  -128.389  -107.331   -82.164   -42.808    -2.974   41.439   82.774
CT2120:255           -37.928   -18.773    3.170   26.041   46.548   69.591
  124.845  190.378  184.843  165.281  133.269  130.094  146.816  145.827
  144.509   82.388   31.286   14.718    -1.257   -32.406  -101.587  -190.951
  -214.065  -166.796  -112.418   -83.918   -42.946    -3.210   38.330   79.626
CT2120:250           -27.981    -9.064    9.594   31.009   58.478   66.416
   65.228   81.391   51.072   -45.591   -95.655   -72.714   -55.916   27.176
   67.405   41.462    9.571    -8.734   -48.575   -81.883  -122.364  -174.706
  -191.415  -164.137  -127.792   -97.148   -52.338   -12.580   30.770   74.471
CT2120:245           -27.787   -13.601    2.664   24.306   55.162   55.282
   -15.238   -96.133  -174.992  -409.189  -700.206  -731.819  -421.330   -61.506
   31.586   20.361   10.833   13.951   28.181   31.346   -12.801   -80.814
  -105.844  -114.198  -117.719  -103.370   -79.390   -42.078   12.774   73.820
CT2120:240           -33.796   -16.180    2.061   22.743   48.925   46.483
   -51.567  -230.841  -362.767  -490.925  -732.308  -788.834  -466.101  -114.843
   -14.829    -7.611    -9.441    6.073   36.714   53.608   45.755   30.010
   11.705   -36.397   -83.695   -89.994   -85.606   -61.154    0.231   76.039
CT2120:235           -36.352   -14.980    3.441   13.027   18.957   21.098
   56.304  142.949  105.252   -66.705  -192.675  -188.451  -211.593  -113.026
   -40.858   -39.324   -41.673   -29.174   -30.275   -29.290   14.101   91.909
   93.284   10.913   -54.235   -66.093   -83.466   -56.951   28.975  102.490
CT2120:230           -36.940   -22.836    -9.606    6.432   23.614   38.391
  115.877  242.128  200.652   -69.346  -470.596  -563.845  -399.723  -201.919
  -124.029   -90.510   -70.252   -63.634   -85.436   -85.584   -49.055    4.891
   13.345    -8.167   -37.725   -50.320   -64.960   -48.120   18.129   92.674
CT2120:225           -39.578   -26.849   -12.533    6.174   30.063   42.752
   67.683   97.808   25.345  -255.536  -657.734  -743.435  -513.200  -231.526
  -147.753  -115.595   -87.320   -84.555  -114.199  -118.298   -95.339   -56.150
   -37.917   -27.964   -25.203   -31.666   -48.420   -31.823   25.195   92.969
CT2120:220           -39.622   -25.597    -9.475   14.117   45.357   44.960
    -8.118   -66.283  -123.067  -303.832  -528.981  -572.071  -419.603  -210.250
  -146.628  -115.493   -91.337   -93.059  -126.166  -135.097  -115.485   -72.150
   -51.687   -30.613   -13.487   -18.271   -44.240   -25.091   43.275  101.259
CT2120:215            -5.238    -3.643    1.156    7.794   18.619   14.118
   -84.435  -241.215  -280.797  -192.072   -67.550   -51.911   -18.632   -12.773
   -16.894   -40.521   -66.285   -68.772   -63.603   -71.325   -66.514   -66.163
   -57.659   -23.713    4.920    -1.716   -37.566   -39.105    5.489   67.283
CT2120:210           40.740   22.709    5.508   -10.748   -32.318   -23.751
   33.846   28.474    9.591  240.316  518.793  570.013  394.739  202.259
  150.545   71.798    -3.561    -5.303   62.340   99.993   23.403   -96.068
  -107.006   -31.570   31.754   13.034   -62.405   -61.180   12.305   74.952
CT2120:205           73.393   37.555    4.778   -32.240   -78.092   -59.764
  213.828  747.189  944.377  685.835  389.972  332.133  240.494  175.317
  147.745   86.434   56.258   42.408   15.638   -12.933   -42.424  -110.605
  -111.264   -17.842   55.124   39.562   -23.903   -40.342    7.340   54.792
CT2120:200           88.541   48.566    7.624   -41.605   -90.116   -97.120
   -77.865  -126.823  -153.851   -77.253  -151.081  -192.867  -118.366   -94.981
   -89.763   -10.571   24.149   22.255   25.386   23.705    4.911    -8.982
    -5.327   27.740   53.259   28.368   -27.647   -37.898   -16.167   17.986
CT2120:195           67.485   44.516   14.049   -34.496   -75.772  -101.417
  -178.182  -252.114  -248.949  -189.854   -78.267   -48.237   -34.754    -5.031
    -6.353   -11.842   -22.715   -11.811   24.057   39.232   49.943   58.491
   55.876   43.786   30.111   11.705   -21.559   -24.526    5.772   30.994
CT2120:190           13.945   21.113   22.993    7.707    -7.180   -30.574
  -121.350  -239.478  -265.207  -113.562   77.950  129.111  177.323  219.839
  194.067   56.084   -31.436   -24.009   33.302   64.410   74.928   82.351
   74.465   43.988   15.059    -5.217   -31.469   -33.060    -6.991   25.050
CT2120:185           -88.115   -37.959   22.307   87.165  131.133  127.982
   79.348   14.623    -6.879   36.739  231.540  326.147  193.036  117.382
  101.395   34.667   -11.786    -8.310   22.160   44.105   58.874   75.876
   67.125   27.680    -3.689   -21.109   -40.610   -40.187   -10.752   26.387
CT2120:180          -210.774  -105.214    5.776  165.284  380.552  452.216
  334.037  105.400   23.964   -76.412  -361.128  -473.917  -221.694   -68.884
   -58.906   -36.966   -25.486   -14.154   11.067   28.453   37.338   42.790
   30.870   -13.770   -53.636   -61.726   -59.302   -44.354    1.625   41.472
CT2120:175          -229.104  -109.401   22.857  175.911  311.997  347.458
  248.701   53.671   -26.691   22.353  189.812  244.085   77.761   -43.397
   -56.504   -37.529   -11.148    5.192   28.595   46.707   49.938   46.994
   29.624   -19.676   -60.072   -65.328   -48.883   -29.766    0.342   33.246
CT2120:170          -153.922   -89.150    -1.654   97.756  215.297  248.912
  155.082   14.298   -28.320   65.245  195.947  199.775   99.652   -10.423
   -25.320   -12.364    4.896   31.431   73.357   97.644   96.040   90.148
   66.223    8.808   -35.697   -40.945   -25.171   -12.348    7.324   28.701
CT2120:165          -116.431   -55.435    5.217   76.050  152.738  172.856
  105.473    9.713   -30.733   -30.745   -33.201   -43.313   -33.769   -36.905
   -28.537    -7.585   20.915   65.680  131.214  164.758  149.437  118.098
   82.724   27.207   -14.028   -26.483   -20.909   -10.544   10.080   29.195
CT2120:160           -81.017   -36.038    8.191   55.209  109.943  125.558
   83.646   24.770   -20.017   -87.342  -159.507  -178.352  -140.606   -84.053
   -49.226   -15.702   27.172   92.223  193.175  248.457  222.924  153.851
  104.584   42.539    -5.290   -25.211   -22.728   -15.370    4.182   27.144
CT2120:155           -50.015   -14.205   18.839   48.671   82.160   92.706
   69.730   36.401   -11.537   -87.405  -189.171  -220.022  -174.530  -122.585
   -75.186   -12.474   42.409  120.442  251.211  320.793  322.573  256.801
  198.159   94.638    -5.327   -30.745   -18.070    -9.742   18.134   42.276
CT2120:150           -49.834   -10.465   25.327   57.229   91.441  105.001
   94.010   78.548   25.799   -69.528  -192.390  -227.794  -169.352   -96.813
   -36.987   19.082   71.104  147.685  281.377  364.184  402.069  423.342
  378.386  197.633   32.777    -8.184    -1.015    0.795   18.270   39.029
CT2120:145           -43.225    -8.627   23.991   56.588   90.648  105.112
  107.027  109.131   41.507  -110.495  -261.689  -282.281  -244.647  -104.916
   -22.071   16.747   56.517  109.058  198.616  276.807  334.351  420.316
  410.282  233.282   56.146    9.254    4.812    6.023   26.229   47.825
CT2120:140           -37.790   -10.266   17.670   48.272   86.022   99.161
  100.550  121.715   62.375  -240.724  -675.380  -761.057  -552.997  -179.404
   -61.235   -40.017   -19.324    -0.955   -15.409    -2.561  102.747  291.241
  322.626  194.202   57.963   25.406   22.981   20.482   43.330   61.541
CT2120:135           -41.062   -15.166   13.594   48.479   87.286   97.199
   56.004    -7.647   -57.362  -252.844  -646.875  -761.816  -423.839  -103.800
   -47.918   -13.001    -9.369   -49.206  -182.944  -241.940  -131.981   81.287
  142.685  105.841   59.507   39.819   20.221   15.350   32.407   56.523
CT2120:130           -44.414   -12.763   16.291   44.217   75.088   85.538
   43.633   -54.235   -52.914  232.986  804.995  995.717  686.851  356.614
  263.899  153.563   55.657   -19.950  -139.760  -190.743  -150.030   -44.183
    9.239   40.597   59.294   54.992   27.785   26.571   52.439   73.482
CT2120:125           -27.953    -1.327   25.169   50.785   74.454   83.888
   72.749   45.103  104.212  409.423  871.755  984.198  757.259  413.295
  282.211  151.081   26.404   -54.160  -142.771  -189.155  -164.660   -87.990
   -34.786   15.135   53.680   58.303   35.788   32.520   51.371   73.355
CT2120:120            -4.070   17.002   37.623   59.128   79.435   92.152
   96.704   90.398  143.286  312.317  524.551  564.360  458.629  233.038
  119.221   49.480   -29.351  -113.602  -227.826  -297.040  -259.003  -150.036
   -82.634   -16.039   47.245   66.774   41.151   36.081   51.870   74.968
CT2120:115           19.951   27.792   37.940   53.452   74.292   88.021
   90.973   79.993  112.717  187.059  267.028  271.429  215.564  103.697
   22.275   -24.765   -73.807  -164.377  -315.369  -399.074  -376.552  -269.285
  -189.844   -87.515   18.785   48.694   32.953   41.931   66.839   87.782
CT2120:110           26.989   34.745   42.283   47.169   50.212   56.718
   60.389   55.626   79.655  143.971  244.065  261.283  176.941   74.637
   13.867   -15.673   -51.389  -155.371  -381.946  -498.966  -494.409  -440.132
  -362.214  -169.503    2.910   42.162   28.016   31.133   50.392   74.934
CT2120:105           28.475   38.411   46.002   48.608   48.379   53.095
   59.643   67.529   88.222  141.122  218.038  224.799  158.045   86.313
   48.486   33.527   16.897   -84.547  -353.757  -495.288  -437.124  -278.001
  -184.115   -73.752   35.111   45.352   14.730   15.707   32.040   54.769
CT2120:100           25.295   33.248   40.337   46.717   52.704   59.519
   75.389   94.947  103.043  110.048  108.163   92.188   52.930    -3.701
   -11.422   34.789   59.470   20.515   -80.089  -109.542   -55.469   78.295
  121.263  110.095   91.952   68.724   32.124   24.198   43.571   59.819
CT2120:095           18.858   27.706   37.351   49.518   62.318   69.805
   83.719   97.246   81.692   43.736    -6.232   -35.482   -74.341  -111.975
   -89.655    -8.580   48.829  103.367  179.725  227.020  305.027  397.251
  379.692  212.371   85.590   55.583   33.803   21.508   33.486   50.425
CT2120:090           15.184   24.637   34.452   47.431   61.799   64.533
   65.187   53.848    6.210   -87.108  -186.430  -213.269  -202.006  -185.076
  -143.073   -64.028    9.836  127.820  301.975  398.120  468.969  482.178
  432.081  249.244   76.804   32.215   26.624   21.880   36.842   50.615
CT2120:085           21.876   21.214   29.197   39.635   48.914   29.149
    -7.006   -41.857  -111.296  -269.029  -396.307  -396.605  -325.891  -252.409
  -194.306  -127.031   -51.238   66.521  291.203  445.401  500.532  515.417
  462.301  251.950   73.227   28.692   28.739   25.734   39.763   54.127
CT2120:080           31.985   36.191   38.832   41.289   48.099    9.577
  -116.400  -258.205  -367.477  -528.668  -627.515  -597.185  -419.978  -263.102
  -312.224  -215.892  -111.362   -35.456   74.959  158.642  233.708  318.532
  323.775  209.465   78.976   46.316   31.627   26.354   37.559   58.636
CT2120:075           53.875   37.964   42.341   42.545   36.060   -28.667
  -202.957  -369.430  -472.160  -589.904  -644.239  -581.132  -358.606  -206.821
  -375.807  -228.744  -119.786   -94.613  -112.670  -125.306   -62.216   59.478
   99.905   99.436  102.584   95.301   63.679   55.542   72.869   85.773
CT2120:070           70.077   58.032   40.932   18.358    -0.700   -48.638
  -195.922  -343.647  -425.506  -515.484  -548.261  -421.815   -99.526   93.770
   81.567    -9.393   -57.694   -86.745  -138.010  -179.548  -269.758  -401.996
  -376.861  -116.309  106.020  129.910   86.928   68.592   74.347   80.154
CT2120:065           61.466   51.876   36.511    -0.276   -50.227  -111.505
  -166.232  -196.333  -234.726  -273.493  -288.845  -194.606   76.164  228.496
  290.039  126.148   14.871   -34.891   -76.389  -134.002  -335.421  -618.578
  -604.626  -274.029   32.230   93.419   54.716   56.741   61.651   58.996
CT2120:060           53.616   93.683   64.849   15.488   -39.771   -74.383
   -63.870   -35.565   -36.776   -74.740  -103.717   -58.019   74.844  173.321
  180.149  108.609   38.283    1.490   -30.026  -109.477  -306.833  -542.318
  -533.605  -231.617    4.872   58.158   56.507   52.674   44.966   48.363
CT2120:055          169.013   92.581   20.433   -51.890  -129.183  -144.095
   -32.396  138.578  118.755  -140.529  -553.475  -627.943  -371.828  -122.366
   76.540  109.808  120.681   81.936    2.110   -78.645  -202.003  -360.271
  -379.370  -244.652  -112.879   -37.879   12.132   47.692   54.650   62.182
CT2120:050           96.377   61.797    3.416   -48.220  -103.480   -87.669
   73.909  289.646  301.131  118.687  -152.462  -242.027  -251.518  -219.012
  -123.845   25.643  110.370   96.204   18.956   -47.788  -139.580  -231.442
  -246.098  -203.282  -143.185   -73.311    4.517   57.629   71.142   84.498
CT2120:045           98.904   65.281   29.882   -15.128   -80.536   -66.394
   98.213  335.148  349.835  159.383  -136.282  -305.115  -433.432  -376.784
  -354.685  -177.219   -39.719    -0.653    -2.976   -18.905   -87.874  -183.229
  -213.690  -200.990  -167.337  -104.062    -9.641   47.680   58.801   79.554
CT2120:040           61.339   47.292   22.189   -16.541   -55.503   -34.707
  103.674  329.412  328.622   -21.150  -543.448  -756.840  -738.991  -624.074
  -576.138  -306.992  -140.986   -71.183    4.846   23.675   -35.463  -127.853
  -173.480  -204.654  -205.694  -139.065   -30.594   35.049   47.242   68.412
CT2120:035           31.708   26.576   20.240    7.012   -22.569    5.250
  132.780  314.405  335.171   80.588  -322.227  -482.937  -400.007  -322.769
  -291.637  -166.622   -29.529    9.742   28.639   38.337    -3.887   -80.780
  -122.073  -162.488  -179.592  -125.129   -19.715   44.119   60.458   73.538
CT2120:030            2.042    3.487    3.227    -1.017    -5.478   25.843
  127.535  261.953  304.636  315.553  363.814  361.308  207.805   67.914
   40.159   -35.487   -82.819   -62.502    2.645   27.965    2.041   -65.108
  -101.651  -122.945  -134.382  -100.033   -16.226   44.361   75.623   93.776
CT2120:025           -31.683   -20.426    -4.403   12.457   21.819   45.621
  114.704  224.826  293.762  364.890  449.742  435.754  340.712  142.124
   60.857    7.447   -38.889   -37.820   11.015   35.215   22.341    -5.224
   -28.173   -71.417  -102.865   -78.193   -16.656   24.811   50.225   76.235
CT2120:020           -57.804   -35.192    -7.334   31.196   74.188  105.425
  103.625   65.932   92.185  237.053  444.814  480.393  352.055  153.844
   76.573   30.795    -2.063    -1.548   41.415   60.127   51.013   26.558
    -0.600   -46.248   -79.001   -60.519   -11.748   27.384   53.280   76.098
CT2120:015           -51.029   -34.947   -10.637   23.683   64.608   81.581
   47.964   -14.122    6.596  138.817  321.632  361.436  290.738  181.051
  117.970   56.301   20.574   22.053   64.976   82.173   40.339   -44.787
   -77.169   -64.288   -55.496   -38.226    0.411   26.262   45.995   66.641
CT2120:010           -37.199   -24.346    -5.608   13.298   31.231   39.069
   13.148   -31.073    -8.746   89.316  223.459  259.747  216.447  135.030
   87.854   48.068   20.308   22.800   59.757   76.013   42.719   -18.251
   -43.643   -40.937   -26.464   -17.914    -0.979   13.661   28.543   48.676
CT2120:005           -29.326   -10.356    5.136   14.871   21.183   25.976
   12.552    -6.734   16.398   97.886  216.821  246.503  194.711  123.817
   91.482   56.670   33.426   36.689   61.980   75.227   77.888   73.367
   57.222   21.958   -13.386   -17.525    -6.430    2.173   26.669   46.441
CT2121:360           -19.589    -7.310    2.183    9.386   16.622   28.737
   38.733   35.755   43.739  108.967  174.602  175.829  146.666   82.849
   65.774   69.054   50.049   63.022   92.339  103.872  126.687  179.216
  176.249   87.222    2.255   -18.841   -11.545    -2.840   30.487   50.389
