
filled_synop: 30 data points in equal steps of sine latitude from +14.5/15 to  -14.5/15

CT2145:360           -11.491    -7.344    -3.479    -2.177    4.470   28.295
   57.636   38.659   -58.643  -154.153  -177.338  -140.670  -110.908   -94.315
   -30.642   -57.078  -433.527 -1086.742 -1250.671 -1097.687  -969.864  -765.285
  -243.185   68.114   81.306    -3.559   -29.407   -40.339   -45.400   -49.217
CT2145:355            -2.412    -2.876    -3.634    -2.452    1.724   22.357
   51.716   34.865   -65.266  -153.078  -166.085  -105.035   -46.433   -27.256
   24.558    -7.518  -176.742  -358.931  -449.668  -580.960  -545.192  -440.247
  -166.799   36.286   63.309    -4.439   -32.010   -45.158   -48.219   -47.316
CT2145:350            5.973    7.076    8.648   13.113   14.423    8.290
    4.546    -4.313   -60.737  -127.945  -135.679   -99.078   -80.807   -48.645
   59.306   79.801   14.069   -92.787  -176.132  -289.056  -398.210  -345.932
  -140.636    -3.938   11.495   -45.094   -49.552   -44.785   -38.917   -35.666
CT2145:345            -1.054    8.357   15.241   20.994   20.451    -4.297
   -38.078   -35.728   20.042   74.880   61.649   -26.123   -93.185   -75.978
    8.346   39.337   49.290   55.978    -0.715  -186.126  -389.387  -376.348
  -206.993   -96.214   -55.011   -37.369   -25.338   -25.937   -25.279   -24.159
CT2145:340           -13.143    4.364   19.860   32.246   35.259   12.572
   -21.220    -0.418  115.611  234.746  225.506   93.650    -2.708   -31.213
   -36.863   -22.526   61.306  200.940  183.656   -34.716  -274.635  -301.827
  -202.911  -132.598   -89.231   -43.272   -18.513   -15.063   -13.712   -13.267
CT2145:335           -23.393    -5.307   15.047   41.819   55.539   36.371
    -4.574   21.724  173.427  335.188  328.546  163.258   37.092    -7.464
   -68.310   -91.451   55.576  240.889  232.782  102.127   -96.159  -145.067
  -122.990   -93.374   -64.667   -20.910    0.696    -1.809    -6.498    -9.004
CT2145:330           -18.700    0.055   19.134   39.099   46.985   27.384
    -3.039   34.164  190.492  352.484  350.224  189.243   50.966   11.824
    0.911    -8.756  105.600  382.786  424.597  168.853   -54.988   -92.025
   -79.389   -69.064   -50.649   -28.740   -16.191   -15.850   -18.301   -18.494
CT2145:325           -13.486    2.612   19.832   36.462   46.231   33.425
    9.179   46.695  175.397  294.800  294.262  187.850   82.294   42.976
   73.371   93.785    2.215   -92.659  -107.181  -126.964   -92.528   -80.525
   -60.397   -45.927   -33.540   -24.753   -20.959   -20.269   -19.796   -17.189
CT2145:320            -8.613    1.210   13.092   28.498   40.084   34.496
   11.998   46.634  199.234  378.448  373.151  190.788   48.507    5.262
    -3.101   -25.134  -206.147  -683.774  -810.277  -426.000  -118.302   -79.533
   -36.198    -1.587    -6.344   -34.142   -37.521   -28.263   -19.289   -11.951
CT2145:315            -5.454    0.912    5.208    7.821   16.890   34.348
   56.642   88.941  164.708  238.348  223.948  110.895   14.693   -20.107
   -44.246   -56.658   36.631  277.978  330.967  137.941   -40.985   -62.032
   -37.916   -25.623   -25.907   -37.349   -39.020   -29.377   -15.197    -1.138
CT2145:310            -0.900    4.614    5.603    -4.035    1.037   37.717
   91.349  113.489  122.592  127.122  106.851   40.620   -15.381   -22.963
    -1.786   12.184  128.099  444.661  517.066  239.982    -5.013   -44.888
   -49.319   -49.486   -44.828   -40.721   -34.712   -22.309    -8.701    1.694
CT2145:305           -14.302    -4.980    4.790   15.518   32.048   67.098
  113.499  123.057   82.768   28.400    4.152    -6.589   -10.812    -8.418
   20.455   42.319   -74.711  -398.802  -491.772  -288.004  -130.669  -112.647
   -78.877   -50.089   -37.385   -21.384   -11.108    -5.686    -2.978    -1.966
CT2145:300           -27.150   -10.614    8.375   27.957   47.499   78.214
  120.557  119.787   50.120   -37.441   -67.637   -62.225   -46.885   -28.907
    4.091   37.456   -65.324  -329.004  -394.511  -281.765  -115.953  -105.896
   -76.325   -41.743   -33.344   -15.964    -6.713    -6.474    -8.752    -9.367
CT2145:295           -33.779   -17.321    3.354   30.079   50.540   64.243
   77.976   64.560   13.083   -49.650   -81.593  -117.758  -127.518   -79.578
    9.647  105.273  206.172  320.016  335.079  212.126   47.235   -33.679
   -43.175   -45.603   -49.764   -21.120   -13.365   -16.413   -19.699   -18.580
CT2145:290           -32.751   -10.127   12.674   36.413   54.703   60.772
   61.464   39.572   -17.999   -80.350  -112.664  -168.834  -192.714   -95.376
  104.136  308.080  691.406 1413.402 1592.637 1074.527  342.907  124.213
   63.699    -1.743   -40.329   -26.303   -25.338   -23.037   -19.824   -16.920
CT2145:285           -42.094   -20.496    4.318   37.442   61.421   70.686
   81.198   58.177   -46.379  -187.812  -220.063  -176.994  -138.595   -35.021
  139.416  338.483  785.917 1657.080 1902.603 1462.341  801.959  542.245
  260.933   29.580   -35.991   -25.624   -37.299   -32.578   -25.735   -22.112
CT2145:280           -40.339   -23.823    -7.467    8.912   25.041   50.971
   90.064   74.825   -23.959  -148.020  -174.894  -108.842   -17.461   35.071
   65.330  158.324  421.637  807.064  922.767  991.216  934.024  762.607
  369.794   51.816   -24.406   -25.818   -36.045   -29.182   -22.026   -18.594
CT2145:275           -35.237   -22.121    -9.043    4.358   19.850   46.893
   84.715   74.599    4.107   -78.109  -102.287  -112.482  -116.108   -87.527
   -66.804   -47.625   18.687  115.990  167.825  344.522  531.748  502.296
  247.571   41.040    4.226   -15.808   -31.490   -27.741   -15.933    -6.960
CT2145:270           -26.921   -14.938    -3.603    7.665   17.586   32.997
   58.518   47.603    -8.022   -78.849   -95.739   -97.505  -114.060  -103.423
   -74.991  -100.554  -205.828  -300.671  -284.633  -343.981  -217.845  -138.739
   -53.898   40.991   49.792    5.720   -10.319    -6.456    0.736    5.246
CT2145:265           -27.086   -11.868    1.625   14.689   22.512   21.034
   21.164    6.759   -58.995  -138.633  -140.200   -24.226  107.277   92.174
   29.083   -47.872  -426.810 -1276.601 -1613.183 -1471.143 -1367.216 -1168.577
  -489.605    9.370   80.769   16.784    -5.830    -8.552    -1.531    8.423
CT2145:260           -28.158   -14.143    -1.701   16.404   24.967    -0.804
   -55.299   -84.493   -99.838  -123.319  -117.730   -43.384   10.256   21.824
   44.883   -25.061  -250.538  -660.536  -824.897  -885.144  -747.491  -594.876
  -291.454   12.592   83.244   11.699    -4.966    -0.023    8.664   13.074
CT2145:255           -37.904   -24.879    -9.157   10.744   18.395    1.211
   -25.411   -39.146   -31.922    -0.143    9.793    -1.739    5.135   29.738
  135.248  162.401   41.762  -135.814  -236.771  -316.103  -314.654  -226.589
   -46.594  119.551  150.473   58.340    7.473    -2.948    -2.948    -6.977
CT2145:250           -41.832   -28.813   -12.834   12.729   27.549   19.965
    5.494    -5.321    -5.942    -9.359   -15.780   -44.570   -73.562   -37.164
  101.982  158.593  117.382   58.008    -2.132  -123.020  -285.935  -232.542
   10.375  171.857  169.923   58.681    1.155   -15.763   -22.825   -28.218
CT2145:245           -37.324   -18.878    1.298   23.084   34.578   30.794
   22.254    5.283   -29.225   -73.575   -91.677  -106.310  -110.799   -96.559
   -86.616   -96.266   -66.359   -60.139   -85.877  -135.063  -201.856  -154.797
   37.422  166.411  136.438   23.655   -23.899   -30.782   -32.355   -38.164
CT2145:240           -29.904   -13.247    1.546   17.649   27.088   24.073
   15.573    -8.082   -67.932  -135.297  -152.326  -140.796  -123.108  -117.735
  -123.682  -107.005   -86.553   -53.823   -33.100    -6.492   19.841   36.683
   93.103  120.497   90.870   20.497   -25.461   -41.520   -44.631   -46.053
CT2145:235           -21.827    -8.570    5.679   22.685   29.362   17.318
    -0.460   -30.906  -102.507  -175.504  -178.048  -120.390   -67.901   -52.673
   -72.085   -44.202   91.348  336.416  445.399  432.206  331.319  274.580
  208.026  151.179  102.768   25.278   -18.748   -26.721   -31.699   -39.976
CT2145:230           -18.011    -7.085    5.229   26.426   34.887    5.598
   -43.619   -78.442  -130.805  -180.175  -163.166   -61.676   19.909   39.900
    -2.211   21.030  275.954  785.054  948.144  804.425  485.034  351.426
  252.907  171.847  125.167   45.778    -4.620   -20.092   -30.321   -42.325
CT2145:225            -9.863    6.307   19.092   33.167   32.787   -12.267
   -87.985  -129.251  -153.605  -165.955  -137.829   -44.700   34.525   62.797
   29.024   32.625  258.096  868.442 1106.963  682.618   75.159   -80.087
   24.998  113.968  102.232   40.823    3.599   -13.375   -26.818   -39.021
CT2145:220           -15.957    -2.136    9.070   24.273   26.990   -16.420
   -99.226  -131.828  -118.069   -88.025   -55.729   20.189   88.601  109.501
   89.851   91.895   76.527   -62.975  -214.301  -428.814  -682.758  -690.502
  -384.981   -71.993    -2.696    0.812    1.740    -9.491   -20.861   -28.830
CT2145:215           -22.663    -9.923    2.010   21.469   26.799    -8.765
   -74.004   -97.346   -59.779    8.419   48.759   87.638  137.330  153.714
  135.076  131.210   40.485  -250.066  -452.952  -665.386  -985.154  -999.042
  -528.211  -107.595   -21.094   -15.307    -6.155   -12.316   -16.701   -22.324
CT2145:210           -18.630    -6.133    7.464   24.841   31.372   11.613
   -33.573   -46.140    -8.467   48.464   79.539   98.941  102.042  115.069
  126.857  113.661  106.826  170.178  201.028   64.235   -27.022   -32.143
   -13.723   26.374   45.388   26.721    -1.010   -15.976   -22.398   -26.091
CT2145:205           -19.051    -7.627    1.895   13.934   19.474   14.491
    -0.729    1.062   28.603   74.505  102.192  107.440  107.880  126.680
  160.148  197.221  219.633  278.952  265.354  301.176  401.896  394.791
  285.858  220.885  189.433   62.679    -3.806   -11.582   -19.310   -29.848
CT2145:200           -10.993    -4.531    1.983    9.668   12.340    4.967
   -13.029   -12.943   12.669   50.242   73.949   89.041  107.412  135.111
  161.947  183.833  229.889  346.700  383.899  243.718    -8.702   -86.594
   12.628   73.135   71.391   46.378   14.405    -3.147   -17.916   -31.213
CT2145:195            -9.149    -6.037    -1.777    4.621    5.155    -7.531
   -34.256   -35.774    -3.019   42.592   65.058   64.455   58.277   96.341
  195.015  273.858  309.901  312.996  270.957  106.691  -184.069  -283.108
  -204.885  -111.507   -83.199   -31.347    -0.181    -1.798   -14.101   -26.046
CT2145:190            -0.560    -1.485    1.421   13.285   18.889    8.984
   -17.654   -13.907   16.768   64.826   86.560   70.360   39.253   77.716
  235.670  394.874  442.962  421.647  355.316  229.287   -51.552  -184.355
  -199.286  -182.208  -160.833   -61.663    -7.762   -12.083   -22.536   -27.500
CT2145:185           10.997   10.108    8.747    5.417    -0.713   -12.761
   -41.030   -36.975   28.735  126.095  151.989  104.233   43.576   56.434
  128.158  207.898  355.677  704.146  819.695  630.108  284.228  124.453
   -22.840  -137.542  -132.522   -53.870    -5.725    -3.197   -15.138   -28.709
CT2145:180           23.378   15.130    5.457    -7.484   -18.722   -28.186
   -43.960   -31.414   39.355  147.683  172.415  103.708   19.659    -9.119
   -57.636   -85.005   50.467  469.091  656.183  463.266  171.907   72.754
   10.062   -53.940   -54.645   -25.740    -8.445   -14.840   -27.273   -34.014
CT2145:175           31.359   14.662    -2.356   -24.822   -41.869   -42.859
   -37.270   -17.794   34.710  111.996  126.920   73.869    3.196   -48.575
  -136.070  -197.775  -261.746  -411.201  -515.777  -487.784  -371.407  -299.625
  -202.463   -86.811   -34.087   -27.007   -20.205   -24.090   -30.939   -31.814
CT2145:170           36.893   15.250    -8.792   -35.823   -51.379   -43.205
   -20.798    -0.001   32.692   79.114   84.105   48.379    -1.018   -45.969
  -104.979  -158.506  -317.353  -748.001 -1006.936  -975.074  -858.712  -759.653
  -453.948  -129.554   -37.717   -32.853   -25.027   -21.342   -22.240   -19.144
CT2145:165           31.195   16.647    2.753   -20.141   -33.916   -19.233
   17.809   43.573   57.586   75.892   74.855   40.486    -2.151   -26.900
   -20.065   -42.848  -142.557  -332.617  -433.776  -557.388  -677.054  -634.129
  -390.631  -100.422   -26.414   -52.057   -51.360   -34.687   -18.038    -6.101
CT2145:160           21.361    8.580    -3.218   -17.921   -23.016    1.615
   53.021   81.841   82.986   68.022   56.337   28.357    -0.852    -2.614
   91.526  173.080   99.528   -71.911  -165.149  -247.133  -312.738  -282.461
  -184.453   -64.194   -17.478   -38.045   -50.335   -41.886   -26.596    -9.252
CT2145:155           16.542    4.676    -3.784   -17.518   -22.706    7.910
   68.211  101.239   90.580   50.928   29.510    5.104   -26.142   -21.760
   77.601  162.887  104.338  -119.457  -264.140  -185.028   -23.670   29.017
   29.971   10.483    2.016   -29.062   -48.721   -43.079   -26.628   -12.056
CT2145:150           17.807    1.364   -13.642   -32.779   -40.672   -11.285
   54.656   90.723   90.920   71.300   52.092   14.425   -60.881   -79.917
   -19.931    2.799   -15.567   -87.876  -121.749    0.665  263.680  338.525
  234.236   81.321   27.069    -5.500   -26.104   -21.949   -12.552    -8.636
CT2145:145           26.116    2.808   -18.004   -42.539   -52.053   -18.356
   58.046   99.307  111.582  117.921  105.806   92.755   85.770   79.094
   32.366    -7.828    -5.640    7.270   45.672  146.399  375.517  445.422
  307.158  109.715   52.605   17.809   -15.068   -21.631   -10.613    -2.880
CT2145:140           36.191   14.653    -5.279   -36.218   -53.760   -26.704
   58.355  104.443  100.460   96.494   84.387   48.035   58.730   73.144
   24.027   12.052   27.156    0.588    0.216   63.992  203.073  243.817
  207.446  135.270   91.483   32.112   -13.201    -9.090    6.768   10.228
CT2145:135           30.781   14.000    -2.654   -25.421   -35.134   -14.968
   30.468   48.860   15.125   -61.002  -115.550  -234.628  -397.817  -402.793
  -209.141   19.864   75.310   23.215    -6.819    -7.960   -18.434   -23.290
   36.716  125.370  111.901   30.037   -36.653   -39.621   -18.866    -2.048
CT2145:130           18.114    8.261    -2.067   -16.721   -21.491    -1.522
   40.043   52.677    8.301  -105.990  -173.098  -283.742  -529.839  -565.708
  -254.392   22.147  133.631  252.679  274.320  206.564   -30.862  -136.123
   -55.295  105.882  108.246   25.570   -40.850   -40.674   -21.663    -3.149
CT2145:125           12.602    9.372    7.736    0.925    -3.510   16.954
   74.919  107.653   89.544   31.213    8.805   70.516  235.231  298.833
  183.259  129.902  259.473  698.820  929.577  748.229  123.239  -142.209
   -85.572   44.446   33.602   -14.284   -40.640   -24.721    -3.421   10.161
CT2145:120           18.805   15.434   10.285    0.226    -4.797   12.257
   44.684   61.187   89.486  146.807  182.659  265.259  406.476  442.211
  274.127  103.429  211.546  793.778 1265.259  986.996  337.417   98.197
   -32.977  -176.724  -197.117  -104.822   -37.876   -15.597    1.159   16.522
CT2145:115           29.567   19.359    9.901    -5.257   -17.937   -14.096
    -1.252    8.049   30.908   63.740   73.548  100.083  105.765  111.022
   56.759   -18.262   -33.308  -196.266  -377.234  -152.992  298.851  350.085
   87.384  -195.356  -235.868  -118.358   -37.032   -12.486    4.114   21.314
CT2145:110           29.137   10.088    -7.839   -25.454   -36.820   -38.677
   -32.079   -27.676   -27.011   -23.034   -49.248  -201.666  -422.097  -402.136
   -84.058  216.229  158.370  -436.219  -820.845  -543.366  132.749  286.290
   63.872  -202.465  -234.539  -128.043   -49.175   -19.268    2.265   22.517
CT2145:105           23.546    7.172    -7.949   -20.735   -30.401   -36.175
   -33.813   -36.827   -53.125   -74.009  -115.194  -353.070  -749.255  -684.301
  172.104 1042.023 1086.143  708.593  497.732  337.172  182.217   98.040
   -34.508  -175.776  -185.111  -109.163   -48.370   -23.572    -4.033   16.790
CT2145:100           29.724   18.397    6.426    -8.948   -25.014   -34.152
   -36.544   -49.483   -66.385   -83.601  -102.366  -128.623  -136.635   16.759
  556.833 1069.400 1159.364 1120.059 1044.325  719.583   -10.472  -201.760
  -153.599  -123.874  -109.914   -76.303   -44.694   -27.098    -9.687   11.173
CT2145:095           38.077   24.132    8.307    -9.574   -26.703   -37.463
   -38.995   -55.536   -91.074  -158.253  -169.657   17.339  325.670  412.253
  378.967  367.033   99.349  -474.735  -796.596  -786.914  -527.148  -387.261
  -228.998   -65.573   -11.783   -36.383   -49.492   -32.332    -9.561    8.646
CT2145:090           43.497   26.459    8.046   -13.811   -36.524   -55.704
   -60.124   -81.769  -152.510  -297.610  -329.123  -158.696  158.077  181.985
  -282.705  -910.052 -1302.528 -2150.405 -2689.458 -2230.847  -856.377  -185.874
   -24.935  119.239  161.138   55.241   -29.973   -34.610   -17.198    3.006
CT2145:085           37.393   14.960    -9.033   -34.385   -58.742   -84.966
  -103.241  -133.685  -221.644  -392.144  -440.593  -331.610  -102.919   -79.571
  -308.992  -661.061  -937.024 -1610.041 -2116.972 -1717.074  -539.651   71.735
  154.524  103.009  101.021   25.406   -34.420   -28.291    -5.015    8.353
CT2145:080           24.940    0.724   -22.858   -39.888   -55.061   -92.381
  -151.517  -191.810  -245.428  -343.419  -390.189  -316.812  -151.982  -112.301
   -85.563   11.051   -81.039  -423.680  -555.046  -387.336   90.199  360.408
  321.728  118.266   43.497    -2.122   -30.194   -27.135    -6.214    7.764
CT2145:075           18.159    -2.657   -20.318   -33.597   -49.418   -86.514
  -168.937  -219.154  -208.811  -130.914  -116.246  -150.366  -219.833  -235.806
  -141.643   -35.199   -38.950   -67.473   -74.709   45.581  340.633  487.367
  376.560   81.377   -12.764   -35.390   -41.144   -37.913   -18.092    -0.812
CT2145:070           23.814    -1.500   -23.410   -40.760   -57.470   -77.202
  -117.656  -144.319  -107.936   63.203  113.548   -36.428  -338.930  -412.849
  -292.382  -104.015   -70.268  -170.565  -266.247  -118.971  293.751  465.014
  350.966   59.074   -18.482   -24.909   -33.967   -29.767   -13.135    -3.737
CT2145:065           38.290   12.005   -14.958   -46.594   -70.664   -61.759
    -1.361   36.052   35.858   55.545   14.022  -163.517  -525.809  -623.392
  -420.976  -155.947  -107.921  -269.093  -433.734  -319.496   68.184  242.089
  212.942   95.686   51.276    5.550   -33.692   -37.246   -21.321    -4.556
CT2145:060           60.497   31.120    1.455   -45.894   -84.579   -66.088
   36.505   85.670   27.555  -132.486  -287.360  -410.853  -596.840  -604.093
  -335.981   95.298  176.124   -77.775  -267.000  -304.288  -257.419  -192.902
  -102.044   43.369   81.192   16.623   -34.334   -22.884    -2.950   11.019
CT2145:055           62.050   27.803    -9.595   -55.416   -84.309   -66.894
   28.422   70.065   -18.083  -203.121  -343.050  -537.609  -780.773  -755.829
  -393.292  153.294  263.589    7.214  -254.186  -378.649  -615.329  -706.128
  -476.188  -118.317    -5.442    -5.247   -14.152    -9.704    -5.718    1.907
CT2145:050           47.225   22.635    -2.890   -38.632   -66.991   -58.603
    0.158   24.565   -72.819  -295.700  -467.268  -703.612 -1094.214 -1117.280
  -510.362  250.984  408.190  227.441   44.373  -181.840  -578.020  -729.435
  -570.504  -251.862  -123.225   -65.770   -20.341    -2.099    -5.689    -4.029
CT2145:045           39.113   15.442    -8.369   -37.881   -62.147   -60.995
   -35.305   -21.641   -49.092  -116.043  -190.713  -362.962  -681.392  -704.234
  -209.203  443.991  585.290  400.517  198.679   -12.313  -387.697  -579.956
  -511.728  -310.548  -207.406  -102.581   -17.309    -4.534   -12.709    -5.938
CT2145:040           35.576   11.712   -11.942   -38.503   -60.264   -60.863
   -46.491   -24.962   29.516  182.752  265.717  257.963  260.984  331.836
  374.842  453.622  516.438  493.698  411.288  245.080  -128.117  -367.540
  -382.282  -290.550  -241.596  -132.796   -26.273    7.612    8.143    5.994
CT2145:035           28.837   10.570    -7.882   -32.553   -56.420   -60.313
   -67.958   -53.781   29.291  224.347  325.422  375.070  415.533  434.043
  376.070  205.394  244.663  589.867  856.630  725.321  243.045   -58.581
  -157.971  -213.678  -224.669  -123.797   -31.168   -13.182   -13.661    -2.932
CT2145:030           17.796    7.620    -2.488   -14.631   -27.864   -36.208
   -64.860   -55.945   27.008  178.390  234.288  238.124  139.717   90.561
  164.301  246.383  349.940  666.639  953.947  853.983  434.674  163.945
   10.638  -143.065  -194.407  -125.338   -50.866   -23.433   -11.950    -0.585
CT2145:025            9.641    6.061    0.556    -7.304   -16.646   -21.054
   -49.135   -40.759   57.004  281.055  367.391  284.642    -6.407  -128.712
    9.025  313.396  475.597  549.214  595.396  589.299  481.268  327.257
  146.429   -74.771  -161.047  -112.317   -50.099   -27.976   -11.483    -0.375
CT2145:020            3.142    6.219    9.126   10.006   10.586   16.402
   -15.480   -24.300   82.671  455.239  681.918  492.370    4.985  -167.644
  -150.005  -102.504   17.022  401.551  661.288  699.900  589.209  428.483
  239.181   -40.110  -143.802  -108.972   -71.579   -54.646   -30.143    -7.666
CT2145:015            -9.945   -10.756   -11.410   -15.833   -19.563    -1.073
   43.837   87.156  129.678  207.733  215.859  131.884   -51.247  -124.769
  -211.138  -298.025  -198.503  400.280 1053.907 1027.979  573.587  317.222
  192.248   17.181   -66.910   -71.655   -62.278   -46.246   -22.783    -4.308
CT2145:010           -19.329   -17.750   -16.573   -19.272   -15.532   16.774
   97.412  151.214  123.264    -7.610  -107.305  -157.059  -216.803  -250.488
  -268.420  -269.821  -217.116   69.889  489.387  492.536  217.511  102.225
   71.596   20.407    -5.591   -25.378   -46.632   -45.559   -28.835   -11.152
CT2145:005           -23.448   -17.420   -10.984   -13.218   -13.094   14.738
  112.294  179.058  126.924   -72.199  -185.341  -220.624  -270.764  -337.778
  -256.002  -160.634  -170.941  -507.393 -1059.163  -956.792  -374.873  -152.815
   -89.962   27.019   63.574    9.799   -44.362   -44.608   -32.925   -23.425
CT2146:360           -37.664   -24.135   -10.929    1.714   16.680   34.297
   70.005   81.627   37.320   -94.516  -170.332  -129.666   67.790  163.445
   94.015   13.247   -58.729  -249.038  -338.606  -426.878  -583.397  -584.033
  -381.728   -26.226   91.112   44.012   -28.116   -42.339   -34.407   -16.487
