
filled_synop: 30 data points in equal steps of sine latitude from +14.5/15 to  -14.5/15

CT2151:360            -5.783    -4.376    -0.023    5.730    2.893   -12.622
   -21.114    -9.650   21.425   36.063   56.970  100.380  105.154   44.185
   -53.806   -92.354   -86.871   -77.526   -97.815  -171.055  -218.665  -176.837
   -35.943   49.876   43.248   -21.043   -48.974   -43.851   -31.199   -16.944
CT2151:355            -5.142    -2.049    0.659    1.800    -1.784   -15.733
   -18.645   14.285   98.386  138.014  117.621   51.221   17.637    -7.591
   -38.162   -61.340   -66.883   -58.093   -92.588  -219.564  -302.679  -258.604
   -79.778   36.146   38.562   -18.126   -48.701   -46.123   -32.072   -18.161
CT2151:350            -8.324    -1.228    2.857    4.655    4.124    -4.435
    -2.831   27.434   99.410  136.322  109.404   19.703   -23.522   -10.041
    5.723    -6.125   -48.687  -115.261  -146.447  -202.726  -252.250  -223.764
   -82.721    7.130    7.826   -33.890   -50.296   -47.651   -38.944   -29.006
CT2151:345           -14.020    -4.527    3.474    8.998    9.754    0.026
    0.920   22.127   66.960   92.741   95.837   82.242   68.980   55.641
   36.237   24.602   17.567    5.420   -19.710  -100.257  -161.733  -151.303
   -65.714   -14.949   -14.931   -34.829   -42.102   -35.081   -24.787   -14.611
CT2151:340           -13.464    -6.894    0.670    6.487    5.947    -4.964
    -6.686    6.108   25.135   38.078   69.432  129.298  147.843  120.363
   80.278   80.190  119.468  166.491  174.605  165.922  148.924  109.427
   16.602   -44.327   -52.859   -38.872   -32.151   -25.517   -19.718   -13.827
CT2151:335           -17.731   -12.971    -4.391    4.537    7.660    4.294
    6.912   18.153   37.877   45.595   39.479   22.492   21.013   37.407
   61.707   84.912  111.738  136.600  177.555  322.087  419.488  332.934
   68.876   -83.626   -93.127   -43.664   -25.327   -16.703   -11.048    -5.722
CT2151:330           -14.494   -11.037    -7.196    -3.613    0.436    7.160
   15.666   27.011   50.131   55.951   22.370   -37.577   -46.059   -21.517
   25.400   60.313   93.963  126.850  171.514  311.522  403.285  315.691
   54.843   -98.024  -107.558   -50.232   -26.034   -16.937   -12.249    -7.445
CT2151:325           -20.080   -15.890   -10.358    -4.874    -1.093    1.389
    6.836   17.525   43.338   47.414    -9.200  -125.369  -151.846   -83.047
    7.752   55.853  106.489  143.422  164.124  177.764  145.882   86.419
   -42.038  -133.446  -133.255   -66.228   -28.458   -13.217    -8.153    -3.546
CT2151:320           -20.959   -18.790   -14.022    -8.123    -4.215    -4.479
    -3.355    4.461   21.907   21.882    -6.100   -60.243   -62.696   -12.835
   68.183  119.163  189.921  266.181  261.044  196.967  147.393   63.955
   -82.110  -159.955  -148.106   -75.757   -41.286   -19.487    -2.151   12.173
CT2151:315            -9.203    -9.239    -9.220    -7.868    -3.545    4.949
   11.120   11.426    9.948    7.230   10.752   25.020   48.413   61.256
   90.418  132.250  217.837  306.485  275.596  133.079   10.532   -55.479
  -128.375  -176.525  -158.833   -95.380   -52.574   -27.941    -7.161   15.830
CT2151:310            1.711    -2.082    -7.288   -11.221    -7.216    2.760
    7.006    2.430    -7.246   -12.934   -12.693   -10.500   20.834   76.236
  102.619  132.125  205.738  188.450  144.224   53.910   -56.441  -121.903
  -182.340  -210.787  -181.348  -108.375   -56.827   -25.428    -4.207   16.505
CT2151:305            7.592    -1.172   -13.339   -23.953   -17.426   11.457
   24.433   11.834   -23.307   -44.808   -53.919   -87.289   -55.397  164.023
  402.539  436.644  384.181  349.888  248.944    9.970  -135.080  -190.100
  -254.510  -279.909  -229.167  -116.718   -56.425   -31.952   -11.171   13.634
CT2151:300            7.317    -1.287   -10.068   -13.579    -2.778   25.725
   37.055   23.563    -3.092   -28.027   -59.317   -96.183   -59.563  191.643
  552.912  556.530  139.039  -225.184  -283.463  -217.017  -188.002  -213.775
  -273.549  -291.194  -238.107  -123.928   -47.971   -17.375    -0.663   17.566
CT2151:295            4.220    0.251    -5.153    -9.622    -1.692   18.048
   25.857   11.995    -5.247   -41.932  -125.447  -224.646  -230.105  -154.438
  -102.989  -138.222  -380.926  -654.426  -643.208  -359.719  -171.756  -172.194
  -248.549  -270.655  -210.128   -95.651   -34.930   -11.982    0.826   16.631
CT2151:290            -0.455    -5.202   -10.384   -12.107    -4.959   14.502
   25.768    -2.603   -40.625  -102.028  -257.144  -451.992  -506.905  -415.790
  -312.282  -313.072  -442.636  -534.628  -507.624  -302.857  -143.039  -139.988
  -220.036  -244.439  -194.662   -98.554   -39.363   -18.699    -5.164   13.949
CT2151:285            -1.952    -6.953   -13.578   -16.877    -3.583   21.790
   45.832   40.272    4.463  -106.339  -292.005  -549.956  -636.457  -479.406
  -249.615  -186.653  -281.087  -355.483  -325.542  -211.359  -127.233  -141.184
  -206.579  -222.439  -181.676   -96.862   -44.316   -16.327    0.538   16.714
CT2151:280            0.145    -7.228   -18.460   -26.663    -5.138   38.727
   83.407  169.359  372.039  323.573  -112.295  -674.009  -812.559  -645.658
  -261.495  -123.258  -137.321  -104.301   -81.197  -114.486  -129.638  -159.651
  -212.846  -233.141  -193.248  -102.897   -54.923   -30.512    -9.868   14.105
CT2151:275           12.987    1.995    -9.832   -15.735    1.031   24.154
   71.317  230.957  548.823  514.077  -133.346 -1194.005 -1474.097 -1110.308
  -657.219  -413.097   -52.834  209.857  261.554  128.525   10.580   -81.936
  -165.846  -210.106  -196.335  -135.288   -93.990   -60.115   -25.794    9.129
CT2151:270           24.652   13.692    0.133   -11.647    1.008   16.688
   54.951  200.949  503.917  502.940   37.868  -620.372  -785.771  -756.380
  -642.016  -334.910  575.322 1233.518 1222.773  636.843  196.461   73.802
   -26.458  -122.552  -146.917  -122.655  -108.406   -75.810   -37.984    0.348
CT2151:265           19.927    9.968    -4.152   -14.542    0.867   25.756
   60.381  153.986  351.961  352.332   77.867  -243.417  -309.541  -343.584
  -267.740   26.028  994.478 1813.927 1736.738  973.823  469.664  318.048
  112.736   -49.009  -102.576  -117.718  -122.160   -83.674   -41.219    -5.973
CT2151:260           13.728    5.577    -4.789   -10.549    -0.096   18.134
   40.094   29.287   -16.568   -24.980   -40.332   -55.852    0.115  250.116
  554.373  667.653  717.988  814.486  868.344 1031.185 1097.302  834.413
  308.928   34.197   -39.783   -81.126  -100.804   -71.382   -37.581    -9.147
CT2151:255            0.834    -0.058    -3.708    -7.727    -5.178    -4.305
   10.973    -7.170   -93.819   -55.789  117.254  188.653  256.001  630.252
  889.938  792.846   -13.313  -787.422  -650.607  116.302  465.306  339.339
  137.992   44.596    -4.519   -52.528   -77.620   -64.031   -41.280   -19.945
CT2151:250           -13.155   -10.695    -9.302    -8.433   -10.957   -39.910
   -19.330   73.232  196.081  349.959  818.845 1542.277 1708.752 1275.966
  872.893  749.151  495.846  314.413   74.824  -576.285 -1009.943  -751.515
   -95.141   71.763   22.639   -40.726   -67.610   -56.757   -41.174   -28.419
CT2151:245           -19.311   -18.565   -17.410   -19.383   -28.946   -59.864
   -33.948  129.195  396.336  581.815  868.001 1206.873 1281.537 1021.078
  725.105  743.242 1209.892 1591.727 1285.762  413.383    -2.604   -75.454
   47.871   96.865   54.915   -25.930   -62.892   -57.966   -37.864   -19.301
CT2151:240           -24.987   -21.400   -16.934   -13.698   -18.306   -52.102
   -32.949   88.762  265.389  367.416  397.623  308.856  302.240  349.292
  322.942  387.048  688.697  791.981  788.291  715.592  591.217  433.236
  198.425   87.463   42.324   -32.349   -65.075   -46.679   -25.441   -12.218
CT2151:235           -15.275   -12.894    -9.895   -10.084   -18.269   -37.897
   -27.544   30.292  134.967  187.207  128.952   75.944   65.504   40.863
   52.412   72.291  140.126  194.728  236.059  356.727  384.223  320.739
  170.976   88.133   39.507   -28.521   -61.255   -50.799   -29.535   -12.060
CT2151:230            -5.012    -1.542    5.268    9.016    -2.871   -32.728
   -33.486   -41.573   -76.733   -86.413   -68.164   -59.101   -76.431   -87.491
   -75.426  -116.121  -226.322  -273.980  -258.652  -194.273  -178.905   -71.730
   63.213   96.882   52.213   -36.238   -64.217   -45.816   -23.177    -9.637
CT2151:225            -5.661    -2.453    -0.969    -3.108   -17.461   -48.687
   -53.052   -32.074    6.846   11.726   -14.022   -32.761   -62.962  -125.614
  -187.851  -253.986  -404.601  -523.444  -535.469  -455.073  -369.212  -252.319
   -18.255   99.514   76.409   -19.008   -56.437   -49.275   -32.460   -21.544
CT2151:220           -11.480    -9.352    -5.518    -3.234   -11.889   -31.969
   -26.539   36.503  142.052  153.451   67.991   -33.183   -73.165   -85.561
  -102.575  -176.887  -338.228  -455.543  -579.356  -741.643  -737.260  -558.573
  -138.862   76.227   73.606   -30.008   -55.063   -55.802   -44.059   -31.787
CT2151:215           -18.908   -11.434    -3.955    2.758   10.807   15.139
   26.368   84.685  179.178  174.514   55.414   -80.064  -112.909   -57.541
   17.155   -40.897  -213.305  -352.918  -559.264 -1078.213 -1297.297  -955.681
  -234.149   43.172   49.596   -29.282   -37.572   -39.167   -36.432   -33.759
CT2151:210           -22.683   -12.263    -1.820    8.582   26.768   53.330
   64.350   75.788   94.898   69.698   -70.032  -229.856  -247.816  -145.864
   -57.718   -41.869    -4.462   -36.604  -217.781  -627.331  -792.224  -644.087
  -245.354   -49.431    -7.082   -29.423   -30.103   -34.431   -34.797   -35.810
CT2151:205           -21.984    -7.866    9.356   24.456   34.217   47.951
   39.114   -28.851  -128.957  -161.943  -186.237  -209.653  -195.060  -119.318
   -61.284    4.874  232.187  330.412  193.281   -90.923  -211.020  -237.391
  -191.415  -128.985   -76.156   -44.191   -24.140   -31.191   -37.848   -39.530
CT2151:200           -26.031   -12.334    5.714   21.278   26.829   34.336
   18.155   -80.897  -244.743  -280.825  -189.262  -111.678   -84.770   -39.951
   -12.972   37.019  196.651  244.679  162.647   -40.066  -156.167  -188.850
  -199.726  -170.819  -109.871   -40.881   -13.591   -31.801   -48.795   -55.372
CT2151:195            -3.523    3.779    7.812   10.684   14.820   22.125
   11.846   -38.541   -99.534   -86.449   68.351  299.000  318.366  139.754
   28.043   26.654   80.846   84.482    -1.933  -227.686  -349.677  -305.989
  -217.946  -173.658  -108.288   -27.688    -2.171   -15.501   -33.948   -49.378
CT2151:190           14.226   13.610    8.356    3.249    -2.663   -12.371
   -21.197   -14.347    2.886   31.148   70.779   59.507   66.502   76.942
   35.585    -4.460   -45.666   -85.463  -131.671  -189.632  -206.196  -161.482
   -40.995   12.459   10.903   -19.947   -23.187   -32.689   -43.662   -49.997
CT2151:185            6.533    6.251    5.779    3.157    -6.317   -20.409
   -24.784   -25.861   -33.558    -9.159   82.296  157.369  152.921   80.268
   10.289   -41.342  -104.999  -151.454  -175.524  -174.242  -166.534   -86.599
   66.745  123.982   93.064    6.521   -23.266   -31.954   -37.035   -36.848
CT2151:180            -0.498    -0.133    0.947    -0.071   -10.424   -28.168
   -32.113   -25.624   -19.960    6.595  117.786  242.836  231.053   81.904
   -32.634   -76.778  -125.189  -169.880  -198.145  -209.290  -209.183  -147.557
   -21.095   33.228   16.724   -33.323   -32.769   -24.284   -20.303   -17.236
CT2151:175            -4.940    -3.491    -2.017    -3.070   -11.338   -26.531
   -28.533    -2.724   37.086   51.894   63.319   78.116   70.974   23.298
   -11.485   -34.759   -63.716   -94.065  -164.803  -273.430  -312.430  -313.757
  -279.136  -244.337  -164.417   -77.318   -42.020   -25.661    -9.679    3.042
CT2151:170            -8.322    -2.665    3.822    5.478    -7.512   -31.607
   -39.465   -13.490   29.634   25.118   -68.351  -166.094  -158.763   -63.136
   11.245   28.264   43.272   40.454   -60.852  -289.120  -394.783  -419.531
  -395.773  -366.009  -268.581  -109.321   -36.064   -19.649    -6.562    6.706
CT2151:165            -7.438    -3.259    3.700    6.318    -7.108   -28.019
   -41.669   -46.620   -51.803   -70.625  -146.305  -220.153  -200.335   -87.472
   11.657   64.127  139.918  189.624  142.837   -23.296  -141.575  -222.620
  -349.937  -398.790  -292.783  -104.118   -28.569   -10.213    -3.058    4.766
CT2151:160            -2.010    -0.399    4.989    6.608    -4.832   -17.899
   -36.611   -66.597  -118.336  -139.845  -144.378  -152.294  -124.391   -65.737
    -5.960   66.437  175.248  262.089  371.478  640.136  671.762  336.179
  -219.570  -385.633  -279.619   -83.725   -18.988   -14.753   -12.952    -2.505
CT2151:155            5.194    6.073    7.209    5.088    -6.794   -23.201
   -51.861   -91.523  -105.915  -107.622  -109.627   -77.054   -30.079   14.895
   66.053  136.863  203.403  263.581  427.011  772.943  825.232  480.127
   -77.483  -271.378  -214.426   -72.878   -14.689    -4.488    -9.128    -9.419
CT2151:150           18.582   17.548   16.353   12.411    -3.381   -19.505
   -56.529  -217.386  -414.303  -430.700  -260.975   -83.093    -9.125   68.762
  148.005  231.667  335.336  400.250  406.876  290.099  157.140   78.719
  -112.119  -218.175  -163.524   -49.635   -13.072    -7.357   -10.831   -12.366
CT2151:145           10.804   14.665   21.867   22.693    6.469   -10.274
   -43.529  -234.131  -499.593  -528.872  -304.724  -103.722   -31.696   62.466
  152.055  257.065  442.734  542.048  510.186  418.454  317.853  140.524
  -121.887  -219.428  -160.195   -47.653   -10.200   -14.127   -21.013   -21.277
CT2151:140            6.682    7.334    6.290    4.049    -1.607    -8.595
    5.962   37.142   13.575   -10.846   -32.199   -87.542   -65.680   44.289
  137.398  222.217  379.588  441.996  358.504  282.519  222.247   12.956
  -214.751  -256.461  -172.383   -58.404   -12.359    -7.000   -12.227   -14.558
CT2151:135            7.543    5.525    1.142    0.959   12.228   13.871
   60.574  380.180  856.212  872.454  342.773   -59.992   -81.540   37.483
  119.352  148.885  161.740  110.696   -62.880  -504.415  -699.182  -524.491
  -261.968  -192.461  -134.076   -59.715   -21.861   -23.472   -23.106   -18.055
CT2151:130           11.182    2.381    -8.254    -9.869    5.617   26.235
   71.846  199.826  302.733  292.421  147.005   -22.485   -41.360   36.492
   90.579   94.883  102.422   58.602  -157.851  -496.778  -608.552  -545.469
  -326.134  -217.287  -134.722   -49.832    -8.159   -13.782   -24.752   -31.973
CT2151:125           10.728    1.916   -11.439   -16.845    -1.019   24.112
   43.632   15.199   -41.751   -56.640   -12.226   22.294   10.991   14.242
   26.250   30.811   51.023   15.363  -176.585  -489.567  -593.197  -507.780
  -324.278  -228.965  -132.286   -34.728    0.975   -15.162   -30.049   -39.835
CT2151:120            3.829    -1.497    -9.489   -10.149    7.128   32.155
   45.227   16.159   -18.139   -34.094   -31.145   -16.335   -23.411   -16.178
    -5.277    -2.207    5.704   -29.687  -177.449  -440.907  -532.080  -430.825
  -251.247  -171.231   -99.624   -23.878    5.915    -7.017   -18.766   -26.119
CT2151:115            1.024    -3.471    -8.128    -5.513   14.082   41.919
   59.513   77.822  103.239   82.416   -20.283  -105.844  -110.019   -61.115
   -31.600   -12.515   23.171   17.720   -48.350  -154.666  -195.513  -160.784
   -75.340   -34.828   -16.551    -4.302    -0.236    -9.494   -20.170   -30.076
CT2151:110            8.527   12.524   11.440   13.145   24.112   36.750
   56.984  112.712  168.316  154.697   74.389    2.921   -23.651   -38.511
   -24.902   17.620  120.561  168.757  147.855  122.434  105.197   78.225
   47.846   40.152   25.818    -4.833   -16.416   -21.526   -26.853   -33.346
CT2151:105            -1.123    5.495   10.472   16.470   20.842   22.047
   44.200  116.838  186.041  177.876  119.875   69.971   27.986   -53.215
   -70.143    3.634  150.183  217.869  206.704  154.716  124.791  124.723
  126.154  106.683   64.558    4.503   -17.982   -18.689   -20.826   -24.904
CT2151:100            -7.557    0.816   10.875   20.343   25.748   28.934
   45.421  106.069  164.639  142.030   36.635   -51.154   -75.161  -109.483
  -102.898   19.808  209.796  265.557  272.122  166.210  105.564  120.949
  162.975  142.903   77.585    2.069   -20.884   -21.492   -20.513   -20.418
CT2151:095            -6.638    3.181   14.743   25.762   39.030   55.240
   64.028   80.044   91.824   53.577   -79.170  -181.903  -174.749   -95.180
   -12.173  153.769  537.997  699.806  545.656  255.515  158.842  105.247
   46.383   12.706    9.283    4.898    -5.847   -12.904   -18.550   -20.857
CT2151:090            -8.598    -1.564    6.262   16.900   34.878   54.448
   56.693   41.490   16.341   -25.557  -128.695  -207.094  -188.828   -86.822
   -15.579   98.585  315.657  410.071  365.843  254.699  200.605   88.137
   -55.243   -99.409   -66.050   -12.908    -3.129    -9.557   -16.691   -22.313
CT2151:085            -9.552    -0.002    7.360   16.169   33.646   55.478
   52.248   19.112   -19.010   -57.088  -109.420  -138.677  -131.687   -73.652
   -35.341   -83.931  -254.442  -283.846  -121.573  109.971  161.635   85.596
   -37.903   -82.787   -53.085    -5.471    -0.033    -6.171   -13.722   -22.687
CT2151:080           -13.880    -5.394    4.208   14.922   30.247   51.298
   41.916    -5.949   -58.414   -95.171  -128.767  -146.828  -139.033   -92.737
   -74.270  -209.625  -560.694  -637.323  -342.248  167.439  313.791  203.176
   22.948   -32.185   -24.179    -2.156    -0.914    -7.070   -16.781   -27.862
CT2151:075            -9.371    -3.972    1.380    8.967   24.545   43.426
   28.859   -29.314   -93.424  -137.048  -195.251  -231.419  -209.130  -128.664
   -91.212  -142.386  -296.300  -316.416  -122.191  244.048  345.628  205.644
   34.144   -11.556   -13.645    -3.650    -5.922   -14.303   -25.277   -35.203
CT2151:070            -0.806    -0.435    -4.918    -5.036    9.035   30.536
   14.337   -41.041   -96.587  -137.243  -202.272  -239.737  -208.745  -110.998
   -48.660   18.557  175.687  258.591  149.354   -37.758   -76.077   -29.855
   -26.074   -43.271   -32.654   -17.312   -19.923   -29.727   -37.685   -42.983
CT2151:065            -5.533    -0.280    0.633    2.784   12.826   28.560
   10.422   -45.963  -100.545  -132.411  -163.822  -172.101  -150.962   -92.676
   -40.842   39.520  179.537  237.096  165.054   16.408   -24.295   -23.062
   -27.989   -41.961   -29.456   -12.611   -13.333   -21.766   -28.683   -33.047
CT2151:060           -26.520   -10.695    7.032   19.429   23.751   24.915
    2.588   -62.599  -125.737  -144.805  -137.634  -128.991  -108.879   -84.650
   -46.793   15.652   81.954  113.417  146.777  157.571  131.321   59.711
    -3.935   -32.804   -30.385   -15.744   -11.309   -14.803   -20.529   -25.398
CT2151:055           -36.464   -18.538    3.436   18.943   23.317   26.079
    6.986   -56.610  -115.488  -120.971   -86.542   -60.348   -48.580   -60.108
   -39.137   47.717  194.292  263.404  275.427  275.362  234.180  105.247
   -59.078  -105.122   -59.048    -9.830    -2.317    -6.072   -10.932   -16.932
CT2151:050           -30.026   -13.492    3.025   13.659   21.272   26.524
   10.128   -42.889   -88.581   -81.431   -22.242   21.879   29.937    1.048
   14.056   96.113  234.243  297.126  331.664  366.805  322.156  141.438
   -70.469  -129.890   -80.768   -12.907    5.863    0.713    -7.999   -17.358
CT2151:045           -16.506    -7.460    1.867    8.950   14.798   17.157
    3.929   -40.532   -76.322   -55.976   24.263   82.125   92.982   68.453
   80.696  136.253  235.387  280.694  288.686  283.812  230.195   81.428
   -95.002  -141.687   -82.010    -8.801   10.368    4.257    -8.737   -20.534
CT2151:040            -0.560    -1.600    -1.408    -1.715    1.594    8.363
    0.895   -39.794   -67.953   -37.731   53.033  113.103  128.075  101.886
  101.146  145.045  196.662  211.809  211.097  185.046  126.727    5.198
  -132.037  -164.505   -87.298    -2.893   11.930    -7.977   -23.126   -30.948
CT2151:035            1.434    1.243    1.214    -1.063    -9.760   -23.019
   -28.941   -39.267   -41.882    -1.693   99.176  159.375  176.670  157.883
  155.108  181.670  222.178  223.957  187.748  114.607   48.397   -56.206
  -160.474  -181.844  -112.034   -25.221    1.061   -10.307   -23.093   -30.218
CT2151:030            -1.618    0.317    1.544    0.138   -11.058   -27.144
   -27.944   -10.493   12.291   56.833  161.963  227.809  215.853  141.840
  109.915  152.764  259.488  279.961  185.998   49.514   -19.554   -97.950
  -176.467  -186.296  -113.802   -38.487   -16.699   -17.643   -19.027   -18.086
CT2151:025            -7.940    0.163    6.038    6.196    -4.896   -20.613
   -19.145    6.479   32.741   56.706   96.239  119.725   99.952   38.279
    3.185   -14.849   -11.998    -4.423   -21.963   -22.717   -35.455   -89.915
  -149.690  -157.401  -114.283   -63.333   -39.713   -27.469   -15.313    -2.924
CT2151:020           -15.160    -5.485    6.742    9.363    -8.500   -27.503
   -30.693   -16.200    -1.332   -10.311   -52.786   -78.188   -80.938   -71.099
   -88.450  -196.690  -420.861  -472.960  -289.600   -59.437    -9.423   -44.641
   -92.213  -101.807   -89.045   -72.635   -58.217   -36.198   -12.205   11.371
CT2151:015           -14.375    -2.491   13.516   17.651   -11.490   -50.904
   -62.711   -55.635   -54.104   -73.108  -125.288  -159.408  -142.962   -80.872
   -75.110  -163.642  -276.130  -281.207  -194.783   -29.409   20.443    5.209
   -18.353   -32.680   -73.519  -105.385   -91.007   -48.999   -11.752   21.447
CT2151:010           -10.898    2.742   15.367   13.369   -13.579   -41.789
   -57.230   -65.606   -77.624   -98.353  -116.439  -122.689  -117.655   -92.203
   -83.432  -105.007  -134.239  -128.831   -96.053   -34.732    -5.314    3.699
    2.585   -11.210   -57.977  -101.568   -96.122   -59.257   -19.188   17.326
CT2151:005            -7.793    -2.593   10.807   13.551    -8.701   -33.351
   -47.264   -51.638   -66.173  -113.083  -185.207  -181.794  -178.058  -107.466
   -69.354   -79.158  -132.689  -139.253   -95.699   -52.073   -32.782   -19.284
   -21.947   -32.441   -59.797   -84.906   -77.311   -46.309   -16.469   12.116
CT2152:360            -4.479    -2.418    -1.171    -5.184   -18.317   -30.859
   -36.486   -18.640   -16.570  -113.261  -405.780  -546.879  -403.280   -63.717
   51.532   17.011   -77.375   -97.037   -56.337    4.213   15.911    -3.795
   -28.512   -41.080   -57.746   -72.241   -64.778   -39.225   -16.558    4.242
