
filled_synop: 30 data points in equal steps of sine latitude from +14.5/15 to  -14.5/15

CT2182:360           40.780   59.463   79.312   82.729   81.231   62.613
    3.320   -45.338   -46.059   -21.035    4.023   37.634   90.652  108.262
   94.372   81.157   95.937  129.644  149.843  144.934  107.650   70.831
   47.479   34.281   20.344    -3.916   -32.674   -63.337   -92.977  -124.513
CT2182:355           45.744   49.709   53.427   54.042   54.498   38.340
   -11.186   -58.417   -60.045   -18.585    7.238   -11.281   -34.536   -23.911
   12.531   72.379  119.269  217.354  288.471  298.721  221.556  116.325
   80.213   55.138   25.835    -3.057   -27.524   -51.616   -76.705  -101.567
CT2182:350           50.270   39.498   28.497   30.834   46.318   36.954
   -13.385   -58.354   -61.749   -33.200   -22.786   -84.245  -216.402  -237.804
  -120.745    -6.127   49.628  250.435  498.502  479.070  304.918  212.760
  184.527  110.653   40.007    5.173   -20.502   -45.737   -66.932   -86.450
CT2182:345           43.018   32.543   25.838   34.400   55.173   48.965
    0.400   -42.376   -38.316   -11.150   -12.827   -31.773   -88.783  -108.748
   -71.806   -17.718   -23.638  -116.126  -203.844  -156.938   43.340  197.811
  203.346  115.264   38.176    5.389   -17.689   -39.571   -59.871   -77.956
CT2182:340           40.436   30.873   25.752   35.972   54.626   52.233
   11.927   -24.464   11.328  147.956  217.685  172.478   94.779   63.618
   24.600    3.986   -60.130  -359.193  -672.163  -618.583  -260.251   15.424
   71.512   49.665   28.459   12.171    -8.917   -29.394   -50.486   -71.956
CT2182:335           40.457   30.905   19.792   27.443   54.683   59.140
   23.965    -3.165   38.236  182.517  249.152  193.848   81.141   36.958
   38.064   36.476   -31.465  -226.164  -329.809  -330.401  -217.872   -80.108
   -13.957   29.427   46.287   34.684    6.298   -20.171   -43.466   -69.400
CT2182:330           27.831   22.549   19.683   20.409   21.966   23.159
   15.819   11.320   35.725   79.301   90.488   80.330   37.612    9.683
   17.320   31.786    -9.583  -116.743  -215.856  -201.471   -52.877   88.832
  119.250   82.032   57.761   44.389   17.058   -13.009   -40.728   -68.074
CT2182:325           25.920   34.321   44.085   38.079   14.302   15.887
   48.569   88.662  110.682  134.781  145.167  123.912   74.533   45.093
   32.989   14.094   -15.376   -51.725   -81.896   -84.724   -58.246   -35.333
    -6.342   21.256   31.292   25.802    2.225   -21.939   -42.617   -64.620
CT2182:320           35.877   41.155   43.532   28.871    -1.459    1.399
   53.709  109.179  143.336  195.273  220.727  193.815  151.057  124.507
   79.180   35.255    8.540   -16.801   -42.441   -53.174   -61.569   -64.425
   -45.122    2.489   43.141   41.044   12.935   -16.148   -41.722   -66.422
CT2182:315           39.377   43.699   43.366   25.322    -9.026    -3.353
   57.999  121.057  151.184  183.756  192.752  172.134  137.317  113.617
   77.876   42.859   24.255   13.000    0.955   -16.590   -50.521   -73.418
   -61.899   -10.529   36.338   38.040   10.468   -18.285   -42.312   -65.408
CT2182:310           32.675   35.700   41.191   28.148   -10.233    -5.396
   70.177  147.564  160.057  133.974  111.117   89.716   40.535   17.656
   32.256   41.945   37.262   35.075   26.360    5.820   -38.532   -69.115
   -64.254   -16.580   23.966   24.663    -2.422   -27.927   -44.163   -60.081
CT2182:305           33.105   33.433   32.078   27.093   19.421   33.182
   90.955  148.753  146.505   89.884   51.132   31.123    8.013    2.050
   29.630   65.034   71.668   62.002   44.949   23.331   -21.944   -60.455
   -61.025   -22.759   11.951   14.848    -1.970   -20.943   -37.853   -54.332
CT2182:300           32.939   31.936   32.326   33.932   34.536   47.273
   95.241  139.528  121.721   47.493    3.357   -15.215    -8.839    6.276
   33.676   77.879   93.621   90.455   79.871   58.190    7.470   -36.259
   -44.750   -21.368    0.690    0.756   -11.382   -24.057   -35.068   -45.978
CT2182:295           41.490   41.654   40.955   47.083   56.912   67.737
   94.926  116.566   87.789   -10.432   -69.147   -80.128   -69.806   -52.214
    3.914   81.224  105.028  107.273  102.035   82.030   27.378   -20.687
   -33.803   -24.926   -18.706   -21.335   -30.400   -37.711   -39.877   -39.640
CT2182:290           40.695   39.034   39.938   47.471   58.668   66.863
   81.533   91.445   64.219   -14.864   -61.908   -70.708   -78.774   -70.037
    -7.374   57.747   79.597   93.342  102.294   85.829   38.101    -1.845
   -19.058   -22.522   -22.490   -26.406   -32.781   -37.452   -37.706   -34.465
CT2182:285           50.153   49.568   46.560   52.622   66.370   71.591
   71.330   64.218   47.655   23.899   15.061   22.759   75.124  100.051
   74.850   51.963   55.190   56.494   53.212   43.021   16.413   -10.179
   -24.632   -32.252   -39.124   -41.449   -38.119   -34.649   -31.699   -26.998
CT2182:280           46.157   47.523   48.403   54.172   63.174   66.157
   65.293   61.389   40.679   -12.200   -39.630   -10.856   52.055   72.175
   60.356   33.652   32.960   40.664   46.921   41.786   24.062    5.826
    -9.566   -22.877   -31.530   -32.950   -24.431   -15.208   -10.938    -9.575
CT2182:275           38.262   42.589   47.312   53.546   62.916   63.548
   53.644   41.416   20.727   -36.128   -70.862   -42.739   11.275   25.867
   25.633   14.918   20.165   45.206   75.604   74.536   47.099   21.313
    4.594   -10.369   -22.636   -25.377   -12.854    -1.248    3.473    3.869
CT2182:270           42.283   46.252   49.878   54.710   65.113   65.671
   44.959   22.712   15.294   20.691   26.398   23.095   27.418   31.980
   15.554    0.726   12.266   52.876   98.036  101.400   79.741   58.173
   37.981    6.574   -21.543   -26.178    -5.264   11.321   16.117   16.821
CT2182:265           44.827   53.525   59.041   54.961   42.309   37.040
   29.667   22.325   22.242   48.382   64.450   42.750    4.592    -0.496
   15.012   28.377   49.148   83.760  105.637  111.215  118.676  117.283
   90.474   32.574   -19.647   -33.871   -23.462   -11.518    -4.419    1.338
CT2182:260           44.759   49.119   52.116   49.301   38.367   39.704
   56.713   72.263   64.062   24.127   -17.715   -17.637   -20.547   -13.380
   53.304  143.339  178.949  189.253  192.220  188.099  166.656  140.802
  109.407   52.905    1.860   -19.022   -21.268   -21.977   -22.350   -21.555
CT2182:255           47.780   50.317   51.716   54.123   58.470   68.337
  100.221  133.322  126.262   96.654   70.210   31.769   -15.752   -13.312
   64.541  195.275  239.638  229.319  231.056  220.745  173.116  132.700
   99.171   41.634   -10.303   -29.204   -25.095   -22.703   -25.332   -28.400
CT2182:250           39.819   49.595   56.692   57.495   55.673   72.502
  143.258  214.724  196.797  110.103   39.043   -14.178   -96.230  -111.947
   -37.241   46.282   90.461  121.556  128.660  132.169  122.920  103.350
   80.798   51.140   20.550    0.505   -10.146   -20.054   -31.540   -43.163
CT2182:245           25.480   38.323   55.092   57.591   40.107   48.788
  129.603  204.772  167.814   40.134   -58.258  -108.919  -153.470  -152.511
  -114.389   -69.241   -18.925   46.609   89.615  104.507  104.123   96.385
   78.459   53.654   31.384   10.710    -9.649   -30.286   -46.105   -61.816
CT2182:240           35.058   49.737   60.704   62.615   62.859   77.918
  136.857  194.042  132.481   -69.342  -215.627  -261.337  -265.503  -241.653
  -174.574   -55.910   15.533   72.379  135.197  148.587  113.277   81.748
   64.380   42.098   19.488    0.644   -17.067   -34.987   -51.621   -66.920
CT2182:235           45.690   53.484   59.252   63.822   69.256   79.097
  115.315  145.382   59.237  -178.253  -341.233  -408.112  -434.898  -396.519
  -276.990   -85.460    3.143   61.320  113.808  126.229   97.009   67.482
   53.901   38.692   22.527    5.592   -15.757   -35.825   -52.432   -67.143
CT2182:230           47.661   53.312   58.518   63.750   69.709   68.296
   77.089   76.230   -21.128  -276.623  -418.440  -480.878  -579.979  -575.287
  -320.142   -57.509   12.814   35.006   56.719   63.152   55.518   48.326
   43.382   36.811   27.409   12.988    -8.128   -28.385   -42.475   -54.382
CT2182:225           43.288   45.189   49.749   62.104   90.168   92.973
   57.150    9.172   -75.874  -326.483  -481.536  -336.369   80.155  278.158
  216.570   93.448   54.352   13.271   -34.505   -40.786    -2.462   36.031
   40.123   31.473   21.645   10.087    -6.927   -24.318   -40.910   -57.349
CT2182:220           45.569   46.046   47.201   56.765   83.625   83.905
   27.598   -52.025   -79.168   -81.197   -43.668  126.892  542.668  719.705
  565.037  236.110  102.627   36.564   -23.856   -46.163   -27.750    -2.726
    5.537   10.993   12.962    7.840    -5.280   -19.948   -36.199   -54.827
CT2182:215           45.669   48.331   49.932   55.956   73.400   70.007
   15.565   -64.864   -46.501  109.435  251.956  365.429  527.369  567.893
  449.328  200.402   80.404   26.029   -17.601   -41.436   -38.698   -31.213
   -24.030    -5.916   11.171    9.992    -5.596   -22.775   -39.606   -57.507
CT2182:210           46.403   54.812   62.477   63.236   59.726   47.451
    1.629   -55.147   -12.691  188.258  335.705  353.131  281.500  230.669
  168.585   62.584    5.296   -12.133   -27.428   -44.853   -54.834   -64.648
   -57.839   -25.454    6.699   10.678    -7.330   -28.102   -45.649   -63.430
CT2182:205           45.660   52.498   61.013   55.698   37.668   20.705
   -21.536   -70.382   -33.985  132.600  228.813  186.035   24.672   -43.543
   -48.962   -25.062   -30.723   -29.103   -15.436   -31.238   -77.571  -105.990
   -98.697   -53.539    -9.846    -2.116   -19.072   -37.580   -49.710   -61.439
CT2182:200           38.762   52.927   62.815   59.347   46.500   28.870
    -9.129   -46.025   -37.332   38.041   75.599   25.982  -122.208  -185.843
  -149.585   -73.169   -53.220   -59.371   -68.507   -79.303  -114.264  -146.318
  -137.698   -80.663   -21.198    -8.887   -27.535   -45.015   -54.607   -61.139
CT2182:195           31.867   45.187   57.714   59.634   53.758   38.738
    4.669   -36.894   -60.793   -48.485   -61.079   -94.920  -175.402  -201.553
  -166.548  -107.958   -79.532   -73.528   -68.555   -74.173  -110.584  -143.540
  -138.648   -87.845   -34.730   -22.439   -33.944   -46.584   -52.996   -56.923
CT2182:190           28.659   35.387   42.478   48.841   70.673   65.002
   27.801   -24.797   -85.728  -146.070  -173.927  -214.373  -213.885  -174.373
  -166.845  -148.741  -112.097   -70.586   -28.639   -30.784   -75.826  -105.759
  -108.939   -85.453   -58.482   -47.575   -44.994   -43.371   -45.311   -50.136
CT2182:185           30.744   41.582   52.072   63.826   82.960   73.409
   43.587    9.281  -126.419  -500.334  -702.918  -676.060  -456.587  -321.922
  -229.670  -118.050   -49.296    -1.396   34.014   29.641   -26.202   -78.838
   -92.969   -67.668   -39.210   -32.878   -37.030   -42.631   -46.245   -49.385
CT2182:180           39.676   47.191   52.728   61.273   89.128   80.966
   22.465   -43.534  -195.775  -804.693 -1264.578 -1064.525  -612.153  -459.252
  -232.704   45.678  146.457  176.390  185.387  169.170   80.926   -18.808
   -54.283   -37.735   -18.523   -21.634   -33.172   -44.734   -49.204   -52.177
CT2182:175           37.332   42.306   49.690   60.396   83.543   76.577
   16.013   -57.211  -122.015  -340.839  -531.908  -434.674  -256.740  -198.030
   -51.873  118.567  196.084  282.387  363.362  342.840  185.791   20.605
   -34.036   -31.455   -25.575   -31.160   -35.110   -40.682   -46.313   -53.022
CT2182:170           33.083   34.306   37.224   44.256   60.522   58.359
    7.872   -68.462   26.974  580.633 1006.489  855.384  433.696  292.917
  208.947  120.796  136.958  276.779  427.618  417.056  240.747   44.499
   -22.305   -32.227   -36.481   -43.989   -45.596   -47.842   -50.108   -51.682
CT2182:165           40.009   36.742   32.134   33.546   42.786   41.364
    9.476   -32.932   64.965  466.383  719.280  671.114  361.569  195.405
  129.222   34.590   36.384  155.085  298.201  298.548  168.021   43.019
    -9.664   -29.006   -43.336   -50.720   -49.919   -50.214   -52.321   -54.999
CT2182:160           41.449   47.692   52.702   50.862   39.568   26.097
    -6.708   -45.134    6.511  166.886  248.458  222.022   56.876   -46.719
   -68.636   -52.124   -17.696   14.288   77.106   85.378   35.028    7.591
   -31.082   -35.301   -28.445   -31.918   -35.622   -39.785   -43.358   -46.827
CT2182:155           46.757   48.698   48.986   44.743   34.748   20.319
   -14.064   -54.552   -51.843   -33.731   -16.626   -48.408  -162.097  -216.205
  -173.462   -93.739   -19.119   57.992   79.115   78.259   65.186   -21.835
   -94.780   -76.310   -35.021   -28.246   -30.368   -36.082   -40.976   -46.412
CT2182:150           49.549   41.789   32.004   26.921   34.474   27.567
    -2.950   -33.673   -46.878   -88.983   -99.965   -87.623   -52.646   -28.808
   -20.467   -27.862   68.837  475.584  746.309  733.580  435.471   -51.896
  -175.410  -110.535   -42.251   -32.200   -34.652   -39.979   -43.251   -48.786
CT2182:145           42.581   41.050   39.038   34.112   27.287   12.477
   -19.020   -59.288   -70.874   -70.692   -57.587    0.290  159.718  240.920
  199.222  135.580  190.275  786.245 1806.653 1756.610  668.747  -138.172
  -256.223  -163.897   -56.875   -22.399   -22.817   -34.940   -39.993   -42.002
CT2182:140           35.554   38.170   43.151   38.066   34.617   23.747
   -16.448   -61.078   -67.800   -54.796   -32.707    9.594   81.167  100.875
   87.423   33.934   -69.108  -648.836 -1649.545 -1726.931 -1007.541  -544.837
  -442.008  -255.895   -69.839   -12.794   -25.794   -34.941   -32.556   -33.218
CT2182:135           35.168   40.971   44.796   36.472   18.833    -1.803
   -35.526   -76.851   -78.974   -45.012   -14.217   11.000   39.397   45.902
   34.802   27.912  -100.911  -715.327 -1434.136 -1530.717 -1097.590  -534.894
  -354.057  -213.642   -64.777    -5.572   -15.112   -28.761   -34.880   -40.638
CT2182:130           29.064   37.541   43.401   34.332   14.528    -7.864
   -41.213   -77.856   -73.239   -22.072   19.941   35.125   33.694   31.320
   33.064   49.475   -40.374  -304.918  -514.358  -568.396  -516.665  -332.186
  -230.887  -134.383   -49.102   -15.635   -25.482   -40.286   -49.100   -56.453
CT2182:125           20.814   32.789   52.902   44.466    9.424   -14.903
   -51.003   -88.956   -80.562    -7.684   52.470   62.579   47.803   42.229
   52.229   69.665   30.466    0.277    -9.665   -44.530   -97.629  -129.110
   -99.032   -63.012   -34.513   -22.021   -41.839   -59.471   -65.871   -71.333
CT2182:120           34.376   41.419   45.840   29.217    -4.910   -33.158
   -70.209  -114.937  -108.225   -31.946   17.730   36.346   43.572   44.191
   45.510   43.714   32.882   47.161   38.513   19.879    3.857   -45.882
   -46.532   -39.971   -41.850   -38.769   -44.981   -55.069   -62.762   -69.191
CT2182:115           44.958   42.709   37.092   19.563   -10.647   -35.769
   -60.571   -82.390   -80.242   -33.460    5.286    1.502   -21.269   -23.621
   -16.646    -5.981    4.134   15.967   11.437    5.241    6.642    -6.960
   -14.086   -19.097   -27.137   -33.362   -43.003   -51.937   -59.235   -65.897
CT2182:110           38.677   32.319   28.288   12.087   -21.948   -45.077
   -51.571   -50.717   -61.601   -75.800   -80.598  -113.861  -164.323  -162.570
  -131.613   -52.479   -11.672    5.649   10.991   12.264   10.284    4.706
    -2.694   -15.626   -27.348   -34.514   -45.655   -54.937   -59.507   -60.951
CT2182:105           35.392   36.036   33.722   20.830    -0.345   -18.602
   -30.647   -34.322   -55.756  -154.974  -257.825  -282.021  -326.311  -354.480
  -258.936   -78.519   -10.692    3.432   15.213   19.548    6.968    -6.260
    -9.637   -10.032   -11.113   -17.171   -28.474   -40.102   -50.707   -61.039
CT2182:100            3.141   16.577   36.399   34.656   13.404    -2.637
   -24.158   -50.706   -48.912   13.650   79.602   35.189   -89.491  -128.022
  -108.539   -61.607   -40.480   -23.644   -11.539    -8.435   -16.456   -25.968
   -24.200   -11.961    -1.301    -5.267   -20.576   -35.816   -48.427   -61.314
CT2182:095           25.412   31.146   35.003   26.295    3.580   -12.134
   -18.748   -25.978   -11.253   78.586  161.248  162.593  108.568   68.151
   34.286   -16.137   -37.957   -42.383   -47.355   -44.166   -30.304   -14.296
    -7.523    -0.660    5.900    1.560   -13.667   -30.727   -44.028   -55.245
CT2182:090           33.010   29.153   25.618   17.473    3.643    -4.016
    -4.786    -1.728   11.796   56.136   88.711   90.049   80.878   64.955
   42.132    6.067   -13.468   -31.714   -48.116   -46.199   -23.573    4.541
   11.620    2.950    -7.092   -11.648   -15.354   -21.536   -35.797   -55.941
CT2182:085           34.019   30.100   25.983   17.024    -0.774   -10.877
    -0.325   20.097   30.121   37.100   39.485   38.444   28.701    9.561
    -0.493   -15.943   -29.927   -38.486   -44.520   -40.382   -23.968    -4.877
    3.818    9.784   14.803    9.595    -5.903   -22.956   -40.397   -60.514
CT2182:080           38.621   38.354   35.874   28.455    8.164    -4.009
    9.361   38.639   44.357   24.394    2.203   -16.723   -40.831   -55.446
   -61.498   -54.508   -47.761   -43.978   -40.622   -34.845   -25.146   -13.992
    -5.531    2.777    9.067    4.552   -11.530   -27.514   -40.040   -51.970
CT2182:075           31.797   29.081   26.685   21.467   11.654    7.157
   15.243   34.909   30.963    -8.241   -57.899   -90.346  -133.687  -158.653
  -141.878   -83.753   -45.421   -36.010   -34.883   -30.440   -23.509   -12.825
    -5.861    -1.984    -0.163    -4.258   -16.163   -29.352   -39.086   -41.916
CT2182:070           28.698   19.452   11.627    5.356    0.677    -0.827
   10.335   32.460   22.106   -31.014   -92.008  -134.161  -191.985  -215.071
  -168.546   -76.912   -29.266   -19.647   -33.107   -34.360   -25.491   -14.641
    -8.663    -3.933    -0.922    -5.594   -20.782   -34.140   -40.342   -40.286
CT2182:065           46.002   27.154    6.537    -4.754    -9.843   -12.761
    -1.568   21.294    5.610   -66.197  -144.304  -175.248  -177.905  -160.766
  -128.998   -44.859    6.001    -1.934   -35.905   -39.625   -26.121    -1.871
    4.677    0.139    -3.432    -7.246   -20.383   -33.997   -42.424   -50.163
CT2182:060           52.473   28.577    0.119   -11.527    -6.770    -4.964
    -2.090    7.398   -13.115   -74.038  -120.452  -167.181  -207.620  -192.943
  -160.055   -39.073   20.496    1.263   -53.095   -60.259   -43.273   -24.183
   -17.205    -9.814    -3.479    -3.221    -4.831    -9.605   -23.745   -44.998
CT2182:055           38.174   18.128    2.311    -3.990    1.203    3.218
    -1.756   -12.713   -25.366   -38.829   -66.146  -100.208  -225.973  -321.919
  -215.718   -46.563   12.748   13.042   -10.996   -18.926   -34.126   -47.476
   -45.875   -27.649    -7.855    -4.938   -10.764   -18.480   -29.153   -42.210
CT2182:050           41.329   25.499    7.833    1.279   10.992   15.696
    9.295    -4.805    -7.120   71.597  175.071  138.235   -25.245  -110.162
  -122.533   -45.070   25.724   40.032   27.345   19.018    0.972   -22.729
   -29.902   -19.028    -4.134    -4.963   -17.432   -29.908   -39.689   -49.037
CT2182:045           43.473   29.037   11.173    4.576   15.912   23.318
   20.134   13.975    -2.178    4.000   24.489    -8.550  -212.844  -385.181
  -279.813   -48.606   51.719   62.662   61.372   54.222   28.692    -1.823
   -11.314    -3.214   10.635    8.764    -8.169   -28.102   -45.043   -61.211
CT2182:040           34.651   19.274    8.277    8.237   24.130   28.288
   21.273   21.915   -28.758  -221.379  -381.098  -326.816   -27.185  168.524
  152.242   64.806   49.458   50.323   50.581   41.380   18.002   -13.772
   -21.928    -4.302   18.615   16.659    -4.950   -29.901   -50.433   -70.699
CT2182:035           39.028   28.019   11.602   10.924   43.226   53.654
   25.353   -15.655   -90.570  -393.650  -668.694  -547.678   23.263  348.336
  313.964  111.973   41.893   28.544   24.034   12.620    -5.961   -24.937
   -27.708    -6.742   17.363   14.248    -5.879   -29.506   -53.810   -81.905
CT2182:030           29.156   26.646   24.524   29.045   49.182   53.627
   15.951   -43.203  -106.688  -301.924  -477.024  -397.513   -43.292  161.559
  182.436   89.123   39.196   24.454   19.366    8.341    -3.865   -16.374
   -18.768    -2.891   19.557   17.670    -4.801   -31.218   -56.972   -85.425
CT2182:025           26.944   26.631   28.666   37.081   56.024   57.568
   20.188   -47.429   -70.080   -78.201   -87.372   -44.172   51.716   96.385
  107.687   78.715   56.632   36.803   24.781   11.905    0.034   -18.104
   -22.001    -2.281   20.240   16.567    -5.928   -32.391   -56.841   -82.028
CT2182:020           29.985   31.249   30.883   34.546   54.237   61.060
   32.109   -30.746   -15.191  188.797  408.239  404.127  251.029  192.485
  150.284   83.889   55.792   51.027   62.128   52.999   25.552    7.763
    1.665    5.029   14.729    8.303   -16.960   -43.214   -62.318   -80.034
CT2182:015           31.392   21.693   15.765   18.226   30.644   32.252
   15.598   -20.039   10.773  196.928  360.926  368.662  228.117  130.049
  112.664   92.803   73.071   59.063   43.616   29.219    7.768   -11.831
   -18.072    -3.634   15.001    9.554   -15.044   -42.208   -64.670   -85.663
CT2182:010           32.346   21.684   14.579   14.245   24.493   25.620
   12.298   -11.510   12.366  126.676  226.333  237.657  162.342  102.797
   99.443  107.515  105.042   79.204   42.540   27.329    7.497    -1.659
   -10.817    -0.905   17.900    9.725   -15.203   -43.137   -67.586   -90.589
CT2182:005           33.143   30.320   30.075   27.234   22.107   14.485
    -1.423   -27.876   -17.965   35.172   86.821  100.881   98.759  105.810
   98.137  105.146  125.014  113.390   74.511   59.055   54.379   34.034
    9.405    5.844   13.855    0.075   -23.671   -46.719   -66.720   -86.808
CT2183:360           36.741   30.331   24.291   17.726   10.860    1.118
   -28.052   -77.981   -88.210   -70.418   -48.326   -42.664   -51.316   -49.141
   -17.606   32.933   80.120  208.629  378.255  401.893  295.222  115.714
   47.294   17.928    -3.003   -22.968   -36.364   -49.836   -66.053   -84.350
