
filled_synop: 30 data points in equal steps of sine latitude from +14.5/15 to  -14.5/15

CT2158:360            -4.543   -14.282   -23.327   -33.198   -33.077   -45.358
   -36.702   81.738  430.642  636.740  536.778  252.676  203.236  531.251
 1067.124 1078.667  551.811  172.721  109.300  136.967  145.673  107.217
  105.905   84.234    -4.956  -117.172  -137.263   -99.540   -50.073    -2.085
CT2158:355           -16.844   -20.770   -20.363   -19.204   -10.709    -9.249
    9.403   74.489  169.775  187.000  204.709  134.609  105.433  219.373
  401.717  411.100  261.711  110.533   75.043   -18.189  -115.000   -77.417
    -1.129   -13.861   -61.727  -121.656  -122.392   -76.447   -37.528    -0.102
CT2158:350           -18.960   -18.554   -17.093   -15.577    -7.449    0.676
   20.875   68.474  179.758  271.148  209.209  102.976   57.546  -164.115
  -578.271  -580.372   -37.504  333.981  304.274  144.725   74.612   18.234
   -51.100   -87.996  -103.543  -112.927  -108.083   -74.845   -33.777    5.788
CT2158:345           -15.450   -11.771    -9.677    -9.965    -1.959    9.585
   29.063   49.908   34.057    5.823   46.453  106.551   80.968   -68.699
  -149.646  -145.505   -32.854  166.198  197.114  220.540  232.028  119.244
   -74.190  -150.891  -146.078  -121.175   -94.668   -48.625   -13.441   14.801
CT2158:340           -14.822   -10.866    -9.989    -9.685    0.510   14.596
   36.647   78.101  161.273  228.585  191.009  128.234   78.749   11.323
   -57.448   -90.180  -230.381  -359.360  -260.213   13.508  114.098   39.069
  -117.219  -182.325  -160.512  -113.670   -90.420   -54.056   -18.077   12.373
CT2158:335           -19.798   -11.626    -1.870    7.678   19.581   25.356
   38.081   94.805  240.910  293.362  244.074  133.594   74.703   37.380
    2.269    2.247   -50.699   -74.516   -40.742   53.166   64.215   -19.064
  -106.400  -153.161  -142.966  -107.007   -82.431   -57.191   -30.799    -0.277
CT2158:330           -19.614    -9.588    3.773   17.365   34.469   51.292
   76.185  122.343  222.652  252.720  190.496   60.851    2.087   17.487
   47.103  178.648  669.355 1145.805 1078.776  526.612  139.175   17.475
   -43.660   -94.679   -96.883   -84.101   -74.102   -53.320   -30.146    -1.903
CT2158:325            -8.619    -5.755    -2.244    -2.911    9.252   35.221
   64.815  106.401  149.440  141.332  110.161   26.937    -9.007   27.103
   79.278  260.818  948.240 1593.163 1515.586  761.186  227.757   71.420
   -14.970   -68.256   -78.620   -88.635   -78.684   -45.409   -18.645    5.062
CT2158:320            8.004    2.356    -0.888    -2.930    4.047   24.603
   51.369  110.000  156.387  218.963  191.692   90.979   65.790   69.420
   26.732   90.415  470.855  845.444  755.242  294.434   36.229   -17.941
   -21.826   -36.120   -51.910   -75.451   -71.471   -43.302   -18.209    6.699
CT2158:315           32.071   26.126   20.406   10.729   11.559   17.214
   25.029   53.745    -0.869   78.311  117.726  120.724  137.339  154.147
  198.905  170.701  -276.917  -819.913  -831.384  -419.256  -163.073  -109.293
   -24.809    0.738   -29.134   -74.789   -76.867   -44.095   -14.163   10.850
CT2158:310           58.807   43.515   27.864   10.959    4.543   17.210
   32.721   26.988  -174.688  -169.396  -113.241   -11.481   61.707  165.879
  315.676  272.193  -163.557  -584.127  -646.150  -408.090  -162.397   -90.071
    -9.040   23.261   -14.099   -73.002   -79.669   -43.904   -13.345   10.016
CT2158:305           89.061   67.596   43.801   22.258   26.947   46.226
   66.586   47.785  -220.049  -262.474  -234.810  -138.757   -40.783   84.298
  286.226  326.722   94.929  -176.711  -232.912  -154.406   -77.959   -30.984
   29.191   41.753    2.599   -53.838   -63.623   -39.938    -9.457   20.107
CT2158:300          108.998   92.382   64.854   25.532   30.879   52.895
   79.014   58.841  -218.674  -248.653  -274.010  -287.438  -216.951   -89.833
  181.534  303.382  309.170  290.379  244.239  141.635   54.466   22.739
   17.665    3.244   -24.091   -62.616   -69.849   -40.736   -13.701    8.528
CT2158:295            -0.274    9.137   16.210   15.397   34.585   60.065
   84.908   53.915  -268.164  -189.736  -170.422  -279.713  -344.719  -102.542
  207.380  337.862  430.928  568.223  533.488  318.752  144.284   66.515
   40.117    6.195   -31.838   -73.328   -84.800   -64.990   -37.398   -12.167
CT2158:290            0.318    5.709   10.974    5.319   13.000   31.902
   55.283   34.304  -370.888  -184.928   78.343  431.696  673.497  611.311
  362.723  374.139  543.860  698.646  659.804  454.705  254.918  126.159
   67.218   11.879   -26.711   -49.463   -60.812   -49.575   -40.306   -30.425
CT2158:285            0.952    7.111   15.523    1.013   11.448   29.916
   39.408   12.848  -360.893  -127.046  168.234  579.614  873.794  825.169
  593.992  637.255  896.182 1134.674 1072.254  680.165  337.415  168.789
   90.225    6.079   -33.964   -34.915   -50.670   -49.762   -45.358   -41.293
CT2158:280            -0.347   10.648   23.819    -0.030    0.870   11.989
   20.797    5.232  -243.537   -62.094   89.666  165.445  235.124  508.321
  794.835  986.792 1346.202 1703.017 1629.748 1017.812  494.766  292.057
  157.557   29.422   -28.701   -37.466   -58.318   -47.450   -41.316   -41.235
CT2158:275            6.675   13.862   27.715    5.911    -2.528    -2.879
    -3.775    -5.113  -160.421   -75.537   35.336  159.713  288.231  516.734
  846.532 1093.066 1510.175 1931.732 1899.941 1374.305  921.713  625.420
  259.393   31.477   -44.763   -67.973   -90.021   -72.456   -52.648   -40.456
CT2158:270           11.085   14.002   18.581   25.704    4.122   -20.088
   -42.760   -40.336   -83.256   -22.372   68.482  192.670  297.576  391.977
  508.344  710.439 1167.909 1680.440 1761.186 1498.294 1192.571  887.275
  435.573  136.473   20.145   -40.929   -88.181   -68.583   -50.630   -40.976
CT2158:265           16.411   15.967   13.418   49.129   26.497   -21.923
   -76.182   -69.454   -16.485   52.286   96.661  161.074  210.947  138.757
   -91.702    -7.596  527.509 1094.117 1329.592 1487.574 1426.129 1186.034
  633.050  242.783   87.552    -8.848   -78.742   -70.272   -52.904   -42.412
CT2158:260            6.283    7.928    8.804   39.643    3.980   -39.613
   -88.329   -82.450   -14.443   53.220   39.897   -16.036   -23.895   -95.718
  -219.107  -142.668  180.286  677.615  972.654 1489.021 1904.801 1662.364
  799.526  282.993  112.738    -1.614   -71.054   -47.610   -38.136   -39.516
CT2158:255            -2.237    -1.958    -0.019   42.913    -4.294   -47.482
   -92.315   -95.460   -49.778   -14.422   -77.040  -311.344  -427.346  -452.159
  -365.992  -274.768  -246.310  -382.003  -169.461  754.283 1332.268 1215.837
  583.918  236.422  119.008    4.350   -68.218   -68.819   -54.370   -45.770
CT2158:250            -3.090    -3.962    -4.888   74.213   -13.814   -99.683
  -130.678  -119.172   -90.224   -73.934  -107.160  -405.000  -722.945  -630.303
  -519.117  -551.908  -378.529  129.032  233.174   -25.765   -59.993   87.600
  267.216  291.105  178.751   14.824   -50.352   -43.745   -41.758   -47.210
CT2158:245            2.000    0.092    -2.510  106.676   -56.185  -334.130
  -603.066  -597.924   -80.292  357.918  361.242  394.181  535.311  192.395
  -257.346  -497.366  -963.516 -1553.136 -1589.763 -1242.969  -982.046  -677.078
  -107.973  162.695  137.183   18.629   -31.451   -49.086   -51.723   -51.506
CT2158:240            7.041    4.971    0.948   58.468   -48.430  -218.421
  -325.519  -318.450  -153.614  -153.349   -78.815   50.948   -19.273   -29.166
   -25.127  -252.545 -1230.437 -2442.588 -2588.517 -1862.470 -1190.199  -919.996
  -523.378  -194.379   -91.839   -81.390   -33.463   -36.393   -43.974   -47.341
CT2158:235            -0.241    2.378    4.585   -57.015   28.884  158.330
  246.774  248.744  207.117  150.057   60.981   -94.133  -187.671  -185.740
  -111.455  -305.616  -886.163 -1419.825 -1719.688 -2109.894 -2192.561 -1787.992
  -977.859  -473.900  -246.460   -90.830   -12.471   -35.579   -42.645   -41.474
CT2158:230            3.382    8.705    8.106  -119.843   98.959  450.761
  759.234  787.867  442.069  209.122   65.022  -145.823  -263.663  -255.754
  -170.572  -260.489  -442.701  -687.681 -1039.439 -1818.759 -2288.541 -1971.549
  -988.684  -472.591  -255.337   -79.657   13.763    -8.026   -29.016   -41.113
CT2158:225            -1.046    5.981    1.921   -83.511   63.014  239.155
  357.180  372.138  258.175  149.690    4.293  -219.284  -335.012  -280.444
  -123.282   -82.820  107.069  240.207   -55.333  -939.398 -1578.277 -1426.437
  -831.144  -475.721  -257.213   -74.245    8.235   -27.307   -45.844   -52.178
CT2158:220           -36.668    -7.351   19.621   -18.552   46.979   94.494
  142.523  147.945  142.423  108.923   -59.158  -406.137  -532.019  -412.745
  -123.620   24.204  403.110  757.804  584.406  -139.420  -585.184  -631.400
  -594.052  -468.763  -268.636   -62.269   36.701   17.864   -15.302   -39.215
CT2158:215           -69.891   -24.767    -7.048    2.195   15.373   46.019
  109.489  125.718   86.872   14.759   -75.190  -281.914  -405.524  -330.829
  -134.423  -151.722  -250.561  -330.534  -393.647  -434.628  -447.242  -410.709
  -393.828  -340.042  -202.970   -40.530    -0.217   -37.727   -53.832   -59.924
CT2158:210           -47.873   -22.336    -1.419   16.817   31.807   55.230
   84.982   89.584   61.562   25.170   42.472  183.501  251.184  139.077
   -55.824  -231.254  -733.375 -1331.466 -1364.948  -822.833  -396.096  -308.682
  -317.219  -273.165  -182.308   -70.751   -22.916   -20.342   -29.960   -41.952
CT2158:205           -37.638   -24.218    -6.984   16.176   30.098   41.726
   58.189   54.448   18.671   -17.326   20.070  173.205  248.984  153.233
   -80.057  -243.030  -509.126  -857.865  -916.425  -630.833  -349.508  -265.232
  -252.737  -224.312  -160.019   -77.076   -38.307   -42.114   -40.130   -41.876
CT2158:200           -34.273   -23.987   -13.338    8.517   19.964   20.574
   19.502    6.599   -39.161   -84.244   -75.872   -14.725    6.810   -18.373
   -64.075  -121.612  -190.542  -244.589  -265.654  -264.394  -229.079  -199.416
  -194.704  -181.725  -138.309   -65.819   -38.074   -39.701   -46.399   -54.369
CT2158:195           -28.516   -14.557    -2.787   13.309   19.636   10.831
    -3.351   -26.184   -95.676  -160.965  -170.803  -117.240   -50.114   -35.571
    -9.963    9.651   10.230    3.238   -13.503   -50.260   -82.035  -101.940
   -97.641   -81.546   -68.388   -56.410   -47.330   -59.628   -68.526   -69.346
CT2158:190           -20.144    -1.436    7.517   12.012   11.513    -1.551
   -20.944   -29.030   -62.555  -100.157  -121.522  -175.663  -205.702  -155.766
   -16.214   96.944  188.728  288.520  296.278  150.037   -22.203   -83.562
   -57.148   -38.495   -36.310   -33.591   -39.191   -45.212   -54.096   -58.942
CT2158:185           -19.750    -4.488    7.673   18.318   18.518    -3.212
   -35.608   -25.255   32.236  111.431   98.582   -52.651  -174.287  -129.944
   37.027  195.634  452.513  797.280  857.148  559.229  127.209    -5.936
   30.789   27.656   -10.293   -33.689   -48.401   -44.140   -42.394   -46.077
CT2158:180           -29.444   -14.732    -2.867   10.543   14.203   -14.853
   -67.994   -42.258  156.538  393.495  411.066  222.707    -0.536   35.045
  176.012  285.727  638.304 1225.642 1373.227 1062.741  576.117  355.995
  162.195    0.878   -51.584   -58.533   -66.657   -55.173   -46.252   -40.950
CT2158:175           -45.167   -32.507   -16.415    1.986   12.378    -3.848
   -52.759    -8.846  220.345  503.717  525.567  342.178  304.235  240.887
  182.462  298.241  527.164 1013.925 1164.189 1003.057  747.676  571.070
  238.425   -42.717   -97.491   -76.499   -81.677   -72.180   -54.996   -41.738
CT2158:170           -53.297   -41.735   -25.398    0.024   14.420    1.387
   -28.078   11.681  162.065  325.475  321.869   -16.538  -374.635  -329.246
   -93.023   -43.585   84.933  275.180  320.173  386.128  536.463  475.570
  145.588   -85.218  -116.830   -92.219   -84.200   -69.615   -55.192   -42.169
CT2158:165           -50.239   -30.062    -9.604   10.693   24.699   24.355
   14.384   51.423  155.501  266.645  303.603  217.236   83.484  135.365
  337.816  284.453   84.185  -455.164  -637.308  -473.797  -253.549  -198.742
  -140.602  -104.589   -98.965   -97.443   -86.829   -74.976   -60.381   -44.140
CT2158:160           -44.375   -21.542    -1.745   16.016   31.444   40.300
   38.546   72.467  167.772  281.025  369.369  661.068  970.839  915.637
  982.271 1166.879  418.174  -714.173  -993.732  -821.919  -575.149  -467.872
  -263.992  -115.951   -93.511  -102.946   -93.302   -77.864   -59.685   -44.695
CT2158:155           -37.866   -19.257    -1.486   15.506   29.595   37.338
   36.733   58.952  108.959  170.951  241.062  420.330  525.996  393.233
  -279.809  -881.941  -739.330  -608.984  -643.829  -617.847  -476.838  -376.520
  -215.295   -76.322   -44.311   -57.399   -58.322   -54.385   -49.721   -46.047
CT2158:150           -26.986   -11.846    2.990   18.808   32.051   39.926
   47.637   49.660    4.905   -47.434   -24.815   54.026   73.459    6.837
  -162.244  -256.460  -364.312  -342.303  -332.062  -324.290  -261.523  -193.932
   -94.105   -10.327    2.133   -33.127   -47.656   -50.928   -49.580   -46.606
CT2158:145           -10.198    -0.320    8.773   17.096   24.694   34.321
   46.930   34.147   -33.093  -110.382  -109.224   -14.644   63.377   56.218
   42.498   38.452   -41.405  -142.235  -165.209  -142.359  -102.477   -67.864
    -1.970   45.297   30.059   -30.709   -59.648   -52.458   -44.164   -38.133
CT2158:140            4.759    9.719   12.742   16.156   21.533   35.591
   57.986   44.027   -17.202  -100.238  -114.231   -12.426   81.303   92.433
   29.740    -5.566   28.172   18.348    6.133   18.430    -3.139   -10.483
   44.193   78.782   40.490   -38.673   -81.313   -75.818   -53.059   -27.843
CT2158:135            8.697   16.186   20.136   20.140   18.511   26.844
   51.585   31.175   -29.813   -96.667  -136.668  -164.741  -101.442   -81.209
   -68.030   22.394  156.331  379.121  454.841  361.598  165.300  104.055
   84.308   37.108   -14.100   -78.578  -109.476   -75.288   -34.737    -6.693
CT2158:130           -11.191    1.390   16.199   37.239   47.089   36.274
   21.711   -14.945  -107.337  -213.478  -285.169  -518.769  -725.252  -634.044
  -267.858   -21.520  191.823  612.520  784.732  674.115  540.064  438.284
  191.661   -12.961   -79.623  -112.429  -129.427   -95.802   -45.262    0.301
CT2158:125           -18.786    -4.574   11.972   35.715   42.125    9.497
   -33.207   -78.834  -168.172  -274.403  -314.731  -445.183  -670.972  -571.713
  -235.485   -73.908   70.531  287.049  378.889  480.296  585.916  511.553
  192.359   -56.129  -120.142  -136.386  -139.267   -97.016   -37.128   13.842
CT2158:120           -12.341    -2.982    2.369   13.949   12.689   -22.639
   -83.299  -134.577  -187.676  -232.865  -196.934  146.825  669.867  647.633
  190.109   21.958   60.757   80.874   86.335  141.700  129.307   85.723
   27.536   -57.900  -103.156  -124.372  -129.665   -77.376   -16.803   19.544
CT2158:115           -13.538    6.429   27.812   54.441   59.812   18.406
   -40.352   -84.651  -188.912  -309.748  -266.986   40.167  252.644  312.877
  262.247  192.694  169.324  139.319  138.035   70.684   28.140    -2.132
   -39.137   -54.157   -86.791  -115.063  -121.380   -88.923   -41.129    3.145
CT2158:110           -18.823    7.594   31.300   62.633   75.064   43.263
    -9.286   -48.020  -135.281  -268.657  -260.874   -69.112   68.826   97.179
  114.379  124.919  108.229   68.893   55.925   -11.107  -126.608  -154.560
  -109.291   -77.289   -91.148  -107.755  -110.782   -81.339   -46.276   -11.175
CT2158:105           -21.882    5.059   31.463   59.421   69.646   47.014
    -1.335   -10.583   66.867  197.618  198.937   25.186   -70.483  -131.013
  -247.007  -280.163  -199.351   -33.074   43.474   46.121   45.457   25.325
   -20.157   -54.901   -89.538  -110.973  -113.827   -85.106   -47.790   -11.295
CT2158:100           -12.582    7.451   24.292   43.771   51.048   27.807
    -8.781    1.300  121.321  256.138  223.829   -72.003  -379.925  -483.969
  -625.901  -698.958  -500.889  -104.155   70.362  225.065  368.484  336.441
  133.040   -34.109   -86.739  -117.943  -125.453   -83.585   -38.445    -1.927
CT2158:095           -12.963    5.698   20.834   34.660   41.946   23.954
   -11.772    -7.560   57.382  138.596  144.516   72.391   14.572  -113.818
  -351.200  -404.203  -247.574  105.393  271.643  389.549  547.221  485.359
  157.896   -56.055  -108.014  -123.366  -126.851   -82.409   -34.296    4.294
CT2158:090           -22.930    -5.342    8.947   22.803   33.814   40.054
   49.536   58.497   46.627   44.009  109.888  321.905  454.349  413.585
  251.172  148.676  176.242  275.803  326.678  251.667   55.382    -1.318
   -27.800  -102.536  -135.491  -127.689  -114.576   -76.745   -36.904    2.916
CT2158:085           -33.445   -19.950    -4.223   14.455   34.625   59.278
   83.072   76.222    1.292   -71.245    -1.612  341.673  617.318  613.140
  439.377  329.666  257.227  197.070  192.825  284.126  403.112  313.774
    9.490  -143.570  -150.523  -123.447  -104.625   -65.818   -29.045    7.746
CT2158:080           -39.450   -28.575   -13.609    5.841   26.167   59.535
  112.611  115.225   17.911   -99.366   -46.878  146.597  259.877  280.500
  220.176  144.525   10.315  -224.443  -277.948  -119.996   41.889   29.478
   -81.145  -152.230  -155.621  -133.912  -107.328   -65.746   -23.042   17.085
CT2158:075           -17.259   -11.828    -3.881    5.726   22.576   63.288
  128.936  127.194   16.718  -108.983   -79.644  102.273  256.179  263.396
  212.352  152.876   18.252  -130.153  -217.274  -335.094  -418.855  -409.711
  -281.344  -192.133  -166.075  -140.483  -106.349   -64.160   -27.003    7.301
CT2158:070            -3.217    3.895   11.000   15.346   23.476   58.514
  112.585  115.228   25.059   -64.203   -43.433   91.459  205.672  200.723
  144.383   94.203   29.486   -34.088   -86.975  -169.910  -222.040  -239.338
  -237.304  -218.000  -180.702  -123.219   -89.412   -58.149   -24.852    7.788
CT2158:065            9.026    7.369   10.194   18.866   32.504   52.349
   72.894   76.655   46.820    8.522   26.087  102.905  147.706  126.872
   43.764    -0.309   -16.849   -29.051   -63.741  -102.819  -142.907  -160.519
  -165.010  -157.754  -140.680  -113.319   -85.120   -56.880   -24.704    9.259
CT2158:060           -26.827    -7.709   10.719   28.278   43.593   52.086
   51.588   51.516   64.047   97.744  110.410  108.269   71.179   70.236
  171.646  342.850  421.108  511.063  510.646  386.131   68.440  -183.404
  -218.339  -167.740  -150.329  -137.259  -126.719   -93.122   -43.981    -2.681
CT2158:055           84.447   63.909   48.584   42.651   39.435   42.990
   64.595   70.000   48.129    -3.266   -20.943    4.041   27.837   27.713
   -19.363   -40.575   -29.597   -30.714   -24.928    -9.789    -0.121   -36.239
  -108.427  -167.408  -162.691  -121.478  -101.361   -95.089   -76.268   -43.180
CT2158:050           54.924   40.622   28.697   20.928   18.138   19.803
   29.565   28.176    6.314   -31.207   -44.044   -29.631   -13.896   -13.953
   -34.396   -33.175  109.741  444.400  571.253  434.907  164.566   49.737
   -64.197  -161.374  -171.994  -135.240  -110.378   -72.534   -38.449   -14.268
CT2158:045           28.206   23.416   15.722    7.736    1.522    -5.486
    -2.186    -5.682   -17.065   -28.306   -35.511   -32.204   -38.404   -43.319
   -59.121   -66.583   38.364  331.458  468.736  428.155  306.615  212.817
   19.877  -186.577  -216.616  -158.186  -116.544   -71.328   -30.055    6.964
CT2158:040            9.852   11.518    9.317    5.383    3.025    -9.232
   -32.274   -54.898   -61.476   -64.265   -76.383   -58.202   -57.623   -65.359
  -124.130  -161.653  -132.906   -34.789   40.944   48.033   63.824   31.251
  -114.678  -235.970  -247.870  -182.284  -133.530   -83.490   -30.256   18.528
CT2158:035           -10.004    -5.525    1.517   11.525   16.853    7.543
    -1.492   -30.896   -87.320  -143.182  -163.158  -143.920   -83.050   -78.026
  -203.661  -321.744  -349.710  -434.973  -467.222  -353.508  -148.842  -108.199
  -166.147  -243.380  -259.989  -221.009  -178.492  -107.885   -39.000   24.107
CT2158:030           -52.842   -36.114   -22.246    -5.134    6.369    -4.957
    -1.876   -42.298  -185.230  -410.710  -486.635  -405.147  -260.428  -195.121
  -157.328  -130.335  -152.539  -214.718  -200.279  -114.246   44.135   57.075
   -56.867  -171.784  -201.141  -192.960  -164.018  -107.116   -36.868   34.599
CT2158:025           -25.411   -15.549    -7.366    0.768    8.337    -0.115
    -6.369   -68.189  -297.817  -665.555  -768.287  -629.425  -383.316  -254.985
  -142.263   -17.738   -28.504   -92.076  -105.903   -83.133    0.281    -1.988
   -89.622  -176.480  -192.769  -197.028  -177.997  -115.820   -43.811   19.346
CT2158:020            5.991    5.924    5.241    6.013    4.642   -15.790
   -31.850   -88.046  -287.893  -621.759  -718.235  -590.750  -364.854  -188.570
   -23.894  163.532  156.957   37.659   -58.116  -179.272  -238.708  -267.794
  -235.910  -198.775  -193.503  -184.919  -162.820  -110.134   -50.572    3.103
CT2158:015           35.799   26.016   13.354    0.272   -12.171   -39.602
   -75.512  -122.703  -227.969  -409.026  -451.377  -327.605  -139.278   87.507
  423.460  576.361  598.430  411.253  118.591   -72.594  -238.145  -324.891
  -260.023  -181.188  -163.236  -152.844  -137.316  -104.013   -60.830   -14.887
CT2158:010           45.580   31.853   16.193    -1.489   -18.980   -39.381
   -63.755   -79.984   -72.486   -53.281   -26.946   -10.170   -32.032  253.149
 1397.677 2393.272 2292.468 1219.203  501.380  205.791   -81.712  -204.992
  -178.890  -144.756  -141.667  -138.522  -129.155   -94.706   -56.863   -20.595
CT2158:005           39.518   32.679   20.259    1.323   -14.486   -18.674
   -25.568   -13.636   58.002  188.135  251.063  218.775  114.305  316.375
 1542.731 2924.582 2725.531 1127.709  148.612   23.740   -14.947   -83.237
   -94.314  -110.307  -122.387  -130.087  -130.656  -105.457   -64.983   -24.125
CT2159:360           13.499   20.669   25.298   20.236   15.464   26.126
   26.870   39.904  121.728  264.407  306.871  263.674  145.297  117.951
   73.768   -36.984   -95.270   -35.324   68.897   -50.394   -30.569    7.128
   -41.070  -124.470  -142.609  -148.662  -147.670  -110.194   -61.236   -24.900
