
filled_synop: 30 data points in equal steps of sine latitude from +14.5/15 to  -14.5/15

CT2171:360            4.549    1.657    0.299    2.044    8.294   20.598
   27.728   15.096   18.347   -37.753  -474.140 -1045.895 -1018.680  -484.530
  -197.596  -108.781   16.513   72.908   61.846   25.504   23.318   57.727
  100.516   90.407   38.241   -13.729   -42.378   -59.027   -77.398  -100.122
CT2171:355            4.521    5.702    6.793    7.682    9.046   13.608
   15.826    1.795   -18.687   -40.755  -205.343  -462.657  -463.723  -244.430
  -138.541   -71.054   70.313  130.087   86.302    -8.846   -27.709   25.966
   96.415   93.615   40.736   -12.088   -41.799   -63.950   -84.739  -108.311
CT2171:350            -7.399    -1.831    8.280   20.568   21.267   11.937
   14.037   17.924    2.541   34.606  382.485  915.368  890.026  364.317
  117.487  115.696  168.196  188.206  136.359   23.093    -6.947   30.673
   89.172   86.048   56.050   25.467    -8.646   -49.308   -85.833  -119.293
CT2171:345            -4.765   10.369   27.218   38.023   31.145    -1.572
    -9.146   37.969  124.825  200.962  447.333  676.879  650.924  361.458
  119.430  132.015  246.368  286.306  246.299  108.566   59.615   64.839
   74.421   65.090   56.026   38.742    4.941   -41.165   -87.621  -130.840
CT2171:340            -4.976   12.628   29.984   46.894   44.969   14.239
    4.543   39.183  103.660  126.234  110.919   43.705   -36.346  -206.406
  -305.026  -214.005  166.983  366.935  344.251  210.832  167.893  125.611
   79.739   60.508   52.204   37.390    5.432   -39.919   -84.045  -128.834
CT2171:335            1.970   15.708   29.459   40.368   39.015   23.701
   20.854   36.501   72.038   67.283   -27.461  -117.725  -240.923  -588.714
  -800.640  -629.681   -33.184  254.358  270.289  186.267  161.037  113.642
   65.156   47.557   35.790   19.959    -6.697   -44.199   -81.808  -119.959
CT2171:330           13.257   23.858   35.478   44.730   40.847   25.141
   18.090   16.797   25.501    1.392  -159.285  -365.738  -511.880  -812.317
-1017.739  -877.603  -341.035   -70.582   -16.322   -44.065   -41.848   -24.179
    -3.195    4.247    7.420    6.595   -12.891   -44.580   -74.796  -107.858
CT2171:325           22.918   28.671   34.915   39.492   33.929   13.030
    1.085    -1.059    -0.597   14.043   30.071   54.326   -45.877  -344.036
  -533.918  -538.629  -359.700  -241.142  -219.839  -239.088  -218.925  -150.199
   -56.264   -22.728   -11.079    -1.853   -15.093   -44.554   -73.372  -104.808
CT2171:320           28.034   31.712   34.773   36.577   29.738    8.927
    0.356    4.535    2.929   75.745  345.928  676.629  657.223  324.553
   43.425   -76.935  -181.970  -236.007  -255.239  -284.821  -269.706  -185.364
   -69.672   -24.133    -6.539    6.279   -11.223   -49.421   -79.816  -109.869
CT2171:315           27.640   30.769   34.388   35.540   30.305    8.346
    7.499   31.391   34.729  125.893  529.220 1031.555 1055.470  681.439
  317.909  151.026   -27.710  -143.989  -188.037  -222.243  -215.869  -156.187
   -70.847   -31.885    -9.260    6.272   -10.016   -50.276   -88.504  -123.619
CT2171:310           25.174   22.878   24.825   29.135   28.492    4.362
    1.482   59.246  139.959  248.881  573.726  975.112  984.221  599.134
  219.147   79.190   -23.891  -113.066  -154.314  -182.944  -182.517  -132.056
   -65.392   -34.564   -18.169    -7.610   -27.569   -75.155  -110.835  -140.651
CT2171:305           32.717   26.143   20.044   14.217   16.675   26.021
   46.499  105.452  207.153  307.104  431.143  556.313  534.924  311.627
   63.644   -35.679   -69.874  -120.037  -136.969  -134.006  -126.840   -85.113
   -28.303    -3.673    -1.247    -5.376   -25.913   -65.250  -103.300  -138.145
CT2171:300           40.033   34.881   26.364   15.579   17.295   28.640
   44.505   79.518  115.013  158.715  212.888  244.186  221.368  128.536
   32.601   -29.659   -45.792   -62.752   -85.195   -99.203   -94.367   -51.671
    3.310   22.480   14.800    0.384   -25.885   -64.587   -98.232  -131.299
CT2171:295           41.433   36.864   34.064   31.137   32.301   33.645
   41.101   58.457   79.175   99.720  105.267  116.633  102.680   59.957
   31.061    -6.588   -33.759   -56.258   -72.501   -89.822   -88.162   -48.409
    3.053   20.523   12.946    -0.601   -24.319   -60.994   -95.190  -125.564
CT2171:290           29.990   28.958   26.329   21.910   24.469   32.541
   40.888   50.521   64.126   71.542   59.860   47.184   35.860   16.965
    3.070   -17.086   -38.859   -57.963   -72.348   -90.671   -91.870   -61.286
   -19.399    -3.522    4.271    6.052   -15.774   -56.465   -90.606  -121.956
CT2171:285           20.840   18.306   14.243   10.963   16.581   39.505
   56.844   50.797   34.429   32.504   15.501    7.700    3.938    -3.123
   -13.108   -19.660   -16.588   -22.641   -42.205   -76.452   -86.737   -62.040
   -21.808    -6.293    1.142    5.918   -11.033   -45.885   -83.495  -122.317
CT2171:280            4.640    8.357   17.193   29.341   40.857   59.389
   70.104   37.593   -44.036   -72.303   -48.911   11.817   24.724   21.120
   27.899   27.263   28.761   26.138    3.114   -48.095   -68.046   -48.627
   -10.044    1.006    -5.249   -14.934   -34.021   -64.109   -94.355  -128.460
CT2171:275            2.887   13.121   23.698   33.664   46.156   65.040
   83.339   65.078   -24.088   -75.085   -30.128   25.014   29.129   21.169
   14.608   22.230   57.626   74.025   49.806    -7.710   -31.399   -20.791
    3.264    4.205    -7.776   -24.054   -42.833   -66.480   -90.223  -115.784
CT2171:270           11.403   16.765   15.339   10.162   19.306   36.159
   46.496   79.790  187.814  237.666  156.859   47.847   22.765   21.594
   20.962   30.144   65.103   81.423   64.340   23.426    5.017    4.212
   16.703   12.192   -12.029   -38.169   -54.475   -69.021   -85.276  -107.007
CT2171:265           12.140    7.522    0.976    -0.782   13.815   52.090
   84.950  116.810  172.147  179.878  140.679   50.534   20.824   32.676
   44.801   52.588   66.416   70.319   59.086   22.791    1.559    3.419
   11.937    6.137    -6.200   -20.840   -40.306   -65.422   -89.225  -112.580
CT2171:260            7.884    8.775    9.549   10.521   26.354   66.552
   98.322  111.108  111.793   98.882   82.711   52.123   36.214   37.577
   37.332   53.885   81.047   92.620   82.135   50.290   33.214   19.173
   10.741    2.829    -0.922    -6.128   -26.770   -61.745   -92.825  -121.888
CT2171:255            4.940   16.135   29.335   42.197   55.806   75.618
   91.626   87.540   73.598   52.150   14.620   -24.910   -39.032   -14.078
   33.039   62.453   93.886  122.210  116.127   75.414   50.873   27.628
    5.989    -4.658   10.003   21.570    0.179   -40.920   -86.819  -131.359
CT2171:250            3.926   16.389   32.642   49.411   60.297   63.798
   63.492   56.967   57.428   24.769   -91.337  -257.910  -306.291  -237.316
  -162.542   -96.353   30.037  120.388  137.783  123.193  109.070   64.831
   13.430   -10.811    2.154   27.748    6.343   -48.190   -95.077  -138.512
CT2171:245           18.988   25.323   37.554   53.027   58.459   58.506
   58.835   50.224   53.556   19.487  -168.342  -436.837  -509.643  -453.685
  -358.074  -259.495   -53.134  102.087  159.002  198.119  200.371  127.439
   12.328   -27.425    -2.062   32.649   12.055   -38.749   -89.448  -136.609
CT2171:240           46.140   53.650   47.966   32.732   30.963   40.423
   46.617   39.775   35.970   20.921   -92.739  -297.167  -345.839  -274.203
  -184.903  -115.949    8.531  117.913  194.489  303.984  328.554  223.153
   38.329   -30.092    -4.908   26.849    4.147   -45.135   -88.528  -130.073
CT2171:235           32.319   35.157   30.666   20.185   19.786   27.318
   32.578   32.859   18.599   13.625   79.449  190.390  220.788  221.351
  189.409  181.920  153.236  140.295  193.322  319.308  353.544  254.985
   80.314    7.653   13.096   27.841    1.471   -46.048   -90.202  -129.916
CT2171:230           10.043    7.155    7.978   12.479   16.073   23.754
   32.691   36.538   24.810   39.451  189.350  438.426  502.482  411.440
  287.584  264.516  207.260  173.983  217.147  332.178  362.738  270.436
  121.478   57.473   48.402   38.686    7.003   -32.408   -72.815  -113.207
CT2171:225            -6.430    -6.127    -1.503    8.031   16.439   23.988
   31.014   31.915   23.711   29.077   70.548  129.722  156.643  163.286
  153.711  180.098  212.803  244.266  277.128  325.768  329.783  257.168
  134.860   65.479   41.959   22.133    -3.050   -30.657   -60.156   -90.817
CT2171:220            -0.113    2.175    5.208   10.106   14.044   22.470
   33.530   36.019   35.225   29.591   -21.973  -134.748  -155.468   -96.215
    1.807   81.130  225.990  324.094  348.863  327.384  266.987  194.914
  112.347   60.993   31.859    3.337   -16.663   -31.040   -47.504   -65.411
CT2171:215           19.105   21.021   22.489   21.699   25.295   34.250
   41.789   43.731   50.171   53.028    0.118  -133.565  -167.896  -114.955
   -29.373   87.878  462.673  797.733  762.682  410.459  206.514  142.797
   82.047   35.930   15.383    -2.827   -20.712   -32.174   -48.017   -70.681
CT2171:210           40.264   38.901   31.722   17.580   12.253   21.649
   32.686   26.904    -2.386   -25.751    1.463   95.104  127.839   77.138
    -8.016   52.556  361.700  614.016  586.631  303.060  100.371   55.787
   49.071   39.658   20.979    -8.200   -27.573   -40.310   -59.071   -84.637
CT2171:205           34.349   24.330   13.196    2.248    -3.054    2.528
    6.877    -0.848   -27.200   -38.366   31.123  209.161  267.945  159.814
    -7.956   -34.726    -2.866   57.755    8.507   -96.309  -146.161  -118.336
    -7.762   43.171   33.811    -9.494   -33.117   -62.073   -87.750  -108.388
CT2171:200           21.120   16.462   12.423    8.273    6.362   10.283
   12.526    1.145   -29.613   -51.691   -54.068   -40.971   -34.342   -56.882
  -100.660  -127.978  -252.673  -408.249  -481.396  -553.000  -570.472  -431.885
   -65.071   81.117   62.924    -3.904   -40.245   -78.361  -103.678  -121.095
CT2171:195           12.185   10.332   16.210   25.956   30.430   26.396
   18.600    4.056   -16.950   -41.520   -89.325  -185.666  -217.908  -149.386
   -27.998   10.494    -6.984   -61.957  -164.014  -485.675  -674.911  -529.855
  -138.764   29.905   17.683   -31.405   -43.899   -57.230   -69.593   -85.621
CT2171:190            5.560    7.685   12.249   19.787   24.022   28.055
   28.528   11.781   -13.122   -38.546   -90.104  -187.124  -219.804  -156.865
   -37.510   36.109  200.783  404.347  276.041  -227.624  -484.999  -399.969
  -107.901   14.149    5.867   -28.698   -43.163   -62.295   -77.724   -92.977
CT2171:185            8.394   11.913   16.234   20.391   22.582   29.985
   31.881    7.262   -46.852   -95.278  -122.194  -139.044  -138.283  -154.402
  -192.618  -134.795   91.899  229.599  204.739    1.261  -153.833  -137.365
   -22.049   20.665   10.932   -25.014   -51.503   -73.122   -88.303  -102.200
CT2171:180           11.415   12.241   14.367   18.516   19.158   27.020
   30.797    1.284   -70.783  -130.989  -152.095  -155.141  -148.308  -146.049
  -131.824   -59.511  141.261  340.382  330.534  172.274   71.211   58.258
   84.974   85.533   38.567   -38.356   -68.123   -77.835   -88.899  -103.552
CT2171:175           28.147   24.005   17.922   11.747    9.062   19.015
   22.669    -8.641   -77.754  -130.284  -164.939  -210.068  -213.546  -149.395
   -83.649   -18.941  167.142  294.878  293.579  164.629   75.852   85.949
  126.328  124.163   69.803   -12.824   -52.159   -68.671   -82.192   -97.992
CT2171:170           27.126   21.061   13.650    6.711    -0.847    -1.561
    -5.083   -40.464  -113.723  -172.833  -205.013  -245.317  -245.713  -134.077
   89.219  158.079  106.803  118.726  116.088   64.190   54.774   80.658
  117.865  119.835   71.934    -0.732   -41.035   -63.071   -84.935  -109.366
CT2171:165           18.410   10.565    5.003    4.367    -4.562   -14.574
   -27.482   -65.741  -140.688  -196.346  -220.710  -249.468  -254.559  -191.288
   -94.574   -91.436  -272.261  -498.277  -441.527  -152.695   21.526   69.861
  110.279  118.586   75.973    9.215   -30.054   -66.405  -101.939  -134.157
CT2171:160            7.901   10.544   15.656   24.971   17.284    -9.127
   -41.128   -83.442  -162.201  -215.946  -205.554  -144.451  -112.391  -140.310
  -221.234  -273.975  -385.302  -506.581  -457.315  -180.253   26.756   80.707
   93.139   98.620   71.513   25.939   -11.785   -53.756   -94.139  -131.719
CT2171:155            5.384   13.801   23.718   33.889   20.338   -20.752
   -70.743  -117.362  -191.304  -240.642  -192.488   -53.403   11.997    1.911
   -39.970   -78.949  -204.367  -310.955  -295.157  -130.905    5.618   38.336
   24.955   23.592   15.824    -2.109   -21.226   -57.445   -96.105  -132.643
CT2171:150            7.833   11.975   19.768   37.767   22.383   -48.642
  -126.593  -175.404  -221.672  -244.483  -184.924   -19.814   65.629   78.610
   31.799    -2.271   -77.820  -169.011  -194.325  -167.215  -119.217  -104.943
   -79.742   -47.891   -22.089    6.560    -4.460   -55.794   -99.923  -137.830
CT2171:145           19.115   23.906   31.388   38.721    9.774   -81.837
  -182.522  -237.237  -268.445  -290.913  -245.694   -93.873    0.133   50.942
   86.878  103.954   28.984   -82.217  -135.583  -252.596  -322.479  -298.577
  -169.054   -97.502   -56.475    1.027   11.191   -31.613   -86.974  -139.817
CT2171:140           30.683   26.744   20.325   20.222    -7.240   -77.176
  -151.290  -214.544  -297.227  -365.934  -379.896  -327.672  -236.534  -160.812
   13.473  123.526  127.646   97.415   58.780  -148.880  -314.870  -304.591
  -171.536  -115.841   -70.341   14.188   20.323   -41.521   -98.251  -143.829
CT2171:135           41.546   31.489   19.663    7.464   -22.712   -71.078
  -121.653  -194.268  -313.254  -404.656  -515.006  -759.636  -816.615  -605.986
  -209.453    -9.020  197.139  374.265  396.054  242.237  100.855   17.251
   -91.352  -139.619  -100.593    -6.687   11.403   -32.148   -87.556  -137.748
CT2171:130           50.801   33.192   14.881    -1.133   -29.072   -65.846
  -103.325  -174.528  -321.717  -429.054  -547.618  -902.546 -1076.615  -777.507
  -277.338   -57.094  258.291  657.526  741.479  616.708  506.354  375.380
   74.666  -100.632   -94.279    0.384    8.266   -31.158   -85.236  -136.867
CT2171:125           50.402   32.844   18.205   10.544   -13.416   -62.493
  -115.354  -164.084  -274.246  -364.945  -360.901  -323.009  -286.763  -212.752
   -94.757    3.514  162.051  371.450  499.288  737.670  896.729  716.948
  187.634   -64.907   -88.078    -8.543   -18.499   -59.802   -99.143  -141.583
CT2171:120           54.323   40.658   28.259   13.502   -11.556   -61.804
  -118.823  -124.271   -85.157   -33.834   98.142  504.047  744.128  558.227
  152.866   56.427    6.914   -94.884   35.352  566.727  890.732  750.070
  232.637   -50.171   -92.123   -37.826   -40.042   -63.640   -98.578  -132.792
CT2171:115           59.408   42.009   23.933    5.007   -14.039   -43.748
   -75.807   -46.467   57.474  165.542  294.144  523.593  592.875  506.139
  210.290   85.960   61.804  102.697  196.882  479.142  696.262  608.314
  237.467   33.112   -31.741   -28.861   -58.681   -82.668  -104.870  -128.262
CT2171:110           55.265   35.212   13.681    -9.849   -30.359   -56.172
   -82.458   -42.255   86.234  209.804  319.910  476.377  524.128  431.152
  189.787   77.602   37.963   23.367   91.627  336.225  502.858  455.626
  228.657   79.643   14.892   -19.831   -56.253   -79.844  -103.353  -125.849
CT2171:105           44.656   30.583   16.079    -0.885   -18.915   -52.366
   -83.126   -45.505   72.184  201.301  285.910  410.052  453.338  362.165
  140.704   35.507    -3.960   -29.588    5.152  161.886  276.103  273.150
  184.289  117.159   63.124    -5.602   -50.721   -72.874   -94.357  -117.557
CT2171:100           34.235   26.664   18.388    8.741    -1.350   -36.607
   -77.510   -47.413    5.691   32.896   97.728  291.997  356.479  278.165
   95.242   12.685   -25.461   -69.128   -74.680    -9.004   79.033  104.412
  145.541  165.534  110.770    0.045   -47.226   -68.758   -90.441  -116.194
CT2171:095           34.674   22.090   10.846    -3.846   -16.610   -36.962
   -46.183   11.853  175.294  262.992  189.966    -7.679   -96.251  -108.423
    -6.899   28.473   -25.339  -115.640  -181.041  -317.923  -403.389  -322.228
   -49.181   89.332   83.686   17.621   -23.776   -55.393   -83.087  -108.124
CT2171:090           38.313   20.378    3.665   -15.505   -20.864   -24.248
   -17.925   76.618  437.199  755.211  506.792  -374.908  -766.487  -645.996
  -140.725   39.734    -4.479  -102.220  -206.502  -501.321  -718.522  -622.116
  -233.807   -24.932    3.719   -23.874   -28.389   -51.394   -76.775   -98.948
CT2171:085           47.302   27.379    7.173   -21.949   -27.919   -19.911
    -0.698   85.492  328.602  567.395  300.780  -847.676 -1585.550 -1250.625
  -262.899   39.449   19.371   -41.111  -135.893  -448.270  -680.069  -638.292
  -342.598  -159.250   -98.111   -65.625   -44.907   -62.506   -79.376   -92.998
CT2171:080           55.028   27.243    -3.460   -41.575   -51.637   -33.368
   12.595  143.027  384.713  443.954  370.334   76.559  -193.998  -254.879
   -48.291   30.583   29.060    -4.360   -92.572  -324.794  -518.488  -530.721
  -431.799  -346.837  -239.526  -100.016   -40.170   -48.153   -59.891   -67.852
CT2171:075           53.343   30.565    5.691   -32.358   -39.731    -8.241
   31.223  218.132  840.817 1438.071 1426.937 1097.168  929.572  624.436
  152.883   -10.949    4.751   19.830   -36.353  -142.058  -232.993  -296.137
  -369.335  -363.228  -255.464  -102.435   -41.464   -44.501   -50.188   -51.203
CT2171:070           53.126   30.139    5.495   -24.901   -27.024    1.165
   32.346  205.285  690.555 1052.338 1047.603  720.116  426.085  284.918
   71.681   -53.314   -31.287   17.476   -15.473   -96.490  -180.570  -241.201
  -325.908  -342.960  -247.214  -102.618   -45.666   -41.932   -40.746   -38.232
CT2171:065           45.972   26.338    9.757   -11.710   -18.061    -3.513
   19.870   97.286  292.007  452.047  441.998  263.939  106.042   27.567
   -35.287   -81.285   -56.741    -5.815   -17.603   -74.711  -138.318  -200.337
  -301.218  -332.632  -250.344  -112.611   -53.988   -46.703   -40.676   -35.297
CT2171:060           46.787   28.222   11.629    -7.977   -14.281    6.649
   43.071   78.302  101.440  120.679   88.144    2.753   -55.627   -88.446
   -79.119   -82.789   -65.928   -28.531   -27.054   -40.367   -64.978  -117.203
  -215.766  -253.677  -200.865   -95.395   -53.515   -43.335   -37.903   -35.458
CT2171:055           38.674   25.082   10.326    -7.488   -10.760   18.647
   62.869   70.522   34.472    4.160   -27.870   -89.003  -117.573  -119.590
   -90.332   -72.392   -66.482   -53.854   -40.710    -6.104   16.945   -19.405
  -127.927  -187.778  -165.785  -105.692   -71.321   -62.920   -55.825   -46.330
CT2171:050           27.519   24.660   17.457    1.746    -6.415   13.802
   55.946   13.755  -129.832  -266.878  -290.129  -229.322  -160.561  -124.907
   -86.163   -55.945   -52.299   -57.665   -40.832   30.500   82.740   54.643
   -47.345  -118.534  -116.206   -85.163   -71.095   -62.453   -55.287   -46.894
CT2171:045           17.189   12.338   10.002   10.867   13.392   28.211
   48.667   -19.755  -292.005  -589.554  -605.787  -387.510  -189.797  -117.311
   -64.468   -26.304   -16.222    -7.814    9.143   71.573  129.960  103.072
   -15.440   -87.119   -95.031   -85.307   -81.038   -74.024   -65.806   -58.853
CT2171:040           12.937    5.126    2.810   10.437   15.092   21.472
   37.247   -52.435  -414.528  -784.827  -770.936  -406.349  -118.989   -16.996
   13.763   14.222   13.142   36.090   41.619   21.088    5.555    -8.658
   -35.575   -61.485   -72.687   -73.234   -73.607   -70.406   -71.760   -76.239
CT2171:035           26.655   16.681   10.069    7.872    2.182    -3.803
    3.341   -70.939  -351.426  -668.725  -615.261  -102.562  290.563  309.528
  126.119   42.298    6.194   -42.539   -64.653   -67.504   -76.160   -72.202
   -39.274   -22.172   -35.209   -53.013   -66.372   -77.739   -87.297   -91.436
CT2171:030           37.898   24.921   12.114    -1.940   -11.300   -10.546
    -3.150   -21.526   -89.853  -156.639  -106.558  140.475  334.443  326.237
  146.363   48.656   12.941   -17.825   -33.976   -33.077   -18.030   -15.700
    -3.000    4.297   -18.331   -62.967   -85.929   -91.412   -93.711   -94.821
CT2171:025           49.258   33.553   14.854    -5.011   -12.054    -0.768
   20.384   43.097  106.403  184.677  216.808  229.053  206.753  198.530
  120.679   54.324   43.793   29.773   15.306   17.532   19.510   16.483
   23.422   21.158    -4.590   -51.886   -81.184   -89.222   -88.263   -88.290
CT2171:020           57.440   44.869   30.493    5.889    -2.027   11.577
   23.122   49.280  165.973  281.266  283.702  209.292  147.248  128.136
  125.188  133.868  126.004  106.724   97.590   79.467   59.249   50.080
   44.888   33.099    7.423   -35.419   -61.619   -65.136   -69.381   -83.723
CT2171:015           56.806   42.076   23.760    2.572    1.408   44.029
  115.288  159.788  218.678  275.735  226.507    0.587  -150.191  -148.649
    8.307  113.821  134.555  125.828  125.346  105.959   86.598   75.679
   64.947   51.047   25.376   -12.131   -41.812   -61.032   -78.464   -99.327
CT2171:010           46.396   39.592   32.310   15.045   16.879   66.949
  141.635  178.934  202.937  209.305  109.434  -305.800  -677.425  -602.025
  -167.462   52.817   87.392   75.782   80.070   84.098   81.154   75.103
   72.026   61.203   36.000    2.584   -29.206   -61.485   -92.276  -117.492
CT2171:005           33.439   30.346   28.938   24.807   33.851   77.937
  139.750  166.173  171.783  161.445   77.120  -199.093  -399.379  -382.530
  -145.390    7.823   51.755   68.825   83.504   90.838   99.738   94.447
   83.522   68.151   39.123    -4.652   -38.282   -64.733   -90.729  -116.788
CT2172:360           30.747   31.383   33.155   33.803   42.370   75.825
  130.346  158.031  158.004  155.399  131.008   53.492   -47.853   -42.300
   31.004   63.481   88.120  102.339  112.008  110.200  107.753   97.648
   85.177   75.782   45.982    -1.543   -39.731   -67.548   -91.867  -116.111
