
filled_synop: 30 data points in equal steps of sine latitude from +14.5/15 to  -14.5/15

CT2092:360           -45.301   -38.282   -32.692   -28.585   -23.206   -14.612
    -0.128    6.335    2.684    -7.228    -8.125    1.441   18.984   19.465
    -5.527   -33.095   -32.946   -12.370    -3.445    -3.834   -11.357   -15.960
   -18.108   -21.242   -19.042   -12.856    -1.464   25.319   62.624   98.951
CT2092:355           -54.116   -44.734   -32.498   -12.593    4.157    8.029
    2.537    0.250    -2.281   -12.309   -16.951   -10.542    -8.588    -9.206
    -3.528    3.190    3.974   11.835   19.582   14.384    2.655    -1.830
   -11.509   -21.622   -18.785    -9.079    1.810   30.537   64.198   90.084
CT2092:350           -51.072   -37.635   -22.194    -4.704    7.994   11.304
    7.595    4.968    2.867    3.851    6.169    -0.188    -4.911    -3.717
    -1.831    0.228    4.215   15.786   21.892   17.588    5.777    1.204
    0.629    0.584    0.390    -5.953    -5.525   12.994   38.467   60.854
CT2092:345           -39.128   -28.093   -17.848    -5.904    3.092    4.083
    3.015    0.750    -4.203   -11.917   -14.212   -11.384    -0.412    6.301
    4.515    4.195    8.544   14.126   15.063   10.488    -0.937    -3.758
    8.327   22.650   23.263    7.760    -2.913    5.251   22.167   42.712
CT2092:340           -32.781   -20.632   -11.429    -2.628    4.473    1.668
    -9.042   -14.520   -21.267   -33.755   -40.037   -32.748   -30.929   -27.279
    0.146   26.787   28.386    9.395    -2.058    -3.340    -7.045    -7.564
    9.974   35.468   37.718   20.147   12.100   24.478   38.935   47.680
CT2092:335           -34.242   -21.704   -10.806    0.728    8.025    -1.096
   -30.589   -48.230   -45.586   -26.708   -18.445   -23.473   -19.434   -12.064
    -7.946    1.102    5.973    6.693    6.408    1.931    -4.114    -5.885
    -4.418    -2.692    5.204   26.420   40.507   44.342   43.732   40.246
CT2092:330           -37.969   -23.665   -10.765    3.875   14.374   10.250
    -5.980   -13.464   -20.623   -29.229   -33.036   -30.390   -34.495   -32.687
   -17.990    -9.955    -1.996   15.812   22.687   15.612    0.014    -9.083
   -19.447   -30.026   -19.692   15.680   39.940   39.598   33.033   31.942
CT2092:325           -38.671   -23.617    -8.933    5.049   14.500   16.702
   11.139    7.241    5.012    1.779    1.576    2.344    9.391   13.648
   11.052   15.501   21.868   39.540   51.475   36.045    6.438    -8.143
   -22.784   -34.689   -26.685    -1.582   19.012   27.634   33.765   40.098
CT2092:320           -37.159   -29.208   -21.488   -13.483    -5.860    2.384
   12.629   17.041   19.394   18.775   18.529   20.037   18.855   19.314
   17.736   13.225   19.435   38.323   44.844   30.565    -8.253   -27.313
   -25.594   -18.097    -8.477    9.362   24.108   31.620   39.512   49.226
CT2092:315           -42.569   -39.991   -34.527   -24.829   -15.138    -5.730
   13.854   26.603   24.799   15.082   13.061   15.520   20.919   23.813
   16.996   11.164   20.341   51.636   66.509   48.257    -1.653   -21.512
   -14.308    4.279   14.186   27.547   37.641   45.551   52.308   58.694
CT2092:310           -43.408   -37.104   -30.141   -21.724   -12.884    -7.136
    -5.388    -4.694    -1.790    -1.695    -2.577    -0.134    1.576    3.747
   11.032   20.061   30.818   62.857   83.748   54.671   -13.954   -37.924
   -20.628    9.957   23.585   37.483   47.357   50.524   49.013   45.611
CT2092:305           -43.009   -31.770   -23.232   -17.536   -12.094    -8.098
    -5.315    -2.295    -3.924    -9.188   -10.778   -10.616   -10.592    -8.364
    1.164   14.430   23.156   34.106   34.355   22.556    -7.779   -23.061
   -22.037   -13.893    0.127   29.267   45.819   40.879   32.043   29.782
CT2092:300           -44.544   -32.622   -22.639   -14.834    -8.933    -3.671
    2.221    5.177    5.717    6.379    6.515    -4.255   -16.626   -16.457
    -6.397    2.218    8.517   17.830   20.468   16.895   12.161    5.154
   -10.378   -24.217   -15.849   11.626   28.600   30.140   28.517   28.925
CT2092:295           -64.177   -50.132   -35.991   -16.437    1.237    6.447
    3.080    2.101    4.833    7.672    9.825   15.745   24.095   22.992
    5.482    -3.192    2.391   18.911   29.093   26.560   23.535   18.942
    3.993   -11.627    -7.224   11.286   28.708   41.964   50.804   56.567
CT2092:290           -63.614   -53.356   -37.095   -14.640    3.767    5.115
    -6.294   -11.626    -7.826    -2.302    3.308   17.733   31.981   29.820
    8.670    -7.698    -3.162   14.838   23.943   25.187   23.082   17.989
    3.264   -10.687    -8.318    5.487   21.488   38.205   54.240   69.142
CT2092:285           -59.799   -60.432   -42.866   -16.156    4.487    2.594
   -25.264   -38.125   -31.864   -16.899    -5.340   11.190   25.037   24.396
    2.173   -10.086    -8.213    2.429    7.728    9.816    8.851    5.199
    -3.323   -12.009   -12.937    -3.882   17.424   43.303   64.899   83.187
CT2092:280           -41.669   -31.451   -23.716   -21.033   -21.408   -26.374
   -36.494   -42.841   -45.945   -49.776   -46.379   -29.391   -12.824    -4.207
    4.491    8.809   11.103   12.216   11.627   10.088    9.202    4.923
    -6.960   -14.755    -5.847   22.937   42.166   53.741   63.003   69.143
CT2092:275           -22.330   -16.172   -14.937   -20.132   -26.053   -29.645
   -33.486   -39.569   -37.521   -30.550   -24.195    -9.046   11.592   20.993
   19.016   20.123   22.650   24.406   24.625   18.994    9.444    3.388
    -6.495   -13.811    -7.366    8.127   23.502   39.019   52.637   62.375
CT2092:270           -18.832   -14.445   -10.643    -6.333    -5.548    -7.410
    -6.652   -11.711   -24.832   -47.082   -46.342   -30.993   -16.981    -5.591
    3.945    9.674   15.001   22.613   23.574   14.145    2.417    0.285
    1.204    0.906    2.835    8.318   12.584   20.506   32.425   48.113
CT2092:265           -44.086   -58.460   -36.865    -7.867    7.509    0.661
   -15.864   -36.463   -51.299   -72.623   -72.192   -45.699   -12.236    0.489
    -6.893   -13.484    -7.744   10.383   17.836   10.906    -3.290    -4.108
   13.215   27.148   24.575    9.909    3.330    0.459    -1.105    -0.367
CT2092:260           -39.633   -50.161   -42.157   -15.419   13.041    -2.126
   -60.440  -106.221  -114.857  -122.842  -114.613   -77.357   -29.569    -8.155
    -0.176   10.682   16.574   18.331   18.247   11.532    -3.177    -3.340
   15.449   32.082   29.497   14.834    9.179    8.524    8.604   13.454
CT2092:255           -41.968   -26.339   -12.274   16.481   23.576   -37.124
  -138.536  -228.783  -210.109  -147.271   -99.495   -64.755   -40.753   -13.388
   11.448   33.636   35.552   19.270    6.181    4.475    4.838    7.084
   15.003   23.694   23.762   16.450   11.700   12.161   18.725   32.118
CT2092:250           12.186   24.749   17.042   17.663   17.586  -113.826
  -450.859  -633.984  -582.105  -323.760  -116.488   -30.266   -23.523    0.407
   13.465   23.290   23.048    -1.920   -18.708    -9.746   21.151   38.225
   33.364   20.756   17.675   15.163   20.618   41.719   63.414   76.579
CT2092:245           51.460   54.586   25.788    2.751   -42.131  -342.946
-1093.967 -1528.139 -1337.358  -487.047   -28.000   29.441    -6.617    4.511
    5.191    -3.706    -7.116   -24.293   -37.426   -22.757   28.285   50.703
   28.440    -8.398   -10.353   11.750   31.417   54.662   81.177  100.235
CT2092:240           56.092   37.790   -11.147   -67.192   -92.096  -272.756
-1069.938 -1691.562 -1480.603  -556.767  -130.676   -52.913   -35.056   -15.017
   -15.740   -28.433   -27.702   -25.010   -16.372    -5.926   10.264   17.000
    4.389   -28.593   -33.195    -7.395   26.289   54.291   82.440  106.672
CT2092:235           10.476   -20.222   -46.637   -90.993  -131.539    -5.361
  604.713 1031.532  893.069  194.024  -206.132  -216.902  -114.672   -64.818
   -49.718   -45.958   -34.313   -24.200   -13.431    0.074   25.928   40.563
   15.065   -34.598   -39.179    -2.199   32.781   57.179   83.412  106.074
CT2092:230           -76.586   -74.589   -41.670   -44.970   -53.502  259.938
 1243.281 1866.993 1634.685  437.381  -325.129  -410.729  -212.160  -121.769
   -79.812   -40.210   -19.384   -20.872   -19.393    -5.074   22.219   39.096
   22.685   -11.812   -17.108    2.183   30.587   55.499   79.842   98.581
CT2092:225          -165.075  -108.757   -38.400   34.466  139.588  354.291
  890.952 1199.137  984.540  151.837  -446.681  -466.462  -207.694  -113.636
   -68.507   -30.530   -12.357   -18.872   -27.309    -6.137   39.573   67.223
   56.580   23.194   11.816   21.699   33.473   45.831   66.897   87.681
CT2092:220          -190.918  -106.580   -16.324   76.105  177.569  290.832
  380.937  434.112  315.162   21.773  -168.538  -200.445   -88.405   -32.612
   -15.149   -13.168    -2.857   -11.609   -11.285   17.789   87.951  133.357
  115.032   57.631   24.266    -6.799   -26.931    -0.049   46.789   85.921
CT2092:215          -157.065   -80.330    -0.505   75.336  146.475  172.755
  129.505   91.048   25.665   -58.931   -88.690  -118.632   -47.990    3.252
    -0.031   -30.386   -31.936   -25.056   -21.440   18.242  123.191  171.754
  163.257   85.262   41.354    4.196   -36.000   -28.222   19.591   80.026
CT2092:210          -106.423   -60.890   -19.516   23.418   71.709   99.863
  112.150  126.996   70.634  -124.574  -281.939  -240.760   -84.868   -44.000
   -21.462    2.483    8.216   -17.027   -35.507    9.128  185.576  295.000
  256.155  162.419  120.247   38.710   -37.133    -7.823   61.095  106.928
CT2092:205           -66.565   -42.051   -21.606   -13.311    1.399   41.551
  142.399  212.132  194.903  133.146  108.243   59.145    9.546    -2.000
    -0.728   11.859    8.644   -24.443   -55.151   -34.798   34.356   71.567
   98.666  115.261   96.869   39.347   -23.246   -10.137   47.327  100.270
CT2092:200           -48.454   -36.050   -23.388   -21.380   -13.165   46.003
  175.417  264.427  281.806  286.901  281.664  211.334   77.384   22.520
   17.790   22.397   11.567   -24.538   -60.997   -75.238  -128.357  -152.195
   -98.347   -12.210    9.551   -18.994   -33.213    -3.908   46.007   96.379
CT2092:195           -44.932   -37.304   -30.036   -29.943   -18.743   32.042
  143.093  228.408  251.554  226.384  180.217  148.392   74.378   25.857
   27.261   44.717   35.778    8.853   -12.224   -36.037   -80.876   -97.076
  -102.365   -89.403   -79.024   -53.800   -22.295   14.324   61.726  102.925
CT2092:190           -48.372   -41.151   -34.394   -41.616   -40.004    4.234
   99.060  173.802  193.447  191.900  180.187  136.846   78.547   44.370
   34.580   35.808   29.133   26.252   19.574   21.438   38.655   36.589
    -1.508   -67.243   -73.197   -45.522   -14.483   15.659   56.852   97.623
CT2092:185           -60.441   -59.182   -53.335   -43.942   -24.698   18.348
   85.059  128.216  148.614  170.348  165.732  124.569   61.277   25.984
   13.149    0.774    -4.182    1.592    5.154   29.698   95.039  117.201
   77.254   10.494    -6.323    0.347   12.386   37.759   66.690   90.161
CT2092:180           -70.677   -61.969   -44.899   -22.191    2.994   42.223
  116.800  166.965  165.925  139.306  122.749   82.894   29.349    2.501
    -9.455   -18.371   -25.132   -30.148   -30.783   -13.846   22.204   30.890
   26.346    8.943    5.832    9.006   16.100   36.725   59.798   73.144
CT2092:175           -69.486   -45.806   -21.066    -0.513   19.775   53.947
  101.807  129.452  108.390   45.648   14.715    3.772    -3.916   -14.150
   -17.093   -18.794   -26.135   -39.197   -44.605   -41.112   -28.748   -21.662
   -28.073   -38.818   -32.134    -4.575   13.000   16.912   19.533   34.134
CT2092:170           -60.851   -36.616   -15.754    1.486   18.030   38.763
   69.784   84.332   67.543   31.731   12.020    -3.321   -11.162   -16.936
    -9.997    -3.650   -11.855   -36.263   -48.391   -50.466   -48.603   -42.733
   -29.605   -13.205    -5.433    4.399   13.574   11.821   11.982   23.759
CT2092:165           -53.036   -31.754   -14.441    -2.427    7.577   17.619
   24.601   28.661   21.894    9.759    2.263    1.236    1.836    -1.420
    -2.191    -3.392    -7.614   -13.914   -21.845   -35.780   -50.556   -49.225
   -26.446    -2.529    5.606   11.379   17.941   28.945   37.478   43.963
CT2092:160           -51.547   -36.297   -21.214    -9.304    1.826    6.656
    5.632    4.841    -0.624    -2.913    -4.902    -4.316    -1.063    -3.833
   -13.569   -17.429   -12.369    -0.538    1.525   -14.584   -39.142   -38.066
    -7.957   13.999    8.913   -23.665   -20.810   16.886   48.388   70.042
CT2092:155           -61.024   -37.893   -20.423    -8.441    0.404    0.245
    -6.881   -12.234   -22.474   -33.095   -34.489   -19.245    -6.638    -9.512
   -32.471   -42.404   -31.766    0.159    6.304    -7.987   -28.098   -33.431
   -22.381   -10.048   -18.055   -42.492   -30.824    2.832   46.016   87.999
CT2092:150           -45.320   -35.053   -25.589   -13.761    6.393   12.245
    1.520   -30.681   -50.924   -45.103   -43.350   -51.277   -35.330   -18.462
    -8.785    -2.334    7.619   24.465   23.347    9.451    -5.749   -14.781
   -32.472   -23.790    5.456   25.468   17.319   28.785   56.467   82.065
CT2092:145           -41.958   -34.669   -25.328   -11.571    7.042   11.472
   -27.747  -106.180  -187.213  -249.399  -201.576  -110.196   -41.972   -24.395
   -19.176   -10.460    -1.050    9.271   11.393   15.577   12.999    -6.294
   -37.515   -38.564   -12.375   19.047   28.829   38.044   57.868   79.219
CT2092:140           -41.316   -33.443   -26.236   -16.956    2.695    -1.528
   -88.974  -244.060  -350.579  -371.656  -260.076  -136.371   -62.792   -30.683
   -13.645    -8.373    4.273   15.945   19.612   26.041   27.041    9.216
   -18.842   -23.880    -5.863   16.471   24.001   38.975   61.347   83.161
CT2092:135           -35.149   -27.976   -21.401   -16.828    -6.010    0.912
   -36.935   -93.710   -57.123   64.778  153.182   97.070   31.908    6.164
    -1.291    3.881    8.060   19.939   29.719   28.921   19.009    6.208
    -7.324   -12.884    -7.089    4.126   13.921   30.986   55.758   77.944
CT2092:130           -27.783   -23.551   -18.632   -15.022   -11.055    1.133
   37.640   82.982  147.194  237.753  238.510  162.609   76.184   23.128
    -8.101   -15.103    -1.474   18.293   26.613   25.720   20.042   11.763
    0.005   -12.565   -15.115    -4.609    8.781   24.255   43.969   66.905
CT2092:125           -25.271   -22.962   -20.084   -19.203   -15.537   14.910
  117.692  266.665  325.407  266.201  162.621  131.607   80.272   29.505
    -0.271   -10.180    -4.786   17.409   46.582   44.126   46.878   21.017
    1.300   -10.909   -17.191   -12.128    0.849   23.286   52.116   77.764
CT2092:120           -32.986   -26.759   -20.214   -14.499    -9.198   21.417
  109.125  223.872  244.160  189.053   77.982   37.480   35.986   21.479
    8.258    2.604    -3.660   16.997  132.520  217.540  140.338   28.167
    0.937   -13.061   -18.803   -15.356    -4.493   17.848   53.356   83.194
CT2092:115           -35.276   -27.662   -19.860   -14.333    -4.617   23.591
   66.895   99.078   92.314   71.697   29.180    -0.328    -4.138    3.368
    7.516    -0.792    -2.766   -11.598   -77.643  -127.889   -75.852   -33.997
   -34.819   -19.468    -5.830    -6.240    -1.135   17.521   44.725   72.179
CT2092:110           -31.383   -26.094   -19.885   -13.349    -2.976   10.460
   30.820   51.399   38.066   -19.123   -67.891   -78.024   -48.326   -22.449
    -8.019    -4.253    -3.063   -12.679   -54.812   -79.061   -87.540   -55.181
   -29.923   -12.342    -2.602    -4.256    0.039   16.210   37.998   61.337
CT2092:105           -32.497   -22.821   -13.169    -5.499    0.945    3.367
    -0.629    -2.474   -43.068  -158.309  -258.563  -251.745  -122.895   -11.910
   15.661    4.111    -2.905    -3.074    -4.284   -14.566   -34.896   -35.653
   -21.629   -11.369    -8.405   -11.649   -12.534    6.591   35.572   62.552
CT2092:100           -32.446   -20.457    -8.420    -1.770    4.920    6.398
    -5.031   -13.453   -78.426  -258.842  -397.257  -372.652  -172.458   -10.040
   21.243    8.047    5.961    9.723   11.380    4.555    -2.394    -5.654
    -1.121    -2.556    -8.315   -17.651   -17.777    3.831   34.871   65.638
CT2092:095           -28.764    5.161   13.796   15.340   19.675   29.109
   48.544   44.364   -19.960  -164.250  -289.623  -288.503  -138.394   -11.316
   15.531    -4.169    -9.130    -4.795    -1.014    4.281   14.592   18.718
   16.598    4.861    -8.642   -21.354   -18.167    9.414   44.584   75.383
CT2092:090           -49.217   -33.710   -15.803    0.438    7.617   52.679
  192.395  350.222  325.111   90.269  -145.298  -193.240  -103.126   -12.877
   10.143   -10.518   -17.542   -12.286    -6.225    -1.675    7.570   20.490
   23.168    7.781   -10.017   -26.897   -22.481    8.366   47.530   82.632
CT2092:085           -64.750   -43.994   -19.389    5.128   13.529   67.813
  292.158  556.727  560.367  320.626   57.129    -9.111    -5.877    0.240
    1.878    -4.435   -11.759   -18.449   -26.069   -24.931   -11.039    4.167
    6.897    -3.737   -16.626   -25.885   -17.323    8.259   45.353   83.076
CT2092:080           -73.100   -49.444   -26.605    -9.111    -0.066   60.452
  252.907  445.572  451.632  280.196   69.040    -0.584    -1.304    -5.128
    -7.134    -5.992    -6.184    -7.898    -9.749   -10.441   -12.568   -12.827
    -9.300    -8.743   -14.797   -21.982   -13.795   13.552   45.304   76.158
CT2092:075           -71.543   -48.879   -27.872   -11.242    -4.231   18.233
   71.082  128.499  123.545   78.870   16.545   -10.121    -3.693    2.140
    0.434    -2.425    -3.945    -3.244    2.130   14.249   16.573    2.855
   -12.848   -12.345    -8.566    -8.067    -5.333   11.654   39.690   70.236
CT2092:070           -76.289   -58.602   -37.766   -19.737    -3.164   12.040
    4.188    -3.258    -3.869   -13.558    -8.072    -5.629    -2.427    3.061
    1.180    -2.518    -5.580    -6.047    3.667   25.821   35.471   29.858
   18.505    6.869    -0.267    -7.221    -5.074   10.977   43.816   73.285
CT2092:065           -81.338   -72.261   -54.027   -36.144   -15.564    -3.524
   -27.857   -61.889   -69.289   -56.041   -26.943   -21.478   -16.748   -19.509
   -17.613    -5.518    -3.831    2.841    4.549   25.214   60.424   94.705
   99.867   49.274    -0.540   -14.786    -3.344   13.123   53.957  101.576
CT2092:060          -101.090   -88.439   -69.927   -45.611   -18.469    -5.095
   -15.290   -30.271   -30.584   -22.764    4.793   17.868   13.487   11.480
   12.687   15.319   26.141   31.821   15.198   46.819  162.786  306.640
  321.784  219.240   42.002   -22.030   -16.224    1.048   38.851   86.475
CT2092:055            -2.754  -127.630   -85.204   -44.325   -17.301    -7.731
   -20.340   -34.540   -30.262    -7.009    7.526    0.041   -26.661   -31.580
   -23.080   -12.531    1.047   23.115   47.399  166.638  450.079  542.221
  409.674  161.994   76.396   40.512   18.182   29.479   56.535   71.815
CT2092:050          -100.054   -80.412   -56.708   -24.604    5.757   13.216
    -8.541   -28.794   -23.658    5.728   20.863   22.949   18.569   16.958
   11.493    1.690    2.765    3.092    8.693   57.139  188.308  224.849
  135.797   51.130   59.668   41.838   22.821   53.354   83.000  103.651
CT2092:045           -68.536   -50.129   -30.753    -4.771   24.486   34.115
    6.588   -24.727   -25.250    -4.908    9.760   18.590   28.749   30.689
   22.301    8.452    -3.431   -16.771   -32.239  -140.077  -465.876  -628.768
  -501.337  -111.430    9.637    -3.484    -6.064   28.642   70.205  111.501
CT2092:040           -26.879   -13.902    -4.244    1.544    2.264    0.168
    -8.006   -17.340   -20.466   -21.826   -20.173   -16.977    -9.515    -4.576
    -8.645   -17.600   -24.701   -21.708   -26.623  -118.441  -353.490  -477.241
  -419.474  -236.057  -135.114   -67.896   -11.178   22.906   48.615   79.996
CT2092:035            0.478    6.322    7.408    5.024    1.609    -3.192
    -9.375   -15.496   -21.156   -33.021   -40.646   -36.456   -22.545   -15.200
   -15.490   -12.954   -12.667    -1.278    9.001   -57.180  -245.757  -379.062
  -372.322  -329.152  -282.861  -156.446   -18.891   22.116   45.417   79.029
CT2092:030           11.880   18.105   19.249   10.557    -3.900   -10.584
   -13.805   -14.885   -17.496   -26.127   -30.419   -26.163   -15.591    -7.292
    -5.991    -3.769    -0.758   14.047   31.931    -1.494   -77.656  -139.002
  -172.321  -212.826  -194.953  -115.852   -26.622   23.835   54.737   83.874
CT2092:025            7.962    6.963    5.038    -1.870   -10.839   -15.821
   -17.861   -18.315   -19.195   -19.512   -16.850   -11.498    -0.759    5.260
    7.167    7.050    5.544   16.072   29.996   14.325   -27.224   -72.605
   -94.375  -116.443  -116.672   -69.804   -18.927   16.720   49.457   81.891
CT2092:020            -8.524   -17.949   -23.095   -21.390   -14.161   -12.352
   -13.982   -16.516   -15.348    -6.804    1.843    9.001   22.221   27.231
   21.496   10.463    5.203    -0.664    -2.531    -9.814   -28.475   -47.947
   -52.056   -39.788   -32.700   -25.389   -25.235    -1.958   36.351   74.835
CT2092:015           -33.862   -26.855   -16.789    -1.813   12.955   18.144
   10.722    0.520    2.300   17.322   32.535   35.613   32.549   27.631
   14.567   -14.478   -29.566   -34.269   -38.327   -41.614   -33.774   -29.715
   -29.693   -31.784   -33.328   -27.452   -26.147    -3.645   36.134   74.263
CT2092:010           -50.471   -29.381   -10.550    6.546   22.821   29.033
   22.388   12.536   12.426   22.964   31.174   30.699   21.237   10.030
    -2.334   -30.716   -49.315   -42.111   -24.523   -20.648   -15.166    -5.761
    -9.613   -24.892   -31.403   -22.875   -10.539   10.160   42.274   72.940
CT2092:005           -52.137   -37.261   -16.614    2.679   19.928   26.103
   15.486    2.868    0.600   10.042   23.496   22.366    3.163   -12.267
   -14.444    -9.075    -3.528    -9.106    -8.734    -8.965   -16.776   -21.944
   -25.400   -30.617   -31.049   -28.494   -23.610    -7.820   24.057   64.606
CT2093:360           -69.713   -43.276   -20.024    -1.344   12.693   18.522
   11.930    -2.840   -10.089   -13.873   -18.770   -20.004   -13.409    -3.964
    -4.327   -11.913   -18.694   -10.912    -6.011   -11.173   -28.044   -58.282
   -56.171   -26.243   -15.120   -30.676   -62.704   -37.249   27.661   78.980
