
filled_synop: 30 data points in equal steps of sine latitude from +14.5/15 to  -14.5/15

CT2213:360           48.540   39.651   30.620   20.916   12.280   10.950
    -2.017   -13.896   -20.772   -25.919   -33.647   -43.669   -51.899   -57.946
   -65.174   -66.869   -59.289   -50.681   -40.216   -25.191    -3.709    9.980
    9.378    4.578    1.119    -0.041    -9.340   -39.070   -76.438  -108.587
CT2213:355           63.971   50.186   34.889   17.355    7.024   24.036
   14.734    0.482   -11.551   -20.551   -27.773   -37.454   -48.607   -56.188
   -58.020   -50.622   -41.857   -28.668   -19.895   -16.299   -16.879   -15.909
   -10.568    -3.111    -1.393    2.321    -5.029   -34.268   -69.599  -103.936
CT2213:350           50.948   -10.247    5.424    7.763    8.410   15.464
   16.051    7.789    -8.103   -27.280   -42.026   -51.070   -48.347   -45.936
   -43.636   -36.026   -23.576   -11.892   -15.267   -20.460   -26.095   -24.934
   -15.945    -3.714    -1.542    -2.889   -14.307   -43.447   -73.150   -97.454
CT2213:345            1.721   11.417   17.089   18.679   19.761   12.760
   12.368    7.026    -6.813   -28.346   -42.945   -48.246   -41.383   -30.389
   -15.809    -7.756    -4.654   -11.362   -23.034   -28.546   -27.182   -23.113
   -13.213    0.151    -1.753   -21.951   -41.832   -60.273   -76.251   -91.355
CT2213:340           39.531   34.883   37.537   39.236   38.954   28.148
   18.911    6.757    -3.723   -19.554   -29.880   -28.741   -16.571    -6.364
    7.357   14.713    4.505   -24.004   -39.264   -38.450   -34.304   -28.086
    -7.840   15.256   13.624    -6.672   -27.513   -50.298   -72.942   -92.622
CT2213:335           62.835   48.728   29.340   11.818    -1.694    -8.572
    -0.606    4.247    -6.670   -33.269   -42.371   -26.708    -1.237   10.724
   22.044   30.812   25.061    -5.239   -22.496   -29.262   -29.991   -26.560
   -12.965    1.446    3.416    4.790    -0.448   -16.806   -40.182   -58.143
CT2213:330           70.874   50.833   32.565   16.655    3.593    -5.244
    -6.911    -8.718   -21.339   -41.091   -46.602   -38.269   -21.963    -6.107
   21.179   48.578   48.275   26.271   10.863    0.985   -11.629   -17.526
    -8.127    1.224    2.144    6.032    -0.519   -32.870   -61.004   -80.666
CT2213:325           64.501   56.736   43.559   29.469   17.258    6.442
    -3.551   -12.878   -23.507   -42.545   -49.263   -38.361   -18.553    0.682
   34.084   65.163   72.348   65.267   53.370   41.541   22.978   11.708
    6.822    3.167    3.316   12.082   10.708   -13.869   -49.217   -82.153
CT2213:320           99.590   89.744   78.145   60.630   39.250   25.615
   13.132    1.650    -7.831   -23.707   -27.389   -10.282   22.973   40.911
   58.623   77.816   82.023   77.419   72.900   58.806   28.137    7.650
    1.385    -1.028    -1.204    4.446    6.762   -13.096   -40.184   -64.045
CT2213:315          105.837   93.245   78.099   57.964   35.405   23.659
   16.435    9.109    7.846    6.602    8.328   18.828   33.377   43.176
   54.082   59.819   59.976   54.241   43.497   33.635   19.232    5.926
    0.288    -3.156    -4.968    6.302   13.445    -7.273   -39.432   -70.255
CT2213:310           85.779   75.971   55.112   29.266    3.986    -5.023
    4.535   13.770   23.018   41.849   55.533   54.586   39.685   35.925
   43.535   51.928   53.376   46.320   38.079   30.077   22.286   13.281
    -0.004   -16.572   -18.656    0.745   14.694    -2.833   -38.245   -72.333
CT2213:305           76.877   60.103   41.715   18.869    -3.903   -12.332
    -7.985    -2.488   11.443   48.613   70.332   68.208   46.373   36.803
   40.651   48.262   50.465   46.924   42.819   34.388   17.456    3.735
    -6.310   -15.479   -17.282    -2.129    6.817   -18.196   -54.703   -83.121
CT2213:300           65.955   42.998   23.408    6.959    -6.606   -12.960
   -10.265    -3.574    9.260   37.526   57.091   54.725   35.563   27.259
   28.765   34.352   37.278   44.902   51.265   42.123   11.738   -11.231
   -11.464    3.399    3.288    -8.000   -21.861   -37.668   -59.070   -81.958
CT2213:295           52.423   35.418   21.886   10.905    1.047    -5.230
   -10.688   -13.375    -6.323   15.264   30.505   28.547   11.501    1.225
    6.898   22.894   29.527   34.737   39.357   33.654    8.599   -10.160
    -9.406    3.975    3.455   -12.829   -33.140   -51.545   -69.368   -86.497
CT2213:290           45.621   35.842   27.892   23.197   19.627   13.707
    0.168   -13.368   -10.945   10.191   23.424   19.314    1.583    -7.896
    -5.477    7.574   13.737   15.473   16.749   16.588    9.971    4.984
    7.778   15.768   11.343   -14.079   -42.449   -61.179   -77.714   -92.775
CT2213:285           54.262   45.456   38.963   35.951   33.006   28.099
   20.462   16.021   15.569   19.973   25.327   17.103    -8.835   -23.615
   -22.309    -8.652    -1.055    -5.330   -14.521   -10.909   12.880   30.483
   32.112   29.873   21.798    -2.636   -35.860   -60.667   -82.704  -100.285
CT2213:280           77.180   64.718   53.479   37.281   19.773   11.335
   13.017   14.920   13.379   10.721    4.566    -3.875   -21.753   -35.303
   -35.398   -32.252   -32.196   -21.629    -7.201    0.362   11.997   28.471
   32.767   35.834   30.484    6.944   -22.250   -47.125   -75.135  -101.508
CT2213:275           85.988   71.168   54.749   34.893   15.869    7.809
    8.402    7.614    6.379   10.003    6.634    -4.408   -24.462   -39.931
   -34.516   -17.419    -9.245   -17.243   -35.120   -32.781   -14.429    -1.667
    8.680   24.592   24.205    8.437   -12.112   -35.613   -64.412   -96.506
CT2213:270           88.011   71.136   52.661   30.715    9.359    2.812
   12.274   20.944   20.714   20.784   13.850   -10.650   -50.709   -55.407
   -53.899   -18.738    4.431    -3.760   -27.288   -27.724    -8.533    8.918
   13.099   18.271   16.308    1.030   -20.038   -44.661   -76.103  -105.662
CT2213:265          101.722   79.240   57.310   24.782    -8.782   -17.898
    6.872   37.780   38.416   20.731    7.016   -26.366  -115.221  -132.154
  -122.478   -36.634    9.124    8.870    1.226    0.120    -2.533    -0.443
    0.759    6.102    4.672    -8.235   -21.874   -48.732   -87.503  -117.225
CT2213:260          111.093   82.345   50.780   12.718   -22.240   -32.751
   -13.195    4.795    4.354    -9.111   -21.494   -37.170  -140.199  -253.814
  -171.250   -17.036   19.977   14.436   10.587    4.358   -14.005   -28.883
   -27.737   -20.937   -21.668   -24.600   -28.056   -45.097   -72.328   -99.100
CT2213:255          105.607   79.467   54.657   23.858    -4.682   -15.706
    -9.061    0.341    0.566   -22.371   -42.303   26.539  366.361  673.623
  540.328  174.836   53.873   38.271    6.756   -12.395    -7.667    -6.686
    -6.620    2.735    3.037    -8.003   -19.233   -41.614   -73.359  -101.236
CT2213:250          107.423   78.683   50.871   15.117   -19.251   -31.410
   -15.872    0.380    1.140   -23.404   -40.247   25.397  264.463  415.031
  383.544  204.335  116.856   76.644   24.654    0.424    -1.531    0.232
    3.374   17.148   17.164    -2.966   -29.006   -55.006   -87.015  -115.570
CT2213:245           87.048   66.975   46.501   23.615    1.313    -8.253
    -1.152    6.157    1.956   -21.977   -28.085    2.415   48.955   58.515
  104.339  169.765  169.824   94.692    3.417   -21.761    -8.429    5.335
   13.515   27.692   26.674    2.273   -30.968   -57.292   -84.047  -109.054
CT2213:240           68.939   52.583   38.289   27.170   16.792    7.698
    0.557    -7.882   -18.503   -43.357   -59.426   -45.548    -9.580   23.353
   33.326   43.814   33.812   -11.634   -77.321   -88.866   -42.507    -2.412
   11.067   22.577   22.116    0.005   -28.261   -53.040   -79.406  -104.159
CT2213:235           58.498   47.609   38.820   34.008   29.958   21.319
    7.932    -6.320   -21.622   -48.626   -69.769   -66.334   -35.237   -11.001
   -17.139   -47.093   -63.720   -79.466   -99.591   -95.537   -49.549    -8.158
    7.087   18.509   18.871    0.376   -25.046   -49.283   -77.321  -104.069
CT2213:230           58.837   52.799   45.305   37.174   28.522   18.975
   11.049    1.452   -14.275   -40.874   -58.804   -72.933   -80.912   -68.437
   -65.686   -51.676   -42.293   -51.540   -64.672   -61.040   -37.010   -13.238
    0.891   14.028   14.879    -2.822   -25.856   -51.868   -83.866  -111.655
CT2213:225           73.346   64.233   52.042   36.821   19.926    6.711
    -0.909    -4.483   -15.265   -51.361   -84.015  -104.932  -148.454  -182.904
  -148.754   -45.016    -2.541   -12.430   -31.758   -32.289   -23.937   -12.704
    -3.156    9.093   11.968    2.215   -10.912   -38.115   -78.747  -118.533
CT2213:220           88.927   73.027   54.798   33.732   11.056    -7.819
   -27.098   -45.091   -41.871   -14.639   -14.603   -23.185   -55.046   -93.987
   -88.237   -41.103   -21.904   -23.165   -36.567   -38.460   -31.932   -23.211
   -14.385    2.927    8.265    -1.633   -16.640   -41.969   -80.638  -124.174
CT2213:215           97.719   79.620   61.773   44.210   28.643   11.741
   -25.371   -62.383   -48.265   87.184  253.817  248.535   95.744   17.609
    -3.789   -19.178   -23.761   -29.113   -44.054   -48.743   -45.896   -41.837
   -33.578    -7.605    2.668   -17.684   -44.929   -69.751  -103.480  -133.528
CT2213:210          102.261   79.857   57.560   32.456    4.967   -16.131
   -36.913   -54.501   -40.490   23.318   55.378   58.827   31.993   -19.522
   -25.808   -13.944   -13.508   -21.402   -34.806   -40.623   -46.351   -50.960
   -46.427   -37.319   -33.938   -33.231   -33.761   -52.982   -88.688  -125.088
CT2213:205          101.964   78.813   55.129   29.320    1.817   -18.516
   -34.003   -44.464   -38.341   -14.103   11.778   11.721    -8.601   -18.060
   -22.300   -12.978   -10.520   -12.280   -16.165   -21.241   -38.156   -50.169
   -44.269   -23.759   -12.239   -13.833   -19.375   -44.387   -86.432  -124.543
CT2213:200           96.209   76.504   54.422   29.819    5.120   -12.593
   -28.476   -42.674   -44.241   -40.132   -37.226   -40.250   -53.973   -64.713
   -52.200    -8.741    8.457    -5.289   -28.921   -36.348   -40.525   -44.935
   -33.401    -0.871   15.236   12.047    4.070   -25.245   -73.113  -114.254
CT2213:195           97.369   79.612   58.665   33.303    6.039   -12.846
   -27.976   -42.004   -44.574   -38.218   -31.590   -37.073   -54.227   -59.940
   -52.667   -27.350   -16.936   -22.935   -36.728   -39.577   -35.232   -28.688
   -17.614    2.576   11.419   11.925    9.227   -10.691   -49.136   -93.109
CT2213:190          112.019   89.870   66.191   36.974    4.264   -14.831
   -21.583   -21.334   -20.634   -19.023   -14.446   -16.348   -30.181   -41.683
   -41.285   -35.100   -34.216   -35.559   -40.940   -39.822   -25.773    -9.976
    -3.122    4.617    8.709   10.768   12.601    -8.733   -48.226   -83.175
CT2213:185          101.733   73.474   44.575   14.046   -15.551   -32.768
   -36.817   -39.553   -35.802   -11.727    7.977    9.922    2.146    -2.999
    -9.810   -19.992   -23.141   -29.266   -39.006   -37.698   -21.589    -7.877
    -1.467    3.905    6.323    7.061    8.035    -9.724   -45.014   -81.134
CT2213:180           91.089   64.419   37.763    7.372   -23.679   -38.692
   -36.965   -31.394   -24.287    -3.558   15.217   17.694    7.368    -2.384
    -6.670    -9.780   -12.420   -16.507   -25.475   -25.493   -13.302    2.067
    4.365    -2.477    -4.713    -0.844    2.684   -13.273   -44.260   -76.977
CT2213:175           84.174   56.458   30.822    3.927   -23.219   -36.897
   -33.507   -26.552   -21.322    -1.675   17.654   18.943    -1.151   -20.585
   -16.758    6.528   14.632    1.957   -28.497   -35.483   -21.788    -3.780
    -0.580    -1.400    -1.220    -1.705    0.413   -18.489   -53.102   -80.815
CT2213:170           66.351   44.966   23.717    3.992   -12.376   -22.709
   -26.522   -24.242   -19.636    -9.507    -1.598    -3.491   -17.314   -25.439
   -19.510    3.527   14.549    4.098   -21.537   -28.334   -24.122   -20.741
   -18.636   -14.447   -11.831    -7.050    -7.602   -21.673   -46.781   -72.535
CT2213:165           56.367   37.550   21.400    7.363    -7.359   -18.808
   -28.850   -37.085   -36.131   -22.829   -13.079   -16.835   -34.345   -42.700
   -34.675   -13.799    -3.756    -1.945    -3.606    -3.175    -1.933    2.663
    -3.029   -11.952   -12.384    -5.967    -6.398   -23.473   -45.309   -66.217
CT2213:160           52.693   28.578   17.956    8.864    -0.909   -10.331
   -20.591   -28.459   -31.096   -29.496   -30.292   -35.775   -46.107   -51.249
   -42.239   -24.439   -15.562    -9.790    -6.101    -1.991    7.760   12.299
    3.373   -10.575    -9.697    4.991    7.913    -9.092   -36.557   -62.138
CT2213:155           54.190   39.451   26.610   14.627    1.781    -6.710
   -11.759   -17.954   -22.024   -23.313   -23.047   -26.448   -29.994   -27.118
   -26.041   -20.561   -12.257    -2.682   11.626   17.293   15.062   12.683
    4.654   -15.372   -25.739   -21.531   -10.828   -20.559   -44.911   -72.833
CT2213:150           28.584   33.453   18.736    3.337    -8.825   -13.574
    -5.728    1.268    1.497    -0.401    -3.813    -6.913    -8.281    -9.516
   -14.504   -23.075   -23.186   -14.354    -1.412    5.710    7.502    3.039
   -11.108   -32.505   -33.055    -6.663    5.673   -20.619   -61.323   -92.169
CT2213:145           39.515   29.138   17.786    4.320    -8.994   -14.862
    -7.733    0.870    2.068    -0.668    -5.496   -11.079   -19.515   -25.276
   -29.723   -35.826   -33.283   -15.536    3.275    9.041   10.048    7.210
   -11.945   -37.958   -40.088   -13.301    7.145   -20.199   -61.450   -95.522
CT2213:140           45.579   35.946   24.273    9.737    -5.397   -12.408
   -10.901    -9.299    -8.915    -6.436    -6.360   -15.608   -32.434   -39.463
   -40.339   -39.595   -32.382   -12.380    9.465   16.452   15.443   12.326
    0.462   -22.395   -26.432    -0.174   19.315    -3.674   -46.786   -90.878
CT2213:135           54.537   47.743   33.642   15.116    -4.603   -14.158
   -13.648   -12.388   -12.361   -10.958   -10.635   -17.104   -33.749   -40.565
   -34.996   -20.476   -11.430    0.358   13.941   19.812   24.742   25.803
   14.977    -8.294   -16.170    -1.056   14.942   -13.281   -59.075   -96.003
CT2213:130           72.445   55.841   38.174   19.053    -0.558   -13.497
   -19.182   -21.885   -21.601   -13.876    -8.693   -11.333   -21.958   -26.325
   -20.114    -3.092    7.386    9.491    7.106   10.722   23.636   31.961
   23.602    -1.175   -10.812    3.803   22.100    0.762   -46.555   -99.997
CT2213:125           88.285   65.926   44.129   21.340    -1.666   -16.286
   -25.405   -32.285   -32.469   -18.005    -3.795    -5.072   -20.213   -28.952
   -17.193   12.741   27.010   18.250    -4.833    -7.478   14.638   34.110
   27.743    2.479    -9.172    0.141   19.320    -4.762   -64.994  -115.595
CT2213:120           90.585   69.227   50.868   32.540   11.824    -2.878
   -14.539   -25.780   -27.588   -14.877    -2.970    -4.236   -16.864   -25.659
   -12.037   21.417   35.148   22.576    -4.115   -11.597    -6.774    -2.950
    -3.246    -5.560    -6.480    6.091   23.511    -2.798   -66.175  -115.790
CT2213:115           85.900   72.900   58.676   42.770   25.083   13.990
   10.102    9.327    8.470    3.274    -2.535    -5.433    -7.582    -6.765
    -2.471   12.608   20.169   10.914   -11.196   -19.111   -17.302   -11.565
    -9.501    -3.869    -0.241    1.815    8.425    -5.054   -38.855   -82.975
CT2213:110           85.993   72.218   55.830   34.301   10.377    -2.162
    5.920   17.799   17.788   10.999    -2.782    -7.139    -9.835   -16.054
   -15.325    -5.682    0.464    -5.426   -20.038   -25.868   -20.031   -16.226
   -17.068   -24.168   -28.158   -20.659    -4.536   -15.631   -48.419   -78.205
CT2213:105           79.765   64.923   48.720   28.966    7.255    -5.457
    -6.462    -0.076    0.611    -0.017    6.768    6.121    -7.745   -19.845
   -22.388   -26.643   -33.194   -27.784   -11.957    -5.188   -12.413   -17.381
   -18.155   -23.370   -26.919   -24.037   -16.463   -24.001   -46.903   -69.630
CT2213:100           67.484   52.156   38.073   23.332    8.565    -3.875
   -20.739   -43.097   -52.538   -37.833   -19.621   -18.522   -20.669   -21.584
   -23.905   -26.992   -22.395   -28.831   -41.322   -43.771   -29.755   -12.793
   -11.082   -19.769   -23.492   -21.567   -15.363   -19.439   -37.130   -59.022
CT2213:095           55.396   39.599   27.000   22.551   22.434   15.516
    -0.739   -19.019   -28.750   -36.708   -38.631   -40.660   -38.766   -41.947
   -40.918   -45.097   -56.799   -51.273   -41.474   -37.702   -33.556   -25.998
   -23.154   -24.365   -25.400   -19.983    -8.594   -17.679   -42.334   -62.673
CT2213:090           46.992   41.732   37.421   34.067   30.008   23.668
   17.032   11.437    2.138   -26.794   -66.810   -78.716   -48.954    -7.035
    -7.040   -28.680   -31.047   -28.450   -30.772   -31.350   -35.159   -38.122
   -33.986   -16.330    -3.668    -6.879   -15.415   -25.319   -42.085   -60.369
CT2213:085           45.090   45.325   42.596   35.224   25.371   18.852
   18.949   19.695   12.236    -2.627    -9.349   -26.085   -89.183  -136.050
  -123.332   -43.587    9.275    6.611   -15.906   -23.648   -36.211   -52.649
   -48.229   -20.302    -1.746    -7.171   -21.613   -32.989   -47.717   -62.568
CT2213:080           43.050   39.332   33.300   24.610   14.626    7.523
    7.035    7.254    5.746    2.167   -15.364   -39.901  -114.813  -200.443
  -180.770   -64.404    -5.320    5.216    0.078    -5.665   -22.678   -40.851
   -38.956   -14.869    -0.776    -7.262   -20.099   -33.085   -49.616   -65.917
CT2213:075           33.127   30.107   28.146   28.770   30.738   28.376
   11.933    -5.778    0.461   49.651  103.573   91.432   32.996   15.717
    0.032    -3.417   13.901   19.090   15.739   10.737    -4.088   -20.687
   -20.828    -8.680    -4.453    -9.148   -18.089   -31.724   -50.944   -72.467
CT2213:070           25.867   22.073   19.896   21.560   24.410   18.606
    0.126   -17.964   -13.166   38.118   90.516   92.234   44.859    -1.108
    0.090    8.385    9.149   14.456   14.894   11.727    4.167    -3.519
    -2.570    6.099    9.356    4.147    -2.695   -23.658   -59.893   -89.105
CT2213:065           27.951   22.024   17.627   16.627   17.638   10.411
    -3.176   -14.494   -13.785    -4.159    2.408    -0.028   -15.994   -31.265
   -23.917    4.364   15.078    9.949    -0.654    -4.622    -6.537    -7.720
    -4.251    7.158    9.739    4.128    -4.830   -27.026   -60.561   -87.879
CT2213:060           35.502   28.522   22.598   17.544   13.314   10.963
    -1.019   -12.586   -16.342   -13.730    -9.025   -11.610   -25.928   -33.161
   -23.732    5.239   14.219    -0.566   -23.147   -28.432   -22.772   -15.417
    -9.413    1.190    2.133   -12.055   -30.220   -43.647   -60.259   -77.832
CT2213:055           46.497   37.236   28.804   22.334   16.472   19.328
    5.998    -7.859   -13.879   -14.234   -15.989   -16.786   -12.942    -9.940
    -7.931    -4.445    -5.550   -18.016   -36.908   -40.507   -31.046   -21.494
   -18.426   -14.551   -14.221   -20.915   -30.109   -43.620   -59.294   -72.818
CT2213:050           47.465   44.105   39.990   32.751   22.206   28.703
   13.465    -1.715    -9.109   -18.391   -28.767   -26.088   -11.698    -1.453
    -3.431    -9.412   -10.152   -22.248   -36.805   -38.121   -26.177   -12.986
   -12.192   -17.035   -19.118   -20.252   -26.387   -38.991   -55.338   -71.136
CT2213:045           30.680   36.248   35.778   26.842   13.422    -7.304
   -11.554   -12.916   -20.098   -30.677   -37.509   -33.646   -18.447    -3.756
    -5.379   -22.163   -36.289   -36.494   -34.143   -34.473   -23.826   -12.852
   -11.965   -14.757   -17.957   -23.529   -32.947   -45.034   -59.531   -73.544
CT2213:040           19.952   34.004   27.207   15.173    3.332   10.188
    -8.473   -27.569   -38.875   -44.730   -53.586   -49.072   -16.542    7.814
    9.300    -1.960   -11.275   -11.569    -5.893    -4.436   -13.312   -20.951
   -24.290   -24.073   -21.607   -26.044   -33.473   -44.715   -60.746   -78.311
CT2213:035           64.942   55.537   46.601   37.400   27.066   37.420
   12.086   -12.776   -21.500   -19.103    -6.224    0.884   10.444   26.698
   30.040   23.211   21.520   18.217    6.707    -1.826   -18.638   -53.131
   -61.234   -41.157   -31.277   -35.663   -39.753   -48.255   -66.187   -86.901
CT2213:030           52.714   49.386   45.000   38.844   30.654   29.997
    2.190   -30.365   -41.185   -22.662   10.245   17.890    1.183   -18.981
   -17.774    4.192   20.919   20.348   11.789    7.000    1.904    0.800
    -8.082   -32.642   -48.000   -48.140   -38.678   -46.990   -71.766   -92.075
CT2213:025           43.143   38.917   35.885   36.825   39.866   14.289
   -12.198   -39.003   -47.412   -27.834    -5.009    -4.187   -18.090   -46.771
   -49.137   -29.042   -18.439    -8.231    7.306   11.969   10.220    4.328
    -7.586   -39.628   -66.442   -63.261   -39.961   -36.914   -56.377   -83.881
CT2213:020           38.657   35.376   31.711   30.016   30.712   11.801
    -6.248   -22.997   -25.831    -1.600   39.816   44.187    4.562   -27.818
   -35.245   -34.598   -24.476   -15.161    4.171   15.894   18.984   20.409
    7.122   -33.079   -64.078   -58.427   -30.263   -34.526   -62.138   -92.889
CT2213:015           34.437   32.328   29.976   26.858   22.421   12.628
    5.530    -2.901    -5.218    3.368    9.775    5.203   -13.844   -40.814
   -49.336   -57.699   -63.423   -44.122    -6.916   11.175   23.757   33.643
   21.213   -24.100   -56.844   -57.076   -39.115   -46.042   -76.453  -101.474
CT2213:010           27.666   24.647   21.617   21.412   24.627    -8.778
    -5.515    0.078    -3.065   -15.453   -29.689   -36.606   -40.345   -44.902
   -52.180   -62.908   -62.326   -45.277    -6.691   16.032   26.516   35.454
   27.234   -10.153   -35.047   -38.274   -29.154   -37.303   -61.010   -91.069
CT2213:005           37.107   21.947   10.748    8.078   10.303    1.286
    -8.420   -16.288   -25.458   -38.220   -49.691   -56.657   -59.368   -60.481
   -64.348   -72.355   -72.412   -55.984   -25.086    -4.625    5.702   12.406
   10.950    -2.702   -16.527   -21.330   -20.360   -35.392   -67.175   -95.731
CT2214:360           45.193   34.745   27.244   23.822   22.353   16.828
    -3.230   -22.595   -34.558   -41.597   -47.988   -53.775   -59.458   -62.023
   -63.018   -63.091   -60.202   -54.188   -45.514   -38.324   -16.177    5.523
    6.519    -2.549    -8.028   -11.264   -13.881   -31.635   -64.429   -93.131
