
filled_synop: 30 data points in equal steps of sine latitude from +14.5/15 to  -14.5/15

CT2181:360           57.922   39.772   23.247   31.488   58.677   50.349
   -13.142   -68.213   -40.550   63.456  113.764  126.876  117.238  121.258
  101.020   72.706   92.740  152.837  181.012  187.269  144.049   85.660
   55.975   47.201   42.000   18.808    -3.455   -25.686   -51.066   -77.422
CT2181:355           45.814   36.320   30.156   30.118   33.522   18.857
   -31.533   -69.389   -38.662   60.076  110.352  123.114   97.546   91.989
   98.786   85.173  130.621  326.806  469.055  479.538  377.237  242.693
  188.750  122.509   49.570    8.725    -9.524   -25.815   -46.853   -70.166
CT2181:350           52.320   42.696   34.556   28.098   22.670    3.844
   -43.576   -73.380   -43.543   51.107   97.266  107.801  117.580  124.013
  117.025  111.352  150.638  380.240  637.848  652.391  533.153  437.673
  393.831  239.873   70.189    6.438   -13.412   -30.635   -52.634   -75.143
CT2181:345           58.535   49.731   40.597   27.120   12.606    -6.993
   -60.280   -89.748   -64.767   33.845   82.357   18.761   29.623   47.752
   14.107   74.603   59.109   -68.281  -142.384   -74.591  262.377  565.797
  547.321  271.003   53.278    -5.858   -25.670   -46.806   -68.938   -86.219
CT2181:340           55.169   54.297   49.667   37.851   21.812    3.165
   -51.526   -83.131   -43.274    7.749   -19.108  -130.191  -513.402  -618.489
  -277.158    -2.484   -77.941  -621.514 -1156.500 -1061.411  -482.095   -73.579
   37.395   68.722   55.670   27.853    -6.698   -35.489   -60.058   -82.334
CT2181:335           40.493   44.597   47.869   41.345   28.228   24.284
    9.968   13.126  129.955  507.578  676.755  476.708  337.236  292.786
   99.949   21.120   -60.333  -272.243  -386.679  -410.063  -319.490  -148.425
   -68.361   -14.584   35.895   38.757   10.108   -17.964   -42.710   -68.585
CT2181:330           24.285   43.943   62.769   55.258   34.104   34.633
   37.409   55.646  151.721  397.985  485.299  371.896  222.319  157.393
   80.826   36.602   -19.773   -99.332  -133.138  -161.249  -164.481  -106.926
   -50.435    -2.006   42.325   48.047   25.219    -1.402   -29.368   -61.281
CT2181:325           51.698   57.897   58.797   45.314   20.741   23.524
   51.649   90.398  137.722  170.698  164.457  134.430    1.729   -65.090
    -7.446   40.537   15.411   -24.156   -80.051   -94.791   -87.849   -85.570
   -56.059    -9.876   32.939   40.245   16.380    -9.660   -32.382   -56.946
CT2181:320           57.982   61.636   62.795   44.774   10.505   14.625
   60.288  108.524  170.117  309.743  371.116  285.795  180.591  130.165
   70.518   31.684    4.258   -26.150   -63.241   -81.714   -97.968  -111.490
   -91.537   -33.626   16.218   23.566    2.110   -21.040   -40.896   -61.666
CT2181:315           54.429   54.444   51.801   36.203    7.764   12.566
   54.741  100.955  158.269  271.156  319.332  267.509  179.057  132.219
   74.238   21.730    -2.329   -18.021   -36.334   -54.878   -81.451   -99.606
   -88.173   -41.179    4.173   13.923    -0.120   -14.459   -26.516   -39.424
CT2181:310           46.919   47.446   44.977   33.028   17.407   24.214
   59.054   92.355  114.589  139.426  140.295  117.042   64.899   35.969
   30.011   21.880   10.461    0.941    -8.889   -26.555   -60.769   -87.811
   -83.758   -46.743   -11.349    -2.308    -8.767   -16.068   -21.265   -26.083
CT2181:305           41.454   42.191   42.998   41.986   40.919   48.605
   71.854   94.110   90.997   56.433   35.639   23.016    9.447    1.296
    7.029   22.244   22.868   26.400   26.021    6.468   -34.080   -61.419
   -63.639   -40.540   -17.692   -11.445   -16.419   -18.921   -18.877   -17.951
CT2181:300           36.965   50.365   57.444   52.390   44.295   50.028
   78.879  100.275   86.921   46.192   26.656    1.063   -31.435   -30.090
   22.699   75.685   88.168   88.750   77.749   57.506   13.445   -26.222
   -36.357   -22.034    -8.706    -7.654   -14.619   -23.233   -29.467   -34.159
CT2181:295           19.477   42.291   66.720   60.708   39.138   38.754
   63.217   79.162   63.820   18.997    -2.238    9.585   40.916   59.920
   87.535  123.033  135.855  138.205  136.825  110.450   43.575    -8.796
   -23.330    -9.459    0.140    -4.673   -16.771   -29.020   -36.643   -44.682
CT2181:290           29.531   49.288   63.516   54.089   36.677   35.472
   53.101   64.143   47.599    4.182   -18.563    0.469   39.289   60.279
   77.851   97.047  110.333  112.225  100.274   80.455   36.542    -5.316
   -21.825   -18.547   -15.981   -18.499   -21.811   -26.608   -32.973   -40.558
CT2181:285           39.347   52.973   62.295   55.655   38.395   34.019
   45.869   49.816   28.872    -8.204   -26.310   -32.687   -38.490   -24.221
   21.695   63.071   81.862   90.170   93.615   77.427   33.705    -2.174
   -19.627   -20.561   -19.413   -23.995   -28.459   -32.746   -37.667   -42.534
CT2181:280           28.551   41.307   53.384   55.528   56.069   53.280
   48.460   39.837    3.609   -57.693   -75.658   -82.004   -44.869   -18.173
    -2.030   28.265   50.757   73.943   89.923   80.346   38.999    3.944
   -15.157   -22.486   -28.006   -35.612   -43.329   -48.475   -48.957   -45.812
CT2181:275           32.323   38.436   43.209   48.439   56.580   55.569
   44.640   31.273   -18.564  -149.964  -207.869  -152.387   -59.750   -27.609
    -5.648   12.664   36.099   84.721  122.446  121.005   79.156   34.683
   11.632    -3.118   -15.101   -25.604   -31.150   -35.327   -40.511   -45.728
CT2181:270           33.299   34.293   35.379   39.653   47.499   52.014
   50.115   47.280   26.961   -38.085   -69.652   -21.879   45.706   59.791
   48.516   26.423   41.328  115.328  188.529  186.936  129.564   79.789
   53.854   24.852    -3.496   -20.516   -27.054   -33.940   -43.876   -55.202
CT2181:265           31.372   29.589   28.639   30.673   31.418   40.511
   67.562   90.432  115.146  200.441  242.451  196.340  156.296  141.718
   87.512   42.695   49.066   94.099  134.524  138.624  124.992  107.976
   86.132   45.317    7.313   -14.422   -28.312   -43.151   -56.261   -69.698
CT2181:260           20.030   21.129   25.798   36.483   49.194   66.219
   93.605  114.472  145.291  209.790  217.996  163.631   53.168   19.902
   22.919   33.200   39.213   36.014   39.055   48.619   95.132  127.106
  111.759   59.198   10.342   -14.233   -28.944   -42.183   -55.988   -69.894
CT2181:255           10.818   20.864   31.089   54.381   86.599  108.848
  135.181  157.004  158.504  155.764  135.068   48.666   -78.747   -81.358
   29.027   88.681  111.156   90.067   20.829    9.539   57.505   91.973
   83.589   48.976   13.227    -7.846   -19.034   -34.828   -55.190   -80.519
CT2181:250           10.513   15.495   24.895   48.519   79.534  102.759
  132.670  152.918  135.205   78.115   30.091   -28.632  -114.367   -89.591
  191.531  549.854  570.909  288.971   59.209   18.046   43.430   67.350
   60.112   44.017   26.266    6.495   -14.370   -35.220   -54.670   -73.303
CT2181:245            4.459   12.533   24.526   48.649   81.142  102.626
  131.484  147.150  107.513    8.606   -65.450  -100.190  -143.261  -106.571
  155.066  462.162  500.538  284.306   95.459   54.300   53.640   52.882
   39.861   28.551   16.905    1.373   -15.775   -31.553   -46.104   -60.304
CT2181:240            -2.875   12.906   31.287   48.225   67.593   83.088
  123.230  143.461   89.519   -26.627  -118.139  -147.725  -162.769  -136.914
   -87.700  -113.022   -34.186   94.328  125.927  116.861   83.465   47.539
   29.869   21.427   10.339    -2.612   -11.740   -22.933   -35.385   -49.781
CT2181:235           27.069   32.922   40.250   48.362   59.981   66.580
   91.512   96.142   27.873   -79.647  -185.113  -352.604  -428.378  -390.540
  -350.668  -144.800   -18.371  102.304  209.456  212.224  139.301   80.877
   57.482   36.262   15.470    -1.120   -17.102   -33.360   -48.981   -64.680
CT2181:230           52.526   53.135   53.552   62.495   79.339   72.384
   57.245   29.568   -77.228  -260.839  -381.416  -806.124 -1588.868 -1648.310
  -835.118  -103.723   45.540   68.713   97.297  107.459   89.203   69.408
   54.949   34.958   14.592    -0.987   -18.549   -37.822   -55.569   -74.740
CT2181:225           50.851   57.424   64.090   71.870   82.919   69.233
   29.004   -22.572  -143.803  -388.702  -509.094  -753.290 -1327.831 -1361.175
  -618.242   -58.462   28.764    9.171   -12.540    -3.139   24.763   36.106
   29.339   10.434    -8.808   -19.901   -33.963   -46.487   -53.511   -57.074
CT2181:220           41.288   38.630   39.969   55.077   78.023   64.981
    1.002   -63.711  -138.577  -308.555  -315.266  189.614 1210.892 1417.796
  733.467  150.401   29.127   -28.635   -77.859   -95.235   -74.683   -55.554
   -51.093   -37.111   -21.241   -19.566   -32.776   -45.876   -54.339   -60.889
CT2181:215           37.136   24.259    9.933   26.400   63.668   59.931
    7.373   -39.865   -43.652   -64.899   30.001  572.849 1330.339 1426.100
  897.994  208.967   22.864   -13.419   -40.905   -85.612  -141.314  -175.602
  -160.679   -90.124   -33.600   -21.843   -31.088   -40.997   -52.530   -69.147
CT2181:210           24.892   12.510    9.998   33.103   66.511   67.334
   31.060    -1.095   30.300  101.471  212.002  471.341  776.788  803.162
  536.383  151.149    4.625   -22.394   -41.143   -86.053  -157.857  -208.640
  -193.170  -108.485   -32.403   -13.165   -22.579   -33.672   -41.560   -49.402
CT2181:205           28.673   14.276   10.193   35.982   74.528   80.178
   40.148    7.990   53.145  148.283  216.862  276.943  261.053  230.876
  176.399   66.716    -6.825   -24.726   -39.916   -77.423  -141.371  -187.199
  -172.300   -93.348   -23.583    -4.878   -15.543   -28.007   -35.355   -41.386
CT2181:200           43.926   22.928    0.270   28.096   88.022   98.221
   50.487   14.977   64.813  225.458  299.984  223.940  128.611   98.698
   49.180   27.771    -0.583   -21.343   -42.251   -69.452  -107.479  -127.014
  -117.291   -63.180   -15.011    -1.736   -13.465   -25.288   -32.235   -40.431
CT2181:195           34.399   18.343   13.396   38.463   75.240   78.712
   46.952   18.895   17.395   35.433   20.205   -31.749  -114.859  -135.051
   -92.075   -27.249   -10.540   -27.103   -44.692   -59.835   -90.144  -112.850
  -103.063   -56.317   -17.390    -5.236   -10.955   -19.047   -23.279   -25.965
CT2181:190           46.307   32.687   21.029   37.686   73.832   71.189
   34.931    -2.569   -49.153  -111.075  -176.218  -285.372  -414.311  -419.035
  -285.885  -121.176   -54.684   -33.259   -26.059   -31.023   -61.468   -83.229
   -81.166   -55.457   -33.283   -24.139   -22.692   -21.748   -21.970   -23.715
CT2181:185           47.164   43.005   38.605   51.420   77.315   68.606
   19.328   -31.886   -96.140  -174.075  -243.431  -405.281  -580.050  -575.748
  -387.272  -135.846   -43.658    -8.605   21.598   13.465   -38.667   -69.803
   -74.823   -57.845   -40.494   -32.534   -31.816   -29.803   -26.531   -22.653
CT2181:180           45.478   34.967   30.680   42.640   62.233   48.830
    -3.222   -52.224  -138.768  -304.297  -408.464  -570.840  -823.946  -829.052
  -484.491  -132.981   -21.446   17.950   45.427   33.583   -24.369   -64.962
   -79.284   -56.182   -33.489   -26.637   -25.577   -24.920   -24.966   -26.709
CT2181:175           57.322   40.491   22.451   31.060   59.022   50.904
    -6.666   -52.715   -82.092  -174.262  -252.339  -205.892  -167.717  -142.978
   -57.548   65.279  135.445  158.778  137.590  121.344   39.663   -51.917
   -84.274   -51.742   -25.729   -21.614   -19.949   -20.902   -26.170   -35.316
CT2181:170           46.498   33.406   26.212   36.759   51.488   45.550
    6.308   -25.637   66.116  405.949  568.724  475.295  408.401  398.525
  278.355  187.373  240.467  421.341  545.071  482.920  210.390   -20.815
   -77.454   -44.537   -14.961   -12.505   -20.589   -30.621   -37.642   -43.645
CT2181:165           43.081   34.443   28.697   35.192   48.162   44.056
    7.682   -17.475   77.571  322.823  415.570  383.521  221.343  162.967
  186.135  183.747  245.427  504.289  734.350  661.010  298.154    -2.589
   -69.832   -36.068    -7.700    -6.176   -20.214   -34.333   -43.277   -50.428
CT2181:160           43.689   35.623   28.023   31.830   42.724   34.872
    -8.867   -36.419    0.079   88.299  112.535   66.917   -72.418  -111.715
   -32.093   49.311  100.694  199.765  249.168  216.382   81.019   -45.449
   -75.119   -35.255    -0.975    3.559   -15.485   -33.833   -42.559   -47.567
CT2181:155           35.773   28.444   24.235   27.965   36.461   22.991
   -29.051   -69.717   -73.447   -55.360   -59.207  -130.732  -199.221  -205.251
  -179.595   -82.570   -57.525  -129.423  -206.357  -218.216  -193.772  -171.433
  -157.711   -79.685    -3.412   15.170    -1.985   -20.275   -31.224   -40.068
CT2181:150           36.897   25.372   15.473   21.257   41.032   28.320
   -28.694   -76.470   -91.505   -88.285   -96.093  -229.445  -498.699  -538.169
  -314.493  -127.340  -107.989  -148.992  -178.942  -211.680  -276.040  -304.553
  -269.771  -139.437   -33.878    -5.961   -15.398   -23.314   -25.848   -27.931
CT2181:145           43.564   36.142   29.076   27.363   30.302   13.436
   -31.917   -70.445   -82.704   -76.670   -72.493  -151.365  -360.964  -389.958
  -191.386   -85.542   -84.777   -90.354   -94.067  -136.434  -235.388  -287.580
  -258.610  -145.547   -50.733   -20.872   -21.761   -21.040   -20.231   -21.677
CT2181:140           48.653   40.684   33.661   30.398   27.602    6.455
   -42.812   -81.887   -88.213   -79.660   -50.495  134.365  521.288  599.864
  311.913   86.895   32.032    -6.880   -38.555   -73.716  -128.516  -161.131
  -150.742   -97.633   -44.880   -25.413   -25.672   -26.885   -26.201   -25.495
CT2181:135           54.643   42.108   27.479   24.590   30.816    9.623
   -66.890  -134.232  -131.321   -98.190   -55.708   62.975  172.992  193.096
  170.693   58.692   13.609   -16.728   -57.747   -73.843   -71.360   -75.577
   -70.527   -48.697   -30.046   -25.374   -36.900   -43.850   -44.605   -43.176
CT2181:130           44.545   36.301   31.339   37.568   46.850   25.000
   -48.091  -107.635  -112.547   -90.937   -56.230    -4.848   49.104   69.850
   73.215   59.552   35.244   11.413    -3.389   -17.954   -25.669   -30.016
   -27.856   -18.505   -11.825   -12.286   -22.478   -33.760   -44.404   -55.682
CT2181:125           33.215   33.234   33.538   35.812   41.336   21.487
   -42.310   -98.110   -97.905   -65.467   -34.501    0.173   48.269   68.277
   55.955   49.723   39.218   22.713    7.127    -0.588    -3.333    -9.885
    -8.299    3.498    8.558    1.904   -14.097   -33.142   -53.492   -75.533
CT2181:120           25.527   31.519   38.250   35.961   34.333   15.329
   -41.621   -86.140   -76.566   -28.009    3.160   21.826   36.874   44.679
   40.234   32.288   29.425   32.406   30.465   26.023   23.496   19.761
   17.843   25.150   28.638   14.024   -19.685   -52.210   -76.994  -102.032
CT2181:115           30.261   33.414   33.407   23.065    7.424   -12.163
   -48.989   -74.732   -55.608   11.744   44.925   48.247   32.963   30.060
   30.151   28.610   30.919   44.695   57.894   51.402   28.169   10.657
    7.266   15.035   19.221    5.592   -24.707   -55.408   -78.257   -95.921
CT2181:110           26.013   30.879   37.615   21.124    -6.764   -25.216
   -56.279   -82.267   -57.203   26.604   54.692   48.879   21.660   14.426
   11.740    -1.644    5.200   17.363   19.151   17.244    1.405   -13.551
   -16.164   -11.076   -10.077   -19.664   -41.170   -60.091   -72.239   -80.665
CT2181:105           40.468   44.775   42.587   19.649   -13.199   -30.173
   -30.098   -27.044   -23.346    3.605   10.583   -17.100   -32.498   -28.978
   -35.342   -16.775    0.024    2.746    1.263    1.424    -7.359   -15.168
   -15.185    -2.857    6.923    -2.509   -24.961   -45.823   -62.159   -75.654
CT2181:100           46.963   48.182   43.153   18.341   -18.020   -31.568
   -10.866    6.466   -22.579   -92.122  -138.103  -199.486  -256.398  -247.370
  -168.022   -51.982   -14.218    -6.475    -1.327    4.063    3.228    2.036
    1.102    3.369    4.969    -4.735   -24.517   -44.008   -60.789   -76.723
CT2181:095           44.578   48.658   54.086   29.572   -14.380   -28.134
    -2.902   16.081   -30.618  -173.868  -251.590  -316.014  -469.692  -482.924
  -264.378   -77.012   -36.664    -9.586   20.410   24.512   10.524    4.114
    3.697    2.080    -1.605   -11.347   -27.272   -43.622   -59.455   -77.044
CT2181:090           55.086   58.539   53.829   26.488   -15.793   -27.871
    -0.231   22.214    -1.116   -67.230   -99.575   -84.893   -29.095   -12.768
   -36.699   -63.204   -61.762   -40.086   -21.166   -13.388    -6.518    1.218
    3.620    2.955    1.617    -7.319   -22.899   -38.640   -55.231   -73.097
CT2181:085           47.025   48.904   44.157   17.999   -21.173   -26.502
   10.850   42.097   49.499   57.723   70.366  138.352  291.491  313.251
  155.031    -8.429   -44.733   -57.723   -67.862   -58.155   -29.674    -8.805
    -1.456    4.696    8.507    -0.520   -20.001   -40.160   -58.965   -77.966
CT2181:080           26.924   28.276   30.980   16.823    -9.923    -9.598
   31.696   67.919   78.115   78.462   80.204  148.599  247.856  245.356
  126.683   -11.259   -45.689   -54.439   -55.496   -47.020   -25.684    -9.566
    -0.120   10.541   14.961    5.014   -15.554   -37.161   -58.581   -83.218
CT2181:075           31.483   30.687   25.830   10.284    -9.001    -5.521
   34.117   66.318   66.690   45.899   30.967   16.627   -20.483   -40.475
   -42.162   -58.027   -65.102   -51.520   -35.235   -23.965    -1.516   17.943
   23.729   19.982   15.237    4.264   -16.036   -37.847   -59.542   -82.138
CT2181:070           25.461   22.662   21.892   11.218    -5.291    -3.601
   32.132   60.858   44.509    -4.216   -34.783   -83.741  -137.333  -146.329
  -113.572   -64.874   -52.949   -49.452   -44.022   -32.442    -7.590   13.096
   18.252   13.685    9.081    -2.058   -26.381   -50.067   -69.343   -88.379
CT2181:065           34.246   34.901   31.183   16.128    -4.196    -3.303
   35.647   67.293   34.703   -54.477  -106.303  -138.700  -165.700  -164.012
  -115.805   -57.203   -40.577   -43.070   -45.123   -39.660   -33.576   -27.194
   -15.905    7.448   23.934   13.472   -16.902   -47.588   -73.761   -98.270
CT2181:060           31.957   37.655   39.240   26.489    7.101    6.918
   39.405   62.482   17.542  -102.526  -169.517  -166.515  -135.454  -119.218
   -80.320   -39.571   -26.074   -30.903   -31.837   -34.547   -44.265   -43.515
   -30.933    0.522   24.983   16.965   -13.874   -45.736   -74.002  -101.720
CT2181:055           23.186   35.561   50.306   42.433   18.415   16.840
   50.672   70.536   27.947   -84.730  -142.127  -132.831   -58.537   -28.498
   -37.764   -22.101   -13.286   -37.587   -69.081   -69.007   -55.442   -46.314
   -33.919    -1.297   21.800   12.948   -19.255   -50.536   -77.656  -107.506
CT2181:050           32.094   38.202   43.089   42.769   39.263   43.857
   76.265   97.783   61.682   -25.140   -74.920  -118.194  -227.109  -242.899
   -96.237   24.959   42.259    9.281   -15.503   -23.214   -24.953   -20.096
   -14.704    0.377   12.776    3.897   -23.157   -53.013   -82.332  -112.526
CT2181:045           45.632   44.029   40.648   44.321   54.695   59.954
   80.459   87.283   56.021    -2.815   -43.136   -14.233   81.991  115.702
   69.451   39.498   47.749   31.439    8.798    -1.791   -18.346   -31.845
   -29.602    -7.789    6.934    -6.478   -46.120   -80.075  -100.935  -116.682
CT2181:040           43.143   45.683   47.031   48.341   53.049   54.352
   65.218   60.615   23.707   -34.835   -72.223    6.224  268.764  349.305
  163.391   36.459   40.491   39.528   26.684   13.759   -14.793   -36.399
   -34.248    -2.623   19.264    3.295   -46.493   -90.022  -114.478  -131.216
CT2181:035           45.202   42.456   39.996   36.391   34.129   31.720
   50.384   54.061   -36.435  -245.703  -356.489  -374.264  -354.084  -302.470
  -147.247    6.920   59.075   61.828   54.699   39.905    0.172   -30.956
   -32.982    -6.046   15.038    2.614   -34.580   -72.112  -103.029  -130.349
CT2181:030           52.545   47.437   41.637   39.595   44.019   38.456
   41.789   40.164   -89.250  -456.782  -654.621  -698.291  -745.360  -689.003
  -342.258   18.572  102.734   84.543   64.135   46.799    6.994   -21.794
   -26.833    -8.466    5.762    -6.473   -39.597   -72.707  -100.835  -128.040
CT2181:025           52.221   53.121   52.648   52.615   55.923   46.913
   18.904    -8.168   -61.298  -234.544  -363.154  -310.172  -210.303  -155.874
   -62.029   66.880  102.576   77.763   43.810   26.190    -3.442   -28.316
   -32.387    -9.655   10.265    -2.037   -37.364   -70.306   -98.247  -125.047
CT2181:020           44.676   54.278   61.531   60.581   56.249   43.077
    -7.296   -46.148   55.186  425.164  621.102  497.172  291.046  232.678
  155.630  101.643   91.633   74.378   54.901   38.953    8.440   -17.467
   -21.640    -0.378   14.767    -0.109   -34.382   -69.820  -100.672  -129.288
CT2181:015           37.910   52.704   70.520   63.684   41.224   22.838
   -41.820   -93.160   37.064  462.456  644.609  535.041  254.131  160.294
  121.886   55.954   39.058   56.998   68.888   58.320   39.163   27.478
   17.769   13.305    7.560   -10.141   -41.278   -72.515   -99.928  -128.600
CT2181:010           48.136   64.710   76.570   78.641   75.052   52.216
   -37.875  -107.918   -46.524  116.315  187.781  209.633  152.259  110.382
   84.950   56.820   45.678   53.197   59.605   56.214   48.455   37.632
   27.262   23.744   17.028    -2.197   -31.252   -61.107   -89.399  -116.945
CT2181:005           45.741   65.494   83.930   86.855   83.752   63.141
   -11.484   -72.710   -63.317   -15.113   23.538   65.900  123.527  133.823
  105.314   76.017   78.265   99.240  119.368  112.908   83.244   62.283
   44.855   39.776   33.284    7.502   -32.359   -70.144   -98.460  -125.309
CT2182:360           40.780   59.463   79.312   82.729   81.231   62.613
    3.320   -45.338   -46.059   -21.035    4.023   37.634   90.652  108.262
   94.372   81.157   95.937  129.644  149.843  144.934  107.650   70.831
   47.479   34.281   20.344    -3.916   -32.674   -63.337   -92.977  -124.513
