
filled_synop: 30 data points in equal steps of sine latitude from +14.5/15 to  -14.5/15

CT2163:360            0.160    0.675    3.784   15.548   15.556   -22.691
   -88.609  -146.611  -202.854  -277.656  -344.322  -412.114  -519.766  -579.307
  -563.773  -488.932  -410.577  -334.197  -226.837  -188.912  -251.622  -298.064
  -270.784  -150.654   -85.147   -74.236   -73.405   -65.142   -53.344   -41.067
CT2163:355           11.861    6.133    3.469    7.764    1.282   -39.122
   -97.544  -153.457  -233.315  -377.004  -437.916  -344.879   -89.768    8.628
   -55.906  -213.261  -247.277  -239.717  -229.278  -233.061  -274.334  -290.153
  -266.570  -165.263  -107.180   -92.833   -83.314   -70.344   -60.088   -49.846
CT2163:350           22.261   13.354    3.440    2.789    -5.632   -49.870
  -124.015  -188.894  -262.452  -397.899  -407.862  -225.311  264.814  480.671
  358.005   44.813   -50.363   -78.519   -98.454  -126.307  -185.649  -221.138
  -221.959  -180.288  -151.869  -131.559  -111.186   -93.261   -74.783   -57.156
CT2163:345           32.021   23.210   13.865    6.764    -9.157   -57.039
  -134.816  -192.811  -258.216  -403.036  -437.661  -209.776  267.695  440.618
  395.110  189.348  114.989  102.398   99.382   58.514   -44.368  -125.123
  -148.865  -149.829  -145.672  -126.959   -97.138   -78.746   -67.108   -59.339
CT2163:340           42.205   29.914   16.604    5.281   -10.075   -50.178
  -129.178  -167.484  -173.185  -169.501  -135.171   -25.349  218.566  339.838
  310.822  235.913  218.563  216.861  206.792  168.706   83.934    4.767
   -47.689  -110.379  -146.605  -133.241   -96.009   -80.490   -70.228   -62.362
CT2163:335           53.348   36.423   18.574    -0.650   -18.856   -42.465
  -105.646  -122.845   -51.497  117.622  200.653  134.725   -21.316   -36.645
   48.420  237.877  293.810  271.012  215.578  190.105  190.653  166.891
   90.476   -67.139  -150.630  -147.739  -119.895  -106.343   -84.907   -64.873
CT2163:330           53.117   36.802   19.368    -1.153   -15.505    -5.052
    9.979   63.525  216.973  518.705  640.634  397.528  -234.759  -468.902
  -212.412  258.881  371.707  308.386  226.842  210.910  276.540  305.780
  214.796   16.941   -85.629  -110.056  -117.966  -117.527   -97.258   -71.828
CT2163:325           53.187   39.356   22.940    -9.079   -28.511    6.439
   61.408  138.425  336.995  728.147  905.742  806.183  423.811  243.327
  255.594  289.363  272.620  276.860  273.692  246.518  228.228  197.367
  142.650   68.891    9.184   -42.676   -99.689  -106.762   -81.457   -63.804
CT2163:320           42.373   30.546   17.559    -2.098   -10.429   24.697
   74.910  156.267  345.586  671.709  865.450  961.886 1102.470 1121.001
  821.534  387.106  253.685  270.509  302.471  249.851  122.180   20.841
    -4.363   22.088    6.373   -35.684   -87.763  -100.471   -82.990   -65.651
CT2163:315           32.889   25.762   16.767    2.228    -2.853   19.738
   48.170  120.955  246.863  433.528  583.522  778.134 1114.826 1184.385
  873.660  389.146  237.211  254.407  283.991  220.424   69.216   -44.178
   -78.171   -38.190   -37.415   -69.286  -105.552  -109.065   -89.199   -65.293
CT2163:310           25.068   22.061   19.478   10.022    9.442   19.882
   -17.361    6.918  129.253  265.475  324.338  490.720  692.326  696.542
  580.627  372.005  286.720  290.572  294.312  231.921   71.433   -65.474
  -115.906  -101.920  -113.714  -123.833  -128.703  -115.601   -77.765   -47.715
CT2163:305           13.744   13.580   13.246   10.823   16.906   44.398
   76.770  137.933  270.172  560.872  747.032  636.512  374.288  272.814
  277.553  295.216  304.351  408.587  513.416  465.261  242.954   58.308
   -25.963   -90.035  -135.247  -140.928  -126.337  -110.801   -82.470   -53.251
CT2163:300            -9.952    -1.615   10.319   17.928   33.691   82.469
  154.872  216.133  283.715  348.979  363.203  353.870  309.732  276.034
  199.564  131.462  162.930  408.226  688.143  677.534  448.455  276.748
  151.671   -23.188  -114.297  -120.811  -107.582   -96.317   -67.153   -44.258
CT2163:295            -7.049    0.107    8.127   11.024   24.750   75.311
  157.904  215.263  238.229  231.883  222.087  199.804  167.192  129.917
   54.682   -40.862   -14.878  195.583  396.760  431.099  382.198  306.571
  192.591    8.653   -92.181  -107.533  -100.003   -88.634   -63.439   -45.297
CT2163:290            -2.606    0.372    5.320    8.652   23.903   68.047
  139.701  182.867  184.681  165.881  143.223   93.259   24.475   -21.386
   -71.011  -120.487   -98.360    0.319  100.673  157.880  233.155  253.533
  170.185    2.630   -87.131  -103.796   -99.572   -94.366   -70.144   -45.469
CT2163:285            1.231    -1.390    -0.722    -3.296    6.915   46.027
  118.869  149.263  141.023  114.396   84.515   12.962   -82.973  -133.636
  -159.855  -171.965  -150.298   -96.684   -25.773   33.816  131.723  179.839
  122.912    -8.689   -81.947  -106.922  -118.592  -105.037   -59.146   -25.688
CT2163:280            4.808    7.580    9.998   11.286   23.583   65.442
  144.901  167.724  116.739   11.065   -49.695  -102.953  -152.829  -183.527
  -205.142  -225.317  -212.494  -144.708   -62.331    -5.606   73.467  127.758
   86.587   -21.609   -80.517  -111.456  -129.611  -125.279   -93.924   -58.139
CT2163:275            1.270   12.292   24.889   38.726   50.523   69.013
  119.847  128.023   45.646  -124.030  -197.470  -202.101  -159.012  -164.771
  -193.319  -211.847  -207.217  -195.097  -146.620   -83.962   18.461   82.007
   59.382   -29.909   -81.370  -116.292  -143.660  -135.895   -94.063   -60.629
CT2163:270            2.664   17.174   32.080   47.426   57.218   49.352
   24.033    -5.063   -64.874  -168.962  -216.859  -188.075  -101.974   -99.629
  -179.776  -293.985  -312.711  -276.113  -249.188  -160.138   37.975  145.564
  111.765    -7.875   -75.207  -117.494  -149.424  -141.099   -97.805   -59.405
CT2163:265            6.342   19.494   30.531   44.107   47.529   17.441
   -36.363   -69.527   -95.524  -121.171  -134.316  -102.470   -29.417   -34.820
  -136.292  -280.002  -308.590  -232.930  -143.281   -56.663  123.846  240.939
  188.008   17.562   -64.493  -114.474  -154.323  -157.327  -118.796   -67.149
CT2163:260            9.120   20.985   28.875   37.852   36.675    7.703
   -46.941   -71.351   -60.676   -11.671    -0.674    4.082   10.696   -13.808
   -84.891  -169.842  -207.438  -211.189  -141.000   -71.707   60.279  165.595
  146.754   12.986   -56.550  -117.285  -174.488  -164.403  -100.517   -52.597
CT2163:255            -5.965    5.778   19.570   40.003   45.273   14.685
   -44.441   -67.100   -32.943   57.096   79.283   31.096   -43.856   -86.058
  -116.499  -139.670  -198.856  -412.149  -585.589  -468.182   -89.092  129.823
  139.386   53.169    -5.459   -85.453  -161.700  -163.417  -108.554   -59.181
CT2163:250           -18.143    -3.949   13.868   37.361   45.842   19.505
   -32.038   -51.360   -32.458   22.928   31.621   -36.568  -132.746  -179.113
  -193.548  -211.678  -273.657  -479.345  -653.382  -529.878   -84.897  185.632
  200.025  111.155   55.909   -42.440  -145.785  -171.158  -137.840   -85.395
CT2163:245           -22.527   -12.746    -0.171   22.657   34.507   20.694
   -13.114   -24.334   -31.047   -47.939   -73.506  -104.973  -161.577  -202.515
  -200.457  -188.741  -230.283  -353.842  -407.704  -325.893   -35.034  174.370
  209.362  160.940  120.011    -0.245  -141.667  -158.956  -108.188   -75.609
CT2163:240           10.921   10.526    8.793    5.537    3.783    5.303
    8.597   15.229   38.227   74.843   69.082   21.740   -52.059   -92.411
  -117.053  -126.095  -147.628  -228.520  -252.881  -204.003   -43.100   76.513
  136.769  184.419  170.591   52.120   -99.934  -144.811  -116.795   -78.741
CT2163:235           22.310   16.009    9.318    -0.146    -2.598   12.219
   40.202   57.974   96.017  172.430  187.750  122.775   27.043    -5.940
   -50.697   -99.985   -80.040   -54.527  -129.711   -99.826   -29.374   -20.808
   41.762  190.773  212.800   80.232   -98.367  -132.254   -95.073   -64.807
CT2163:230           17.691   15.394   10.544    -0.831    -3.697   12.319
   39.739   53.332   73.492  107.303  106.242   66.250    3.982   -11.414
   -25.932   -46.101   19.440  258.604  373.976  301.534    1.841  -166.034
   -74.155  191.502  253.372  112.622   -81.865  -118.268   -83.228   -65.366
CT2163:225           18.662   15.188   12.208    8.868   10.825   24.964
   48.867   58.436   25.641   -43.634   -76.788   -93.347  -109.920   -91.948
    8.880  141.163  259.749  688.936 1053.136  792.693  -124.351  -564.628
  -383.161   78.470  209.608   97.902   -73.085  -123.457  -111.904   -80.779
CT2163:220           34.618   33.361   28.643   17.971   14.491   23.465
   40.049   49.871   47.614   12.466   -26.080   -50.984  -135.293  -140.114
    4.909  163.034  181.882   17.851  -189.540  -282.420  -447.275  -534.129
  -384.590   12.207  135.662   33.731  -107.704  -117.970   -72.731   -44.779
CT2163:215           23.129   21.641   18.575   14.013   13.395   20.656
   30.856   40.583  105.051  251.485  293.486  176.465   57.978   56.039
   74.734  127.091   95.763  -225.325  -488.908  -536.679  -455.713  -397.330
  -268.081   29.200  130.158   37.535   -98.902  -124.345   -88.325   -58.045
CT2163:210           22.422   21.520   19.751   17.455   17.412   22.621
   29.036   30.693   55.343   88.521   88.299   60.716    -1.743    2.744
   46.665  105.487  129.469    -5.205  -131.688  -190.560  -218.161  -233.363
  -162.020   80.773  142.646   37.530  -102.385  -143.202  -134.394   -98.853
CT2163:205           26.267   25.850   22.825   14.645    9.447   17.409
   41.196   40.629    -2.075   -73.147   -88.330   -80.331   -71.672   -36.980
   21.785  102.853  267.272  685.351  852.946  735.523  166.570  -184.602
  -145.945   89.835  120.287   21.725  -108.074  -130.684  -105.898   -91.462
CT2163:200            9.904   15.318   21.530   29.810   32.352   26.877
   20.523    4.009   -74.934  -207.068  -227.930  -141.472   -19.089   46.953
   68.029   85.386  373.896 1617.315 2558.968 2162.471  709.111   22.644
   24.507  175.257  176.381   70.284   -76.269  -123.706  -115.135  -102.991
CT2163:195            1.554   13.885   24.345   37.142   38.029    8.424
   -42.530   -65.649   -91.800  -128.409  -111.959    5.560  155.008  208.903
  204.264  179.130  257.878  598.677  827.767  716.090  335.155  125.478
  109.135  150.654  140.448   48.170   -70.657  -103.114  -102.250  -102.095
CT2163:190           -10.471    1.988   13.486   29.929   32.194    -4.768
   -73.003   -93.067   -70.932   -24.997   15.339  121.234  263.389  300.518
  275.780  244.650  110.906  -554.833 -1171.494  -957.395  -296.871   -86.558
   -24.627   65.921   87.783   20.166   -73.385   -95.543   -89.638   -90.266
CT2163:185            0.060    0.756    3.261    9.233    5.871   -24.055
   -70.080   -69.609    4.435  119.292  162.741  178.123  210.616  206.606
  188.671  178.145   -87.526  -998.183 -1593.130 -1506.658  -878.014  -537.965
  -357.569  -120.585   -31.256   -53.558   -83.543   -88.837   -88.151   -81.034
CT2163:180           11.011    7.813    4.079    1.287    -1.723    -7.280
   -15.029    3.656   76.519  175.090  188.226   42.177  -169.171  -222.101
  -128.461   -86.492  -212.138  -402.450  -471.264  -579.784  -647.964  -584.244
  -433.254  -235.000  -136.865  -104.383   -75.726   -67.303   -71.140   -70.444
CT2163:175           18.303   18.010   13.342    5.365    1.603    7.399
   15.113   37.459  104.621  194.287  212.342  118.295   -26.841   -82.633
   -73.596  -101.408  -188.326  -302.581  -405.703  -425.280  -389.212  -352.062
  -306.154  -248.491  -189.384  -126.040   -64.842   -48.735   -56.022   -63.792
CT2163:170           19.583   22.932   22.067   13.009    9.202   12.688
   14.088   28.145   67.993  120.602  145.873  230.220  380.278  378.595
  210.831   87.777   -18.837  -258.265  -437.160  -429.586  -304.702  -254.191
  -238.007  -238.850  -203.210  -133.569   -65.103   -49.372   -60.668   -68.626
CT2163:165            -6.631    -3.133    4.895   18.093   26.049   22.879
    9.354   15.770   40.937   77.333   98.475  139.635  170.707  166.426
  164.127  116.369   28.044  -144.497  -245.168  -286.955  -252.338  -223.150
  -218.031  -236.473  -207.170  -129.059   -51.425   -41.691   -63.744   -75.121
CT2163:160           11.722    7.271    4.069    -0.253    -0.019    7.077
   15.976   23.161   18.515    4.643    3.406    9.067    -8.458    -2.776
   77.885  116.427   60.392   -77.183  -176.099  -210.008  -212.344  -211.461
  -200.144  -193.080  -166.877  -109.191   -51.354   -41.266   -59.142   -74.318
CT2163:155           33.862   19.014    2.495   -15.370   -18.796    3.156
   36.403   46.941   44.221   29.817   13.697   13.356    1.650   13.287
   62.573   81.283   52.054   -58.428  -154.378  -179.260  -177.477  -182.317
  -172.956  -158.061  -135.344   -87.901   -43.027   -36.549   -51.114   -69.095
CT2163:150           45.517   27.535    6.318   -25.225   -34.835    0.100
   62.921   75.429   78.267   74.348   32.486   14.770   -41.692   -25.977
   56.128   63.816   72.782    8.683   -52.350   -96.573  -143.168  -163.775
  -149.076  -121.577  -103.706   -81.907   -60.599   -55.405   -62.431   -66.317
CT2163:145           39.015   18.597    -2.350   -22.340   -22.861   16.557
   73.869   58.068   21.024   -16.175  -147.485  -411.181  -515.546  -446.860
  -217.153  116.579  198.626   55.035   -29.719   -47.727   -66.091   -82.682
   -89.170   -92.982   -85.820   -59.360   -33.848   -28.781   -39.357   -53.149
CT2163:140           33.693   16.524    0.652   -18.823   -23.602   11.164
   84.185   28.539  -225.614  -489.049  -728.829 -1624.916 -2559.071 -2482.770
-1231.657  -171.142   39.343   24.015   28.273   25.240   11.144    -4.009
   -46.751  -103.974  -107.707   -53.962    -4.053    -3.737   -23.577   -39.337
CT2163:135           29.356   12.489    -3.974   -18.884   -19.047   19.278
   90.337   23.759  -380.930  -959.010 -1219.416 -1618.518 -2219.974 -2111.188
  -995.982  -172.904   -19.640   11.469   49.214   51.469   39.239   17.796
   -43.548  -124.558  -135.084   -75.632   -12.165    -7.779   -30.801   -52.642
CT2163:130           30.406   15.552    -0.406   -20.074   -17.164   30.391
   90.157   71.610   -85.943  -312.828  -305.987  174.799  742.417  749.751
  265.762   -29.151   -41.152   28.073   69.841   66.513   56.529   30.429
   -42.198  -131.789  -145.243   -78.215   -11.242    -6.452   -29.391   -59.147
CT2163:125           32.414   17.545    -2.900   -34.465   -36.630   12.134
   74.051  116.254  312.421  704.808  967.700 1516.136 2283.308 2220.779
 1016.526   96.632   -23.738   77.418  118.080   97.245   66.623   29.529
   -37.432  -111.443  -126.078   -72.363   -19.534   -20.971   -42.031   -58.788
CT2163:120           24.088   12.248    -3.918   -22.886   -19.573   17.321
   62.758  111.244  162.259  139.418  301.665 1010.882 1563.798 1515.991
  811.310  146.383   57.174  196.904  220.926  195.438  104.859   35.416
   -17.526   -62.475   -82.395   -52.563   -18.030   -21.984   -44.107   -68.695
CT2163:115            6.956    6.042    2.979    -5.742    3.442   35.108
   71.061  109.842  167.717  242.904  326.017  417.035  468.432  445.086
  372.927  320.397  291.630  452.860  570.542  465.415  200.741   83.011
   41.380   -13.828   -48.215   -50.633   -51.387   -55.731   -59.704   -70.677
CT2163:110           -13.151    -4.646    5.688   13.099   30.128   61.331
   91.917  123.835  212.882  376.630  426.908  240.341  125.121   89.957
  107.670  206.568  218.992  413.358  565.413  483.134  256.531  152.076
   92.214    7.228   -36.245   -49.199   -61.585   -67.769   -68.576   -73.282
CT2163:105           -33.719   -16.236    6.279   30.436   55.451   99.333
  146.222  149.216  107.025   17.188   -19.961  -129.677  -308.907  -342.559
  -361.877  -433.078  -319.137    -0.587  124.430  183.788  265.995  270.958
  159.830   47.208    7.241   -19.739   -46.099   -59.966   -67.286   -75.134
CT2163:100           -41.713   -21.476    1.916   29.630   47.658   85.647
  137.671   91.941   -63.900  -157.803  -145.960   -16.054  310.576  311.182
    3.090   -84.150   -84.253   -15.677   48.912   11.122  -145.489  -201.541
   -94.049   22.691   22.941   -14.621   -48.177   -56.080   -55.144   -60.148
CT2163:095           -28.689    -6.349   17.265   42.654   55.559   64.847
   69.204   -15.711  -376.217  -816.372  -811.148  -328.976   47.615  124.763
   70.600    2.860    -1.570   31.186   48.424    -1.006   -82.134   -98.595
   -64.021   10.840   17.188   -11.820   -41.136   -54.793   -61.026   -66.656
CT2163:090           -18.410    1.507   20.240   43.859   45.564   20.471
   -16.624  -111.211  -402.471  -683.290  -622.434  -174.806  236.692  316.964
  210.479  125.601   98.682   89.314   79.137   51.059   20.822    4.588
    3.194   17.285    9.238   -15.362   -38.467   -52.386   -61.772   -70.729
CT2163:085           -13.984    5.955   24.651   44.865   35.506   -27.464
  -108.573  -158.001  -191.090  -198.051   -85.013  261.575  559.084  587.896
  362.455  209.348  179.091  171.549  157.120  135.371  108.807   78.353
   49.219   23.526    -0.005   -22.319   -43.122   -54.740   -62.883   -73.206
CT2163:080           -18.799    -3.269   14.569   36.478   21.346   -64.541
  -172.367  -195.219   -75.120   55.551  171.950  407.396  596.275  607.899
  370.653  215.046  237.828  324.225  317.448  299.399  204.015  131.646
   85.144   40.832    4.502   -24.615   -50.376   -64.517   -70.122   -73.496
CT2163:075           -33.465   -24.292    -9.239   15.229    3.193   -52.157
  -114.575  -142.557  -141.822   -82.224    -5.958  108.348  223.792  280.011
  250.989  236.981  320.957  647.575  800.397  623.040  299.362  184.078
  121.948   50.499    7.956   -19.121   -45.428   -55.098   -54.485   -58.986
CT2163:070           -23.783   -22.133   -10.930   13.967    0.540   -54.688
  -111.279  -153.259  -263.141  -333.399  -282.801  -108.446   67.870  141.230
  162.508  164.949  259.586  587.549  745.503  574.519  284.959  191.146
  133.284   59.836   15.257   -21.581   -55.178   -62.431   -56.299   -60.001
CT2163:065            -6.037    -0.207    6.996   14.966   -13.277  -110.389
  -203.315  -244.539  -375.120  -541.079  -538.138  -365.963  -189.378   -93.168
  164.522  306.343  205.911  -168.924  -353.753  -198.373   74.690  149.785
  124.146   61.372   29.367   -11.784   -49.214   -63.772   -63.705   -64.024
CT2163:060            2.055    0.776    -2.917    -2.509   -22.144  -132.788
  -273.609  -258.874    -1.969  295.258  287.573  -147.801  -531.190  -428.312
  233.180  616.599  248.268  -633.131  -915.094  -708.408  -127.472   87.327
   91.104   63.372   49.397   -17.046   -68.539   -74.186   -63.324   -62.071
CT2163:055            -5.616    -5.594    -3.641    -3.529   -15.714   -58.467
   -91.423   -21.961  310.172  652.585  665.648  354.981  147.270   87.983
   23.953  -121.991  -375.318 -1074.825 -1390.652 -1025.282  -317.026   -66.795
    6.290   45.721   43.581   -24.977   -83.035   -94.869   -82.906   -71.869
CT2163:050            -7.033    -6.583    -2.836    -0.261   15.270   50.348
   91.987  173.200  353.959  491.283  536.508  550.141  524.016  436.550
  254.434  120.138  -114.670  -459.586  -566.088  -508.776  -246.671  -109.586
   -30.241   39.191   38.811   -39.023   -93.927  -105.967   -98.984   -84.765
CT2163:045            -0.553    -0.368    -2.914    -5.688   19.940  100.904
  191.771  242.318  255.317  252.514  301.520  443.111  510.191  486.204
  404.964  320.154  278.062  274.236  230.486  106.782   -56.567   -82.780
   -14.243   51.459   44.352   -15.832   -65.923   -76.418   -74.947   -76.940
CT2163:040            4.007    7.661    7.375    -1.590   30.313  129.833
  217.134  243.710  206.961  163.589  170.464  220.215  250.012  289.972
  367.489  396.707  469.703  596.419  584.897  396.949   78.040   -24.902
   10.117   47.888   34.157   -17.112   -63.818   -76.434   -74.896   -72.927
CT2163:035            3.021    8.640    8.923    7.060   43.256  166.326
  298.290  314.507  212.758  117.862   83.569   56.144   33.649   65.972
  164.042  237.895  325.998  444.275  462.339  316.818   82.874   -12.412
   -12.600    6.354    -4.122   -36.149   -63.922   -69.664   -66.350   -64.012
CT2163:030            0.145   15.721   30.607   42.452   79.505  175.186
  270.521  261.549  138.329   13.662   -31.807   -25.037   -41.628   -60.545
  -102.023   -82.558   59.308  258.792  304.909  235.168   24.699   -66.889
   -56.764   -15.772   -17.576   -27.700   -41.724   -47.791   -50.751   -55.880
CT2163:025            -2.687   16.311   32.898   50.380   80.218  142.382
  194.014  159.971   40.109   -79.568  -137.126  -115.036  -107.406  -196.712
  -415.633  -421.851  -186.348  418.137  687.105  455.112   37.034   -79.036
   -57.532   -11.568   -23.777   -33.712   -41.548   -46.032   -49.412   -52.612
CT2163:020           -11.696   16.173   37.943   56.582   70.380   92.838
  108.670   51.930   -80.971  -185.789  -269.027  -335.874  -385.303  -508.715
  -897.272 -1027.870  -658.534  113.114  403.128  366.385  141.409   54.711
   -11.217   -56.956   -79.524   -64.162   -56.563   -54.741   -50.960   -49.124
CT2163:015           -38.389    -4.159   34.349   72.996   88.036   89.190
   82.237    4.802  -229.563  -463.810  -548.454  -545.662  -563.829  -661.851
  -902.832  -933.513  -625.759   46.093  355.483  363.521  278.687  220.013
   75.462   -72.778  -111.927   -84.061   -56.780   -49.215   -48.147   -49.630
CT2163:010           -54.645   -20.778   18.017   67.868   80.491   62.104
   34.062   -46.014  -200.335  -312.627  -404.449  -535.841  -629.991  -625.636
  -559.379  -461.182  -330.923   -90.006   73.058  268.690  457.034  443.327
  209.714   -35.483   -90.723   -54.720   -38.176   -41.460   -46.383   -53.746
CT2163:005           -57.623   -13.865   36.082   78.301   79.278   34.845
   -16.995   -85.277  -201.950  -302.773  -324.487  -249.393  -174.906  -183.602
  -181.834  -137.385  -119.913  -130.670   -74.999   88.664  278.292  288.641
  117.426   -52.755   -64.763   -43.472   -38.057   -41.777   -49.174   -58.550
CT2164:360           -54.429   -23.633   11.826   63.558   65.306    -2.930
   -77.552  -136.701  -221.319  -289.206  -253.895  -100.306    -7.726   29.370
   22.807   15.008   -13.302   -83.664  -122.642  -195.294  -192.864  -182.056
  -139.181   -45.184   -29.135   -38.311   -37.746   -41.697   -53.579   -66.419
