
filled_synop: 30 data points in equal steps of sine latitude from +14.5/15 to  -14.5/15

CT2206:360           80.849   63.336   46.699   28.538    8.987    -8.471
   -20.891   -32.593   -34.745   -19.923   10.412   22.047   13.393    2.064
    2.392    2.178    -0.356    4.517   19.859   27.919   22.614    4.133
    -5.604    -1.560   18.987   25.818    8.793   -21.693   -51.075   -80.576
CT2206:355           88.935   68.430   46.271   24.947    6.617   -10.223
   -24.073   -36.253   -36.386   -20.275   11.906   25.428   20.799   10.281
   10.162   10.600    6.779    6.582    9.627   10.474    5.203    -6.736
   -12.086    -7.038   12.826   20.462    7.215   -17.037   -39.783   -63.514
CT2206:350           82.757   69.681   55.023   33.584    1.488   -23.797
   -37.816   -52.678   -56.810   -38.423   -10.108    3.113   16.124   26.501
   29.286   27.986   25.375   18.642    -0.255   -14.368   -16.450   -16.936
   -17.809   -10.665    9.766   18.003    6.881   -14.503   -36.139   -57.951
CT2206:345           73.072   64.998   56.861   39.808    -1.831   -35.617
   -43.217   -37.081   -33.190   -23.137    -6.277    4.570   21.825   38.083
   40.794   33.824   24.727   18.040    2.864    -8.025    -8.435    2.565
   10.495   10.402   13.165   13.217    0.624   -20.937   -39.587   -57.231
CT2206:340           70.252   63.692   54.656   39.588   16.986    -0.838
    -8.028    -7.516    -6.303    -2.908    3.592    8.026   20.176   33.011
   33.818   23.911   15.098   14.014   13.567   13.857    9.863    4.356
    1.709    0.623    -0.273    -2.232    -9.758   -21.117   -30.919   -40.946
CT2206:335           61.852   59.685   59.032   54.590   44.134   33.349
   24.786   10.105    2.674    5.759   14.147    8.784   -14.372   -30.889
   -32.147   -20.488    -6.240    3.825   10.005    9.180    7.514    -2.863
   -11.148   -12.454    -8.347    -7.566    -9.904   -11.705   -16.389   -25.167
CT2206:330           65.840   54.047   39.989   33.969   43.853   47.647
   39.717   17.882    8.039   14.360   29.344   19.478   -41.431  -102.042
  -104.332   -51.454    -0.199   14.065   23.322   30.814   25.557    4.282
    -6.893    -6.559    5.913   10.742    3.037    -9.922   -21.979   -35.671
CT2206:325           58.842   46.573   36.687   31.964   34.827   34.842
   34.408   36.271   36.036   34.928   32.210   16.021   -48.311  -133.395
  -139.151   -73.766   -24.749    -4.298   24.207   43.442   41.254   19.180
    6.182    4.883   13.958   16.607    5.483   -12.837   -29.176   -45.073
CT2206:320           60.731   53.752   47.953   40.525   30.481   23.107
   26.701   43.123   48.477   51.314   54.206   44.272   51.898   54.526
   39.528    -6.335   -43.470   -25.640   19.780   49.091   49.124   23.577
    8.373    6.321   12.812   12.117    1.585   -13.258   -30.591   -50.948
CT2206:315           73.674   64.776   55.433   44.979   28.599   16.650
   18.946   34.254   38.323   43.910   55.580   36.789   53.758   66.263
   54.261    -3.383   -58.376   -28.357   18.497   49.122   53.158   30.630
   16.495   11.952   13.075   10.532    -3.113   -21.534   -38.427   -56.697
CT2206:310           75.138   64.118   54.093   43.282   29.838   19.814
   17.757   26.870   22.382    8.490    -5.750   -76.382  -176.845  -216.069
  -223.953  -185.467   -87.486   -17.718   15.172   44.372   53.802   35.249
   24.545   20.760   16.854    8.895    -6.307   -25.716   -45.081   -64.013
CT2206:305           76.945   66.533   55.568   45.845   38.343   31.972
   25.449   23.079    6.319   -25.415   -61.537  -195.339  -655.615 -1015.527
  -999.680  -576.935  -178.679   -62.389   -13.315   28.526   45.368   47.376
   50.312   45.464   36.842   26.688    2.860   -31.195   -54.182   -70.755
CT2206:300           75.573   69.004   61.593   52.724   40.525   30.495
   27.739   37.770   33.687    3.036   -29.563  -150.228  -779.849 -1552.058
-1490.226  -678.280  -150.506   -54.724   -39.989   -18.300    1.459   20.936
   32.327   34.187   34.979   29.180    8.162   -23.862   -51.653   -74.481
CT2206:295           70.507   63.943   57.296   50.681   46.143   41.091
   32.530   12.128   15.977   68.132  139.563  181.667  421.792  770.620
  684.771  247.908   46.190   24.467    -1.534   -17.666   -17.241    -7.966
    -1.409    4.173   16.503   17.735    0.031   -27.690   -52.224   -76.720
CT2206:290           64.837   55.318   46.444   39.931   36.319   31.505
   22.311    -5.402    2.815   87.578  201.469  321.739  771.261 1210.479
 1150.107  581.816  147.066   63.194   38.638   10.416    -4.730   -16.162
   -21.485   -13.674    8.579   17.162    3.483   -19.888   -40.074   -59.618
CT2206:285           61.387   51.410   41.736   37.161   39.421   38.196
   27.761    -0.430    7.062   69.450  146.870  260.124  554.009  753.056
  735.802  466.509  188.980   93.670   59.217   28.503    8.985    -9.593
   -20.797   -15.245    5.945   14.242    3.250   -16.829   -34.014   -50.590
CT2206:280           61.600   51.252   39.702   34.476   39.380   38.882
   28.992    5.831   10.751   45.821  101.761  167.424  249.256  299.839
  293.843  211.839  115.608   62.982   50.092   30.724   14.846    1.953
    -6.667    -4.186   12.099   16.799   10.970    0.714   -14.341   -34.267
CT2206:275           63.078   57.268   52.496   50.103   52.999   51.841
   38.554   11.857    7.751   15.513   25.954   52.137   78.380  105.574
  101.278   71.960   47.376   29.277   38.789   34.521   21.937    4.580
    -7.689    -9.002    -0.440    2.657    -3.339   -13.768   -24.749   -38.012
CT2206:270           75.277   65.446   52.514   49.302   57.376   57.816
   40.625    7.235    -2.578    3.992   14.797   27.359   39.948   57.576
   54.625   38.569   31.771   29.184   51.627   59.362   39.128    -1.787
   -23.482   -24.078   -11.212    -7.264   -12.089   -20.838   -27.938   -35.404
CT2206:265           82.488   63.962   43.551   34.505   39.573   38.349
   25.194    -1.181    -9.086    7.860   39.877   48.887   37.862   36.876
   35.103   32.952   35.802   32.590   35.721   30.439   20.085    -6.942
   -23.582   -27.306   -23.157   -21.933   -20.732   -18.226   -20.204   -25.921
CT2206:260           81.082   61.166   42.790   35.997   40.426   39.356
   26.851    4.975    -2.047    5.249   12.865   17.267   24.742   24.424
   23.235   20.873   16.027   14.470   18.401   18.283    8.167    -5.958
   -13.642   -17.877   -17.578   -17.302   -17.763   -17.420   -18.197   -21.799
CT2206:255           88.372   66.450   41.966   30.041   35.581   36.017
   28.199   18.370   15.953   23.254   33.101   34.374   37.433   39.301
   32.708   16.547    8.052    0.414   -16.682   -27.530   -28.939   -30.028
   -32.297   -32.303   -30.080   -29.503   -29.518   -29.154   -28.941   -29.111
CT2206:250           91.554   69.770   50.605   37.191   26.193   17.970
   16.456   19.266   18.317   29.944   47.492   42.692   16.709    3.213
    -3.612   -12.705   -15.566   -16.726   -23.747   -27.954   -29.202   -25.062
   -22.758   -23.209   -20.264   -19.396   -24.443   -31.187   -36.921   -42.172
CT2206:245          102.554   79.258   55.719   41.387   33.910   27.290
   23.895   25.184   19.743    8.408    1.881   -13.438   -67.976  -106.677
   -97.103   -43.547    -9.392    -7.140   -12.147   -13.123   -15.992   -18.817
   -19.044   -16.883    -8.069    -7.316   -18.995   -35.812   -50.316   -63.238
CT2206:240          112.039   90.466   65.911   52.194   47.687   40.630
   34.247   26.176   14.162   -29.052   -92.316  -107.304  -109.839  -127.736
  -108.424   -39.129    -3.696    4.103   10.656   13.452    7.054    -9.569
   -16.219    -9.115    7.599    7.423   -14.077   -45.607   -69.063   -89.824
CT2206:235          101.155   76.586   55.829   46.495   49.163   46.994
   38.925   27.798   19.451    -1.796   -28.168   -28.799    7.856   40.020
   35.887   14.926    4.577    8.195   20.374   24.804   20.920   12.143
    7.123    5.866    8.167    4.350   -11.994   -35.375   -56.499   -75.982
CT2206:230          100.068   76.626   52.425   38.011   33.724   27.602
   21.609   13.106   13.197   37.731   72.013   84.801  111.415  138.765
  118.963   50.395   14.011    8.250   11.580   12.713   13.080   14.732
   13.774    9.014    4.712    -0.990   -12.643   -28.487   -43.828   -59.476
CT2206:225          101.122   75.721   48.065   30.182   24.524   17.503
    9.738    1.991    6.608   44.343   89.073  100.203   99.170   89.837
   73.421   23.071   -12.276   -13.377    -5.264    -3.619    -3.090    -7.517
   -11.521    -9.715    -5.601    -9.234   -18.066   -29.152   -40.335   -52.251
CT2206:220           99.972   83.310   65.653   43.231   11.369   -10.317
   -16.364   -16.765   -12.228   16.804   44.204   47.947   24.413    -8.377
   -14.862   -18.282   -24.270   -23.199   -11.990    -6.434    -5.693    -7.561
    -9.189   -12.235   -14.509   -18.831   -27.782   -37.963   -47.782   -58.008
CT2206:215          105.939   89.223   74.233   52.605   20.562    -3.233
   -12.921   -14.016   -17.217    -5.645    8.085    5.624   -15.605   -34.022
   -33.454   -30.140   -27.146   -19.332    -4.217    4.250    5.517    4.311
    2.395    -1.886    -7.033   -14.254   -27.297   -42.771   -55.883   -68.511
CT2206:210          104.179   93.177   80.947   62.351   35.297   12.987
    -1.441   -11.540   -29.077   -41.988   -48.932   -52.954   -54.760   -48.324
   -37.244   -29.728   -22.520   -13.187    -4.910    -0.186    2.075    2.966
    2.039    -2.116    -7.885   -14.334   -24.765   -37.644   -50.002   -62.113
CT2206:205          103.280   93.814   83.103   68.621   52.524   32.981
   12.570    -4.121   -46.735  -141.029  -231.184  -237.327  -166.415   -97.887
   -63.181   -30.632    -5.069    -1.332    -8.926    -7.962    -7.422    -7.330
    -7.021   -10.427   -13.172   -17.203   -26.737   -37.682   -47.416   -57.749
CT2206:200          103.106   92.601   82.327   70.864   69.461   53.180
   18.634   -24.424   -88.526  -256.503  -434.247  -433.533  -266.064  -132.343
   -88.461   -56.538   -29.407   -20.007   -25.750   -24.090   -17.537   -14.541
   -14.106   -17.551   -24.814   -30.195   -36.770   -42.364   -47.888   -54.029
CT2206:195          111.753  102.242   92.291   81.106   72.131   50.974
    7.831   -42.815  -109.585  -274.338  -422.361  -421.141  -279.772  -157.062
  -112.909   -89.074   -68.844   -50.735   -27.079   -10.835    -5.559    -3.280
    -1.203    -4.434    -8.846   -14.409   -26.771   -40.617   -51.723   -61.641
CT2206:190          110.460   99.692   86.393   74.349   67.170   46.052
   -14.564   -99.400  -158.449  -251.343  -325.974  -312.242  -191.917   -98.005
   -77.168   -90.903   -90.705   -71.190   -32.586    -9.841    0.884    9.106
   13.652   10.404    0.689    -8.917   -23.105   -40.683   -57.794   -74.412
CT2206:185           97.749   83.505   71.333   57.695   51.339   36.975
   -24.837  -126.596  -160.396  -154.724  -152.006  -134.688   -51.895    2.480
   -12.228   -72.004   -92.524   -78.720   -45.696   -25.895    -6.776   16.013
   25.419   22.038   13.600    3.269   -16.747   -41.976   -64.486   -87.738
CT2206:180          106.514   74.902   44.845   22.612    4.503    -7.319
    -9.668   -12.595    -0.741   95.008  196.367  187.255   90.483   15.943
   -13.077   -52.543   -75.219   -70.496   -50.175   -34.991   -19.428    -2.627
    6.569   12.549   15.671    8.411   -11.485   -37.459   -62.835   -88.051
CT2206:175          126.060   83.624   37.218   12.198   -11.274   -13.695
   57.123  184.182  230.357  260.171  281.733  244.669  106.714    1.791
   -28.817   -39.171   -49.214   -52.390   -48.844   -40.720   -23.967    4.987
   18.492   15.249    8.656    -0.401   -25.766   -58.230   -81.665  -100.630
CT2206:170          101.467   68.330   37.233   18.734    3.748   11.007
   83.939  198.586  237.226  216.372  169.017  131.455   59.040    -7.421
   -34.848   -43.066   -50.234   -51.739   -48.030   -41.668   -29.643   -11.396
    -1.775    -0.486    -2.684    -9.322   -26.352   -47.568   -65.736   -82.233
CT2206:165           98.729   62.958   28.442   17.824   19.986   35.689
  102.233  196.584  214.533  148.634   64.352   27.763    5.003   -18.240
   -37.769   -51.244   -60.655   -55.930   -47.455   -42.433   -32.922   -19.196
   -12.761   -13.210   -15.005   -19.203   -31.007   -44.878   -57.498   -70.251
CT2206:160          104.339   65.562   23.857   14.453   29.751   46.632
   98.982  181.566  188.833  100.574    9.906   -20.577   -26.394   -34.356
   -41.029   -36.248   -34.859   -32.701   -25.813   -20.761   -20.273   -20.581
   -18.975   -20.035   -22.457   -26.925   -40.110   -55.351   -64.723   -71.310
CT2206:155           99.516   60.088   28.491   17.202   16.900   24.213
   54.838   97.653   97.935   50.056    -0.530   -24.340   -34.878   -39.518
   -38.910   -19.572    -7.530    -9.469   -11.667    -9.523   -11.979   -16.870
   -17.401   -16.889   -13.311   -16.120   -29.016   -45.428   -59.344   -71.595
CT2206:150          113.568   76.055   37.396   19.546   16.337   15.816
   22.507   34.378   29.709    5.540   -17.274   -30.845   -39.739   -46.088
   -43.453   -32.281   -25.622   -22.871   -23.099   -22.207   -18.647   -14.303
   -13.365   -11.886    -7.151   -10.760   -22.768   -38.379   -54.497   -71.523
CT2206:145          108.926   73.674   38.457   23.263   24.363   22.178
   12.715    0.507    -8.170   -18.016   -27.620   -32.362   -28.858   -28.479
   -27.973   -32.792   -34.826   -26.443   -19.000   -17.290   -10.316    -0.982
    -0.791    -4.331    -4.449   -10.295   -27.138   -48.541   -62.712   -72.882
CT2206:140          107.266   73.932   44.912   31.081   28.184   21.847
   14.612    7.697    -0.112    -8.954   -16.537   -15.013    2.078   15.237
   14.109    5.984    5.767   15.120   36.408   43.856   29.477    6.744
    -3.762   -11.523   -18.882   -28.049   -42.720   -57.610   -67.722   -76.432
CT2206:135          117.074   91.993   61.285   44.232   36.336   24.820
   16.515   12.678    4.572    -8.098   -14.394   -13.556    -7.567    -0.123
    8.934   23.657   31.044   30.594   23.292   19.842   19.074   13.915
    5.458   -14.992   -46.136   -60.081   -60.987   -56.227   -60.624   -70.535
CT2206:130          103.415   92.422   78.958   63.735   44.941   28.845
   10.181   -13.703   -25.292   -30.970   -35.899   -32.244   -24.342   -18.679
    -4.913   18.791   28.255   25.226    9.682    3.853   10.310   20.084
   17.079    3.125   -14.073   -27.051   -39.608   -50.431   -62.673   -76.646
CT2206:125           78.038   75.386   75.192   65.819   49.206   29.667
    0.825   -33.246   -45.600   -42.701   -37.898   -30.593   -18.696   -11.797
    -1.662   17.421   25.675   22.700   15.165   13.727   16.728   25.352
   25.454   16.629    5.660    -7.038   -26.892   -49.766   -70.880   -90.983
CT2206:120           73.324   74.597   77.417   69.818   59.164   43.914
    1.373   -57.701   -68.945   -38.607    -9.963    0.255   13.122   21.816
   16.859    3.827    -0.105    1.532   10.527   15.671   12.806    8.887
    7.984   10.007   12.967    2.444   -24.719   -57.144   -81.299  -102.019
CT2206:115           79.565   69.979   60.093   48.562   34.445   16.726
    -9.805   -42.098   -48.079   -17.417   15.026   24.966   32.591   36.311
   19.946   -24.705   -43.800   -36.324   -21.859   -13.641    -1.504   12.416
   17.449   16.752   15.298    4.845   -19.874   -48.514   -72.817   -94.890
CT2206:110           86.636   67.169   46.744   31.534   20.410    7.154
    -9.239   -24.350   -28.094   -16.561    -4.556    3.707   12.549   13.497
    3.770   -22.344   -33.997   -32.312   -24.176   -15.103    4.915   34.319
   44.329   37.445   22.825    9.030   -12.217   -36.820   -58.976   -80.857
CT2206:105           84.262   59.436   36.675   23.568   21.899   13.888
    -2.444   -20.567   -27.257   -24.257   -19.668   -14.667    -6.795    -2.894
    -5.468   -10.979   -11.563    -8.860    0.307    9.410   23.531   45.256
   53.050   46.038   31.394   16.952    -2.865   -25.989   -49.384   -73.627
CT2206:100           84.576   60.185   38.670   30.310   32.799   26.347
    5.129   -22.269   -32.348   -30.478   -25.956   -25.076   -22.667   -17.384
   -15.489   -14.336   -12.709    -5.754    3.800    9.388   15.827   25.185
   29.609   27.059   20.706   10.913    -7.335   -29.072   -51.782   -76.272
CT2206:095           86.023   61.736   35.060   23.619   24.403   18.122
    4.400   -14.097   -22.886   -28.853   -34.915   -35.186   -35.084   -34.158
   -22.380    -2.191    4.064    0.165    -8.874   -10.223    -9.699    -9.696
    -6.799    1.394   13.789    8.312   -17.988   -48.782   -69.459   -85.708
CT2206:090           76.498   63.891   51.099   38.996   24.743   12.755
    8.848    7.913    1.527   -12.088   -23.421   -22.647   -12.885    -3.482
    3.617   16.571   19.538    5.226   -20.838   -27.651   -21.724    -9.958
    -3.405    1.949   12.055    8.486   -14.728   -42.620   -64.804   -84.695
CT2206:085           73.087   67.992   62.432   49.165   30.738   17.629
   14.930   13.250    8.749    -1.008   -11.088    -6.220   10.040   19.531
   21.948   23.439   21.750    7.219   -16.125   -21.849   -12.644    3.039
    9.170    9.357    8.403    0.692   -19.743   -44.197   -66.995   -89.650
CT2206:080           71.916   69.943   69.742   52.812   19.482    1.066
    2.048   13.016   11.930    2.878    2.552   10.110   27.864   36.714
   31.430    8.434    -3.646    -3.253    -0.565    1.685    8.368   22.184
   27.278   24.798   21.175   10.362   -17.665   -49.145   -73.803   -97.294
CT2206:075           73.995   64.989   54.371   32.239    1.835   -18.182
   -29.973   -40.451   -40.749   -24.147   -11.149    1.095   26.779   37.603
   29.579    4.911    -6.192    -5.042    -4.427    -3.023    5.171   12.966
   17.553   23.790   30.918   23.101    -4.451   -38.796   -68.823   -96.838
CT2206:070           72.458   68.414   66.501   45.528    3.904   -21.522
   -34.198   -42.249   -43.070   -27.522   -13.934    -9.638    -2.260    0.669
    -2.811    -2.882    -0.688    -3.770    -4.993    -0.830    7.165   18.620
   25.529   32.961   42.222   34.066    2.941   -35.554   -68.546  -101.889
CT2206:065           81.190   76.026   70.831   53.431   21.612    0.244
   -16.414   -30.048   -32.544   -20.596   -13.136   -16.018   -28.744   -37.441
   -35.264   -22.999   -17.511   -17.624   -21.787   -17.086    1.252   26.969
   37.181   37.005   34.312   25.206    -1.145   -33.320   -62.669   -93.176
CT2206:060           84.508   72.584   60.517   49.443   39.828   28.116
    9.630   -12.099   -15.575    6.606   20.458    -3.283   -68.970  -101.106
   -95.888   -69.115   -56.072   -43.709   -28.762   -18.386    -8.588    1.627
   10.680   19.978   31.083   26.731    0.872   -31.688   -61.351   -90.987
CT2206:055           91.130   78.882   67.021   52.180   31.990   18.886
   19.790   25.817   22.394   17.314   12.632   -12.126   -71.894  -103.246
  -100.455   -78.880   -67.238   -52.505   -23.504    -9.575   -12.683   -20.213
   -12.219   11.209   40.493   38.759    5.680   -34.957   -66.627   -97.881
CT2206:050           81.923   68.760   55.529   40.435   21.612   10.716
   16.069   25.442   22.159    4.005   -14.674   -22.623   -26.371   -33.603
   -52.305   -79.266   -85.300   -68.450   -41.053   -27.473   -20.651   -13.009
    -0.748   22.032   54.601   55.817   21.816   -22.693   -60.901   -97.380
CT2206:045           62.757   52.634   42.501   30.862   17.973   10.679
   14.875   23.884   23.666    8.652    -6.157    -3.515   14.578   18.743
    -5.236   -42.701   -52.106   -55.944   -50.448   -42.679   -27.001    -5.897
    8.663   32.819   65.049   64.093   29.542   -16.060   -55.223   -93.244
CT2206:040           48.068   38.021   30.087   18.961    6.883    -0.642
    1.422    6.594   11.641   31.561   48.326   47.060   35.592   31.948
   22.029    -2.141    -9.969   -16.794   -20.480   -20.620    -2.136   27.157
   38.832   47.940   58.372   53.155   26.083    -9.023   -44.303   -83.819
CT2206:035           67.692   60.444   52.333   36.056   14.117    1.626
    -4.032    -8.202    -0.896   31.376   53.830   57.128   43.670   44.952
   80.120  110.806  103.929  108.349   65.373   38.873   29.120   24.353
   25.120   37.157   52.187   46.796   17.035   -19.877   -52.300   -84.708
CT2206:030           74.617   75.028   74.470   54.763   18.563    -0.351
    -4.423    -2.644    1.488   15.533   24.899   28.893   24.060   30.308
  135.616  389.052  467.923  306.713  107.469   55.680   36.759   15.900
   11.325   23.510   39.365   34.683   11.096   -18.823   -48.070   -79.664
CT2206:025           87.668   82.829   74.109   49.858    8.357   -12.001
    -7.902    3.153    5.976    9.038   11.375   10.537    2.730    2.679
   73.587  259.248  323.018  199.255   62.290   32.417   24.331   11.322
    8.954   21.871   40.531   36.375   13.025   -15.893   -46.508   -82.151
CT2206:020           86.376   88.496   83.755   57.941   15.359    -5.812
    -0.686    8.004    3.957   -13.770   -28.794   -35.590   -39.240   -51.464
  -142.244  -368.142  -434.178  -260.994   -56.143    -2.746    7.278   13.200
   17.803   18.261   21.795   16.197    -3.555   -26.801   -50.495   -77.167
CT2206:015           82.588   81.756   81.141   57.536   13.449    -7.277
    5.238   27.097   20.299   -15.855   -37.849   -40.828   -24.633   -31.559
  -105.406  -199.553  -205.327  -161.834   -30.285   21.355   18.869    7.250
   11.665   18.788   26.705   19.159    -8.713   -39.347   -63.438   -87.341
CT2206:010           87.589   85.600   75.678   47.219    2.417   -18.901
    -7.011   10.493    6.018   -19.820   -39.189   -31.694    6.155   12.337
   -20.672   -62.623   -67.988   -53.831   -13.931   11.276   16.562   10.130
   13.983   25.333   41.373   35.429    5.359   -30.969   -60.979   -87.724
CT2206:005           75.863   75.691   71.505   42.723    -1.872   -24.962
   -21.114   -12.691   -13.902   -16.969   -17.891   -11.996   10.055   16.322
    6.316   -14.626   -21.328   -10.874    0.375    9.242   11.334    9.478
   13.795   25.890   40.918   34.028    4.854   -31.224   -61.976   -89.921
CT2207:360           73.702   72.843   73.825   47.715    1.281   -22.562
   -23.707   -19.867   -20.786   -20.538   -18.091   -13.784    -9.622   -10.183
    -1.290    1.966    0.689    -1.845    -8.920    -6.897    3.837   15.308
   20.696   28.930   38.291   29.029    -1.063   -36.649   -68.311  -101.724
