
filled_synop: 30 data points in equal steps of sine latitude from +14.5/15 to  -14.5/15

CT2114:360           -30.731   -12.155    -3.271   -18.485   -36.485   -57.777
   -84.159  -111.019  -281.898  -815.682 -1082.228  -791.762  -272.837  -114.309
   -99.367   -49.483   -11.126   -13.934   -12.666   -19.418   -51.260   -67.263
   -58.807   -29.803    -0.094   15.015   22.023   27.440   33.837   40.694
CT2114:355           -42.996   -23.355    -2.945   -13.320   -36.400   -50.134
   -90.104  -128.573   -91.692  124.611  211.776   -88.935  -498.115  -545.950
  -334.664   -71.487    -9.435   -34.095   -70.633   -77.702   -94.444  -107.075
   -96.308   -45.491    5.732   23.718   22.631   23.048   28.518   34.513
CT2114:350           -29.949   -20.243   -15.230   -31.111   -58.222   -60.698
   -41.749   -12.854  113.793  487.327  608.790  255.240  -488.298  -678.648
  -374.435   -67.087    -7.523    -9.057   -14.194   -31.362   -87.144  -126.075
  -116.158   -55.620    5.360   27.880   30.588   30.432   34.278   40.188
CT2114:345           -19.282   -19.738   -22.596   -39.026   -66.108   -53.454
   -10.178   44.197  167.450  469.643  578.957  444.383  195.680  112.896
   41.748    -1.700    -4.410   11.198   17.343    -0.950   -59.199  -102.956
   -99.747   -50.128    5.451   26.931   33.485   38.145   44.383   50.140
CT2114:340           -27.855   -29.249   -29.457   -44.356   -76.599   -52.212
   33.411   92.930  133.902  187.383  206.063  307.377  616.820  661.868
  335.753   65.740   18.125   27.185   31.235   10.996   -53.526  -104.879
  -100.356   -54.280   -13.793    5.919   29.193   48.824   58.488   61.872
CT2114:335           -16.138   -28.684   -39.649   -42.546   -38.788   15.449
  213.353  398.745  287.434  -234.509  -462.596  -252.156   47.945   96.738
  111.904   58.726   21.820    9.015    2.765    3.322   17.508   22.169
   19.889    3.379   -13.248   -10.099    5.967   24.523   40.716   55.252
CT2114:330            -2.794   -22.460   -42.491   -33.019   -23.223   30.981
  177.403  287.771  321.457  330.503  324.730  246.519  194.863  163.294
   93.681   29.372    -3.033   -16.726   -22.109    -6.323   74.579  139.789
  132.669   56.091   -11.407   -18.648    -0.043   16.321   26.087   36.319
CT2114:325           -24.825   -44.719   -55.822   -40.297   -14.310   40.273
  140.894  234.865  364.656  667.026  791.535  605.523  287.660  170.208
   88.644   19.331   -13.924   -37.643   -55.452   -40.853   31.233   90.512
   94.551   54.369    8.120    -1.455    8.796   20.056   30.950   43.161
CT2114:320           -21.830   -43.396   -58.531   -44.552   -17.693   27.603
  109.617  188.661  302.729  566.484  653.655  494.069  184.954   64.402
   28.049    -2.816   -26.447   -52.065   -75.423   -65.406   -13.425   30.218
   34.274   12.750    -7.470    -6.272    7.076   22.939   40.190   59.444
CT2114:315           -16.634   -40.199   -62.899   -48.981   -22.751   10.878
   68.673  113.537  138.525  125.445   78.409   73.780    -3.729   -45.152
   -29.987   -12.281   -18.464   -35.273   -43.782   -45.333   -44.745   -40.844
   -39.510   -42.965   -44.390   -32.919    -2.861   28.224   51.996   77.620
CT2114:310           -35.348   -58.915   -68.857   -49.825   -11.499   19.492
   61.055   83.949   21.918  -112.629  -161.696  -169.288  -111.037   -74.861
   -52.998   -30.144   -17.655   -12.734   -10.126   -16.835   -44.145   -64.749
   -70.237   -74.090   -71.089   -54.395   -19.708   18.583   50.846   80.109
CT2114:305           -25.733   -51.067   -65.826   -44.739    -2.565   19.672
   57.838   61.048  -108.800  -441.910  -548.637  -486.466  -235.470  -118.853
   -69.871   -34.989    -8.600    8.853   20.795   11.879   -30.336   -65.570
   -73.596   -70.496   -62.307   -44.761   -11.299   22.902   50.126   74.537
CT2114:300            -8.495   -38.774   -69.373   -43.431   13.477   32.499
   55.339   47.184  -195.447  -883.407 -1165.094  -856.098  -300.435  -139.089
   -86.224   -23.476   11.267   24.947   37.058   27.075   -15.838   -47.432
   -52.061   -38.376   -22.473    -9.354    9.896   30.314   47.506   63.843
CT2114:295           -32.589   -54.766   -64.566   -38.437    4.348   41.404
  117.142  179.768   52.139  -340.005  -523.472  -425.466  -280.654  -232.391
  -109.939    -9.938   17.983   21.848   21.737   19.543   11.364    3.464
    -1.630    -5.075    -6.840    -1.752    9.308   19.619   29.067   39.035
CT2114:290           -22.102   -44.159   -64.910   -41.644    -4.501   50.154
  116.002  148.463  304.808  785.988  954.009  632.858  254.191  163.367
   79.798   48.915   43.565   26.884   17.748   17.470   27.290   40.901
   33.398   13.346    0.904    -0.289    4.695    9.328   12.806   16.799
CT2114:285           -33.818   -48.402   -51.853   -27.012    5.375   78.157
  245.150  400.478  535.012  777.413  826.776  618.284  218.277   78.058
   55.116   36.725   27.717   16.353    3.394    7.608   14.123   15.177
   11.819    8.543    3.015    -1.265    0.048    3.455    8.078   14.644
CT2114:280           -30.301   -45.076   -49.886   -22.522   15.621   92.741
  274.688  428.481  474.161  462.147  413.425  303.784  101.651   11.480
    5.493    1.573    6.178   38.739   68.499   78.214   72.175   65.416
   52.106   31.603   11.268    -0.681    1.438    5.862    9.901   15.397
CT2114:275           -16.841   -34.663   -51.599   -23.270   16.868   76.390
  229.949  356.150  333.128  162.459   71.598   57.707   39.498   10.670
    4.441   14.473   35.678  100.358  151.635  172.534  179.154  180.658
  150.270   77.971   25.898    7.059   16.623   23.525   22.004   18.628
CT2114:270           -31.461   -38.227   -36.405   -10.537   27.420   68.261
  117.384  149.615  133.692   56.737   11.882   10.880   28.748   26.689
   30.237   37.522   66.774  172.641  248.104  285.374  283.508  241.247
  214.451  132.192   43.293    9.457   14.563   22.419   23.619   22.595
CT2114:265           -27.245   -24.634   -21.471    1.827   37.672   53.336
   47.924   38.578   26.787   36.463   45.539   24.777   27.402   37.042
   36.625   27.273   27.162   86.822  203.950  243.553  338.594  443.674
  420.197  217.906   41.082    -3.247   17.962   35.649   39.440   41.510
CT2114:260           -37.444   -27.808   -15.985    -0.795   17.375   22.505
   10.852    -1.702   -33.473   -68.296   -71.851   -59.960   -10.978   15.106
   23.299   18.868    -9.701  -111.956  -157.088   -65.299  323.901  655.170
  634.829  313.850   59.729    1.583   19.930   33.902   35.131   35.349
CT2114:255           -26.357   -29.222   -27.354   -13.736    9.724    8.158
   -27.441   -65.349  -144.669  -326.985  -396.041  -276.161   -72.932    -6.912
   18.058   22.040   -45.427  -344.543  -606.261  -519.668   -88.811  238.395
  288.466  157.825   17.861   -16.864    -2.315   17.993   29.573   37.341
CT2114:250           -13.376   -25.184   -37.927   -20.773   16.559   21.101
   -11.890   -48.712  -109.258  -234.121  -280.324  -194.125   -18.108   41.040
   46.439   53.420    6.743  -150.971  -251.824  -252.957  -157.824   -40.771
    4.672   18.038   29.723   32.398   34.417   35.706   34.054   29.895
CT2114:245           -15.873   -21.976   -24.016    -7.399   18.923   32.770
   49.733   55.164   27.183   -25.531   -66.985   -70.597   -63.882   -40.416
    4.832   37.677   13.436   -94.647  -202.814  -226.043  -210.377  -175.727
  -129.932   -46.309   30.886   49.277   40.761   29.785   22.309   15.382
CT2114:240           -16.224   -21.540   -22.380    -5.364   20.438   48.091
  118.110  158.244  140.264  109.404   59.074    5.619  -101.617  -105.685
   -36.739    7.825    7.510   -50.884  -120.386  -156.498  -202.987  -226.439
  -197.567   -92.230   10.953   41.340   33.801   24.058   20.675   18.756
CT2114:235            -2.349   -17.699   -33.628   -10.981   33.820   60.730
  153.701  198.896  118.609    5.389   -42.155  -142.317  -156.303  -100.710
   -52.687   10.984   39.466   23.481    5.320   -39.315  -152.423  -224.835
  -210.114  -116.526   -34.336    -3.016    8.940   20.421   30.579   39.741
CT2114:230           -15.318   -18.799   -17.692    -0.714   29.205   42.899
   80.142   93.640  -157.581  -809.453 -1074.529  -933.610  -526.783  -346.564
  -191.592    -3.079   68.563   84.814   85.320   55.554   -36.774  -108.588
  -119.162   -85.413   -44.881   -20.178    0.859   22.439   42.141   59.310
CT2114:225           -16.637   -11.683    -7.100    7.876   32.058   33.185
    -4.551   -35.111  -188.871  -706.115  -991.910  -811.604  -664.085  -599.102
  -256.748   38.477  113.275  124.947  127.548  110.847   40.592   -21.026
   -41.962   -40.839   -36.349   -23.371    7.507   36.029   55.933   72.116
CT2114:220           -36.278   -17.267    2.383   15.994   28.301   30.308
   -22.580   -60.983    3.324  252.034  350.736  157.383   -50.605   -83.932
   -51.236   42.610   99.121  138.239  159.372  153.496  108.283   67.202
   35.947    -0.781   -26.295   -25.528    -4.027   18.835   37.878   58.193
CT2114:215           -32.974   -21.001    -7.728    6.030   14.144   34.588
   26.885   40.082  348.478 1198.620 1498.045 1047.246  284.370   63.341
   36.100   29.415   60.500  144.212  207.407  217.220  182.327  143.754
  106.829   41.486   -16.261   -30.944    -9.824   15.597   34.970   53.894
CT2114:210           -30.403   -14.958    0.560    9.986    7.144   42.082
  117.849  208.940  368.937  641.048  663.701  461.072    0.447  -159.568
  -104.989   -26.497   17.169  106.821  171.766  209.692  232.586  223.038
  187.014   85.407    -4.173   -29.124   -13.721    2.765   18.463   39.854
CT2114:205           -25.932   -13.560    -2.159    0.304    -4.204   32.278
  144.406  249.493  282.624  263.585  218.687   70.107  -151.378  -231.747
  -171.859   -73.344   -22.484   64.256  158.483  205.880  267.630  319.897
  281.521  132.775    6.928   -28.817   -12.058    9.478   23.302   35.736
CT2114:200           -27.248   -10.095    4.998    9.250    7.365   29.923
  110.875  172.788  130.269   -12.979  -101.772  -171.024  -243.835  -262.212
  -183.284   -78.913   -42.049   -61.955   -74.681    -1.571  181.840  327.266
  308.783  152.268   24.464   -15.486    1.278   21.870   29.035   33.664
CT2114:195           -26.119    -7.366   11.344   16.541   14.246   19.195
   47.481   56.136   -10.041  -153.573  -224.843  -250.021  -236.140  -216.450
  -148.239   -70.223   -46.633  -108.927  -139.503   -57.728  110.476  199.791
  221.484  148.810   47.266    4.129   10.191   16.358   14.413   13.545
CT2114:190           -32.286   -13.953    4.062   19.607   37.146   31.036
    -6.905   -52.398  -129.818  -267.124  -328.817  -300.481  -211.484  -164.469
  -113.437   -62.343   -42.537   -86.533   -99.179    5.027  324.169  578.258
  562.699  331.691  128.346   60.141   41.572   20.196    -2.906   -22.347
CT2114:185           -40.511   -20.357    0.258   13.401   30.820   14.449
   -38.830   -97.221  -180.975  -332.115  -394.483  -325.905  -201.426  -145.540
  -106.655   -76.713   -57.247   -74.866   -78.444   26.184  353.125  583.784
  566.315  358.384  182.326  117.358   74.716   30.332    3.445   -14.109
CT2114:180           -29.341   -16.809    -5.657    2.473   15.885    -4.326
   -61.830  -125.872  -203.180  -316.614  -351.635  -297.993  -186.940  -130.114
   -97.054   -74.864   -57.806   -61.663   -56.012    0.042  177.554  320.330
  297.598  148.443   39.631   11.816   18.383   25.303   35.201   46.973
CT2114:175           -28.510   -19.674    -9.789    1.481   14.122   -13.173
   -91.359  -161.152  -237.949  -351.899  -379.396  -305.451  -170.061  -111.088
   -79.981   -57.007   -48.051   -55.255   -54.074   -90.381  -277.142  -435.042
  -407.235  -302.151  -239.251  -186.279   -94.829    -0.391   64.693  114.805
CT2114:170           -30.019   -21.498   -13.333    -7.458    9.315   -15.598
  -130.811  -231.022  -274.173  -340.675  -365.366  -261.182  -105.382   -55.834
   -54.674   -54.732   -53.864   -66.080   -88.958  -146.179  -299.692  -370.797
  -362.702  -236.604   -94.550   -48.519   -27.754    9.193   48.685   87.350
CT2114:165           -25.837   -15.128    -8.019    -6.545    -7.788   -27.936
   -81.803  -125.100  -130.578   -84.260   -56.690   -63.225   -64.088   -51.939
   -33.572   -21.231   -22.540   -33.541   -55.749  -106.479  -214.883  -283.194
  -265.231  -133.851    -4.912   40.430   36.718   26.321   30.432   42.459
CT2114:160           -34.190   -21.561   -12.140   -14.723   -22.175   -18.301
    -9.231    1.781   27.192   83.397   96.698   60.438   -16.320   -34.548
    -7.267   18.263   16.738    4.693   -11.209   -55.292  -157.154  -233.921
  -216.739   -94.771   15.856   49.988   37.491   23.189   21.388   24.458
CT2114:155           -45.608   -31.056   -13.522   -20.891   -47.577   -30.705
   69.614  150.288  170.281  187.608  180.542  128.511   62.524   40.316
   16.256    2.498    2.553   13.336   15.147   -21.754  -119.199  -184.897
  -178.591   -95.802   -23.265    7.948   13.943   18.024   22.850   26.590
CT2114:150           -26.029    -9.798    -0.689   -12.901   -37.230   -10.266
  120.905  234.730  224.796  120.086   51.835   25.997    -1.626   -15.300
   -26.211   -38.874   -22.600   37.890   79.711   56.550   -58.600  -164.113
  -166.724   -86.143   -11.393   13.988   17.858   20.088   25.494   32.104
CT2114:145           -17.434    -2.832    7.427    -0.138   -24.209    -1.676
  119.571  221.110  186.747    6.974  -109.149  -114.377   -82.248   -65.624
   -47.074   -28.113    8.056  122.208  212.843  209.367  104.916   -11.299
   -37.415   -17.910    2.761    8.995   13.985   20.034   27.982   38.230
CT2114:140           -19.705    -5.867    5.917    3.529   -11.069    1.453
  104.068  189.569  135.520   -69.244  -180.675  -163.871   -85.268   -43.787
   -21.344    4.964   35.703  149.022  297.697  285.291  180.744  131.579
  113.980   55.922    -2.727    -8.537   11.511   28.674   39.344   48.132
CT2114:135           -25.850    -6.074   10.078    9.912    0.630   -22.587
   -29.407   11.607   -67.673  -199.270  -175.013  -173.833   -66.051   -17.036
    -2.421   23.706    1.132  -198.823  -427.183  -361.260   -40.953  168.679
  182.768   84.059    -9.092   -20.394    1.305   22.390   36.599   48.961
CT2114:130           -37.239   -13.036   11.050   14.441   29.486   -19.720
  -378.734  -678.098  -669.453  -665.904  -705.781  -387.665   -59.627   -16.506
    -1.509   13.223   -28.290  -190.121  -289.159  -267.106   -73.310   92.377
  115.054   76.266   44.315   34.265   20.135   13.197   20.444   34.592
CT2114:125           -42.205   -17.442    5.185   25.404   49.131   30.216
  -166.810  -322.639  -151.506  367.133  555.457  408.558  148.232   54.442
   32.312   24.091    -7.226   -46.138   -69.013   -87.641   -94.696   -82.744
   -56.371   -22.546    -2.345   11.311   20.918   28.212   38.745   51.569
CT2114:120           -51.962   -26.460    0.309   35.033   52.958  126.949
  410.117  675.822  812.039 1125.381 1255.488  839.576  214.458   39.364
   43.531   61.249   33.106   -10.894   -67.371  -100.440  -156.575  -195.552
  -180.912  -107.106   -38.129    -3.240   22.449   45.073   63.269   77.367
CT2114:115           -51.877   -25.603    1.968   40.864   65.123  160.031
  556.331  916.590  973.529  921.500  859.453  615.277  180.967   30.758
   33.364   53.127   32.127    3.069   -47.152   -92.180  -187.395  -258.939
  -249.545  -160.955   -77.622   -34.717    -1.002   31.433   57.284   80.596
CT2114:110           -62.401   -32.671    -3.196   26.174   56.407  131.300
  286.320  390.298  411.703  288.150  172.269  137.417   68.057    5.788
    4.588   18.874   25.456  114.410  183.940  103.289  -145.829  -318.475
  -314.016  -192.824   -86.586   -39.779   -11.460   16.458   47.405   79.377
CT2114:105           -69.616   -34.232    1.712   19.038   25.578   59.927
  105.862  143.288  149.273  144.557  118.226   47.556   -15.471   -47.608
   -31.292    -9.968    -1.239   32.889   40.023    -2.516  -128.992  -224.860
  -230.772  -161.057   -92.199   -52.950   -26.905    0.828   35.694   74.624
CT2114:100           -52.921   -17.460   12.270   21.792   19.427   43.409
   89.063  134.040  131.521  119.887   93.780   11.023   -62.370   -84.972
   -74.153   -18.602   -26.619  -157.240  -303.637  -308.435  -228.781  -192.237
  -182.491  -148.851  -111.246   -73.530   -35.025    3.561   43.806   84.881
CT2114:095           -47.899   -18.059    4.796    9.197    7.098   27.339
   87.689  135.217  121.602   73.446   22.205   -87.953  -278.347  -316.896
  -174.166   -36.039   -32.213  -130.419  -204.838  -222.391  -189.253  -149.826
  -143.581  -135.888  -120.720   -91.941   -49.100    -3.066   41.980   86.900
CT2114:090           -49.017   -28.022    -6.241    -0.656    -4.246    9.701
   72.109  114.941   93.381   42.726    -2.018   -80.568  -214.451  -231.248
  -104.966   -10.551    0.057   -28.234   -37.263   -65.642  -109.085  -124.721
  -127.328  -139.065  -143.041  -115.343   -60.213    -6.583   38.909   86.517
CT2114:085           -36.183    -7.140   12.700   12.553    5.940   14.532
   55.181   80.091   31.760   -87.688  -156.986  -118.539   62.160  120.642
   20.631    -0.395   16.025    -5.073   -30.590   -38.864   -52.651   -66.995
   -81.838  -104.358  -114.574   -96.200   -52.248    -3.975   40.173   81.822
CT2114:080           -45.205    -9.721   20.851   23.728    9.233    1.509
   15.891   14.974   -76.345  -295.063  -428.097  -417.209  -445.772  -414.714
  -198.175   -47.799    3.050   19.257   27.606   34.172   21.397    -1.542
   -30.032   -65.679   -91.439   -83.377   -36.242    7.431   42.057   73.365
CT2114:075           -48.286   -10.879   22.521   25.029   14.428   -11.299
   -47.733  -102.563  -222.019  -422.792  -522.021  -464.695  -239.958   -98.881
  -108.104   -89.774   -21.713  103.060  224.907  250.051  191.022  106.378
   51.897   -16.284   -78.563   -85.456   -45.296    -3.911   31.876   68.304
CT2114:070           -49.219    -9.041   23.181   28.664   29.740   -14.203
  -122.564  -244.964  -419.541  -732.388  -857.847  -691.158  -403.120  -238.811
  -118.690   -91.578   -14.550  232.368  484.608  525.565  435.170  307.799
  229.845   85.476   -51.936   -80.951   -46.797   -10.096   22.719   57.178
CT2114:065           -69.447   -31.366   10.348   19.996   35.448   -16.311
  -202.315  -439.794  -689.351 -1077.753 -1132.353  -766.374   12.569  296.000
  174.668   19.634   41.589  172.811  322.745  373.645  442.818  480.712
  390.952  142.404   -34.145   -62.476   -25.874    4.737   25.631   47.992
CT2114:060           -53.670   -25.858    -1.066   14.859   50.345   13.686
  -117.660  -296.948  -651.973 -1374.967 -1561.326 -1036.804   51.333  436.146
  298.936   67.441   20.608   -54.379  -126.179  -107.097    -1.471   72.219
   62.875   11.273   -39.569   -48.598   -22.476    2.933   21.797   38.618
CT2114:055           -45.878   -23.613    1.911   27.100   60.230   46.256
    9.801   -32.261  -371.411 -1432.783 -1916.358 -1193.544   -32.833  275.915
  202.800   58.545    -3.962  -170.988  -318.705  -326.987  -278.410  -253.245
  -210.480  -116.654   -59.405   -38.984   -21.719    -3.412   13.045   29.473
CT2114:050           -35.200   -12.788    8.127   29.722   60.749   68.570
   33.075   21.280   21.468  191.365  322.564  190.611   85.701   85.344
   75.027   34.920   -15.988  -109.271  -160.932  -197.581  -195.215  -132.539
  -126.684  -106.592   -53.194   -28.651   -25.037   -15.672    2.124   24.349
CT2114:045           -37.749    -9.511   12.656   29.280   38.394   93.133
  130.063   95.712  380.759 1139.084 1346.357  941.841  217.622    0.430
   -12.128   -10.443   -39.561   -56.011   -82.470  -122.575  -217.915  -288.562
  -256.865  -138.832   -43.041   -10.127    -3.714    1.463   11.861   24.212
CT2114:040           -50.859   -23.481    5.460   33.318   29.569  157.955
  747.641 1325.563 1358.343 1181.446 1084.361  714.579  117.793   -83.121
   -65.375   -21.258   -30.905   -19.424   -17.224   -50.486  -138.591  -191.700
  -180.103  -105.889   -35.530    -6.215    6.622   18.379   28.219   34.615
CT2114:035           -38.663   -11.928   15.571   39.866   30.299  146.999
  639.813 1073.971 1028.298  575.308  321.664  203.403   22.880   -75.382
   -62.245   -25.802   -28.029   -19.637   -20.783   -37.192   -77.270  -103.731
  -100.947   -72.428   -41.671   -19.088    3.927   23.712   35.469   43.962
CT2114:030           -31.017    -9.594    7.144   18.539   31.779   76.821
  155.027  195.657  144.951   -88.774  -236.636  -184.580   -29.761   -12.216
   -24.742   -26.459   -21.956   -10.110    -3.653    -2.383    -4.702   -10.973
   -12.262   -11.410   -10.774    -5.473    3.918   15.403   27.481   39.170
CT2114:025           -22.639    -4.363   12.334   17.576   20.425   16.117
   -63.937  -132.575  -169.079  -189.071  -188.960  -160.399   -48.926   -12.690
    -7.744    -2.406    8.996   18.079   37.280   48.256   67.859   87.413
   75.187   29.474    -3.044    -4.802   12.078   26.153   32.931   38.310
CT2114:020           -31.192    0.852   24.539   30.231   29.803   11.623
   -66.564  -127.854  -155.043  -147.096  -136.563  -113.109   -68.859   -41.021
   -24.054   -14.328    6.636   22.191   38.269   62.049   97.283  116.029
  103.303   58.917   16.980    5.731   14.042   23.511   28.750   31.969
CT2114:015           -55.880   -10.690   25.065   27.293   16.032    -7.237
   -54.583  -102.792  -127.615  -126.727  -126.358  -110.080   -89.281   -61.917
   -46.167   -35.244    3.717   61.877   94.352  129.265  165.291  163.794
  141.554   88.625   35.908   17.710   22.792   27.439   27.650   27.373
CT2114:010           -78.455   -30.801   22.876   19.195    -5.096   -31.305
   -58.277   -85.471  -137.622  -198.881  -208.373  -195.063  -144.024   -96.714
   -76.327   -71.859    -7.426  183.568  342.959  359.129  286.872  229.551
  194.683  116.179   52.488   32.133   30.710   28.139   26.658   27.503
CT2114:005           -46.253    1.381   30.051    6.702   -41.451   -78.848
  -118.030  -167.345  -263.000  -471.669  -555.049  -454.795  -231.126  -131.153
   -91.622   -46.344   10.719  145.700  286.369  298.452  230.868  184.359
  164.049  113.301   61.989   42.652   38.863   35.139   30.826   26.827
CT2115:360           -50.468    -2.001   30.823    4.572   -50.016   -91.483
  -130.687  -173.452  -292.860  -587.295  -714.895  -575.615  -305.276  -198.219
  -126.440   -51.539   -29.629   -86.635  -150.266  -118.421    -8.815   69.112
   85.454   74.009   60.890   57.113   52.568   46.689   41.321   36.042
