
filled_synop: 30 data points in equal steps of sine latitude from +14.5/15 to  -14.5/15

CT2180:360           34.024   44.666   57.456   57.010   50.304   24.709
   -49.857  -144.088  -135.500   36.540  201.020  253.039  270.106  282.560
  228.123   61.875    2.654   56.997  164.203  188.446  153.754   82.705
   47.150   27.358   17.695    -2.734   -28.553   -52.873   -76.220   -99.594
CT2180:355           39.052   51.464   63.495   60.552   61.406   40.396
   -51.054  -166.223  -146.052   42.922  204.570  248.327  227.034  208.065
  176.216   86.926   56.191  119.677  243.570  271.502  230.996  149.508
  110.756   78.995   34.827    -0.187   -35.096   -68.593   -93.108  -111.485
CT2180:350           38.378   58.474   73.166   63.651   38.343    7.542
   -66.931  -153.982  -134.971   -20.495   73.165  128.066  171.465  179.627
  166.653  143.454  129.466  146.740  203.701  223.872  225.656  237.050
  222.243  157.354   60.658    9.048   -23.801   -54.767   -81.026  -101.658
CT2180:345           22.905   45.360   70.101   58.597   17.235    -8.063
   -48.476   -92.424   -61.056   56.197  152.437  185.410  203.108  206.344
  176.587  139.208  112.863   59.346   -35.609   -51.490   44.778  158.166
  171.445  127.810   56.168   18.880    -2.977   -23.899   -51.224   -81.378
CT2180:340           50.684   60.933   68.686   52.948   12.042    -8.745
   -20.284   -29.016   13.778  141.381  238.697  246.868  203.549  174.355
  137.206   91.892   57.214    0.099   -95.986  -116.073   -46.183   42.534
   62.494   55.470   31.217   12.292    -1.920   -16.038   -38.417   -66.002
CT2180:335           55.821   53.927   44.998   27.703    0.479    -3.968
   26.874   72.319  131.102  257.919  344.587  314.142  163.807   70.736
   46.475   40.606   17.734   -23.762   -65.680   -79.954   -80.012   -59.724
   -43.716   -18.840   12.848   19.873    5.054   -16.389   -39.411   -66.454
CT2180:330           55.847   40.736   25.510   14.926    -0.521    5.246
   44.416   93.508  151.803  286.577  362.166  312.480  138.094   44.669
   12.923    7.252   -11.470   -28.684   -51.306   -69.588   -89.511   -99.643
   -89.368   -48.740   11.862   26.955    2.358   -31.810   -55.224   -78.272
CT2180:325           43.508   31.594   19.993    9.963    -0.983    8.484
   54.022  114.104  160.208  241.238  290.233  225.566   53.890   -26.123
   -32.564   25.895   35.858    1.976   -47.586   -76.832  -112.190  -151.370
  -147.998   -91.222    -6.630   20.837    0.527   -34.482   -61.226   -84.625
CT2180:320           37.908   31.892   27.005   21.733    8.496   16.147
   54.884  102.958  129.389  143.639  127.987   82.016   -56.028  -142.893
   -92.351   26.093   50.028   16.461   -35.905   -67.177  -111.294  -160.176
  -161.590  -106.478   -23.385    0.489   -21.819   -54.157   -74.790   -94.087
CT2180:315           37.715   34.221   29.805   25.270   17.438   26.264
   64.881  113.293  133.016  149.781  159.136  117.121   44.992   14.135
    -2.780   15.313   22.242    5.545   -25.867   -49.665   -82.568  -119.714
  -124.632   -89.552   -33.495   -14.661   -30.525   -55.501   -72.338   -85.839
CT2180:310           35.633   36.548   36.968   35.085   29.578   38.381
   74.026  115.082  124.215  121.167  114.247   88.904   49.624   27.200
   10.735    -0.976    -3.455    -5.315   -11.146   -23.471   -42.453   -65.343
   -73.506   -61.805   -39.685   -33.560   -46.350   -62.632   -70.229   -74.772
CT2180:305           34.217   38.625   42.603   43.729   36.712   42.820
   79.564  124.112  118.855   61.287   14.411    1.053   -11.840   -25.986
   -19.037    -9.443    -4.093   10.602   34.640   30.557    8.713   -16.149
   -29.762   -38.851   -44.013   -45.681   -50.161   -55.353   -56.675   -54.968
CT2180:300           31.838   36.461   40.813   48.735   60.966   72.514
   88.600  103.354   90.313   37.363    -0.849   -15.690   -19.595   -17.634
    -9.481    -0.481    7.493   33.776   68.722   63.991   27.481   -17.870
   -36.430   -39.305   -38.540   -39.364   -39.676   -40.003   -43.518   -50.103
CT2180:295           29.070   34.482   40.658   50.585   63.996   74.069
   86.344   95.608   77.008   15.179   -27.532   -32.486   -12.089    8.786
   38.118   82.578  101.352   97.341   83.374   64.254   27.137   -19.762
   -40.747   -37.901   -26.950   -26.521   -29.603   -33.810   -37.357   -41.533
CT2180:290           27.458   36.026   43.987   53.731   63.304   68.635
   76.521   82.759   62.512    -7.203   -58.258   -46.318    -2.944   23.821
   84.347  167.889  192.124  158.701   95.215   61.722   26.223   -10.346
   -30.160   -34.082   -33.684   -34.882   -30.231   -25.457   -28.924   -37.160
CT2180:285           18.721   21.867   27.717   42.248   67.975   77.274
   63.505   44.423   27.112    5.053    -6.025    -2.368   19.960   47.465
  106.693  203.730  237.016  190.646  104.419   64.979   35.477    5.444
   -15.499   -22.707   -22.194   -23.196   -23.443   -23.019   -23.995   -27.008
CT2180:280           23.723   22.777   23.342   38.958   67.552   74.780
   41.702    0.140   -17.799   -17.968   -15.349   -17.324   -10.483   10.712
   60.300  138.077  174.564  162.837  134.198  111.623   67.197   13.630
   -12.935   -15.183    -7.496   -10.296   -16.094   -24.417   -32.058   -38.627
CT2180:275           26.994   22.997   17.760   32.973   68.849   79.730
   46.796    3.788   -13.613   -36.370   -55.314   -72.189   -69.210   -46.194
   -27.849    1.640   31.498  103.226  170.611  168.883  103.654   18.869
   -11.955    -3.721   14.624    8.907    -6.648   -24.661   -37.618   -48.363
CT2180:270           14.318   15.085   19.018   34.860   59.878   73.582
   79.636   91.038   80.581    9.432   -63.693   -85.695  -143.362  -176.272
  -111.117    4.416   57.527  106.736  179.165  190.384  133.723   58.325
   25.277   12.235    6.948    -2.887   -11.645   -20.757   -28.264   -34.042
CT2180:265           21.858   15.926   10.850   23.341   45.325   65.953
   86.054  102.992  145.253  313.209  423.789  321.657   97.565   17.329
    -2.532    2.270   19.322   65.155  114.559  128.729  119.304   95.499
   71.315   36.960    -0.771   -18.464   -22.311   -23.511   -24.023   -21.593
CT2180:260           21.872   14.142    8.078   16.450   26.374   46.704
   87.833  124.734  177.566  357.603  474.527  390.269  197.066  117.776
   63.990    -8.573   -18.877   38.627   99.247  115.931  114.756  101.729
   79.787   38.905    -8.424   -26.512   -20.692   -11.098    -8.247    -6.448
CT2180:255           23.123   16.317   11.326   21.253   37.920   62.649
  114.707  172.599  200.597  206.009  177.648  176.744  158.952  119.956
   80.308   32.620   26.190   52.500   97.667  112.889  106.121   92.783
   74.171   37.483    -6.493   -23.002   -17.115    -5.540    0.762    4.453
CT2180:250           34.048   24.350   14.022   26.155   49.819   72.884
  118.171  167.408  177.002  161.829  143.602  103.959   46.575   19.624
    4.527   10.402   26.045   44.509   79.248   88.770   77.483   65.194
   48.943   21.318    -8.414   -20.539   -15.245    -6.945    -3.396    -0.331
CT2180:245           20.185   13.593   12.420   27.366   53.021   74.963
  103.097  125.069  120.665  100.714   69.222    0.158  -135.471  -176.874
  -120.770   -35.587    6.345   41.644   61.173   58.601   41.484   27.494
   12.089    1.535    -6.004   -12.714   -10.078    -5.728    -5.743    -7.586
CT2180:240           20.651   16.253   13.895   30.629   60.511   75.938
   92.749  108.372   78.289    7.365   -45.921  -111.357  -227.468  -230.598
   -68.313  192.404  281.739  233.699  131.224   91.707   61.803   29.771
    4.012    -5.428    -8.250   -15.501   -17.257   -17.805   -20.217   -23.742
CT2180:235           26.321   21.170   18.657   34.108   63.582   73.372
   75.727   80.548   35.075   -75.965  -153.213  -187.614  -235.863  -204.875
   20.115  373.370  484.628  388.709  221.131  160.269  112.320   51.922
   16.294    1.008    -8.956   -19.350   -26.462   -32.703   -37.131   -40.381
CT2180:230           26.167   14.847   10.669   29.924   66.661   71.658
   25.355   -36.234   -89.277  -161.889  -228.148  -237.452  -209.771  -140.367
   54.141  368.601  481.833  438.909  358.000  299.616  183.116   64.409
   21.056    4.574   -15.553   -27.260   -33.066   -39.000   -44.184   -47.589
CT2180:225           33.028   20.320    9.003   30.548   81.429   90.807
   58.366    7.907   -57.326  -141.590  -189.898  -263.798  -350.992  -314.156
  -171.628   26.527   97.866   94.637   30.591    -1.376    5.587   13.190
    2.147    -8.824   -16.630   -22.851   -37.046   -51.471   -57.157   -58.648
CT2180:220           26.072   15.988   14.444   39.838   88.995  104.132
  114.563  116.759   22.056  -238.040  -396.621  -420.934  -435.688  -401.672
  -253.344   -59.226   -12.960   -88.170  -191.519  -220.210  -176.964  -112.726
   -90.233   -61.364   -30.415   -22.529   -33.566   -46.253   -53.592   -59.104
CT2180:215           36.540   26.138   20.406   40.785   79.976   93.691
  107.476  112.907   16.955  -283.375  -443.262  -357.972  -129.343   -31.108
   11.841   30.426    2.844  -124.368  -257.530  -293.252  -250.613  -174.724
  -139.435   -91.468   -35.840   -15.756   -24.923   -40.404   -52.154   -63.652
CT2180:210           41.035   29.789   19.080   27.217   47.817   48.278
   43.059   26.744   -27.463  -211.022  -288.586   -59.064  464.878  635.650
  455.323  143.524   25.059   -81.450  -183.753  -224.715  -220.190  -194.783
  -166.456   -97.734   -20.211    1.105   -15.286   -36.499   -52.534   -72.200
CT2180:205           36.324   31.637   31.334   43.548   66.100   65.140
   18.238   -36.777   -36.316   15.605   79.708  266.264  670.952  803.465
  577.957  189.243   45.418   -10.477   -52.317   -93.181  -133.597  -163.381
  -149.221   -88.422   -16.353    5.106   -12.545   -39.005   -60.386   -80.827
CT2180:200           39.279   35.107   31.761   40.618   60.340   57.616
   16.178   -28.833   -10.458   94.501  176.193  222.695  256.276  256.554
  220.575  109.861   44.279   13.542    -3.340   -31.993   -65.388   -97.345
   -93.877   -58.167   -15.039    -6.311   -31.970   -61.991   -79.051   -91.475
CT2180:195           47.729   37.591   28.033   33.873   53.267   50.599
   18.317   -15.622    -8.846   50.584   93.844   87.528   24.914    1.093
   29.346   38.015   17.516    3.459    -5.969   -26.004   -50.539   -76.153
   -72.890   -42.462   -10.682    -6.458   -32.241   -61.905   -80.776   -96.471
CT2180:190           58.115   46.190   37.072   41.406   52.190   45.784
   23.125    -3.357   -34.449   -95.102  -141.955  -148.691  -159.496  -156.333
   -89.564   -12.978    6.745    -6.198   -43.709   -58.750   -59.183   -56.300
   -49.660   -27.797    -3.021    -0.595   -23.193   -50.644   -70.970   -88.683
CT2180:185           74.597   56.355   36.619   40.193   62.243   54.760
   23.424    -8.786   -59.079  -145.708  -215.232  -245.236  -213.770  -177.151
  -127.227   19.314   82.734    5.638   -76.316   -86.761   -80.654   -73.072
   -64.994   -41.944   -18.276   -15.150   -35.435   -58.869   -75.288   -90.260
CT2180:180           50.539   42.631   37.613   42.667   57.615   46.613
    -3.425   -57.486  -106.758  -156.639  -214.262  -376.990  -593.220  -611.573
  -521.569  -265.531  -134.784   -79.599   -54.224   -50.705   -80.877   -95.886
   -87.518   -42.518   10.268   18.586    -7.284   -39.253   -64.183   -87.277
CT2180:175           41.123   41.262   43.604   48.103   57.833   43.813
   -10.303   -61.827   -93.432  -123.946  -189.609  -465.740 -1156.377 -1393.822
  -933.158  -307.714  -111.275   -54.283   -15.399   -11.571   -59.936   -83.929
   -88.528   -39.743   25.071   33.379    6.220   -28.628   -57.164   -85.489
CT2180:170           41.364   47.933   54.124   54.157   56.565   42.916
    -4.303   -44.849   -28.598   83.483  110.417   -32.093  -327.809  -389.089
  -241.848   64.028  188.243  166.397  106.155   89.373   37.606   -48.824
   -87.326   -50.229    4.163    9.539    -7.977   -31.872   -54.942   -80.672
CT2180:165           41.311   51.482   59.104   56.422   46.167   26.661
   -23.094   -70.520   -16.104  212.788  349.045  420.149  577.284  631.627
  474.013  244.853  261.826  524.373  758.618  723.987  412.244   25.656
   -85.913   -65.236   -23.301   -18.887   -30.410   -46.196   -59.488   -73.738
CT2180:160           30.769   45.390   58.639   56.388   50.130   27.060
   -44.320  -107.829   -81.571   13.594   74.096  198.699  388.906  440.061
  358.199  194.278  212.490  574.892 1058.561 1030.175  516.351   39.593
   -74.133   -56.723   -22.375   -22.720   -36.542   -53.609   -68.186   -84.730
CT2180:155           31.802   53.215   71.623   66.206   51.332   24.593
   -46.742  -111.406  -109.997   -79.854   -51.689   -10.913   -19.577   -36.338
   30.428   47.155   52.517   91.200  107.727   86.590   11.660   -93.004
  -120.986   -74.746   -12.412    -3.025   -23.490   -46.906   -65.334   -85.223
CT2180:150           45.190   59.506   68.586   59.509   40.647   11.086
   -51.412  -108.798  -121.341  -110.427  -100.303  -129.600  -190.096  -194.773
  -159.150   -81.121  -106.296  -409.411  -804.634  -819.320  -508.703  -228.011
  -157.596   -84.065    -6.454   10.220   -13.907   -44.150   -69.366   -94.184
CT2180:145           42.093   51.116   59.621   42.722   14.314   -13.169
   -53.542   -88.277   -99.639   -86.078   -76.053  -104.719  -148.502  -145.477
  -122.148   -71.215   -95.358  -220.240  -274.539  -293.513  -259.543  -119.044
   -62.340   -29.948    4.797   12.666   -15.751   -47.455   -72.618   -99.422
CT2180:140           45.467   47.200   42.710   23.138    -4.276   -31.680
   -67.890  -101.997  -110.204   -97.947   -88.391   -83.426   -97.717   -94.545
   -34.072   31.514   23.968   -28.296   -80.233   -96.679   -86.190   -63.225
   -34.191    -6.581   13.630   13.410   -14.151   -47.772   -77.187  -106.250
CT2180:135           33.535   31.305   28.555   10.395   -13.266   -38.767
   -77.192  -110.283  -117.067  -108.609   -91.766   -35.835   74.327  120.360
  109.249  103.628   92.803   47.788    -7.428   -24.283   -26.300   -38.495
   -30.040    -5.210   14.761    8.330   -23.937   -58.798   -86.477  -113.007
CT2180:130           24.244   26.129   28.658   14.847    -2.792   -26.692
   -76.763  -120.590  -125.262  -111.711   -91.157   -33.722   57.502   91.726
   86.252   49.695   37.595   36.850   19.533    8.215    4.071    -3.284
    -2.107    7.016   14.943    4.074   -27.902   -62.605   -93.243  -124.582
CT2180:125           39.256   31.547   21.662    9.492    -3.427   -27.310
   -78.780  -122.013  -120.358   -90.674   -62.767   -27.960   11.932   30.953
   32.994   20.883   16.277   21.944   26.659   21.835   18.865   14.812
   12.211   12.199    9.615    -5.341   -37.062   -71.001   -99.642  -126.108
CT2180:120           46.760   32.082   17.291    5.245    -1.396   -19.583
   -68.531  -109.334   -92.255   -23.085   16.264   26.835   18.865   21.237
   31.468   43.204   41.992   28.962   15.823   11.374   14.570   16.176
   13.061   11.242    8.036    -8.504   -41.581   -75.368  -104.239  -131.920
CT2180:115           43.667   35.132   26.738   11.871    -4.561   -22.196
   -59.178   -86.362   -59.794   34.347   87.644   79.677   42.942   36.820
   45.579   62.814   61.470   36.928   13.159    6.625    7.471    6.523
    2.136    -0.064    -2.825   -18.602   -49.037   -78.974  -103.387  -125.473
CT2180:110           50.230   43.927   35.572   20.133    -0.273   -15.721
   -30.536   -39.424   -13.923   56.814   91.801   85.375   49.994   38.059
   38.874   41.544   40.812   39.712   33.176   25.364   10.942    -1.793
    -6.510    -2.083    3.287    -8.058   -33.614   -60.648   -85.213  -109.392
CT2180:105           65.714   59.100   50.769   33.962   10.377    -3.474
   -10.964   -11.167    7.596   59.651   84.898   66.050   14.726    -3.798
   11.650   31.150   34.798   35.082   37.199   30.732    6.830   -15.036
   -18.161    -5.174    5.659    -4.107   -30.635   -58.189   -82.690  -107.933
CT2180:100           60.369   61.063   56.391   38.850   11.666    -1.607
    -5.878    -3.636   10.904   41.707   49.144   38.445   12.574    -4.034
    -4.078    -9.693    -4.406    9.235   19.022   18.300    3.665   -11.715
   -12.938    1.345   15.640    7.144   -19.121   -48.561   -77.652  -108.368
CT2180:095           43.593   53.518   59.661   39.328    3.707   -10.491
    -1.872   14.088   22.522   35.899   22.760    -7.622   -32.678   -39.583
   -55.617   -54.542   -33.621    -8.453    2.502    7.505    8.087    7.028
    8.682   20.926   33.874   21.968   -11.468   -49.264   -85.022  -119.744
CT2180:090           40.442   59.414   76.021   50.966    -0.549   -13.749
    5.054   27.206   30.949   46.118   26.167  -100.642  -264.821  -293.722
  -232.940   -70.594   -11.655    4.167   19.229   25.826   12.435    3.190
    7.177   24.518   36.542   20.982   -23.205   -68.608  -103.048  -134.403
CT2180:085           42.284   58.729   66.151   38.804    -5.203   -11.412
   31.324   73.583   70.437   45.659    7.030  -174.709  -572.969  -688.543
  -402.610   -92.436   -25.191   -23.764   -23.877   -13.825    -7.010    -1.467
    4.009   14.710   23.864    9.507   -28.765   -70.516  -104.537  -134.697
CT2180:080           20.839   48.920   74.024   56.957   10.199    9.637
   71.561  124.619  117.444   54.742   13.038   82.692  284.283  321.317
  121.253   -54.344   -80.518   -66.992   -53.682   -41.740   -18.829    3.549
   11.734   17.192   21.462    7.531   -25.447   -58.976   -89.783  -121.257
CT2180:075           47.970   60.507   65.249   47.943   14.909   18.697
   81.695  138.921  139.168  100.714   86.510  201.847  476.773  535.312
  296.860   -11.580   -84.882   -77.409   -61.470   -48.166   -19.086    6.390
   16.347   17.390   14.476    0.637   -27.639   -57.164   -86.033  -116.680
CT2180:070           56.505   61.981   60.302   40.288   10.799   15.181
   74.191  125.171  109.986   40.481    4.844   37.364   81.331   72.314
   39.035   -60.834   -95.657   -79.552   -55.232   -39.910    -9.939   17.144
   26.988   27.739   25.474   11.135   -19.434   -53.782   -86.974  -121.082
CT2180:065           58.818   58.573   57.443   42.013   10.904   11.182
   61.232   95.131   58.601   -42.051   -93.615  -130.701  -166.599  -171.438
  -134.884   -91.067   -81.882   -62.047   -33.288   -21.404   -12.286    0.036
   11.297   25.073   32.372   17.986   -17.866   -55.828   -90.647  -126.847
CT2180:060           42.317   37.867   32.768   26.992   24.983   33.586
   72.867   99.278   39.363  -119.931  -206.410  -242.366  -252.956  -238.040
  -165.851   -64.678   -37.857   -50.284   -63.741   -55.592   -35.826   -17.145
    -6.526    8.333   20.924   10.161   -22.373   -57.553   -87.315  -115.110
CT2180:055           30.171   24.896   20.822   20.375   22.253   34.162
   89.297  126.375   61.015  -129.386  -232.490  -223.601  -177.861  -154.246
   -93.347   -23.794    -5.842   -27.147   -47.567   -46.955   -37.249   -24.523
   -17.076    -5.339    5.333    -3.526   -32.659   -61.286   -83.118  -102.253
CT2180:050           30.015   26.414   23.859   20.621   16.845   29.668
   90.636  131.879   86.862   -29.347   -94.887   -89.071   -30.490    -2.278
    -3.726    -7.346    -2.396    -8.163   -15.639   -18.456   -21.549   -20.516
   -15.414    -6.159    1.311    -5.527   -26.245   -47.417   -66.729   -86.303
CT2180:045           37.900   30.667   23.969   22.951   26.047   39.639
   94.419  125.476   87.005    -6.911   -62.396   -44.862    6.872   34.998
   25.643    8.287    8.183    2.602    -8.497   -11.995    -9.897    -9.653
    -7.003    -0.972    2.325    -2.989   -18.642   -36.607   -55.002   -74.844
CT2180:040           49.359   36.897   25.472   30.546   44.452   48.337
   84.222   99.348   32.774   -76.469   -86.662  -117.373   -76.345   -31.803
    -3.759   25.960   28.727   17.297   11.839    3.240    -6.893    -8.940
    -7.597    4.334   17.351   12.208   -10.172   -32.224   -50.286   -68.717
CT2180:035           44.544   40.978   41.248   52.623   72.589   71.397
   51.413   17.555   -93.184  -427.231  -586.841  -369.907   -87.775    -5.964
   58.207   48.423   34.130   16.190    0.106   -13.258   -35.022   -54.587
   -50.498   -16.482   15.353   13.738   -11.543   -39.500   -62.463   -83.423
CT2180:030           45.860   46.852   47.632   54.176   68.405   58.574
   26.470   -18.575   -88.737  -170.564  -160.438   -32.773  327.155  454.455
  261.570   63.742   31.766   37.859   39.848   20.017   -29.346   -69.733
   -69.208   -27.515   10.024    6.614   -22.491   -52.170   -77.584  -102.938
CT2180:025           59.173   47.711   36.364   41.008   57.069   47.015
   13.249   -35.499   -99.384  -194.642  -216.179  -108.213   98.676  181.157
  147.949   64.246   49.595   59.410   65.638   45.293    -9.704   -55.995
   -57.799   -19.726   13.322   11.008   -12.007   -37.578   -63.255   -91.805
CT2180:020           54.429   47.642   43.273   47.431   59.315   49.558
   24.445   -13.525  -102.832  -291.791  -365.051  -272.954   -99.211   -10.283
   46.008   83.702   92.055   86.443   81.129   67.056   39.577   15.268
    7.798   19.197   32.395   24.079    -3.273   -33.029   -60.148   -88.233
CT2180:015           59.356   53.593   47.218   54.651   70.379   60.819
   35.699    -1.933   -89.356  -294.303  -370.627  -236.996    6.492  101.370
  106.237   93.862   93.263   79.695   66.029   56.409   45.807   35.018
   30.323   40.787   48.560   35.309    3.699   -29.064   -56.171   -81.699
CT2180:010           50.595   52.464   55.253   66.297   85.312   74.649
   36.185   -10.350   -77.943  -232.131  -287.513  -155.249   66.586  143.661
  127.153   81.953   75.329   70.751   69.021   60.055   43.414   34.233
   28.843   37.541   45.212   32.019    0.959   -31.832   -61.777   -91.583
CT2180:005           53.421   46.858   43.169   60.001   83.733   74.543
   26.337   -17.419   -31.563   -32.110   -13.778   42.127  132.663  167.495
  130.433   75.883   70.731   67.237   69.290   64.615   42.686   27.761
   15.364   27.874   43.310   28.184    0.490   -28.293   -55.478   -82.892
CT2181:360           57.922   39.772   23.247   31.488   58.677   50.349
   -13.142   -68.213   -40.550   63.456  113.764  126.876  117.238  121.258
  101.020   72.706   92.740  152.837  181.012  187.269  144.049   85.660
   55.975   47.201   42.000   18.808    -3.455   -25.686   -51.066   -77.422
