
filled_synop: 30 data points in equal steps of sine latitude from +14.5/15 to  -14.5/15

CT2117:360           -11.864    8.764   29.486   61.514  132.020  215.097
  178.945   -63.166  -297.848  -350.928  -215.205   -75.877   -88.176   -58.959
    -1.258    -7.218    -5.411   10.849   -22.671   -33.312   -64.084  -126.776
  -162.229  -188.018  -176.005  -152.612   -97.204   -16.753   60.575  132.286
CT2117:355            0.375   25.470   49.223   68.873   97.289  156.860
  126.691  -121.943  -406.240  -448.009  -461.954  -540.698  -367.419   -90.807
    -9.146   -14.259   -27.826   21.297   50.254   31.102   35.460   28.795
   -19.152   -86.273  -123.475  -131.658   -84.076    -9.533   53.513  117.998
CT2117:350            -9.062    3.210   15.616   26.344   25.438    6.269
   -19.509   24.491  107.673   67.337   -41.197   -32.128   -26.579    -8.452
   14.176    -7.702   -64.672   55.284  508.284  893.400  821.612  357.479
   22.917   -76.992  -105.765  -124.136   -83.733   -15.117   45.773  105.696
CT2117:345           -24.388   -16.158    -1.116    9.773    -9.667   -35.260
   -48.100   -14.245    4.586   48.843  182.159  266.585  234.818  153.240
  145.936   70.631    -7.332  178.513  991.411 1707.808 1573.961  733.791
  120.420   -34.431   -64.901   -95.807   -58.102    -1.390   41.818   89.210
CT2117:340           -28.897    -5.054   27.402   43.776   11.971   -46.139
   -91.631  -164.835  -224.582  -150.921   57.506  154.386  175.719  100.503
   57.758   26.827   -27.895  140.828  820.888 1348.368 1267.862  603.739
   80.627   -17.381   -19.983   -43.141   -21.108   11.370   39.085   71.595
CT2117:335           -24.106    1.298   33.705   49.149    9.738   -54.236
  -114.966  -278.417  -415.905  -327.041    7.954  220.441  215.940  106.317
   53.032    1.269   -41.470    -4.077   96.639  202.252  141.868   -19.666
   -98.295  -122.461   -67.682   -17.946    8.957   21.841   40.446   57.085
CT2117:330           -18.438    -2.454   26.122   44.210    8.802   -46.531
  -104.863  -266.278  -431.787  -335.748   83.842  325.647  299.786  112.533
   28.510    -7.469   -34.238  -129.879  -552.193  -971.640 -1023.491  -867.508
  -749.032  -608.181  -252.387   -33.965   20.360   26.460   37.921   43.133
CT2117:325            0.125   15.306   28.527   28.041   -12.593   -78.465
  -128.977  -162.132  -173.554  -149.313    3.003  132.451   97.456   -21.490
   -50.497   -34.749    -3.776   -69.428  -346.640  -586.602  -695.760  -812.949
  -795.575  -633.797  -238.418   -11.350    9.640    -6.011    9.193   18.948
CT2117:320            0.233    4.705   10.285   17.014   -21.847   -99.766
  -142.898  -162.271  -181.750  -239.611  -425.120  -526.970  -475.230  -275.847
  -158.322   -82.208   15.742    6.691   -97.233  -205.294  -298.862  -455.903
  -518.446  -417.497  -175.952   -14.914   18.592    9.719    8.883    7.602
CT2117:315            -4.246    5.129   16.327   19.069    -1.125   -23.647
   -47.272   -89.296  -130.417  -255.856  -642.769  -873.699  -774.474  -370.061
  -173.719  -101.378   -14.805    6.061   -15.573   -72.524  -109.171  -113.467
  -118.168   -90.496   -48.648   -12.325   -10.600   -18.648   -11.968    -8.764
CT2117:310            -3.781    -4.310    3.357   14.151   10.299    -5.495
    6.337   27.817   21.502   -10.855  -120.159  -214.932  -227.798  -179.570
  -114.822   -65.717   -13.434    5.342   -12.239   -50.011   -59.536   -39.756
   -36.841   -22.084   -18.821    -8.115    -2.278    -9.286   -13.025   -16.474
CT2117:305           28.598   13.805    -1.119   -15.163   -17.824   -24.476
    -5.716  153.184  389.594  429.108  455.891  457.431  353.685   71.825
   -51.840   -27.020   18.369   29.121   19.837    4.744    -0.844    0.301
    -1.566    5.560    9.891    8.254    5.812    0.031    -8.210   -17.797
CT2117:300           46.921   31.982    8.586   -20.620   -29.892   -24.866
   26.315  241.537  511.685  538.535  376.862  190.922  129.947   48.472
   -17.263    -2.828   33.534   40.947   20.459   -15.048   -17.839    3.608
   15.488   13.679    4.702    0.032    0.559    0.585   -11.130   -34.379
CT2117:295            -4.923   -11.159   -12.768   -11.270   -12.501   -36.565
   -18.784  158.172  411.915  414.622  129.506  -138.156  -168.550   -84.598
   -21.810   14.779   43.538   66.751   50.408   30.825   29.118   31.892
   45.140   31.504   13.973    3.144    -0.605    -0.714    0.285    3.582
CT2117:290           -15.052    -7.559    -1.764    -3.348   -15.833   -32.566
   -19.038   42.649  123.303   71.979  -235.044  -502.200  -466.230  -172.502
    -6.991   27.063   34.035   70.940  105.990  148.750  165.866  147.496
  104.347   72.462   43.658    8.629    -2.363    -4.108    -2.981    5.669
CT2117:285           -26.054   -17.441    -2.993    9.522    9.819    -3.545
    -0.005   -21.354   -35.498   -61.038  -177.131  -234.383  -205.078   -36.831
   53.574   57.637   34.001   86.929  293.286  460.590  480.348  442.251
  282.508  192.589   83.918    3.953    0.200    7.996   12.146   22.145
CT2117:280           -25.227   -21.953   -14.280    -7.034    -2.223    3.322
   18.753    2.600    -9.547   25.043  112.563   87.315  113.846  136.410
   90.042   73.062   30.825   75.197  415.871 1003.855  987.785  459.707
  124.470   26.685    -3.687    -7.725    2.674   19.265   37.470   54.704
CT2117:275           -10.101   -13.012   -16.787   -12.675    2.770   15.906
   63.489  136.685  159.460  215.583  617.406  922.387  769.653  277.119
   72.769   58.648   30.504   53.404   90.542   -66.163  -142.942  -273.094
  -522.979  -517.458  -255.183   -48.559   16.353   44.863   69.013   84.916
CT2117:270            2.790    4.125   -10.354   -21.972    9.694   49.704
  110.429  358.559  719.980  738.902  552.872  399.459  255.286   -25.106
  -106.134   -29.142  140.286  209.628  279.196  346.755  250.298  -198.749
  -542.362  -509.640  -198.456    8.657   44.142   59.629   82.448   91.845
CT2117:265            -5.751    -6.424   -12.108    -4.893   43.170  122.009
  198.538  386.149  598.745  480.639  -205.951  -825.212  -894.896  -749.158
  -662.139  -326.387  278.565  460.715  276.586  150.159   71.976   -68.330
   -65.775   -58.603   -33.261   25.024   62.359   68.792   67.818   68.903
CT2117:260           -15.579    -3.752    4.193   17.359   76.093  187.071
  248.327  251.204  207.824   -28.796  -848.400 -1498.807 -1494.565  -944.819
  -574.884  -371.812  -103.643   -52.248  -352.744  -939.998  -969.910  -446.212
   -47.308   39.985   48.019   49.111   48.164   35.222   36.623   45.499
CT2117:255           -24.657    -6.481    6.207   25.108   88.643  205.061
  239.006  121.898   -62.753  -246.290  -699.171 -1150.265 -1055.934  -432.248
  -127.610   -93.046   -59.524   -72.094  -250.521  -411.613  -406.804  -219.712
   30.200  100.326   62.053   33.664   30.992   27.984   30.875   38.198
CT2117:250           -45.143   -25.643    -2.410   25.368   78.173  158.689
  194.252  166.808   77.583  136.858  645.698 1122.254 1037.658  516.137
  232.832  169.186   87.407   26.851   -35.946  -109.268  -109.269    -8.281
   85.128  107.955   58.354   19.480   18.504   28.890   36.700   43.256
CT2117:245           -53.336   -33.310    -0.639   39.038   71.223   91.391
  121.594  268.441  488.094  615.545 1020.393 1471.842 1358.351  631.805
  232.459  177.124  124.339   74.266   27.959   -30.518   -37.984   14.276
   59.523   65.906   33.769    7.218   10.037   29.062   41.622   49.858
CT2117:240           -23.795    2.683   26.000   43.313   43.333   29.359
    0.599   28.398  140.152  132.740  -157.143  -398.280  -347.044   -55.757
   96.728   92.595   55.846   32.339   13.508    -2.451    -4.585    8.549
   28.168   30.303   11.055    -1.884    2.705   17.469   34.140   49.673
CT2117:235            -0.491   21.483   30.073   35.962   32.522   54.321
   27.618  -248.484  -679.938  -819.843 -1110.289 -1528.779 -1328.271  -422.340
   30.335   39.150    -0.624    -8.668    -9.970   -27.357   -28.201    -1.700
   20.218   22.165   10.893    5.453   11.353   22.194   33.787   48.166
CT2117:230            -9.708   12.604   34.043   51.927   55.727   72.188
   26.352  -303.452  -835.032  -944.508  -501.544  118.218  136.649   -51.714
   -50.359   -18.096   13.149   33.450   24.603   25.065   28.262   21.927
   17.075   20.148   31.842   40.874   43.924   45.820   47.365   50.542
CT2117:225           -32.278   -12.597   15.294   46.997   65.474   74.292
   55.449   -14.344   -60.780   -23.345  232.132  540.198  511.940  152.660
   -51.850   -55.410   -32.985   -21.171   10.525   50.362   58.638   41.505
   24.327   24.100   37.900   47.909   51.990   52.832   49.087   44.832
CT2117:220           -35.088    -8.050   20.862   44.557   61.308   64.964
   94.275  270.118  577.810  680.699  566.837  344.535  259.489   87.209
   -72.648   -90.660   -49.094   -24.683    9.246   49.679   58.186   36.170
    9.609    3.589   16.957   28.236   31.236   33.981   36.579   38.328
CT2117:215           -28.399    -3.259   22.309   38.953   39.219   20.616
   42.528  244.264  594.434  666.635  451.588  140.097   27.003   -34.515
   -86.966   -87.806   -32.205    4.074   37.201   80.958   88.219   37.882
   -17.369   -28.512    -9.618   10.104   17.715   22.753   27.377   34.434
CT2117:210           -27.828    -7.416   14.715   34.605   31.632    -7.624
   -15.918   66.992  268.256  325.441  181.246   -67.430  -140.995  -104.680
   -58.495   -41.683   -16.442   10.750   48.997  101.681  115.884   59.914
   -10.221   -27.512   -13.368    0.624    4.996   12.245   20.074   29.705
CT2117:205           -23.814    -4.422   15.055   37.921   32.196   -12.032
   -43.311   -65.911   -35.086    -6.543   -79.743  -125.920  -124.815   -97.065
   -63.530   -39.743   -21.221    3.729   46.188  107.385  126.947   96.841
   42.204   18.028    6.594    2.007    4.228   12.967   20.889   28.834
CT2117:200           -30.550    -9.397   10.959   36.547   35.936    1.163
   -45.827  -298.216  -852.749 -1041.800  -781.202  -272.575  -119.872   -90.421
   -71.711   -45.703   -24.638    4.233   51.336  123.737  150.405  123.661
   70.730   43.632   22.841    4.116    5.207   19.119   27.025   33.276
CT2117:195           -36.127   -17.827    3.441   30.098   38.503   26.613
   23.288  -112.068  -485.638  -631.115  -517.730  -200.185   -99.487   -95.904
   -87.047   -57.547   -17.352   18.195   53.489  105.272  128.197  112.532
   79.826   61.057   32.702    5.412    6.219   21.225   30.801   35.817
CT2117:190           -41.888   -21.349    1.530   24.205   47.844   70.467
   87.159  159.229  268.419  208.504   41.541  -162.096  -216.986  -132.864
   -61.803   -35.718    -5.996   20.315   43.685   75.546   91.245   83.241
   63.412   47.949   25.934    5.719    6.520   19.658   31.374   44.051
CT2117:185           -48.757   -20.021    5.433   27.298   78.173  158.274
  244.184  519.485 1130.749 1301.765  811.639   72.797  -110.379   -64.467
   -12.396    -0.388    -2.711    1.384    8.754   20.051   31.411   34.505
   40.952   37.736   19.468    4.248    5.832   18.531   32.453   46.962
CT2117:180           -34.042   -13.317    6.000   24.142   72.630  148.582
  223.824  321.446  481.138  501.016  275.419    -3.762   -96.748   -63.024
    -2.871   11.985    -6.836   -17.113   -14.544   -17.651   -11.377    3.082
   27.865   31.379   24.826   19.808   22.901   34.961   43.371   49.096
CT2117:175           -17.287    -8.375    -1.879    4.253   25.853   65.272
  111.370   60.698  -224.143  -398.193  -272.086  -277.169  -304.617  -137.909
   -15.315   14.970   19.261   29.247   29.001    8.567    9.493   23.933
   50.012   48.516   35.503   27.933   25.874   33.832   41.812   47.063
CT2117:170            -8.080    -8.539   -13.616   -17.485   -10.400    -0.727
   11.412  113.698  487.853  607.405  242.049   -31.402   -73.510   -78.574
   -34.049   10.115   48.233   80.475  107.461  120.023  124.069  111.683
   75.001   56.609   36.512   16.923   11.888   17.118   23.114   31.004
CT2117:165            -5.092    -7.030   -11.230   -12.623    -7.801    -4.069
    1.811   58.224  215.847  247.033   52.603  -185.775  -218.894  -149.518
   -58.983    -3.434   46.069   94.744  158.662  257.997  287.823  235.881
  146.946  108.046   74.153   42.413   30.991   33.064   32.498   33.626
CT2117:160            -5.402    -7.356    -8.105    -6.789   -11.740   -10.196
   -19.967  -104.773  -294.093  -403.042  -428.144  -496.535  -480.605  -268.833
   -87.631   -29.062   -11.111   25.142  122.083  301.508  360.798  300.561
  193.346  152.492  108.311   59.867   43.620   46.119   46.384   46.665
CT2117:155            -9.425    -8.092    -5.324    -1.192   -14.176   -26.466
   -47.010  -159.098  -373.007  -453.940  -489.360  -483.724  -445.257  -262.814
   -91.384   -51.134   -71.383   -57.267   20.990  166.967  223.665  213.981
  186.587  164.927  112.426   59.695   49.857   59.016   60.929   63.736
CT2117:150           -11.202    -0.742   12.333   21.311    0.501   -51.812
   -91.621  -151.867  -237.373  -268.558  -258.314  -204.996  -179.563  -132.547
   -86.281   -66.321   -85.577   -89.132   -81.473   -83.148   -64.442    4.362
   84.964   95.914   67.996   34.307   30.522   44.648   57.531   67.034
CT2117:145           -10.562    -3.287    6.432   12.886   -13.335   -88.687
  -124.368   -98.823   -29.641    -4.179    9.052   15.192    2.873    -4.082
   -24.324   -17.245   -23.988   -24.447   -67.002  -169.214  -188.888  -119.276
    -4.912   24.605   16.772   10.176   22.424   42.403   60.777   73.070
CT2117:140            -9.407    -6.158    0.076    6.994    -8.380   -90.658
  -118.051   -16.785  201.057  266.015  242.409  179.132  125.603   43.694
    0.509   11.598   33.087   56.332   11.487  -108.106  -145.991  -125.266
   -57.021   -36.744   -10.892   16.367   32.655   48.550   63.691   75.752
CT2117:135           -25.503   -17.721    -8.663    -1.946    1.600   -16.283
    -1.031  133.367  472.729  617.729  321.083  -149.741  -319.200  -368.887
  -377.672  -280.063  112.617  331.031  350.957  191.647   85.582   11.205
   -71.200   -93.884   -44.171   16.596   38.731   45.583   49.273   52.778
CT2117:130           -47.019   -32.222   -18.589    -8.000   23.315   82.199
  147.973  167.639   -13.346  -124.344  171.677  451.412  362.249  -210.991
  -761.257  -582.402  427.663 1032.657  917.151  566.411  415.299  197.444
   -67.878  -131.130   -61.827    8.300   26.880   33.198   39.944   46.008
CT2117:125           -51.638   -36.562   -22.883    -8.017   29.793   88.134
  138.735  235.138  424.309  539.447  779.775 1292.963 1281.696  455.935
  -164.100  -144.056  316.685  607.876  561.098  346.580  248.257   76.597
   -85.093  -127.537   -84.804   -26.308    -0.454   16.472   31.107   44.065
CT2117:120           -53.424   -39.770   -27.805   -12.095   33.405  117.245
  161.118  235.328  423.897  557.751  622.669  666.485  623.085  399.372
  123.663   38.620   -70.391  -151.706  -125.990  -333.770  -491.751  -276.317
  -108.789  -106.904   -87.442   -46.303   -26.000    -4.440   20.726   44.993
CT2117:115           -48.870   -37.670   -26.333   -18.916   16.747  150.134
  215.010  144.178  -111.650  -199.299  -114.929   -56.085   -43.624   18.210
    6.764   -60.194  -216.349  -309.481  -100.459  519.770  719.370  491.986
   59.409   -33.853   -28.139   -31.137   -23.773    -0.617   20.480   42.300
CT2117:110           -43.331   -34.923   -23.654    -5.208   14.266   78.991
   98.417  -110.468  -644.700  -803.014  -592.873  -207.765   -91.640   -42.707
   -28.665   -75.790  -127.082  -164.867   -60.728  578.698  912.074  526.937
  114.503   78.355   59.658    8.046    1.894   12.183   23.777   37.069
CT2117:105           -48.428   -34.340   -14.778   12.536   -33.207  -180.147
  -303.617  -412.474  -616.883  -662.017  -318.937  247.747  390.475  207.038
    8.066   -70.924   -95.095  -173.934  -646.399 -2081.158 -2667.117 -1641.664
  -238.713  106.872   73.691   18.473   30.087   30.387   36.916   45.332
CT2117:100           -47.454   -21.514   10.113   40.686   -25.823  -279.254
  -464.765  -447.974  -215.912   -15.508  151.232  476.408  570.591  309.885
   30.201   -61.465   -52.452  -118.265  -599.163 -1643.092 -1933.639 -1404.833
  -306.568   91.738   87.021   33.190   38.362   30.632   34.682   40.758
CT2117:095           -58.723   -30.820    3.856   38.515    -9.531  -200.908
  -331.930  -293.148   -87.199   61.725  134.655  188.375  194.441  137.870
   12.789   -49.048   -31.559   -90.104  -345.639  -822.327  -962.853  -736.899
  -213.825    6.193   41.192   25.428   32.247   30.701   37.909   45.840
CT2117:090           -69.520   -46.293   -15.924   16.284   21.545    6.537
   10.683   12.791  -132.580  -269.479   -86.115   90.638   96.174   60.222
   36.242   15.240   15.583   -21.505   -95.816  -205.337  -264.734  -210.215
  -103.035   -31.797    -8.793   -16.095    5.718   24.690   42.475   56.598
CT2117:085           -59.610   -40.146   -20.868    -7.913   12.474   66.958
  107.004  204.430  482.058  611.187  421.099   78.503   -14.319   -11.477
   11.422   35.324   85.893   94.763   85.771   87.236   61.569    7.981
   -64.840   -63.969   -32.357    -5.818   15.981   30.824   43.922   54.855
CT2117:080           -50.221   -41.908   -31.418   -19.144   16.294   98.336
  147.743  225.388  498.687  601.184  364.655  -100.680  -226.495  -162.428
   -83.069    -4.905  153.016  265.777  258.381  197.451  156.104   51.798
   -89.616  -122.091   -79.729   -16.647   16.841   31.592   41.390   50.673
CT2117:075           -41.944   -39.949   -35.200   -28.274    -5.614   81.488
  135.795   68.772   -93.397  -222.727  -327.036  -437.080  -433.487  -349.121
  -221.318   -97.078  122.053  282.456  270.006   29.323  -148.151  -138.454
  -201.784  -238.277  -138.606    -3.700   27.483   20.962   24.320   37.776
CT2117:070           -34.666   -35.902   -41.610   -39.305   -16.598   57.623
   89.412  -125.478  -699.926 -1016.099 -1035.871  -886.934  -789.396  -550.381
  -235.570   -78.353   47.935  151.111  208.750  267.709  269.205  118.609
  -140.481  -213.737  -135.153    -9.749   31.512   32.881   33.307   38.892
CT2117:065           -30.168   -37.191   -49.119   -46.707   -26.747   39.613
   59.568  -177.339  -834.564 -1219.859 -1260.020 -1090.014  -977.495  -687.661
  -266.748   -98.986   -34.947   33.495  108.241  278.878  368.697  223.973
   -39.309  -113.329   -60.815   19.938   41.241   42.759   38.002   35.879
CT2117:060           -34.007   -36.545   -39.260   -44.835   -21.032  110.571
  212.362   57.028  -484.146  -838.672  -937.962  -997.232  -968.419  -702.475
  -284.856  -147.080  -135.305  -130.752   -74.259   16.858   40.809   57.191
   36.854   19.706    4.729   -11.504    -4.636   12.793   26.350   36.742
CT2117:055           -29.935   -34.027   -38.978   -39.998    8.596  162.269
  283.522  334.879  489.776  560.197  256.835  -424.703  -662.817  -394.496
   -95.654   -46.993  -120.181  -181.980  -168.998  -138.951  -114.101   -62.144
   40.808   70.653   38.811   -11.031   -15.369    1.353   23.144   45.025
CT2117:050           -34.010   -26.840   -22.242   -26.522    -6.832   21.962
   41.965  231.092  821.076 1127.506 1009.591  741.992  648.021  346.239
   68.709    -4.368   -26.735   -23.474   -71.115  -175.645  -193.594  -140.479
    -7.775   43.372   21.399   -16.689   -12.849   10.266   31.648   49.335
CT2117:045           -45.063   -28.305    -7.922    9.612   13.257   -52.694
   -87.190   59.466  398.840  562.840  639.946  553.507  411.332  298.433
   37.410   -66.127   -58.980   -78.444  -112.337  -193.793  -230.480  -170.674
   -46.352    5.852    4.564    -9.104    -4.224   14.359   34.023   50.949
CT2117:040           -48.440   -22.798    8.163   31.011    -8.347  -140.857
  -219.113  -142.135   78.175  251.630  401.606  670.102  743.863  445.387
   96.071   -11.899   -25.482   -28.345   -52.420  -101.517  -123.608   -90.227
   -22.754    1.080    -1.352    -9.164    -2.716   19.817   44.643   65.481
CT2117:035           -42.853   -24.184    -1.331   39.985    -6.437  -265.355
  -453.951  -400.005  -140.876   72.752  226.809  450.577  494.213  338.068
   83.233    -3.576    -5.823    6.377   11.271   53.421   86.611   76.074
   52.799   46.239   25.893    3.594    7.913   39.670   64.594   82.782
CT2117:030           -36.801   -15.468    5.467   19.758   -63.522  -404.372
  -697.674  -628.396  -203.722   57.715  110.849   86.151   57.380   52.653
   15.288   -12.873    -8.205    -1.470   29.108  120.026  171.511  155.130
   94.821   65.206   31.597    -9.710   -17.408    6.085   33.465   57.597
CT2117:025           -50.118   -41.727   -28.334    -1.105    -0.642   -71.243
  -107.368   -75.536   47.672  136.286  101.464    -1.490   -27.633   -21.306
   18.735   30.157   15.170    4.450   38.673  111.495  154.493  173.420
  169.976  144.621   81.912    1.136   -25.260    -5.623   15.668   38.809
CT2117:020           -56.946   -47.616   -35.038   -27.851   24.477  221.785
  402.778  398.626  213.237   56.727   -28.707  -147.907  -194.796  -132.413
    -9.785   32.470   19.969   13.230   55.180  152.004  221.349  256.456
  293.342  275.601  166.819   14.018   -30.438   -10.032   10.324   31.077
CT2117:015           -56.668   -46.866   -43.424   -49.397   13.143  250.678
  478.421  465.355  242.246   42.589   -78.234  -234.442  -304.964  -218.070
   -69.458    -8.403    -8.866   -18.004   24.489  148.327  244.404  251.895
  239.428  205.121  116.258    -7.339   -36.542   -11.798   12.500   35.966
CT2117:010           -58.992   -42.109   -27.721   -18.539   45.671  229.946
  401.893  380.041  188.656   12.965  -109.851  -243.354  -274.059  -226.962
   -92.267   -15.026    -3.890   -11.575   12.508   47.594   68.430   38.822
    -2.528   -26.508   -42.673   -38.512   -31.656    -8.118   17.887   43.868
CT2117:005           -64.840   -45.992   -27.438    -5.330   51.539  196.440
  326.700  282.418   61.867  -102.244  -234.531  -435.053  -480.939  -362.292
   -98.213   14.629   70.690  120.246  136.090   60.970    8.259   -81.883
  -218.006  -271.578  -226.715   -95.329   -31.827    2.904   31.619   59.644
CT2118:360           -69.956   -39.387   -14.102    5.522   34.037  119.035
  205.901  148.092  -118.862  -300.642  -338.647  -429.961  -534.263  -303.380
   -66.658    9.356  145.704  318.280  356.555  235.308   65.375    3.452
  -227.917  -361.758  -274.151   -69.459    -6.825   21.235   48.506   76.080
