
filled_synop: 30 data points in equal steps of sine latitude from +14.5/15 to  -14.5/15

CT2079:360           -34.020   -28.659   -22.891   -17.040   -10.863    -1.440
   19.394   37.926   37.740   22.595   15.954    1.760   -21.399   -27.997
   -23.470    -8.143    -2.901    -2.029   -10.125   -14.374   -33.322   -46.568
   -28.762    7.700   19.218   13.928   10.652   30.886   58.942   86.790
CT2079:355           -41.176   -36.254   -31.853   -28.733   -23.975   -14.975
    2.057   13.429   10.786    -4.508   -16.874   -28.390   -47.780   -58.141
   -42.327   -17.270    -8.706    6.381   30.220   28.380   15.096   15.590
   12.533    5.610    7.684    8.672    9.088   24.627   50.863   79.206
CT2079:350           -53.215   -47.700   -40.983   -34.118   -25.149   -15.711
    -3.196    3.542    2.322    -0.318    -7.032   -17.538   -24.739   -24.414
   -31.981   -35.936   -35.947   -40.174   -55.826   -45.853   -11.418    3.873
    4.204    -6.709    -6.829    -3.078    3.264   20.235   44.676   66.940
CT2079:345           -71.436   -66.246   -54.978   -31.526    -4.452   10.668
   23.594   32.601   28.812   14.141    -0.121   -14.308   -35.709   -47.905
   -44.276   -37.941   -37.547   -41.032   -44.621   -38.164   -19.252    -6.301
    -5.186   -15.128   -12.706    -1.333   11.960   29.348   51.672   71.754
CT2079:340           -75.866   -58.341   -39.485   -19.672    -0.382   18.526
   50.361   71.325   64.059   32.536   10.975    -4.301   -22.449   -32.250
   -39.138   -44.481   -46.732   -51.956   -54.142   -45.476   -24.075    -7.700
    -0.417    3.345    8.553   11.233   14.005   27.967   51.200   76.897
CT2079:335           -90.925   -71.356   -48.838   -18.386   11.358   29.483
   53.447   67.215   56.329   11.036   -18.492   -26.239   -19.602   -20.059
   -38.407   -70.745   -79.311   -62.416   -38.988   -29.464   -19.490    -7.633
    8.153   32.183   40.642   27.524   15.096   31.202   56.190   77.259
CT2079:330           -93.290   -64.788   -35.689    -1.900   28.695   39.346
   32.452   24.331    9.310   -33.258   -63.102   -56.822   -25.000   -16.771
   -30.001   -53.199   -61.550   -58.262   -53.090   -44.278   -24.547    -8.010
    7.158   24.230   31.839   27.200   19.870   31.619   53.558   73.458
CT2079:325           -93.166   -60.922   -28.729    8.180   39.152   38.915
    1.188   -29.981   -37.101   -33.055   -32.981   -31.301   -21.739   -18.656
   -19.748   -16.054   -19.792   -45.808   -71.697   -65.198   -29.043    -1.912
    7.964   11.997   17.746   19.394   20.731   32.202   50.748   71.177
CT2079:320           -96.594   -62.683   -31.562    7.324   43.559   42.046
    -7.490   -45.414   -47.384   -13.872   11.560    5.403   -20.613   -29.604
   -18.884    3.805    3.567   -31.620   -73.406   -71.962   -34.119    -6.239
    3.447    8.315   15.509   20.593   25.318   39.382   58.659   76.548
CT2079:315           -68.440   -49.922   -30.265    -5.692   14.517   10.186
   -26.278   -53.601   -49.988    -9.774   17.714   14.578    -7.703   -13.555
    -6.805    9.054    8.261   -10.349   -30.331   -34.948   -32.173   -25.802
   -13.495    -1.336    7.528   12.861   17.245   32.135   54.633   78.186
CT2079:310           -60.876   -47.342   -33.603   -13.381    7.671    7.498
   -15.873   -34.632   -35.379   -22.931   -17.727   -13.030   -13.187   -14.765
    -0.593   21.795   21.697    1.055   -33.458   -40.070   -26.032   -13.976
    -5.751    9.778   21.269   27.969   34.666   51.754   74.042   92.182
CT2079:305           -55.510   -34.657   -15.903    3.067   18.721   19.101
    2.439   -10.675   -12.433    -6.247    -0.063    1.204    1.890    6.281
   16.647   37.698   39.760   15.074   -13.132   -23.864   -35.331   -40.338
   -24.865    3.463   17.549   22.973   26.325   41.550   64.084   84.747
CT2079:300           -52.329   -32.384   -13.865    5.479   21.942   24.826
   14.079    4.208    1.383    1.012    0.022    1.528    4.354    8.120
   12.375   20.968   20.625    5.953   -12.143   -22.121   -35.753   -42.668
   -32.946   -11.090    2.071    7.298   13.839   31.782   56.054   82.166
CT2079:295           -53.914   -39.351   -22.794    2.429   26.698   30.809
   15.579    0.104    -4.550    -3.616    -0.890    -4.261   -12.626   -10.464
    -8.517    -2.253    -2.210    -5.985    -8.859   -17.374   -36.316   -44.441
   -42.406   -37.525   -28.243   -15.727    -2.852   23.978   59.719   90.936
CT2079:290           -60.243   -40.277   -20.385    2.476   23.274   25.900
    7.745    -8.987   -15.728   -21.716   -27.123   -29.482   -41.417   -50.637
   -32.736    -3.883    2.498    -8.673   -28.311   -35.978   -36.380   -39.070
   -38.354   -32.640   -23.436    -5.742   15.640   36.720   59.890   81.862
CT2079:285           -69.861   -48.707   -26.979    -2.958   17.963   21.618
    5.422    -9.466   -16.204   -24.105   -30.436   -28.584   -16.836    -6.403
    1.522   17.531   24.866   18.353    4.814    -4.583   -16.609   -25.604
   -32.289   -36.916   -31.096    -8.138   17.016   37.317   58.445   77.737
CT2079:280           -77.062   -60.158   -42.340   -17.203    9.450   16.624
    5.849    -7.528   -12.806   -17.231   -20.283   -17.462    0.484   19.424
   21.754   26.234   32.193   42.799   56.988   47.914    -0.776   -36.847
   -39.863   -29.926   -22.864    -9.793    7.632   29.013   53.707   78.309
CT2079:275           -67.264   -50.029   -31.399    -9.619    8.623   13.229
    6.291    -0.950    -3.913    -9.307   -14.255   -13.097   -16.327   -20.136
    -6.456   13.846   22.754   34.463   44.832   40.246   15.363    -8.474
   -20.826   -37.708   -39.730   -24.810    -4.284   19.304   49.168   82.046
CT2079:270           -49.878   -33.220   -18.134    0.868   18.597   18.571
    -2.060   -24.849   -24.283    -1.792   15.928   14.511    -6.278   -15.683
   -15.918   -13.218    -7.369    3.558   23.095   26.652   24.273   18.882
    3.100   -30.026   -38.681   -24.452    -5.790   17.758   49.021   77.614
CT2079:265           -40.806   -29.897   -18.125    -4.753    4.284    -2.494
   -34.608   -51.487   -44.950   -15.696    8.836   12.344    3.390    -0.876
   -11.216   -35.442   -41.462   -20.207    1.110    8.397   21.864   26.513
   15.175   -10.588   -16.454    -3.902   11.423   33.255   60.646   84.309
CT2079:260           -26.886   -21.890   -19.512   -17.239   -14.110   -27.644
   -81.036  -126.575  -114.973   -43.118    1.111   10.119   11.302   11.508
    5.362    -2.903    -2.782    -1.159    6.322    7.179    5.153    4.145
    5.769    6.364    7.927   14.172   20.756   36.093   59.518   84.319
CT2079:255           -14.730   -10.636   -12.097   -16.461   -19.482   -21.502
   -26.321   -27.651   -25.643   -16.069    -5.647    2.666   13.212   18.796
   20.322   23.150   21.970   12.995    3.018    -3.601   -13.790   -18.317
   -13.311    -1.636    5.434    6.712    7.643   30.275   61.805   87.411
CT2079:250            -4.379    -9.250   -13.550   -20.086   -26.734   -16.371
   39.187   79.500   73.025   24.604    -1.244    -3.638    -2.418    2.159
   19.295   38.911   37.659   15.896    -4.987   -17.829   -34.651   -42.107
   -34.342   -16.117    -5.747    -0.819    4.073   26.058   58.326   89.882
CT2079:245            6.575    -4.517    -8.814    -9.708    -7.702    6.250
   39.546   60.054   55.314   21.317    2.536    -1.064    -3.920    -0.025
   19.027   43.250   40.985    9.275   -20.486   -30.096   -30.389   -32.750
   -37.339   -39.277   -30.838   -12.446    4.490   27.156   56.271   83.893
CT2079:240           14.339    2.342    -2.331    -2.045    0.498    4.456
    7.306    8.256    9.785   10.888    8.789    7.648    7.645   11.116
   26.035   42.757   39.802   18.703    1.235    -9.505   -15.530   -21.072
   -35.505   -52.382   -45.237   -17.780    8.221   32.169   56.592   78.681
CT2079:235            -8.184    0.836    4.905    4.771    4.703    2.865
    -9.244   -15.016   -10.745    5.082   14.735   18.432   22.424   25.575
   27.493   29.379   27.458   16.917    6.159    0.692    -2.580    -8.404
   -23.535   -45.369   -39.914    -4.413   21.505   36.908   52.062   66.348
CT2079:230           -27.011   -22.528    -7.137    2.282    5.831    4.584
    -5.049   -10.745    -8.849    1.018    7.084   11.257   15.347   17.251
   20.614   24.352   22.418   12.519    4.803    4.757   10.562    7.661
    -9.050   -27.965   -24.624    -3.249   18.785   39.004   56.076   69.259
CT2079:225           -28.195   -16.947    -7.178    2.648   10.493   12.929
    8.753    5.225    5.833   10.602   14.211   15.517   14.734   13.687
   13.154   15.757   16.296   15.731   13.027   12.542   16.273   14.963
    1.321   -19.383   -17.723    -1.919   11.542   29.746   51.307   68.756
CT2079:220           -35.971   -21.177   -12.871    -0.686   14.359   20.841
   18.638   16.039   15.490   16.920   16.446   12.628    3.415    -1.828
    -2.486    0.507    1.506    1.537    -0.785    -3.612    -2.841    -1.975
    -1.819    -5.103    -3.073    4.444   16.578   34.626   54.197   71.790
CT2079:215           -34.708   -21.384    -8.369    3.260   13.986   21.468
   25.976   29.270   28.268   21.886   15.313    8.047    -4.572   -10.782
    -8.183    2.882    6.905    0.803    -8.156   -13.144   -17.545   -19.651
   -14.629    -4.883    3.599   16.053   31.216   45.459   59.308   71.124
CT2079:210           -25.244   -17.672    -9.233    -0.022    9.558   16.184
   22.445   26.676   24.397   15.813    6.491    -0.000    -7.534   -11.068
    -5.889    4.885    7.985    7.082    4.105    -2.633   -20.073   -30.852
   -31.025   -27.685   -17.429   11.947   46.784   62.675   68.078   71.242
CT2079:205           -19.954   -11.122    -6.358    1.607   11.543   18.512
   24.737   29.832   27.027   12.604    -0.544    -2.796    0.496    0.582
    4.900   12.455   14.163   13.173   11.754    6.007   -16.952   -36.223
   -36.362   -30.075   -16.892   19.761   59.838   69.351   65.393   66.008
CT2079:200           -18.492    -8.743    -0.229    7.439   14.830   21.267
   28.938   34.346   31.062   18.593    6.215    2.947    8.136   11.086
    6.702    -1.575    -1.246    3.786   14.713   15.177    -2.559   -17.912
   -16.782    -7.335    3.638   27.181   51.633   62.443   65.578   70.031
CT2079:195           -18.376    -6.269    3.238    9.335   13.899   18.513
   25.362   30.662   25.406    7.864    -4.962    -9.493    -7.585    -3.860
   -13.271   -35.398   -40.123   -25.412    1.720   10.332    6.885    3.285
    4.384   10.085   15.687   23.294   31.678   44.917   62.052   77.141
CT2079:190           -20.376    -7.918    1.565    7.334   12.769   16.961
   18.976   20.732   13.527   -14.353   -40.520   -44.302   -33.835   -35.255
   -35.411   -50.437   -58.914   -38.161    -5.137    7.370   17.052   24.008
   19.360    1.210    -6.035    -0.742    6.888   27.504   60.011   87.652
CT2079:185           -41.708   -28.481   -15.796    -3.809    6.110   12.361
   16.669   17.008   11.546    -6.403   -24.997   -24.935    -0.271   18.904
   11.042   -14.611   -18.690    -3.059   27.315   41.519   45.749   46.678
   35.419    0.548   -17.620   -13.945    -0.817   16.382   41.645   69.732
CT2079:180           -64.729   -51.010   -34.934   -10.447   17.620   29.364
   24.219   19.281   17.384   11.046   12.008    9.264    -1.117    -7.705
    -8.432   -11.161    -9.444    9.206   37.324   52.115   67.866   76.944
   60.562    4.227   -23.999   -20.817    -7.660   13.026   46.323   76.110
CT2079:175           -68.255   -58.095   -45.629   -27.539    -6.860    2.978
    1.736    -2.055    -2.750    -1.593    -0.004    -2.156    -8.643   -14.165
   -10.514    2.559   12.786   21.913   36.304   47.751   61.721   70.653
   55.929    1.871   -26.115   -17.050    4.488   22.199   47.202   69.684
CT2079:170           -74.242   -66.042   -54.155   -37.115   -18.139    -8.493
   -11.919   -17.488   -16.159    -9.232    -6.530    -7.401    -8.292    -8.909
    -9.896    -6.436    -0.789    1.416    -0.837    8.427   52.095   92.535
   82.341   27.380    -0.594    2.267   13.062   29.414   54.998   80.959
CT2079:165           -71.910   -65.798   -57.408   -45.227   -30.180   -20.590
    -9.909    2.922   10.514   21.440   34.337   32.313    8.015   -11.416
   -13.607   -11.660   -12.168    -8.807    -5.177    3.582   29.838   60.522
   58.192   31.312   19.345   22.671   29.263   47.070   75.615   99.232
CT2079:160           -62.752   -50.709   -38.777   -27.121   -15.552    -6.275
    1.423   10.438   18.669   32.298   44.123   41.417   16.529    -1.863
    -3.482    6.621   12.491    6.075    -5.085    -4.314    2.582    6.200
    8.984    9.533    9.124   18.380   34.075   50.594   70.526   87.534
CT2079:155           -52.073   -39.483   -28.473   -17.419    -7.589    -1.485
    -2.535    -6.052    -0.850   19.407   36.716   36.248   16.638    -0.988
    1.162   15.757   18.988   14.010    2.384    0.147    0.323    -0.561
    -2.240   -10.618   -10.742    5.147   31.317   48.791   62.351   74.619
CT2079:150           -37.481   -33.134   -26.624   -13.997    2.454    9.743
    1.964    -7.241    -5.554    5.376   19.727   21.903   19.621   21.531
   22.089   26.985   25.454   17.165    1.091    -1.374    2.541   10.752
    7.032   -25.149   -36.180    -8.716   34.020   50.254   58.634   69.988
CT2079:145           -28.594   -24.444   -20.163   -16.756   -13.930   -10.054
    -4.159    -0.788    -0.398    -4.497   -12.137   -10.785    5.827   15.801
   14.402   15.548   16.922    -4.964   -41.112   -45.473    -9.087   29.048
   30.105    3.292    -4.643   12.906   41.799   60.476   73.719   84.912
CT2079:140           -37.465   -31.098   -23.472   -14.139    -4.827    2.161
   15.783   33.381   35.477   15.071    -3.764    -6.023    3.672   10.090
    0.287   -36.176   -65.857   -59.071   -45.808   -39.379   -21.101    3.203
   12.415   11.432   15.561   29.413   45.938   64.828   88.664  106.771
CT2079:135           -50.572   -38.774   -25.202    -6.141   16.189   27.552
   31.439   35.176   34.367   21.254    9.851    5.493    3.195    3.986
    -3.523   -19.004   -28.755   -37.295   -47.193   -47.473   -36.738   -21.270
    -8.291    9.806   23.320   29.923   30.973   46.631   71.308   92.757
CT2079:130           -42.890   -31.533   -18.598    -2.398   13.517   21.182
   17.236    8.029    5.107   11.136   16.785   12.597    -3.285   -16.965
   -21.325   -14.929    -9.552   -24.663   -46.386   -50.191   -49.342   -47.652
   -30.647    7.129   31.112   36.886   35.980   47.092   67.670   91.303
CT2079:125           -42.321   -30.124   -19.136    -9.338    0.500    6.321
    8.346    9.450    7.349    3.512    2.458    -1.641   -14.182   -24.393
   -29.752   -41.287   -52.800   -49.710   -44.231   -42.214   -38.183   -28.083
   -14.482   10.131   29.804   38.864   43.747   56.952   75.800   93.141
CT2079:120           -26.183   -16.832    -8.621    -2.339    2.720    6.092
    8.674    9.278    3.330   -16.670   -39.200   -42.070   -25.846   -15.034
   -19.344   -38.608   -49.988   -45.169   -32.546   -28.802   -29.363   -30.209
   -17.544    9.698   29.022   35.825   36.472   47.580   68.512   91.714
CT2079:115           -26.038   -18.650   -10.736    -1.263    8.464   12.436
   12.432    9.391    1.304   -24.710   -54.461   -55.338   -23.621    3.562
    1.429   -18.035   -27.461   -22.053    -6.787    -2.178   -10.240   -20.888
   -11.689   11.694   27.796   35.069   39.315   52.618   76.336  101.716
CT2079:110           -37.655   -37.721   -32.904   -19.077    0.853    6.057
    1.878    -0.851    -4.930   -21.201   -31.555   -28.273   -12.174    4.537
    5.904    -0.694    -4.290    -3.194    7.798   13.214    2.368    -8.031
    0.039   22.131   37.794   37.455   26.815   45.998   87.109  118.652
CT2079:105           -32.653   -29.440   -23.394   -13.015    -1.711    -3.289
   -25.891   -52.022   -56.857   -42.161   -22.166   -12.336    -2.096    2.403
    3.395    1.383    -2.204   -10.824   -26.977   -29.442   -12.509    5.845
   14.836   23.858   31.117   28.385   17.220   28.883   60.447   96.171
CT2079:100           -22.654   -20.806   -17.548    -9.451    1.338    -3.500
   -40.827   -91.086   -97.910   -54.893    -4.395   11.159   22.529   35.054
   28.930    0.504   -19.200   -28.568   -46.644   -48.416   -22.417    9.546
   18.386   11.490    7.375    8.986    6.884   24.365   63.405   98.432
CT2079:095           -28.154   -24.277   -18.394    -7.081    9.141    7.745
   -28.162   -77.115   -82.894   -44.499    -4.879    7.350   18.451   23.375
   19.011    5.624    -3.918   -19.365   -47.744   -52.369   -21.995   15.310
   22.696    7.872    0.348    4.985    9.164   28.264   65.989   98.058
CT2079:090           -20.282   -15.642   -10.856    -5.776    -2.641    -3.727
    -6.029    -5.772    0.248   14.895   35.537   40.837   24.079   11.621
    5.646    -0.817    -5.866   -16.490   -28.873   -28.042   -12.219   11.605
   16.451    3.899    -1.289    4.471   11.930   28.413   57.476   89.490
CT2079:085           -18.687   -16.483   -14.477   -11.177    -7.526    -6.239
    -5.943    -6.741    -2.564   11.039   26.296   29.991   11.566   -12.074
   -16.878   -20.914   -31.625   -31.456   -24.282   -22.077   -16.378   -10.660
    -6.840    -1.634    4.278    8.112    9.713   30.544   69.390  100.612
CT2079:080            -9.426    -9.291   -10.123   -13.942   -18.905   -20.185
   -23.205   -27.922   -25.389   -16.891    -9.945    -5.133    8.995   22.652
   16.566    -7.815   -21.885   -23.069   -13.640    -9.941   -16.577   -24.189
   -23.198   -21.022   -18.174    -8.858    3.656   24.298   57.513   90.505
CT2079:075            -0.629    -5.359   -12.050   -24.170   -38.196   -39.499
   -30.037   -18.801   -15.564   -23.756   -33.173   -25.682   15.139   47.605
   41.502    8.591    -9.376   -11.546   -11.783   -13.374   -10.862    -8.481
   -11.230   -20.480   -23.402   -16.526    -3.543   16.398   46.638   78.853
CT2079:070            -1.359    -9.255   -21.298   -37.916   -51.945   -46.937
   -12.625   24.131   29.237    7.923    -6.021    -0.256   24.746   41.190
   37.574   16.918    5.155    5.280    9.532   10.418    9.791    9.137
    3.901   -10.159   -17.334   -16.491   -10.429   11.929   45.165   73.077
CT2079:065           -13.176   -20.737   -26.701   -35.681   -45.294   -37.206
    7.532   53.399   56.925   24.093    -6.493    -4.004   20.136   34.039
   29.778   13.864    6.185    7.479   13.653   17.399   23.643   26.236
   18.003    -6.065   -16.970   -15.724   -10.622    5.123   33.486   63.823
CT2079:060           -29.207   -36.750   -37.648   -30.817   -17.550    -1.719
   27.187   52.214   49.438   13.622   -14.614   -16.357    -5.056    0.970
    0.293    -6.949   -10.280    -9.164    -5.722    -0.242   13.524   23.310
   18.023    0.150    -9.707   -13.947   -14.946    0.233   25.853   52.538
CT2079:055           -40.164   -42.529   -32.810   -15.149    4.323   16.044
   18.387   16.612   10.606    -9.692   -25.694   -24.283   -11.284    -4.797
    -3.545    -2.892    -3.812    -9.896   -15.104   -11.808    3.823   12.790
    8.713    -1.755    -5.573    -5.755    -3.048   11.308   31.405   48.076
CT2079:050           -64.226   -50.246   -31.344   -12.205    5.905   16.404
   17.595   16.458    8.704    -9.860   -21.692   -20.769    -7.743    0.193
    4.039    6.505    8.945    8.868   10.527   12.733   13.184   11.560
    2.220   -15.587   -18.356    -0.363   19.539   28.010   35.274   42.749
CT2079:045           -68.702   -54.057   -33.781   -13.461    5.669   16.010
   17.217   16.646    9.199    -7.493   -18.690   -20.900   -16.642   -11.582
    -2.577    6.740   11.998   19.028   27.295   29.278   24.300   17.299
    6.140   -11.989   -14.612    1.662   19.429   26.217   29.691   35.034
CT2079:040           -73.236   -55.402   -38.274   -19.718    1.374   12.698
   15.248   15.329    7.539   -11.341   -24.133   -29.237   -34.889   -33.889
   -19.120    0.841    8.007    8.917   12.993   20.275   30.557   32.191
   21.965    -1.406    -4.667   12.149   26.075   32.026   35.823   39.380
CT2079:035           -75.584   -57.626   -39.141   -18.940    1.149   11.259
    8.889    2.049    -9.166   -28.870   -37.988   -37.247   -30.563   -24.497
   -18.474   -14.611   -13.516   -11.963    -2.292    6.280   20.509   27.649
   22.516   12.029   12.119   23.147   32.968   36.896   42.566   48.682
CT2079:030           -59.578   -56.271   -35.615   -15.301    3.837   10.647
    0.863   -13.102   -23.010   -37.978   -39.990   -30.464   -10.903    -0.048
    -1.149   -11.583   -16.689   -16.879   -11.330    -6.033    0.600    0.615
    -0.473    3.044   11.622   25.941   36.748   43.601   50.855   59.030
CT2079:025           -73.100   -48.615   -28.046   -10.297    6.663    9.654
   -17.540   -56.102   -64.286   -48.205   -25.131   -12.236    6.257   19.562
   18.575    3.588    -7.761   -11.217   -10.777   -12.769   -19.257   -24.053
   -20.767   -11.018    1.065   18.912   40.596   55.267   68.082   80.340
CT2079:020           -67.928   -48.976   -30.631   -13.522    1.338    4.003
   -14.837   -43.150   -46.655   -24.683    -0.048   11.214   26.575   36.540
   33.686   15.689    0.869    -4.976   -10.958   -19.563   -38.767   -60.885
   -59.368   -33.414   -10.215    8.570   31.119   49.269   63.280   77.877
CT2079:015           -64.121   -55.884   -44.819   -26.904    -2.044    7.270
    0.887    -9.716    -8.900    9.513   33.275   40.696   31.205   21.986
   19.531   18.301   16.711    7.838   -12.434   -28.455   -44.961   -70.887
   -70.990   -43.360   -18.721    -0.134   18.246   37.563   57.107   77.153
CT2079:010           -62.187   -51.630   -38.667   -20.550    -1.491    5.902
    1.283    -4.100    -1.532    5.608   19.784   23.737    7.427   -15.786
   -15.994    6.369   18.931   12.250    -0.859   -11.371   -30.208   -47.401
   -50.190   -45.571   -31.275   -10.035   17.152   40.797   57.792   74.753
CT2079:005           -56.359   -42.298   -29.085   -19.384    -8.011    -3.028
   -13.895   -36.598   -41.683   -26.559   -11.295    -9.797    -9.218    -8.511
    -8.399    -4.407    -0.573    -3.429   -12.166   -22.493   -42.573   -74.089
   -77.675   -63.604   -46.555   -18.258   30.677   53.884   60.505   72.911
CT2080:360           -41.537   -31.141   -22.272   -14.789    -7.857    -5.683
   -12.469   -21.143   -23.148   -21.419   -13.342   -12.999   -21.498   -26.510
   -25.855   -17.597   -13.894   -14.450   -17.567   -22.936   -39.176   -61.135
   -61.248   -46.967   -30.373    -6.301   28.427   53.603   68.232   79.275
