
filled_synop: 30 data points in equal steps of sine latitude from +14.5/15 to  -14.5/15

CT2170:360           55.526   50.148   41.848   34.655   33.502   30.605
   13.915   -28.684   -34.075   62.035  245.123  293.517  193.080   99.215
   95.323  107.825  103.888   83.030   39.604   20.459   41.750   83.876
   88.848   75.297   56.177   27.126   -18.201   -65.858  -109.184  -154.134
CT2170:355           41.047   43.757   45.200   39.620   22.544    5.188
    -9.659   -38.993   -42.188    0.635   50.626   70.171   82.813   75.048
   73.579   79.288   82.056   55.948    -9.106   -36.441    -5.793   76.833
   99.011   77.368   40.664   11.995   -23.582   -63.873  -101.789  -138.017
CT2170:350           26.937   34.667   46.033   46.894   28.251   10.342
    -0.449   -23.557   -26.994    6.104   51.751   65.066   53.148   44.392
   53.690   77.433   96.690   78.269   28.109    5.352    -2.657   20.495
   26.309   27.384   32.575   20.229   -13.693   -53.582   -90.769  -131.337
CT2170:345           37.037   44.575   54.365   53.768   28.681    3.927
    1.342   11.629   23.189   59.063  147.291  167.962   77.323   17.311
   32.120   75.142  100.597  101.415   75.556   53.957   15.803   -22.207
   -39.273   -18.154   24.498   24.195    -2.491   -36.639   -74.653  -121.194
CT2170:340           40.903   50.292   55.552   48.367   16.508   -11.446
    -4.462   38.202   63.382   74.792   75.221   68.803   40.479    -7.399
   38.673  197.182  295.698  302.290  236.579  171.374  100.711   -20.367
   -75.857   -50.351   21.307   34.269    -0.497   -49.018   -90.077  -131.086
CT2170:335           36.039   38.621   45.289   43.281   16.159   -10.478
    -1.560   45.720   72.968   61.994   26.906    -0.610   13.132   12.505
   74.360  292.424  440.916  467.423  404.958  330.796  217.357   19.247
   -70.159   -47.813   23.215   36.339    -1.142   -53.395   -94.268  -131.997
CT2170:330           42.972   39.780   38.606   33.122   16.594    2.231
    7.430   38.848   59.271   47.370   31.700   -39.364  -102.807  -121.211
   -72.404  132.286  320.502  383.262  307.926  249.573  156.501    -4.549
   -67.870   -38.946   28.956   43.387    1.917   -53.738   -95.302  -135.892
CT2170:325           57.271   52.864   48.606   44.227   37.162   29.978
   28.697   30.467   31.509   31.315   57.321   -96.572  -588.257  -898.545
  -891.127  -468.687   33.176  125.070   -45.484  -114.135  -115.904   -85.038
   -59.120   -20.926   35.919   47.481   10.986   -43.618   -89.403  -131.312
CT2170:320           68.163   65.697   62.858   60.570   64.138   66.673
   63.819   47.802   50.053   78.112  147.280   -71.001 -1337.143 -2817.295
-2764.098 -1296.247  -294.781  -181.542  -355.758  -414.573  -308.643  -101.137
   -15.056    9.148   27.883   30.322    -1.195   -42.226   -77.075  -114.791
CT2170:315           58.922   48.215   36.716   33.657   45.746   54.080
   54.008   14.408   13.853  178.157  512.097  478.390  -401.144 -1574.275
-1627.236  -786.614  -282.045  -248.715  -311.208  -303.832  -234.662   -76.387
    7.813   21.615    8.315    0.937   -22.846   -52.466   -79.574  -107.779
CT2170:310           50.440   31.837    6.779    -5.463   10.573   26.238
   41.919   60.011  136.006  323.813  658.878  849.986 1597.102 2733.409
 2497.828  868.134  -106.713  -225.628  -181.282  -161.894  -130.207   -52.064
    -5.498    6.496    -5.467   -14.751   -37.353   -61.668   -88.167  -120.705
CT2170:305           44.294   26.113   11.065    5.857   14.519   23.331
   26.386   -20.946    -5.268  191.038  500.716  727.610 1362.450 1989.470
 1870.644  870.059    -5.857  -183.261  -153.225  -149.114  -110.835   -35.139
    4.957   11.867    -0.443   -10.741   -32.429   -56.737   -82.214  -110.707
CT2170:300           37.200   24.046   10.000    6.779   21.407   37.040
   37.809   -17.844   -30.890   79.625  253.530  393.206  579.757  605.716
  536.507  305.700   -40.582  -168.815  -146.922  -133.609  -101.197   -30.846
    9.177   17.856    9.299    -0.437   -26.152   -54.724   -82.136  -112.208
CT2170:295           23.755   22.742   15.952   16.923   39.812   64.144
   76.599   79.614  101.482   98.513   74.656  105.315  100.079   59.291
   15.414   -17.581   -65.172  -137.205  -158.916  -163.994  -120.620   -32.457
   11.466   24.369   24.030   16.198   -16.100   -54.525   -86.090  -119.008
CT2170:290           34.066   27.134   17.965   21.098   48.678   78.458
   97.889  123.951  142.261  117.262   51.583   37.131   39.491   89.734
   63.859   -26.868   -69.924  -104.310  -127.249  -133.108   -99.083   -21.863
   21.963   36.218   42.290   33.005   -10.185   -61.987  -105.374  -147.408
CT2170:285           33.832   25.133   16.998   22.020   52.027   83.766
  102.866  121.484  129.969  110.161   72.561   56.196   31.715   17.369
    0.458   -16.572   -30.287   -52.609   -85.252   -96.362   -68.147    -3.182
   32.568   47.420   56.422   45.656    -0.972   -63.063  -117.823  -167.671
CT2170:280           37.295   28.725   13.769   10.970   40.130   73.787
   91.201  101.679   99.351   86.984   56.574   35.901   22.035    8.083
    -2.680    -7.802   -20.613   -27.928   -37.233   -42.028   -23.609   18.779
   42.380   57.904   79.023   68.949    6.623   -73.176  -128.840  -178.440
CT2170:275           32.271   19.987    8.394   11.521   39.024   69.672
   90.994  125.107  143.809  116.522   57.419   30.084   24.916   30.443
   27.293   27.562   32.314   28.407   29.462   34.591   27.413   15.185
   16.658   39.062   74.846   72.661   25.927   -40.325   -99.530  -155.739
CT2170:270           47.961   38.264   20.430   14.628   39.128   70.911
   90.828  118.714  131.357  112.428   68.704   45.396   25.059    6.691
    8.262   37.475   54.519   48.890   15.049   -11.743   -11.217    3.434
    9.930   16.531   31.374   28.144    0.516   -38.595   -78.016  -120.279
CT2170:265           73.571   55.867   21.786    4.104   27.613   58.706
   78.028  106.415  118.183  102.498   60.724   37.296   23.386   11.376
   15.286   47.056   70.575   62.266   14.109   -19.731   -21.256    -4.910
    1.074    6.041   22.616   20.344    -8.393   -46.449   -78.397  -112.804
CT2170:260           55.559   39.457   21.910   16.738   28.047   42.786
   60.132   95.186  115.599   97.267   53.810   31.629   24.015   18.730
   27.966   69.749  104.916  102.576   63.905   36.608   10.569   -28.446
   -48.842   -41.458   -11.083    -5.331   -21.442   -43.500   -65.583   -88.780
CT2170:255           39.017   31.253   21.603   18.218   28.190   42.537
   56.472   78.136   88.826   76.104   45.422   23.329   23.603   23.920
   35.374   78.634  113.781  129.362  129.738  122.722   80.517    3.940
   -35.706   -43.026   -23.380   -21.370   -34.309   -48.224   -59.808   -72.236
CT2170:250           28.235   24.212   19.834   20.333   33.361   49.067
   58.773   72.035   78.925   64.143   41.991   13.806    -2.897    -9.534
    6.111   53.892  104.452  146.029  165.618  167.950  131.973   51.243
    -0.934   -22.930   -23.975   -31.812   -40.941   -49.776   -58.955   -67.827
CT2170:245           23.431   19.039   16.099   17.994   30.235   46.467
   55.760   70.456   77.113   49.478    1.504   -59.723  -176.262  -311.077
  -301.220  -142.643   68.143  173.089  224.160  249.793  221.065  127.108
   55.994   14.248    -6.773   -29.343   -42.226   -51.032   -59.823   -67.160
CT2170:240           23.697   21.199   16.775   15.797   27.555   46.357
   55.699   71.656   79.507   28.751   -82.453  -175.587  -396.719  -725.401
  -747.267  -425.515    5.169  173.313  307.376  403.851  375.512  227.687
  122.013   62.864    5.092   -37.315   -49.845   -54.446   -62.004   -68.242
CT2170:235           25.085   25.197   23.515   23.928   32.827   45.424
   50.413   58.194   60.358   10.087  -116.793  -193.196  -325.504  -583.616
  -601.618  -296.225   27.574  167.520  382.857  543.455  515.352  325.934
  179.598   96.343    8.444   -51.446   -61.654   -59.426   -66.448   -71.359
CT2170:230           25.043   25.801   24.921   24.703   28.202   34.465
   36.191   32.769   24.294   12.696   -25.756   -20.273  103.524  277.551
  318.047  260.038  139.444  170.619  371.091  524.077  487.592  318.495
  189.705  106.097    9.648   -54.034   -69.037   -68.102   -71.574   -76.823
CT2170:225           20.932   23.381   27.976   31.309   29.228   23.001
   21.661   20.221   16.529   33.326   56.503  113.095  482.022 1146.661
 1264.307  726.348  225.362  177.888  287.121  350.252  328.418  237.980
  148.329   83.869   19.651   -30.270   -50.165   -63.411   -78.600   -89.336
CT2170:220           27.006   20.725   14.256   13.482   25.614   39.789
   38.995   19.213    4.804   27.982   74.650  142.195  312.632  524.624
  571.443  402.395  147.013  112.866  224.518  302.632  237.160  112.684
   34.836   -13.344   -25.872   -32.991   -41.995   -56.579   -71.441   -84.875
CT2170:215           36.215   25.243    7.166    -4.101   12.557   38.886
   35.078    -4.980   -34.951   -29.039   -13.833   14.087   27.432    -8.313
   36.342  179.205  220.575  243.327  290.560  218.979  122.245   -90.176
  -232.413  -206.000   -74.338   -32.127   -39.317   -56.362   -65.794   -77.354
CT2170:210           31.720   13.571    -3.357    -8.975   12.787   44.091
   36.309   -21.929   -66.429   -72.997   -63.821   -45.607   -59.647   -86.242
    -6.442  376.703  860.329  856.867  535.408  315.409  164.624   -76.549
  -202.858  -196.993   -91.033   -33.992   -33.757   -52.150   -66.552   -82.256
CT2170:205           30.031   13.143    -1.398    -5.558   13.916   41.292
   31.143   -28.727   -77.269   -90.982   -90.080   -86.274   -94.143  -113.885
   -48.243  291.791  721.664  726.661  412.876  190.009   67.624  -111.062
  -192.250  -178.088   -86.203   -33.281   -36.761   -58.301   -75.916   -96.214
CT2170:200           35.584   25.499   10.215    0.648   16.939   47.769
   41.436   -15.320   -65.492   -77.388   -76.456   -85.771   -83.742   -83.723
   -57.856   -19.732   -57.406   -59.569  -100.175  -231.527  -242.466  -234.667
  -249.155  -189.779   -63.167   -15.275   -34.185   -66.593   -88.096  -113.417
CT2170:195           28.339   27.404   26.674   27.309   31.243   34.874
   32.504   32.598   26.566   13.113    9.451    1.522   -34.009   -64.795
   -78.440  -169.787  -263.239  -303.571  -352.086  -336.569  -298.339  -118.264
   19.041   42.638   20.808    8.379   -19.495   -54.217   -87.160  -120.274
CT2170:190           19.188   24.547   35.492   44.163   42.914   35.675
   36.300   70.460   95.205   61.219   -28.599   -85.568  -119.242  -154.600
  -165.485  -195.314  -188.586  -237.330  -470.049  -627.409  -486.877    2.571
  278.883  267.996  113.284   37.801    -7.617   -50.200   -94.082  -137.910
CT2170:185           43.057   42.186   41.545   40.835   39.370   34.315
   32.366   54.688   67.391   30.134   -66.766  -130.005  -171.287  -246.540
  -252.296  -175.060   -87.278  -117.002  -325.443  -467.370  -360.469   65.533
  312.590  300.961  136.257   49.192    -0.906   -47.223   -98.667  -150.426
CT2170:180           42.882   39.176   33.106   28.022   29.810   35.509
   25.991    4.732   -26.095   -58.413  -107.833  -139.207  -148.302  -150.585
   -85.527  115.077  295.177  293.845   98.272   -95.521   -92.409  104.585
  232.595  230.544  139.870   71.027   13.185   -50.644  -111.499  -167.470
CT2170:175           38.018   36.342   32.076   26.925   23.792   23.760
    4.383   -26.473   -62.264  -100.413  -155.612  -176.439  -142.330   -73.822
   45.285  476.381 1053.635 1067.090  498.922   42.579   -15.658   56.576
   88.046   90.177   89.230   72.253    9.923   -71.264  -130.817  -182.170
CT2170:170           33.605   32.029   31.202   29.075   25.980   21.214
    -8.699   -69.631  -134.185  -181.652  -249.871  -275.708  -229.862  -163.900
   -64.568  271.318  649.758  689.887  411.563  123.045   47.952   -14.093
   -62.924   -50.262   17.020   38.147    2.727   -54.600  -107.617  -159.111
CT2170:165           29.178   26.389   26.570   24.098   20.979   26.280
   -17.319  -136.340  -257.128  -310.751  -352.361  -357.753  -307.111  -208.671
  -142.610  -115.203  -105.327   -53.060  111.195  239.260  195.748    -8.525
  -140.306  -129.475   -28.707   22.814    0.122   -48.756   -90.249  -134.970
CT2170:160           30.135   25.320   23.105   17.914   12.778   19.085
   -39.115  -207.248  -363.915  -407.875  -407.493  -385.983  -315.703  -187.897
  -160.622  -363.282  -672.585  -649.272  -213.747  178.856  193.316   -31.492
  -175.250  -150.893   -32.736   25.082    1.195   -52.195   -90.003  -128.556
CT2170:155           31.951   29.467   30.258   25.330   11.542    -6.172
   -78.857  -284.249  -475.569  -480.778  -337.803  -235.176  -160.313   -53.898
   -60.486  -331.199  -699.655  -727.743  -401.537   -38.361    5.788  -108.766
  -153.265  -112.720   -19.277   34.185   17.178   -34.737   -81.030  -124.380
CT2170:150           23.735   17.920   21.014   17.388   -12.002   -41.964
  -110.647  -312.335  -503.609  -474.187  -194.563    8.057   35.352   58.639
   36.343  -137.239  -341.027  -408.385  -494.608  -547.249  -468.933  -268.894
  -145.474   -90.871   -14.580   27.733    6.829   -45.521   -81.712  -118.585
CT2170:145           26.155   21.353   19.014    7.113   -27.127   -71.504
  -136.377  -273.817  -397.157  -368.690  -185.624   -67.852    8.922   70.854
   61.029   -32.779  -170.885  -245.945  -380.699  -472.005  -438.133  -279.251
  -143.896   -90.152   -33.910    3.932    -5.195   -38.012   -67.789   -98.577
CT2170:140           26.323   19.575   17.077    8.104   -32.442   -89.591
  -139.194  -199.429  -247.972  -226.156  -118.118   -48.253   18.450   76.253
   82.274   43.082   -48.797   -97.343  -178.533  -231.492  -236.905  -195.118
  -137.831  -104.314   -43.601    -8.536   -15.153   -36.366   -55.096   -77.594
CT2170:135           25.208   19.720   21.666   15.761   -29.443   -99.248
  -132.170  -125.955  -115.291  -106.499   -49.244   -14.055   22.779   67.512
  100.815  112.486   78.917   85.400   60.977   38.094    5.158   -62.106
  -101.681  -104.452   -46.245   -18.182   -25.475   -45.917   -60.173   -73.964
CT2170:130           21.181   24.561   30.980   23.152   -25.854   -95.209
  -118.322   -52.479   15.556   -55.798  -269.597  -363.718  -386.805  -257.544
   -93.823   17.494  198.594  351.083  488.395  558.313  499.117  234.689
    1.237   -79.675   -58.554   -50.624   -56.501   -64.528   -72.725   -79.938
CT2170:125           18.081   18.862   31.752   34.323   -14.698   -98.440
  -118.485   -21.969   96.362   -44.892  -734.079 -1229.764 -1167.579  -971.214
  -859.244  -408.834  194.351  510.637  984.808 1429.141 1328.564  632.872
   92.663   -56.389   -51.545   -74.533   -87.325   -84.582   -87.060   -88.556
CT2170:120           43.164   38.290   37.279   27.494   -26.634  -118.625
  -137.732   -44.899   69.298   -12.198  -526.317  -945.541  -913.850  -861.979
  -837.969  -417.867  143.550  463.310 1057.776 1635.554 1540.056  755.288
  143.986   -28.436   -45.225   -79.129   -87.458   -76.245   -76.689   -77.026
CT2170:115           37.969   37.575   37.281   18.206   -51.920  -151.477
  -157.462   -70.399   37.983  153.878  516.897  799.155  635.509  299.297
  251.509  184.389  174.567  337.720  826.669 1269.866 1222.421  670.479
  181.384   23.215   -25.091   -74.934   -92.884   -85.586   -83.382   -82.347
CT2170:110           35.598   27.380   29.070   25.037   -43.845  -188.952
  -195.680   -70.911   88.971  286.148  789.695 1058.986  953.913  485.265
  245.335  205.679  162.006  215.198  465.073  700.513  684.741  444.917
  212.886  105.849   22.141   -52.341   -73.116   -73.052   -82.797   -89.256
CT2170:105           45.340   40.954   33.627   10.551   -63.673  -181.328
  -174.586   -22.828  169.399  366.233  764.151  976.770  855.706  388.146
  131.434   89.282   89.560   72.315   76.560   91.817  102.408  176.741
  214.952  158.481   45.840   -38.385   -61.502   -68.092   -76.702   -82.887
CT2170:100           44.532   37.340   29.462   13.001   -43.109  -141.529
  -123.979   57.341  284.332  444.505  691.201  839.322  714.350  327.192
  124.538   44.639   24.483   -55.421  -252.186  -443.115  -442.110  -219.574
   -24.160    9.933   -41.937   -66.056   -61.551   -67.465   -71.435   -73.174
CT2170:095           37.563   33.006   30.721   26.029    -0.663   -75.605
   -56.743  115.600  330.617  439.246  540.945  592.391  497.217  235.841
   90.479   20.715   19.779   -96.478  -492.179  -917.763  -941.884  -600.870
  -300.353  -206.083  -123.170   -54.460   -46.609   -68.316   -72.487   -73.606
CT2170:090           38.248   35.885   32.302   25.938   24.894   26.682
   60.196  142.661  239.490  293.924  306.399  293.017  242.300  128.389
   41.979    6.805   24.871   -97.839  -513.538  -968.238 -1038.979  -843.290
  -645.568  -493.014  -235.839   -55.177   -23.691   -47.941   -60.589   -73.170
CT2170:085           49.370   39.080   23.752   10.072   19.833   40.570
   64.880   97.133  129.791  151.943  151.384  147.419  125.584  101.592
   72.605   39.160   29.888   -73.062  -335.858  -612.255  -697.390  -656.074
  -554.081  -441.939  -228.853   -62.531   -30.372   -52.532   -58.069   -69.896
CT2170:080           34.334   26.979   16.467    8.548   16.751   31.679
   49.231   70.481   95.816  112.384  114.273  115.882  104.985   97.694
   78.484   54.853   44.289   -41.274  -217.183  -391.274  -483.637  -556.817
  -553.208  -456.264  -230.192   -58.479   -25.161   -48.470   -54.122   -65.761
CT2170:075           35.373   27.490   17.779   10.190   10.417   11.568
   23.630   44.680   68.622   85.490  109.818  126.154  115.620  105.925
   92.594   73.356   69.653   21.285   -75.477  -190.064  -278.140  -421.078
  -532.199  -465.806  -241.188   -73.717   -32.113   -45.303   -51.878   -57.934
CT2170:070           28.747   25.518   20.016   15.048   14.910   13.357
   27.291   55.753   88.006  107.103  138.278  147.727  121.847   60.155
   18.728   11.355   16.007    -5.202   -28.575   -69.365  -137.062  -276.682
  -390.853  -365.039  -205.456   -87.053   -62.151   -67.180   -54.010   -39.152
CT2170:065           26.780   22.219   17.786   13.142   10.379    3.996
   18.660   92.265  190.886  206.291  164.452  124.634   75.027   -21.112
   -71.892   -63.986   -26.219   -15.828    2.045   21.377   -12.301  -106.390
  -185.381  -185.323  -128.538   -78.219   -56.067   -54.700   -54.242   -52.461
CT2170:060           26.173   19.415   14.535   10.580    9.557    7.818
   20.693   80.642  164.297  167.675   84.950    -9.848   -50.390  -100.204
  -129.988  -109.648   -59.628   -29.042   21.282   71.378   60.626   -13.135
   -92.081  -105.417   -75.576   -57.333   -56.089   -59.279   -58.152   -54.816
CT2170:055           32.296   25.283   18.002   11.381   11.627   19.143
   28.186   51.232   82.281   62.112   -13.164   -95.902  -122.523  -125.359
  -123.959  -106.266   -74.294   -40.916   24.422  108.957  120.586   60.811
    -8.027   -30.804   -43.914   -54.423   -56.813   -57.357   -57.120   -56.877
CT2170:050           31.613   27.645   21.677   14.029   15.866   30.847
   32.134   12.215   -19.202   -64.990  -122.669  -186.085  -188.168  -147.879
  -116.813   -91.221   -89.130   -64.237    7.412  103.670  129.896  101.045
   57.130   29.953    -9.741   -42.217   -52.881   -56.151   -61.768   -67.020
CT2170:045           26.135   22.461   17.346   12.924   15.535   43.967
   42.118   -28.426  -136.893  -230.494  -327.401  -365.800  -338.948  -224.311
  -103.441   -63.253   -87.314   -75.140   -34.257   27.164   54.602   65.513
   69.629   53.884    6.986   -32.499   -45.952   -51.265   -61.375   -71.745
CT2170:040           19.532   14.652   10.381    8.610   14.899   53.657
   45.138   -78.852  -258.303  -392.869  -696.346  -932.674  -882.452  -469.259
  -123.818   -51.804   -68.807   -57.638   -52.809   -51.008   -34.041   14.516
   63.634   59.085   14.374   -26.684   -46.014   -58.198   -70.582   -83.340
CT2170:035            7.422    5.551    5.661   10.612   23.370   61.954
   47.375  -116.653  -386.574  -536.595  -867.224 -1223.547 -1103.153  -464.185
   -73.504   -18.583   -24.491   -18.363   -38.301   -75.971   -69.822   -11.960
   53.901   53.577   10.382   -28.119   -49.602   -65.413   -84.246  -104.517
CT2170:030            -1.107    5.517   12.934   21.727   30.104   59.459
   52.791   -40.729  -157.851  -183.577  -174.398  -167.320  -111.047    3.228
   32.969   36.676   48.843   51.724    8.494   -45.085   -46.330    -6.804
   36.142   32.951    -1.576   -32.526   -57.015   -80.357  -103.304  -125.780
CT2170:025           13.714   15.416   13.752   11.206   21.159   41.749
   50.552   19.743   -46.885   26.102  596.945 1317.587 1252.972  525.008
  135.425   74.712   45.797   22.990   12.768    6.117    7.531   22.476
   40.850   34.375    8.466   -17.830   -45.713   -75.168   -99.943  -120.849
CT2170:020           17.980   12.879    5.692    3.497   19.373   38.045
   69.350  125.972  139.863  198.282  505.662  702.950  664.791  366.657
  116.012   65.220   44.148   17.810   29.569   52.633   57.687   64.676
   65.416   50.297   19.211   -12.229   -41.891   -71.786  -100.244  -126.070
CT2170:015           16.105   15.770   11.283    5.406   23.440   43.193
   81.649  260.354  598.404  703.562  470.913  181.698  150.372  195.870
  163.846  118.472   81.144   59.563   75.427  110.159  116.098  108.647
   97.745   76.507   34.248    -4.360   -37.334   -72.083  -103.004  -129.400
CT2170:010            2.060    2.882    3.379    4.930   18.967   37.285
   70.184  163.521  284.601  290.714  212.333  112.106   86.066  124.741
  165.173  155.875  107.885   94.953  108.950  135.567  141.669  134.062
  117.170   93.205   45.319    -3.487   -36.325   -61.887   -86.497  -110.994
CT2170:005            -9.662   -10.268    -3.759    6.212   16.011   27.414
   43.077   43.434   32.363   -15.725  -161.348  -196.853  -216.047  -158.607
   -19.468   21.628   43.001   64.225   72.546   75.731   81.025  103.233
  127.254  107.621   38.113   -20.777   -44.584   -53.065   -70.839   -94.939
CT2171:360            4.549    1.657    0.299    2.044    8.294   20.598
   27.728   15.096   18.347   -37.753  -474.140 -1045.895 -1018.680  -484.530
  -197.596  -108.781   16.513   72.908   61.846   25.504   23.318   57.727
  100.516   90.407   38.241   -13.729   -42.378   -59.027   -77.398  -100.122
