
filled_synop: 30 data points in equal steps of sine latitude from +14.5/15 to  -14.5/15

CT2220:360           99.711   74.891   49.473   29.614   14.817    3.339
    -3.031   -10.245   -11.204    -5.306    2.590    6.077    4.761    4.992
   13.528   27.812   32.413   29.978   18.703    9.857    7.139    9.591
    8.015    3.211    0.526    -1.425    -4.759    -8.620   -15.646   -26.554
CT2220:355          100.308   77.072   52.711   29.895    2.820   -13.438
   -12.364    -2.542    2.892   12.563   23.162   27.311   26.721   26.469
   29.523   33.291   34.694   29.970   18.302    9.865    3.876   -10.589
   -18.162   -16.936   -14.773   -16.056   -19.413   -22.543   -27.513   -35.015
CT2220:350           97.434   71.760   44.604   16.492   -17.817   -36.832
   -31.864   -15.731    -6.179   14.397   32.343   35.784   34.266   34.696
   31.419   25.322   23.277   26.039   33.700   33.432   18.101    -3.494
   -10.896    -9.682    -1.178    -0.880   -11.555   -24.876   -37.133   -49.425
CT2220:345           94.796   68.581   41.507   13.875   -20.630   -40.471
   -30.880    -3.189    8.504   14.557   18.834   15.576    0.651   -12.073
    -8.374    3.050    7.136    8.671    4.803    1.780    1.927    1.215
    1.644    5.549   13.904   10.731    -6.938   -30.139   -49.458   -66.181
CT2220:340           92.386   65.650   40.445   19.129    -1.336   -13.510
    -3.026   21.704   27.296   16.528    -1.571   -11.805   -22.542   -33.426
   -32.983   -18.944    -9.162   -11.952   -21.857   -20.626    -9.540    6.840
   14.235   17.458   20.337   13.581    -9.675   -38.671   -60.076   -77.527
CT2220:335           92.833   70.213   49.343   33.059   18.587    9.366
   19.194   37.509   35.364   20.467    -2.386   -20.378   -46.170   -66.611
   -66.736   -64.261   -60.856   -48.781   -41.024   -31.023   -11.295   15.401
   25.332   22.843   16.368    5.910   -15.869   -43.242   -64.553   -81.499
CT2220:330           94.689   77.064   60.105   43.951   24.496   11.218
   17.519   29.947   18.567    -1.376   -21.993   -48.786   -86.982   -98.933
  -103.395   -92.382   -72.660   -61.749   -42.163   -23.218    -5.627   14.233
   22.057   13.658    -4.461   -16.177   -29.179   -42.560   -57.317   -72.723
CT2220:325           96.900   69.541   44.447   26.094   10.542    -2.590
    -2.863    4.494   -18.273   -82.710  -132.805  -161.394  -198.653  -204.617
  -189.129  -151.495  -125.832   -94.192   -51.558   -26.802   -10.859   11.325
   20.285    8.116   -13.875   -26.407   -37.133   -45.737   -52.079   -57.596
CT2220:320           96.443   63.876   30.975   11.790    3.612   -11.339
   -34.659   -60.105   -94.479  -183.564  -254.482  -258.862  -244.094  -239.041
  -187.922  -103.990   -70.173   -68.154   -70.038   -60.333   -36.084    -5.066
    4.234    -4.555   -22.822   -32.226   -39.320   -43.835   -46.691   -47.699
CT2220:315           86.939   55.782   25.310    8.573    4.823   -10.897
   -50.533  -103.238  -136.697  -202.104  -254.150  -231.366  -143.006   -96.669
   -68.776   -42.865   -35.087   -41.458   -57.098   -55.172   -34.928    -2.918
    7.666    2.256    -6.859   -12.621   -16.257   -17.929   -22.530   -28.935
CT2220:310           85.634   57.005   31.893   19.972   23.499   11.430
   -32.442   -86.142  -102.440   -98.967   -80.006   -33.112  110.839  201.209
  172.626   88.942   54.616   26.672    -9.442   -19.173    -9.091    9.539
   15.347   11.129    0.488    -6.808    -9.984   -12.523   -18.454   -26.834
CT2220:305           94.101   66.849   39.649   20.095    6.102    -9.256
   -28.854   -50.722   -38.948   27.405   85.044  122.216  171.614  187.465
  169.869  102.041   62.200   43.694   19.902    9.061   19.130   38.082
   40.615   29.509   14.697    3.935    -9.654   -25.170   -36.920   -45.793
CT2220:300           99.257   71.111   44.456   20.386    -6.860   -24.733
   -27.078   -25.933    2.903   98.851  175.097  184.312  141.931  111.082
   93.506   61.494   40.384   34.852   32.813   29.078   26.665   26.775
   24.439   15.092    2.837    -6.734   -16.909   -26.854   -34.448   -40.496
CT2220:295          102.162   76.329   50.115   22.786   -10.063   -27.631
   -23.162   -11.552   17.356  108.824  180.775  159.096   49.596    -2.997
    -8.559   15.444   23.781   20.951   15.764   13.527   10.947    4.049
    0.027    0.428    -1.762    -9.133   -18.481   -27.670   -35.841   -43.016
CT2220:290          101.174   79.299   57.696   33.239    -0.643   -15.464
   -12.572    -1.066   17.443   59.060   86.709   56.114   -62.938  -123.017
   -91.816    -5.226   21.959   16.486    2.841    1.051   14.739   39.844
   42.211   25.946    6.824    -3.602   -12.701   -21.454   -30.911   -40.774
CT2220:285          101.266   72.546   44.641   16.603   -16.054   -29.285
   -12.172   11.802   25.850   33.268   31.794   18.917   -24.381   -46.852
   -31.010   19.577   35.649   30.224   18.269   15.406   24.184   39.803
   40.188   28.303    9.240    -2.423   -11.004   -19.498   -28.427   -37.745
CT2220:280          106.846   77.227   47.790   22.140    -7.972   -17.786
   16.364   67.374   84.163   77.921   75.499   81.403  100.755  111.150
   97.225   79.454   69.982   53.254   28.358   18.012   18.015   20.153
   17.980   13.666    5.740    -1.779    -8.789   -16.084   -26.261   -39.225
CT2220:275          110.740   82.392   54.793   27.419   -11.656   -23.966
   15.178   71.664   91.321   90.931   92.781  104.830  134.244  146.696
  131.542  105.579   91.016   64.407   27.472   12.756   13.778   18.032
   15.777   11.925    8.613    3.727    0.499    -2.645   -12.198   -27.170
CT2220:270          113.574   80.659   46.149   19.178    -6.555   -15.421
    0.232   23.249   43.166   74.871   98.120  106.093  105.870  101.059
   99.558   92.245   78.666   53.273   13.451    -2.300    2.686   13.437
   13.926   14.909   15.899   11.379    2.756    -7.819   -19.716   -32.999
CT2220:265          117.432   79.664   41.917   13.156   -20.630   -33.824
   -21.755    -2.747   15.987   56.221   83.715   83.536   61.879   49.663
   49.279   56.384   52.818   36.419   15.651    6.362    8.982   16.510
   16.044   11.675    6.838    2.339    -5.215   -14.341   -22.039   -28.890
CT2220:260          110.314   69.561   32.894    7.657    -9.720   -16.533
    -5.425   14.157   29.383   53.120   69.294   65.373   42.363   29.911
   22.744   12.828    6.036   16.581   32.391   30.553   14.432    -1.774
    -6.404    -5.741    -3.333    -5.579   -13.857   -22.662   -28.855   -34.094
CT2220:255          122.051   76.887   35.197   13.449    0.879    -4.103
   12.747   33.682   42.854   50.737   55.306   49.348   30.770   19.906
   15.422   15.379   14.991   14.305   16.869   13.462    0.203   -18.026
   -22.789   -17.826    -8.795    -9.128   -17.650   -28.460   -37.147   -44.861
CT2220:250          137.851   93.492   43.925   23.418   19.775   16.454
   30.682   53.316   54.776   38.350   30.779   24.732   18.714   15.501
   11.414   13.295   14.480    6.158    -2.218    -5.897   -14.642   -30.166
   -33.198   -19.434    3.143    3.156   -13.140   -31.898   -45.067   -56.578
CT2220:245          119.405   86.178   55.425   33.492   13.043    3.207
   14.021   27.124   24.590    1.327   -18.860   -16.836    -1.859    0.811
    -8.531   -28.811   -34.877   -21.737    -2.777    2.347    -1.048    -5.914
    -7.663    -6.683    -2.987    -4.541   -12.262   -21.878   -30.473   -39.487
CT2220:240          115.373   85.170   55.893   34.850   17.210    5.380
    6.223   10.850    6.009   -11.100   -22.581   -22.729   -12.428   -11.178
   -19.855   -39.689   -43.787   -29.186    -3.766    5.305    7.360    6.733
    4.999    1.042    -3.224    -7.235   -13.078   -19.786   -26.793   -34.700
CT2220:235          125.398   94.533   61.133   37.952   16.362    0.954
    -6.589   -12.394   -17.256   -20.007   -22.432   -21.829    -4.648    3.733
   -18.817   -51.495   -55.603   -27.839   14.207   25.493   17.030    6.955
    3.234    -5.248   -17.338   -22.706   -25.330   -27.181   -31.543   -37.595
CT2220:230          112.379   89.878   65.748   43.213   21.134    5.501
    -7.295   -19.376   -22.742   -12.380    -5.360   -14.179   -40.958   -56.153
   -48.188   -28.252   -19.027   -17.107   -15.753   -13.020    -8.866    -7.084
    -7.444   -10.845   -15.644   -19.187   -24.409   -29.304   -34.379   -40.337
CT2220:225          103.196   81.455   60.161   39.342   16.089    -0.097
    -7.259   -11.549   -12.734    -2.411    5.625    -4.833   -33.997   -47.168
   -40.374   -21.803   -15.358   -16.996   -24.406   -26.468   -26.975   -26.749
   -24.123   -13.088    1.437    2.699    -6.359   -17.970   -28.540   -40.154
CT2220:220           97.456   74.489   53.764   34.403   18.038    5.513
    -3.979    -8.948    -8.419    -0.142    4.089    0.063   -13.355   -22.039
   -21.765   -16.933   -15.321   -15.683   -18.945   -21.745   -27.259   -35.051
   -33.997   -18.434    2.426    5.489    -6.210   -22.506   -35.235   -46.714
CT2220:215           96.884   76.066   56.910   33.259    -0.326   -17.839
   -17.713   -17.640   -15.032    3.952   13.317   11.130    5.225    -1.647
   -14.602   -34.713   -38.179   -23.309    -0.625    0.076   -19.938   -42.580
   -44.737   -30.520    -7.196    -2.728   -14.027   -29.193   -39.951   -49.836
CT2220:210          114.002   84.661   54.664   32.793   11.045    -3.065
    3.015   13.546   13.991   17.146   20.310   16.374   10.624    4.971
   -14.753   -52.826   -61.437   -30.650    5.091    6.712   -18.593   -49.901
   -54.464   -39.530   -17.591   -12.847   -20.519   -30.675   -37.752   -44.199
CT2220:205          115.506   91.371   65.697   46.318   29.637   16.998
    7.458    -2.117    -3.561    -1.564    -3.447    -3.390    -3.557    -7.643
   -20.544   -42.352   -47.075   -29.602    -7.214    -6.429   -25.520   -51.802
   -55.955   -42.776   -24.818   -19.830   -21.892   -24.651   -27.647   -32.626
CT2220:200          115.197   83.135   50.805   27.878    8.665    -5.763
    -8.103    -5.046    -5.141    -4.558    -1.536    -2.814   -10.066   -14.874
    -9.984    7.219   10.717    -7.111   -20.802   -22.859   -17.034    -9.254
    -9.845   -17.447   -23.404   -22.927   -20.110   -17.369   -18.552   -23.085
CT2220:195          107.801   81.636   57.317   28.614    -6.267   -25.722
   -29.045   -30.158   -26.244    -7.128    4.680    1.586    -7.828   -11.758
   -12.989   -16.437   -19.897   -23.014   -30.502   -31.321   -21.123    -9.375
    -7.510    -9.711   -13.938   -16.138   -19.310   -23.266   -28.084   -33.324
CT2220:190          107.351   84.921   61.912   28.902   -17.346   -40.505
   -33.217   -16.585   -13.279   -13.202   -11.795    -8.747    -1.084    1.737
    -6.671   -20.233   -25.531   -27.033   -28.095   -28.340   -26.594   -23.734
   -21.450   -16.785   -11.352   -11.876   -20.339   -29.523   -35.434   -39.847
CT2220:185          100.314   79.992   58.070   29.417    -5.972   -24.163
   -19.114    -6.281    -5.852   -13.405   -18.542   -15.855    -7.197    -5.968
    -6.732    -9.440   -11.585   -14.606   -16.703   -17.968   -22.524   -26.936
   -24.704   -14.980    -1.606    -0.777   -10.186   -21.050   -31.478   -43.405
CT2220:180           99.516   78.289   56.018   34.809   12.471    -0.746
    0.076    3.772    5.521    7.637    3.849    -1.850    -7.798    -9.593
   -10.023    -4.147    -2.217    -6.365   -13.040   -14.019   -15.238   -19.573
   -16.385    -2.687   13.063   13.035    0.775   -14.871   -29.879   -44.782
CT2220:175           99.462   75.102   48.160   32.673   22.622   12.599
   21.916   38.682   39.747   36.945   33.928   12.406   -38.652   -59.117
   -42.744   -16.032    -8.405    -6.213    -4.945    -2.464    5.554   17.331
   22.525   28.568   36.747   32.499   10.214   -15.015   -32.668   -48.970
CT2220:170           97.418   85.923   71.093   51.485   25.704    8.692
    3.326    2.879    5.541   13.177   10.892    -0.706   -28.477   -43.042
   -38.919   -20.297   -11.107    -9.340    -8.909    -5.992    3.246   14.443
   19.119   22.192   23.832   18.838    2.044   -17.508   -32.429   -45.610
CT2220:165           89.337   80.984   71.273   50.131   16.605    -6.109
   -16.385   -21.601   -17.629    5.429   20.940   12.851   -14.369   -28.096
   -25.578   -12.452    -6.617    -9.363   -16.796   -16.667    -7.893    6.091
   11.693   13.008   12.304    7.740    -4.161   -17.129   -28.343   -39.535
CT2220:160           88.903   76.273   63.750   39.988    8.143   -12.662
   -25.686   -34.540   -29.367    -3.720   16.544   13.387    -8.315   -19.524
   -12.176    6.080   11.976    3.180   -14.034   -19.625   -13.666    -3.474
    0.508    -0.189    -3.573    -7.054   -13.327   -20.829   -29.418   -37.667
CT2220:155           97.707   81.158   61.236   33.749    -4.530   -27.974
   -36.797   -41.078   -36.027   -15.280    0.048    5.115    5.757    5.210
    7.591   13.399   14.586    9.097    0.181    -5.149   -10.216   -11.576
   -10.232    -5.504    1.941    -0.262   -13.609   -26.461   -34.643   -41.135
CT2220:150           91.983   70.580   47.693   21.605    -6.714   -25.403
   -31.298   -32.642   -28.393   -10.237    3.990   10.494   16.123   18.016
   15.814   11.686   10.172    7.784    -1.232    -7.010   -13.737   -21.002
   -20.430    -7.524    9.144    8.877    -5.659   -23.230   -34.429   -42.398
CT2220:145           89.244   64.860   40.956   25.818   21.844    9.989
   -15.501   -38.986   -32.720    1.005   18.279   18.328    8.321    4.891
    8.866   19.811   22.284   14.537    7.781    2.621    -9.833   -22.140
   -22.530   -10.515    2.255    2.863    -4.071   -13.695   -22.838   -32.105
CT2220:140          100.038   78.529   56.922   39.988   24.745   10.864
    -2.931   -14.438   -10.794   14.859   30.020   19.750    -9.853   -19.400
   -14.817    -5.281    -0.408    5.547   11.232    9.806    2.199    -4.679
    -7.191    -5.909    -2.871    -2.238    -2.643    -4.534    -9.354   -17.609
CT2220:135          110.920   83.931   56.799   38.770   24.467   10.445
    -1.932   -11.740   -11.763    0.339    4.920    -2.993   -25.769   -33.053
   -25.889   -15.852    -8.916    3.238   11.468   11.319    4.631    -5.464
    -9.395    -8.263    -5.772    -5.214    0.374    4.437    -1.561   -15.033
CT2220:130          108.396   83.608   59.469   39.698   18.856    2.948
   -11.646   -26.524   -25.684    -7.680    -2.783   -10.730   -30.243   -34.451
   -22.875    1.284   12.424   19.614   29.130   26.809    6.430   -15.054
   -20.308   -15.931    -9.678    -9.150   -10.151   -11.956   -16.061   -22.789
CT2220:125          104.516   81.226   60.681   42.941   25.161    9.655
    -4.285   -14.663   -18.645   -12.005    -8.626   -19.230   -37.582   -38.541
   -20.429    8.385   19.944   24.643   27.483   24.868    8.906    -7.769
   -13.723   -16.049   -16.811   -20.546   -25.352   -29.213   -33.869   -38.695
CT2220:120          107.646   89.162   69.669   54.478   40.594   26.659
    6.904   -13.299   -19.970   -22.283   -28.301   -31.089   -38.594   -38.208
   -16.692   13.135   22.093   13.512    1.267    0.299    6.092    9.584
    5.406    -5.865   -17.937   -26.437   -35.422   -42.438   -48.208   -53.633
CT2220:115          123.344   92.813   60.534   45.310   38.918   26.634
    9.556    -7.126   -14.164   -17.883   -22.526   -20.225   -12.716    -6.215
    0.323   12.124   16.852    8.575    -4.097    -4.711    8.969   22.757
   21.604   13.011    3.130    -7.133   -22.528   -38.124   -51.568   -64.846
CT2220:110          102.968   80.582   58.791   38.802   18.866    6.735
    6.011    5.138    1.801    2.066    2.903    -2.376    -9.265    -8.044
    1.776   11.043   13.666   12.257    7.801    7.606   17.265   30.721
   30.851   21.289    9.846    -3.744   -27.170   -52.603   -73.181   -90.270
CT2220:105           97.275   76.037   54.514   31.971    7.099    -4.943
    0.427    8.275    4.219   -11.864   -22.323   -19.544   -13.014    -9.100
    2.445   26.083   29.649    9.965    -3.451    -4.900    -0.973    2.422
    3.392    2.686    -3.079   -15.542   -40.195   -65.260   -82.570   -95.579
CT2220:100          101.976   80.122   55.612   26.321    -7.783   -21.780
    -9.009    2.677    0.181    -9.997   -16.730   -19.381   -23.601   -23.288
   -18.519   -15.640   -16.139   -22.652   -34.884   -36.457   -25.867   -15.127
   -12.047    -6.459    0.149    -7.250   -28.344   -51.262   -69.232   -85.125
CT2220:095          103.179   75.347   47.407   27.587    8.379    -2.489
    1.156    7.080    3.166    -8.081   -12.483    -9.501    -1.412    3.937
    5.787    5.506    3.053    -4.745   -13.062   -19.328   -28.339   -34.797
   -33.113   -19.002    -5.256    -9.544   -25.805   -44.524   -63.522   -84.789
CT2220:090           88.994   65.604   45.210   30.317   16.727    5.063
    -2.329    -8.061   -12.048   -17.612   -18.545    -5.382   24.440   39.972
   44.954   56.530   54.688   28.618    3.599    -7.565   -18.715   -28.936
   -29.680   -18.415    -5.648    -8.315   -22.894   -39.647   -56.100   -73.923
CT2220:085           91.746   69.521   48.019   34.512   22.942   10.514
    -5.056   -20.621   -24.541   -26.389   -25.174   -10.449   13.847   26.475
   40.041   48.387   45.073   31.307    8.874    -2.717    -8.919   -14.943
   -16.290    -9.032    -1.116    -5.786   -22.366   -40.846   -56.402   -71.533
CT2220:080           89.175   65.714   42.187   30.042   24.092   13.406
    -1.547   -12.517   -14.904   -14.391   -10.803    -1.419    7.399   14.024
   27.321   40.879   38.102   22.313    5.819    -3.827    -8.847   -10.484
   -12.069   -11.676   -11.429   -16.576   -31.030   -47.194   -60.459   -72.737
CT2220:075           79.758   56.304   35.990   22.744   12.916    1.266
   -11.373   -22.186   -18.796    3.534   18.323   21.724   22.137   24.946
   26.581   27.744   22.651    5.340   -13.273   -21.840   -27.558   -33.899
   -33.941   -24.465   -15.397   -18.370   -30.759   -44.131   -55.402   -66.375
CT2220:070           89.546   61.877   36.172   23.081   16.254    5.032
   -13.411   -28.838   -24.892    -0.385   14.054   20.495   26.100   27.614
   19.200    1.586    -6.641   -13.378   -24.282   -30.805   -34.128   -36.378
   -35.717   -25.249   -14.341   -17.816   -31.428   -46.478   -59.293   -71.047
CT2220:065          102.547   68.691   35.618   17.199    7.714    -3.904
   -17.801   -31.310   -28.889   -11.992    -3.477    3.161   19.014   23.774
   11.844    2.017    -2.863   -12.564   -20.779   -24.452   -24.773   -23.065
   -23.913   -23.473   -21.656   -27.353   -44.068   -60.513   -71.101   -79.267
CT2220:060           93.718   74.735   56.123   31.335    3.682   -10.195
    -5.332    3.317    -1.140   -17.358   -24.526   -22.662   -22.133   -23.733
   -20.888   -17.638   -17.416   -13.578    -6.494    -7.838   -18.765   -27.733
   -28.255   -22.548   -16.712   -21.698   -36.255   -52.638   -67.887   -83.161
CT2220:055           77.625   76.018   73.410   42.614    -8.136   -27.342
   -17.325    -8.638    -9.919   -15.764   -20.166   -22.995   -25.994   -29.249
   -35.012   -42.510   -42.197   -31.179   -20.411   -18.675   -26.159   -33.568
   -31.818   -17.573    -2.493    -9.176   -32.039   -54.460   -72.839   -90.420
CT2220:050           92.650   82.324   69.228   38.014    -8.978   -27.010
   -13.834    -1.082    -3.405   -14.646   -21.028   -21.925   -20.147   -22.619
   -31.163   -41.758   -41.775   -31.215   -20.291   -16.472   -16.764   -17.982
   -18.022   -16.049   -14.433   -24.099   -48.201   -72.266   -87.804   -98.845
CT2220:045          102.108   86.046   64.989   32.851    -5.757   -21.833
   -12.297    -1.336    -1.802    -9.138   -14.242   -15.692   -12.528   -13.995
   -23.308   -31.732   -31.832   -23.292   -11.010    -5.078    0.944    6.330
    7.076    4.603    -1.579   -14.390   -37.938   -63.380   -82.534   -98.268
CT2220:040          100.578   76.817   53.873   25.179    -9.063   -23.136
   -10.237    3.207    4.354    -3.071    -9.585   -13.294   -22.306   -27.749
   -27.885   -28.138   -27.826   -25.233   -23.850   -17.100    6.501   27.655
   27.182   13.572    1.217   -11.626   -30.502   -50.198   -69.267   -88.334
CT2220:035          103.049   77.983   51.442   21.052   -12.513   -25.511
    -9.637    7.885   11.436   12.303   12.284    4.717    -8.485   -13.827
   -12.261    -9.174    -9.778   -14.340   -19.421   -16.599    -2.952    9.252
    8.655    -5.344   -22.933   -32.798   -38.775   -44.163   -52.456   -63.324
CT2220:030          105.606   81.301   55.359   24.794    -9.433   -23.345
   -10.875    2.774    8.759   16.013   19.577   17.455   15.219   13.955
   11.852   11.989    8.475    -5.857   -18.402   -18.699   -10.526    -2.286
    -3.488   -15.796   -30.342   -36.518   -37.543   -37.362   -40.900   -47.329
CT2220:025          107.071   87.376   66.481   34.195    -9.365   -24.448
    -9.683    4.995    8.923    6.752    5.776   11.991   19.738   20.252
   17.302   10.898    5.538    -7.817   -19.805   -20.402   -10.259    0.678
    -1.455   -13.113   -22.581   -28.343   -32.089   -34.337   -38.101   -42.932
CT2220:020           96.902   79.723   59.252   23.651   -19.644   -34.877
   -15.133    5.105    6.977    -2.178    -5.342    0.982   12.536   15.112
    6.929    -4.109    -5.778    -2.516    -3.353    -4.314    -2.981    -3.517
    -6.334   -10.472   -14.132   -19.418   -26.148   -33.418   -42.529   -52.240
CT2220:015           69.569   67.013   64.656   27.839   -31.196   -50.287
   -26.723    -3.071    0.674    -0.120    1.468    1.504    0.762    2.759
    6.870   12.391   15.905   33.274   56.612   50.893   13.606   -15.399
   -17.035    0.649   14.556    6.222   -19.011   -43.486   -59.911   -74.275
CT2220:010           65.831   60.558   55.054   20.497   -31.995   -49.388
   -27.996    -5.951    -1.692    -2.647    -1.280    0.029    -3.548    -3.112
    9.226   21.061   22.915   25.317   30.225   25.713    1.023   -24.315
   -24.708    -1.994   15.408    8.030   -14.078   -36.995   -55.962   -74.713
CT2220:005           80.547   67.896   51.782   21.084   -15.783   -29.610
   -16.312    0.126    2.054    -6.061    -7.178    4.764   26.923   33.444
   26.220   17.770   15.714   10.637    2.140    2.149   11.058   17.232
   15.188   15.229   15.076    4.524   -17.437   -42.338   -65.199   -86.844
CT2221:360           72.147   57.805   45.245   21.351   -11.217   -24.200
   -18.445   -13.559    -7.397    3.670    8.252   19.937   35.815   37.771
   24.929    5.960    3.735   11.309   17.984   18.281   20.407   22.826
   20.522   18.938   15.580    1.700   -30.022   -61.147   -81.707   -97.248
