
filled_synop: 30 data points in equal steps of sine latitude from +14.5/15 to  -14.5/15

CT2217:360          103.986   77.470   50.366   19.799    -2.851   -11.260
   -15.375   -20.054   -21.569   -24.816   -25.060   -20.319   -15.513    -9.869
    5.971   21.362   21.915    3.854   -11.156    -7.821    7.745   14.026
   15.937   24.188   21.002    7.840    -4.807   -27.266   -60.853   -90.096
CT2217:355          102.640   74.107   43.092    9.274   -13.594   -17.120
   -11.183   -10.536   -12.768   -16.965   -15.747    -8.559    -0.428    5.163
   10.840   14.021   16.340   18.934   21.020   19.571   18.454   16.780
   12.063    2.136    -3.952    -1.803    -1.766   -20.385   -52.359   -86.007
CT2217:350           95.651   68.739   39.460    4.943   -19.211   -22.139
   -16.253   -13.991    -6.298    3.274    8.111    9.949   13.377   18.602
   23.110   29.429   32.075   31.539   31.004   29.185   30.039   26.678
   12.700    -8.074   -16.165    -9.022    -3.776   -20.649   -51.021   -83.955
CT2217:345           91.215   62.890   33.638    1.723   -20.836   -26.875
   -23.406   -19.622    -6.087   13.377   20.861   13.451    0.773    4.515
   23.832   43.985   46.233   32.949   20.505   19.675   28.493   27.141
    9.070   -17.457   -25.407   -13.593    -0.894   -21.879   -60.030   -91.455
CT2217:340           91.084   63.793   36.697   10.518   -10.630   -26.300
   -40.170   -42.050   -23.298    9.084   23.347   15.712    1.440    5.603
   27.532   42.888   46.911   49.938   47.283   36.587   17.525    3.487
   -10.894   -27.408   -32.744   -18.863    -2.750   -15.750   -46.675   -81.099
CT2217:335           92.099   71.050   49.022   23.341    1.234   -17.019
   -38.433   -43.973   -28.680    -7.779    3.923   26.468   45.656   52.898
   56.656   60.486   60.710   59.153   56.892   42.347    9.704   -10.132
   -17.981   -24.291   -27.899   -16.461    -4.814   -23.509   -58.706   -88.574
CT2217:330           81.479   66.054   50.967   35.655   18.660    -3.867
   -32.040   -39.418   -20.500   14.177   30.972   44.714   61.423   66.563
   57.931   47.668   46.016   40.516   34.448   25.875   12.169    3.119
    -6.834   -14.734   -18.850   -14.478    -9.993   -26.979   -58.547   -89.232
CT2217:325           88.625   69.646   49.856   28.259    8.610    -9.389
   -28.799   -36.513   -25.336    -5.706    -2.769   14.670   14.294   12.522
   19.753    7.960   12.437   10.676    7.677    8.670    3.876    -3.322
    -6.571    -8.296   -14.076   -17.916   -21.047   -35.872   -59.594   -84.334
CT2217:320           72.048   62.615   51.363   38.545   24.983    6.599
   -18.351   -28.690   -21.659    -9.076   -20.095    -5.321   -20.323   -27.033
   -12.409   -26.470    -9.859    4.888   15.480   20.722   24.164   23.698
   12.015    -3.067   -12.261   -23.124   -34.164   -44.123   -53.586   -66.964
CT2217:315           65.361   57.365   50.859   44.810   34.952   20.237
    4.416    -3.447   11.177   34.310   -13.535   -97.240  -147.028  -153.887
  -152.801  -106.867   -47.527    -9.996   18.584   31.303   34.843   34.196
   17.918    -8.169   -21.341   -27.491   -33.138   -44.207   -57.704   -72.549
CT2217:310           63.938   55.323   47.624   40.712   32.528   24.003
   18.225   11.144   32.447   67.599   -51.673  -494.190  -915.165  -933.185
  -584.681  -197.114   -70.905   -30.357    8.112   29.174   39.714   43.162
   25.822    -1.399   -16.235   -24.242   -32.170   -45.246   -60.190   -75.579
CT2217:305           68.414   55.481   43.636   32.279   23.038   19.609
   23.188   11.084    3.090   10.462  -130.633  -803.427 -1610.052 -1637.922
  -860.226  -215.659   -69.720   -35.094    -0.243   20.161   31.497   36.448
   23.727    3.442    -9.955   -22.371   -34.246   -47.156   -60.733   -75.122
CT2217:300           70.002   53.361   37.937   23.440   12.335   10.897
   18.126    3.345   -49.474  -119.863  -175.981  -269.538  -310.305  -299.692
  -200.846   -40.299    9.892    -0.753    2.767   10.066   13.629   14.518
    7.646    -0.823   -11.111   -30.152   -47.881   -58.394   -66.550   -76.448
CT2217:295           91.746   72.563   54.995   37.014   22.307   14.950
   12.614    -0.933   -59.801  -142.417  -129.596  127.290  482.463  511.396
  239.171   57.262   37.548   14.424    -1.322    -0.313    7.201    8.077
    4.087    -1.182    -9.284   -18.929   -29.449   -46.959   -68.488   -87.759
CT2217:290           94.917   75.664   56.238   36.794   22.284   12.833
    0.624    -9.155   -37.041   -73.224   10.329  426.930  830.010  843.652
  478.422  128.705   52.603   31.289    8.673    -0.929    -3.572    -7.608
    -6.309    -3.099    -7.811   -14.113   -21.866   -39.283   -63.325   -87.717
CT2217:285           99.887   78.251   55.044   29.286   12.555    9.702
    7.680    9.880   21.631   41.851  137.113  439.919  702.971  702.364
  417.314  147.111   74.729   59.669   38.714   23.284   11.779    3.440
    4.922   11.433    6.977    -3.833   -17.218   -38.215   -66.017   -92.870
CT2217:280           98.957   78.286   55.907   31.934   16.205   13.218
   12.930   20.011   49.472   82.891  120.950  202.121  307.441  308.616
  197.389  136.257  104.885   81.250   62.144   43.751   26.782   15.309
   10.162    9.442    3.537    -5.392   -16.254   -40.018   -70.546   -97.587
CT2217:275           96.898   81.329   64.036   43.210   27.807   22.087
   21.962   25.002   38.985   60.297   29.987  -208.417  -434.442  -414.004
  -146.819   64.871   91.226   75.090   51.462   32.239   14.248    1.332
    -4.784   -14.393   -20.824   -18.091   -18.222   -37.936   -68.829  -102.163
CT2217:270          101.001   83.700   64.304   42.056   26.043   12.263
    -3.719    -7.151    8.263   32.202    7.937  -260.322  -647.151  -601.018
   -85.596  225.692  225.432  101.128   27.931   12.236   15.843   12.216
    7.522    7.056    0.530    -9.051   -18.635   -46.774   -85.784  -117.666
CT2217:265          104.135   80.698   55.266   29.082   11.295    2.545
    -4.073    -3.863    6.091   15.552   40.866  214.596  489.102  503.803
  354.096  332.678  279.078   99.252    3.474    -8.466    6.106    6.595
   11.629   18.896   13.402    -1.238   -18.082   -43.848   -75.916  -102.528
CT2217:260          109.327   81.554   54.226   27.241   10.094    6.996
    6.181    7.479   12.707   16.562   59.282  261.015  469.113  481.211
  308.014  173.852  135.457   53.800    -4.380   -11.601    3.525    6.083
   15.432   25.832   19.874    0.633   -19.474   -38.403   -59.198   -80.729
CT2217:255          110.672   82.387   54.997   25.129    7.012   11.512
   24.856   27.688   20.832   14.716   41.068  123.487  158.527  167.275
  123.969   41.551   22.788   24.915   18.136   10.685   21.053   25.527
   28.701   32.513   24.185    -2.529   -28.504   -43.685   -56.621   -72.189
CT2217:250          103.164   81.640   59.091   36.310   22.400   22.184
   24.592   21.839    9.692    -1.838    5.201    7.223    9.011    8.556
    -0.005    -7.546   -18.058   -10.323    -7.586    -0.457   17.383   23.761
   27.697   31.194   22.947    -0.582   -26.378   -44.798   -59.987   -75.068
CT2217:245           95.688   78.487   59.564   36.435   20.158   13.866
    8.340    1.394   -12.073   -27.063   -28.063   -26.310   -18.849   -19.289
   -20.282   -16.001   -17.404    -9.847    -5.347    -4.446    -4.229    -2.464
    6.446   15.875   11.002    -9.079   -28.612   -47.269   -65.736   -80.587
CT2217:240           88.155   68.241   47.550   27.471   12.521    3.825
    -2.676   -10.686   -22.000   -29.718   -29.766   -18.448    -3.001    -2.018
    -5.591    -3.070    -2.175    3.929    8.038    1.311   -10.469   -12.570
    -6.226    1.477    -0.071    -7.824   -19.890   -40.710   -63.104   -80.895
CT2217:235           80.086   59.139   39.438   19.771    5.092    -2.162
    -7.439   -15.204   -27.542   -38.129   -36.208   -17.873    -3.488    -2.835
   -12.653   -18.212   -11.323    3.583    8.245    0.469   -15.426   -19.348
   -12.262    -3.384    -3.798    -5.808   -11.376   -27.193   -49.946   -73.509
CT2217:230           71.440   51.531   32.961   17.468    5.510    -0.693
    -5.098   -11.753   -21.593   -30.822   -29.765   -16.579    -6.947    -9.701
   -24.578   -31.239   -22.170    -0.128    5.805    -5.748   -23.770   -28.239
   -25.263   -19.052   -14.338    -5.320    -3.905   -23.041   -47.749   -68.677
CT2217:225           66.111   54.741   44.573   34.980   24.472    8.495
   -10.093   -16.444   -10.984    -5.967    -5.439    -5.301    -4.805   -10.367
   -23.023   -28.356   -21.923    -4.471    0.228   -12.474   -29.089   -32.386
   -30.198   -26.455   -21.281    -7.299    -1.990   -17.456   -40.356   -61.369
CT2217:220           62.552   57.283   48.595   35.376   22.673    5.816
   -12.464   -16.105    -6.676    0.751    1.957    0.476    -2.580    -7.363
   -16.776   -22.343   -22.440   -19.926   -19.538   -21.409   -24.622   -23.134
   -13.180    -4.914    -2.036    5.747    6.033   -10.191   -31.911   -53.540
CT2217:215           51.074   43.883   33.003   20.048    7.140    -0.281
    -3.119    -3.934    2.512    8.210   10.218   11.777   10.132    3.136
    -8.213   -13.152   -16.282   -19.909   -20.609   -19.436   -16.915   -13.247
    -3.230    4.015    4.365    4.313    1.931   -14.354   -32.074   -46.962
CT2217:210           54.578   30.991   13.897    3.702    -4.373    -8.884
   -10.252    -6.104    9.510   19.578   20.107   14.036    7.724    0.085
   -11.451   -18.898   -22.782   -27.059   -28.549   -25.838   -22.626   -20.027
   -13.813    -8.412    -5.206    0.182    -0.043   -11.246   -27.529   -44.226
CT2217:205           69.527   50.728   31.352    9.382    -7.194    -8.885
    -6.163    -4.389    3.756   10.097   10.735    6.712    3.873    -1.684
   -14.365   -20.936   -18.681   -11.994   -10.897    -9.554    -7.805    -9.318
   -16.892   -18.981   -13.815    -3.494    -3.906   -18.220   -30.337   -40.960
CT2217:200           70.422   60.185   38.850    9.390   -12.135   -13.616
    -9.796    -8.108    -4.862    -2.189    -0.396    1.777    2.565    3.456
    7.082    4.920    -6.679   -22.510   -21.603    -5.513    5.411    4.647
    -8.292   -16.105   -11.130    -0.224    -1.654   -13.105   -25.488   -35.741
CT2217:195            8.741    -9.168    -8.940    9.111   26.850   20.090
    5.213    -0.890    -0.039    0.392    -2.997   -10.196   -14.762   -14.507
   -12.639   -11.364   -13.792   -18.397   -17.621   -10.567    -3.814    -4.971
   -12.067   -17.911   -12.685    -0.295    -5.345   -26.372   -54.728   -83.291
CT2217:190           44.797   29.241   18.200   11.850    7.604    0.473
    -8.297   -12.831   -13.123   -11.460   -11.347    -9.581    -7.745    -6.056
    -0.660    2.280    0.166    -3.789    -4.201    -2.955    -0.905    -3.942
   -12.786   -19.487   -17.234    -6.202   -10.064   -32.668   -54.551   -72.970
CT2217:185           59.385   42.753   24.827    4.336    -9.280   -10.116
    -5.186    -6.296    -9.696   -12.012   -13.033   -15.015   -15.549   -11.946
    -5.931    -1.319    2.998    7.974    9.049   11.084   12.505    7.149
    -8.916   -23.955   -24.652   -14.377   -14.962   -31.843   -50.921   -66.606
CT2217:180           80.372   48.775   21.422    -1.268   -14.321   -10.415
    -1.322    0.604    -0.024    -2.948    -7.473   -16.702   -22.150   -15.915
    -0.433    7.023   10.295   10.378   11.488   15.359   15.667    8.069
   -15.057   -33.732   -27.155    -4.382    -0.008   -11.077   -30.888   -55.254
CT2217:175          131.080   98.254   57.994   10.997   -20.898   -14.928
    2.999    5.192    0.167    -5.744    -9.214   -13.023   -14.639   -10.918
    -1.447    4.690    9.709   14.241   15.948   15.053   10.620    0.756
   -21.907   -37.042   -30.856    -8.124    -4.449   -23.045   -44.586   -63.854
CT2217:170          117.994   82.400   45.813    7.202   -16.070   -11.743
    0.366    1.981    1.778    -0.422    -3.801   -10.507   -15.413   -14.874
   -12.286    -9.710    -1.967    9.494   13.200   12.367    7.569    -1.868
   -24.106   -42.155   -38.238   -14.227    -7.686   -29.624   -54.556   -74.225
CT2217:165           78.463   52.630   29.355    7.664    -4.310    -2.563
    2.095    2.227    2.676    2.719    -0.190    -6.331   -11.659   -15.827
   -22.631   -23.424   -15.766    -2.608    2.448    2.061    1.060    -6.992
   -30.315   -49.268   -44.230   -19.003    -8.488   -22.534   -43.874   -64.009
CT2217:160           65.468   46.684   28.618   11.030    -0.016    -1.753
    -0.528    -2.372    -2.907    -4.031    -6.427    -7.334    -8.900   -14.203
   -26.291   -29.009   -20.162    -5.448    -1.150    -4.637   -10.729   -19.365
   -37.323   -49.507   -43.022   -15.240    -2.648   -21.966   -48.261   -71.929
CT2217:155           61.738   45.670   31.806   19.474   10.883    7.470
    5.462    1.811    -6.377   -13.544   -16.951   -17.955   -19.572   -22.267
   -24.374   -21.794   -12.564    4.059    9.093    -2.563   -18.257   -24.874
   -30.223   -32.095   -24.672    3.034   14.154    -9.493   -45.007   -76.865
CT2217:150           62.979   48.257   35.617   23.928   15.307   12.687
   10.405    6.442    1.063    -4.089    -9.806   -21.588   -29.136   -29.978
   -26.575   -22.908   -11.822    7.445   14.031    3.616   -12.753   -18.268
   -17.252   -15.596   -10.429    6.693   12.195   -11.254   -46.431   -78.096
CT2217:145           74.081   58.513   43.251   27.057   15.588    9.953
    6.133    2.687    0.447    -0.013    -3.044   -11.361   -17.177   -19.863
   -22.768   -21.140   -13.152    3.203   10.354   11.224   10.925    6.958
    -2.875   -10.019    -9.584    3.218    8.417   -12.970   -45.434   -76.775
CT2217:140           88.671   69.679   49.292   27.364   11.855    -0.262
   -13.449   -16.938    -9.220    -4.397    -0.757    8.154    9.168    4.605
   -12.952   -20.363   -11.084    7.112   14.660   18.513   21.863   17.040
    -6.252   -27.823   -26.653    -0.965    9.064   -16.385   -53.050   -83.982
CT2217:135           82.554   68.208   48.533   25.225   10.442    3.863
    -1.197    -2.856    0.342    4.396    9.384   21.447   27.964   20.224
    -3.188   -12.267    -1.595   17.958   25.339   22.244   13.293    7.797
    -3.579   -16.019   -17.540    -5.974    -1.627   -13.403   -30.535   -48.502
CT2217:130           89.267   74.746   55.613   32.547   14.115    -3.538
   -16.977   -16.880    -1.128   11.858   17.332   20.550   22.010   17.700
    6.763    3.855   13.680   30.845   38.134   38.829   33.579   28.781
   18.732    7.058    0.155    -0.862    -5.278   -21.363   -42.469   -63.269
CT2217:125           93.040   73.539   52.530   30.656   11.012   -20.508
   -49.729   -49.213   -14.595   13.674   15.770    -0.784   -12.970    -9.722
    -4.193    -1.779    5.353   20.391   28.845   38.606   51.745   51.068
   34.467   18.297    7.533    -7.696   -21.425   -38.061   -56.427   -73.072
CT2217:120           67.514   45.806   28.926   15.722    0.198   -25.362
   -46.593   -45.829   -22.212    -4.412    -0.884    -7.449   -14.295   -11.369
    -6.909    -6.621    1.205   12.099   18.119   26.354   34.994   35.253
   27.460   16.390    4.972   -14.845   -30.713   -43.017   -55.015   -67.871
CT2217:115           61.814   46.101   31.699   17.445    2.937   -14.140
   -27.707   -28.917   -17.356   -11.753    -9.071    -0.542    9.048    2.938
    -2.233    -1.467   -10.520   -28.796   -31.300   -16.123    1.253    8.613
   20.645   28.623   19.865    -6.334   -28.270   -44.378   -59.489   -73.337
CT2217:110           60.105   45.233   33.180   23.202   12.258    3.255
    -3.375    -5.478    6.008   16.712    6.961   -33.067   -56.693   -42.574
    -8.441    1.373   -10.842   -32.120   -37.027   -33.307   -23.185   -14.304
    6.362   22.044   18.325    1.341   -15.166   -34.895   -56.160   -73.692
CT2217:105           69.503   55.486   40.894   26.623   14.765    2.634
    -7.829   -10.129    -1.604    1.035    -5.616   -28.062   -37.985   -30.393
    -8.465    -2.584    -9.385   -26.369   -34.006   -40.109   -42.826   -35.709
   -10.205   12.096   12.664    2.093   -10.375   -28.972   -49.553   -66.994
CT2217:100           70.953   55.122   38.141   21.676    9.458    0.313
    -7.745   -13.259   -14.693   -14.830   -16.465   -17.126   -14.533    -7.723
    8.242   14.868    5.792   -10.158   -19.704   -38.275   -58.457   -55.696
   -24.885    2.087    3.936    -4.015   -11.127   -24.337   -42.112   -60.728
CT2217:095           71.774   57.288   42.433   26.943   13.272    0.060
   -12.981   -23.067   -39.410   -52.520   -46.238   -17.672    -1.239    1.761
    5.610   11.160   12.852   15.869   10.038   -15.809   -42.559   -46.369
   -35.748   -23.799   -22.217   -28.599   -34.586   -45.730   -57.127   -68.750
CT2217:090           74.332   63.980   55.821   46.494   33.347   13.224
    -4.659   -14.410   -23.533   -29.738   -29.631   -24.404   -20.759   -17.720
   -19.262   -15.753    5.344   34.810   34.969    4.510   -29.037   -35.807
   -28.685   -20.897   -18.652   -15.477   -16.307   -29.046   -46.637   -63.664
CT2217:085           78.681   67.097   58.850   50.784   35.338    9.472
   -13.603   -20.273   -12.009    -7.460   -14.200   -30.647   -35.656   -29.820
   -19.520   -10.424    7.389   28.278   28.336    7.425   -17.775   -22.683
   -14.078    -6.972    -4.519    0.267    -2.848   -20.233   -42.317   -61.531
CT2217:080           89.657   75.407   61.888   48.743   31.588    2.121
   -22.940   -28.354   -17.782   -12.955   -21.511   -44.101   -51.602   -38.956
    -6.861    8.589   13.294   18.359   17.055    3.619   -11.342   -13.648
    -5.802    -0.740    -1.363    -3.436    -9.910   -27.383   -47.090   -62.142
CT2217:075           96.237   79.647   60.269   39.065   19.776    -4.543
   -23.613   -27.151   -13.347    -5.574   -13.364   -36.953   -47.084   -35.127
    -8.929    0.038    -0.053    -3.034    -5.481   -11.802   -17.452   -16.631
    -7.237    -0.567    -3.839   -13.566   -21.904   -32.784   -44.016   -54.088
CT2217:070           99.461   80.594   57.282   33.141   16.086    2.926
    -8.566    -9.892    0.881    7.654   10.563   13.539   12.604    7.082
    -0.136    -3.227   -11.348   -18.621   -20.640   -19.318   -17.818   -15.274
    -7.000    -1.294    -5.535   -17.018   -25.336   -32.796   -39.021   -45.814
CT2217:065           95.855   79.059   61.387   43.325   30.201   21.552
   13.806   12.822   17.481   20.795   30.882   52.698   57.739   38.639
    -7.000   -25.754   -19.584   -10.814   -10.548   -11.295   -10.296    -7.763
    -1.835    0.692    -2.180   -10.696   -19.477   -26.274   -32.501   -39.631
CT2217:060           91.107   74.601   62.629   51.231   39.203   22.616
    9.854   10.226   19.763   25.012   30.721   45.743   53.762   37.179
   15.450    7.727    1.293    -2.313    -3.401    -5.448    -7.128    -3.959
   11.702   23.110   16.452    -1.218   -11.694   -17.659   -24.309   -32.565
CT2217:055           94.471   76.502   63.059   51.354   38.754   23.709
   12.038   12.408   21.866   24.405   22.508    4.014   -10.020    -0.794
   17.249   18.501    7.855    -0.960    -2.738    -6.519   -10.827    -8.427
    1.044    5.672    4.654    5.961    1.543   -13.259   -31.104   -46.227
CT2217:050          107.363   85.315   60.039   33.445   15.695    -1.373
   -14.331   -10.038   17.089   32.465   24.502    -1.383   -12.903    -9.859
    -1.864    -1.756    -6.004   -15.922   -15.479    -1.583   10.811    9.842
    -3.896   -14.286   -14.247    -7.351    -8.539   -20.068   -35.092   -50.975
CT2217:045          116.525   85.640   48.397   10.049    -7.874    -5.804
    -3.541    -4.673    -3.067    -0.453    4.079   18.377   25.041   10.582
   -10.320   -15.126    -9.837    -2.629    1.407    5.280    7.660    8.501
    8.662    7.498    3.970    4.222    -0.751   -22.328   -48.365   -67.372
CT2217:040          103.212   76.057   46.948   19.474    2.931    -8.048
   -17.239   -19.774   -20.634   -21.438   -12.707    4.309    4.961    -2.135
   -20.332   -24.970   -13.384    3.666   10.756   14.198   13.836   14.272
   15.122   13.551    8.354    1.870    -6.064   -23.547   -44.350   -62.553
CT2217:035           98.337   67.922   37.568    9.095    -5.768   -10.304
   -14.498   -15.993   -15.027   -13.845   -10.495    1.996    3.562   -14.277
   -37.906   -40.207   -24.576    3.031   12.296   13.597   17.431   15.987
    9.206    5.974    3.926    1.860    -3.871   -18.599   -38.721   -59.556
CT2217:030           86.991   57.507   29.161    2.441    -9.709    -6.049
    -4.271    -4.246    -4.700    -6.340    -8.987   -14.386   -21.700   -44.172
   -80.086   -85.607   -55.947   -24.871   -16.753   -18.840   -28.129   -26.480
   -17.551   -12.308    -9.238    -4.915    -8.115   -27.587   -49.650   -67.649
CT2217:025           94.897   64.320   33.564    5.977    -8.440   -10.013
   -10.846    -8.725    1.013    6.632    1.094   -13.622   -23.682   -40.829
   -65.843   -67.687   -34.105   13.678   17.411   -21.537   -51.537   -50.257
   -25.129    -6.256    -4.665    -5.890    -8.535   -23.034   -42.177   -59.793
CT2217:020           93.630   70.015   46.200   21.655    1.062   -26.607
   -44.765   -37.640    -3.984   11.124    9.611    -3.917   -12.660   -17.142
   -18.357   -15.157    -8.097    0.227    -1.198   -20.904   -42.487   -44.703
   -36.943   -31.116   -22.474    -5.196    -3.558   -21.616   -43.026   -61.744
CT2217:015           93.760   70.610   47.309   23.829    2.335   -27.581
   -45.990   -38.537    -4.441   13.334   13.059    5.605    3.121    -2.037
   -10.292   -10.055    1.054   13.157   10.579    -7.173   -20.204   -21.464
   -12.061    -3.425    0.717    8.074    6.011   -13.565   -38.765   -63.312
CT2217:010           97.039   73.168   48.583   23.798    3.559   -17.929
   -32.309   -30.588   -15.063    -6.676    -1.179    3.059    6.660    8.619
    7.863    9.080   14.050   19.336   15.132    -0.440   -12.746   -10.967
    5.207   13.614   14.473   16.026    8.574   -12.727   -39.838   -65.734
CT2217:005           99.679   78.554   53.138   26.140    8.776    -4.878
   -16.335   -19.959   -18.337   -14.648    -9.042    0.878    9.960   22.790
   38.178   41.990   32.561   15.847    8.853    4.021    -0.920    -1.368
   10.973   18.014   10.673    -8.537   -21.180   -35.978   -52.240   -68.654
CT2218:360           94.981   70.168   44.480   20.162    4.164    -3.917
   -10.726   -16.178   -22.863   -23.958   -19.470   -11.809    -1.686   21.196
   53.287   61.326   47.681   30.538   22.649   12.005    3.238    0.599
    1.946    0.492    -3.508    -8.784   -17.692   -34.030   -52.089   -69.669
