
filled_synop: 30 data points in equal steps of sine latitude from +14.5/15 to  -14.5/15

CT2137:360           10.034    4.895    -3.405    -7.053    1.591    0.278
    -2.486   -15.604   -55.824  -107.856  -185.447  -383.598  -569.702  -502.385
  -137.803  102.453  118.764   31.996   28.387  175.124  434.145  466.027
  257.468   -17.337   -91.876   -63.472   -26.704    -1.451   19.206   36.289
CT2137:355            5.802    4.382    3.481    3.109    -3.562   -28.866
   -50.768   -63.550   -83.253  -100.537   -14.239  528.421 1099.084 1124.400
  888.604  849.237  675.418  192.759   15.243   59.969  173.248  177.887
   75.695   -46.197   -87.676   -57.692   -26.203    -5.000   20.557   43.628
CT2137:350            5.112    5.622    9.917   19.207   13.252   -26.361
   -75.909   -98.593   -88.283   -82.630   -35.734  228.222  400.666  499.483
  503.739  433.121  408.245  183.112   66.195   65.644   47.799   12.311
   -23.894   -88.765  -120.513   -79.257   -43.543   -13.287   23.561   53.438
CT2137:345           12.730    6.631    -1.967   -12.176   -24.344   -40.228
   -54.322   -84.949  -114.400  -135.291  -234.925  -523.423  -655.871  -542.565
  -189.477   53.665  152.044  221.742  259.956  289.266  324.431  284.868
  156.119    1.677   -52.462   -60.073   -61.000   -29.056   13.877   54.302
CT2137:340           16.745    4.208   -10.414   -23.273   -30.380   -29.094
   -24.593   -80.754  -242.045  -364.221  -569.339 -1237.567 -1630.097 -1440.558
  -603.722   -59.437   96.219  281.709  407.155  415.282  460.783  420.240
  202.755   -43.024  -107.348   -96.435   -72.793   -25.757   22.513   62.014
CT2137:335           10.833    -1.960   -19.215   -40.831   -48.138   -20.637
   24.338   -25.093  -361.351  -781.850  -943.949 -1266.810 -1684.656 -1470.414
  -536.987   -25.681   30.736   -87.144  -157.460    3.871  216.901  193.997
   -75.524  -360.630  -379.765  -203.132   -63.804   -13.140   26.760   72.108
CT2137:330            6.507    -8.281   -23.075   -38.654   -40.150   -16.299
   14.994   38.876   69.001  120.481  143.837  214.622  279.208  227.464
   97.856   44.948    7.080   -67.463   -94.629   -96.248   -94.730  -165.146
  -396.601  -635.831  -617.965  -336.632   -90.542    -7.467   32.875   74.823
CT2137:325            4.716   -10.050   -24.363   -40.095   -36.920   -18.226
    0.240   95.072  340.485  560.402  748.185 1208.376 1529.342 1317.629
  528.500   69.324   -11.017    2.292    -3.403    -8.582   -13.120   -70.774
  -251.270  -449.780  -443.210  -236.982   -60.232    2.516   38.862   72.514
CT2137:320            3.848    -8.703   -19.857   -35.019   -29.184   -15.078
    -2.990  123.381  481.101  806.489 1003.190 1375.339 1562.741 1349.429
  558.828   43.727   -36.821   31.478   35.681   51.065  106.931   80.655
   -43.795  -163.599  -172.915  -113.557   -45.698    0.723   30.570   65.193
CT2137:315            1.172    -6.314   -13.387   -22.750   -19.980   -16.111
    -4.239   97.388  386.032  674.865  774.270  752.599  667.638  543.803
  235.881    3.305   -67.648   -40.714   -60.918   -82.053   -78.169   -87.625
   -93.243   -73.413   -57.629   -53.082   -48.241   -16.613   21.269   60.661
CT2137:310            6.726    -0.601    -5.717   -11.656    -8.498    -3.624
    6.063   51.273  123.406  189.676  214.868  184.489  114.225   72.993
   30.072   -25.133   -55.564   -52.114   -87.788  -220.243  -468.723  -518.447
  -340.805  -153.263  -109.919  -105.076   -93.263   -44.997   17.420   69.415
CT2137:305           16.316    8.755    -0.668   -10.196    -9.843    -2.166
    9.336   19.429    -0.811   -17.203   -32.905    -1.353   80.840   32.926
   -41.106   -41.685    -5.847   76.801   74.267   -93.952  -357.447  -412.488
  -294.852  -141.896   -97.224   -90.989   -81.253   -43.331    9.772   62.623
CT2137:300           21.040   12.556    1.104   -12.272   -17.489   -10.078
    2.637    -5.921   -58.577  -133.987  -213.160  -405.813  -544.004  -483.982
  -208.740   -46.856   35.733  175.340  209.836   82.789   -87.254  -132.420
  -117.855   -73.376   -57.970   -71.013   -72.703   -35.507   17.379   65.403
CT2137:295           25.430   15.967    5.520    -4.810   -12.750   -17.082
   -20.211   -26.581    -2.480   39.068   -52.307  -401.475  -618.860  -542.957
  -219.182   -45.740    8.353   70.209   83.502   54.084    9.371   -15.192
   -37.052   -51.553   -50.125   -69.092   -76.799   -37.046   19.012   65.012
CT2137:290           23.100   15.784    7.917    -0.582    -9.936   -22.442
   -33.045   -34.061    -8.169    -5.002   -64.741  -254.169  -381.683  -341.929
  -146.781   -35.778   -29.358   -75.039   -89.005   -58.744   -26.896   -28.506
   -36.236   -52.115   -57.260   -74.675   -82.663   -49.942    1.895   49.871
CT2137:285           22.744   15.776    8.511    -0.627   -13.170   -30.213
   -46.088   -43.481   -12.078    -4.824    -3.993    9.008   11.525    -4.395
   -39.693   -47.666   -56.399   -95.826  -109.154   -92.886   -63.253   -58.483
   -56.159   -55.472   -57.305   -72.460   -77.400   -53.116   -14.009   27.424
CT2137:280           30.490   19.225    7.514    -4.774   -22.217   -48.091
   -77.255   -77.356   -11.825   46.046   66.948  124.282  185.930  145.776
    8.707   -43.648   -52.786   -60.821   -62.532   -84.634   -98.114   -98.719
   -83.852   -67.339   -66.065   -76.607   -77.681   -53.609   -20.332   11.461
CT2137:275           28.962   21.307   13.950    4.297   -23.272   -77.160
  -125.716  -153.132  -162.780  -160.816  -137.964   -97.308   -78.937   -50.572
   -48.074   -47.796   -44.355   -44.076   -47.022   -76.604  -113.919  -124.403
  -110.323   -89.843   -87.038   -83.198   -74.449   -49.908   -14.305   22.878
CT2137:270           15.492    6.897    -1.383    -5.303   -38.107  -121.327
  -212.505  -282.242  -382.967  -450.015  -423.832  -283.764  -165.392  -107.600
   -58.032    -9.595   26.604   58.483   75.179   51.578   11.754   -14.282
   -48.568   -72.821   -87.763   -83.767   -74.785   -43.834    -1.686   34.760
CT2137:265           22.947   11.762    2.387    -6.605   -37.725   -91.459
  -152.342  -244.558  -449.332  -590.276  -559.463  -360.812  -206.331  -125.083
   -37.905   37.969  107.353  191.900  233.526  220.273  176.081  132.395
   50.421   -30.830   -69.028   -73.385   -70.588   -44.928    -7.875   26.324
CT2137:260           26.051    9.070    -5.376   -17.090   -40.651   -50.061
   -63.017  -147.007  -399.243  -580.600  -553.123  -365.521  -234.144  -139.365
   -29.918   52.362  167.768  321.447  392.115  427.484  417.328  359.992
  186.203    -0.189   -61.825   -67.192   -71.592   -45.820    -4.991   29.035
CT2137:255            2.760    -8.285   -15.447   -20.508   -40.474   -51.664
   -65.948  -132.549  -328.013  -473.300  -446.750  -291.924  -187.339  -106.824
   -21.791   43.002  148.818  282.037  359.589  491.309  634.971  588.968
  282.179   -11.152   -85.743   -87.143   -91.423   -59.963   -12.391   24.559
CT2137:250            3.967    -2.547    -6.542   -11.713   -35.364   -85.062
  -138.360  -162.489  -148.909  -129.431  -113.803   -73.918   -27.012    -2.801
    6.873   35.830   67.538  105.269  164.595  306.387  475.422  456.377
  229.280   10.621   -61.900   -84.164   -92.996   -66.678   -21.708   20.340
CT2137:245            5.789    -3.852   -10.228   -15.113   -39.740  -103.816
  -157.498  -152.080   -75.545   -21.013    -2.553    -3.377    -8.844   -23.761
   -71.012   -84.207  -121.641  -192.710  -174.278   -99.041   -54.115   -35.605
    6.740    0.186   -38.609   -68.692   -83.863   -58.079   -16.113   18.134
CT2137:240           14.353    -1.410   -16.117   -32.127   -59.997  -119.682
  -165.738  -146.319   -52.543    7.779   18.863    -9.331   -48.139   -71.793
  -148.500  -187.451  -188.803  -220.687  -201.614   -91.046   24.262   42.250
   25.365   -10.732   -38.697   -59.908   -69.892   -42.655    -4.489   26.181
CT2137:235           25.516    1.472   -22.462   -46.961   -74.420  -119.906
  -148.601  -116.717    9.190   87.754   80.893   26.774   -18.954   -41.077
   -87.110   -93.550   -49.375    -1.187   31.079  145.798  361.331  352.730
  125.257   -13.589   -40.729   -58.722   -70.103   -53.126   -16.014   24.017
CT2137:230           36.093    5.519   -25.552   -56.606   -74.690   -88.934
   -96.091   -67.807   48.124  107.475   62.320   -44.401   -40.592   -94.026
   -49.110   41.177  102.845  246.728  294.500  105.701  -160.453  -187.751
   -66.965    -5.568   -28.131   -72.924   -92.019   -57.615    -6.600   30.450
CT2137:225           36.863    8.128   -22.637   -51.428   -63.418   -52.123
   -39.077   -21.377   44.560   74.948   -32.099  -449.295  -724.158  -574.974
  -324.793  -242.656   -42.022  193.852  236.799   81.875  -194.733  -229.351
   -85.135    -4.998   -20.676   -64.720   -88.085   -60.987   -15.941   21.262
CT2137:220           17.398    0.247   -16.588   -34.938   -42.388   -31.091
   -28.370   -38.982   -43.339   -65.277   -86.996  -115.829  -146.226   -99.753
   -54.472    -1.378  104.615  227.853  270.264  380.866  532.894  487.244
  238.915   44.751    2.810   -52.062   -86.226   -72.899   -32.593   11.696
CT2137:215            -5.108   -18.418   -24.343   -25.355   -33.269   -30.306
   -36.494   -86.631  -177.693  -264.558  -246.882   88.168  374.958  278.682
  198.057  289.023  254.363  159.594  136.979  229.973  428.197  395.027
  166.176   52.502   36.949   -47.486   -94.672   -64.884   -13.563   22.799
CT2137:210           16.637    3.846   -10.494   -22.893   -36.420   -43.281
   -56.497  -139.589  -316.094  -479.083  -688.276 -1098.619 -1255.815  -981.352
  -397.831  -146.670   -13.786   49.168   -35.729  -632.937 -1360.565 -1305.015
  -520.762   33.695   94.532   -10.775   -71.935   -64.587   -29.020    6.036
CT2137:205           19.969    8.126    -4.347   -14.577   -28.318   -45.972
   -69.283  -138.071  -225.558  -327.975  -686.495 -1639.469 -2130.046 -1665.285
  -673.949  -291.167  -135.272   60.240   16.842  -557.033 -1105.068 -1063.841
  -451.899   82.637  151.180    -0.505   -66.702   -59.807   -33.541    -7.819
CT2137:200           20.611    8.866    -5.127   -17.980   -24.688   -15.575
   -19.630   -68.009  -130.627  -217.397  -428.729  -872.854 -1068.179  -957.464
  -589.312  -379.725  -212.173   22.712   36.689  -204.869  -359.785  -342.010
  -120.647  130.896  164.561   19.274   -58.290   -55.739   -33.309   -15.841
CT2137:195           11.746    3.865    -3.079    -8.654    1.107   48.426
   72.496   47.634   -15.462   -65.061    6.417  336.700  475.711  150.124
  -455.052  -593.222  -386.642  -113.436   -44.046   -16.574   -10.909   27.967
  110.809  169.429  163.111   38.633   -42.997   -55.696   -41.045   -25.555
CT2137:190            4.711    2.384    0.444    -1.283    8.126   45.612
   64.737   52.598   -20.111   -42.920  114.419  437.996  491.385  270.400
  -215.443  -384.034  -304.697  -134.722   -72.477   -42.008   -28.896   20.075
  126.074  186.158  153.104   34.560   -30.632   -36.588   -30.165   -29.178
CT2137:185            1.756    2.733    5.230    6.367    7.536   11.901
   13.511   19.066    0.673   33.282  205.395  550.890  649.959  433.740
    7.082  -159.282  -131.416   -46.197   -20.402   -29.868   -39.636    0.177
  113.520  179.973  147.023   40.963   -25.580   -38.092   -35.113   -35.691
CT2137:180            5.128    4.071    5.225    6.569    -4.285   -39.134
   -63.595   -37.440   18.614   89.407  233.236  501.036  593.922  423.785
  100.680   -22.581    7.306   81.307   93.215   48.579   14.261   31.802
  104.521  148.650  115.642   29.458   -21.821   -36.561   -40.011   -43.668
CT2137:175           10.246   10.346   12.936   13.009    -8.131   -72.074
  -113.415   -82.515    -3.580   78.697  180.695  312.735  350.388  279.249
  121.199   58.076   88.192  144.520  152.134  116.233   77.165   73.909
  115.438  135.363   99.918   33.386   -11.493   -24.121   -29.419   -39.199
CT2137:170           20.012   20.233   21.103   15.895   -15.944   -94.942
  -140.133  -101.150    2.727   93.979  182.302  304.698  352.447  286.184
  148.434  118.455  181.380  272.079  290.606  253.211  208.855  175.916
  155.816  133.522   91.317   36.846    -4.277   -21.396   -27.926   -34.403
CT2137:165           30.996   22.842   17.219   10.482   -16.156   -87.453
  -126.193   -83.288   31.563  129.223  207.231  331.667  391.267  311.997
  160.731  155.771  293.730  486.564  524.612  436.240  335.918  278.025
  208.537  138.816   85.155   33.185    -6.605   -17.540   -21.576   -31.684
CT2137:160           32.256   23.962   16.968    4.755   -26.531   -96.247
  -128.009   -76.718   39.966  120.917  179.177  226.102  239.741  214.374
  143.009  173.606  358.072  554.477  602.834  573.719  481.124  393.393
  250.628  122.574   63.583   24.442   -11.215   -19.456   -20.037   -23.481
CT2137:155           41.899   29.090   19.192    7.233   -21.365   -99.649
  -133.124   -61.908  123.414  227.934  237.697  182.222  165.601  158.846
  148.899  210.981  484.884  794.634  843.831  738.279  609.484  490.532
  280.608  126.697   64.776    6.019   -34.187   -29.614   -18.668   -14.240
CT2137:150           30.504   21.465   14.756    7.663   -16.162   -96.247
  -133.356   -54.057  175.203  307.914  283.215  167.788  133.270  135.177
  150.911  210.962  465.276  782.232  824.312  663.260  499.705  394.260
  234.386  112.337   59.357   22.071    -4.463    -9.208   -15.536   -19.567
CT2137:145           35.800   23.044    9.429    -7.415   -25.457   -61.153
   -63.230    5.592  162.525  250.161  226.549  125.800   78.820   78.121
   97.197  120.858  207.602  354.995  365.694  209.665   89.015   17.567
   -72.916  -134.531  -123.857   -35.515    8.607    5.577    -8.713   -17.808
CT2137:140           39.816   26.289   10.935    -3.609   -10.666   -24.214
   -12.536   41.025  130.315  168.160  159.578  118.151   78.589   33.431
   -14.438   -47.507  -197.109  -401.280  -399.724  -262.163  -166.625  -209.577
  -311.558  -359.383  -310.260  -114.419    4.288   25.028    8.739   -10.562
CT2137:135           43.428   35.299   23.061    9.105   14.730   15.133
   32.367   95.222  223.757  268.022  225.988  123.169   62.986    -4.038
   -65.000  -102.445  -259.638  -463.573  -428.241  -175.540   -51.301  -106.454
  -358.481  -525.448  -447.884  -131.873   17.799   13.318   -11.881   -15.682
CT2137:130           43.113   25.898    4.573   -10.129   12.456   65.812
  112.592  181.625  330.762  378.420  271.815   34.675   -73.257   -87.573
   -80.027   -67.778   54.251  245.832  336.320  587.126  831.527  664.938
   58.426  -270.925  -266.933  -102.440   10.855   29.933    7.918   -13.832
CT2137:125           50.789   31.388    -0.115   -30.343    3.167  103.677
  163.079  191.268  247.214  255.557  148.662   -32.500  -102.610  -123.490
  -127.551  -111.842   59.247  316.226  369.630  405.948  467.261  349.098
  -113.621  -382.686  -310.488   -68.729   24.888   18.824    -2.271   -13.239
CT2137:120           55.126   20.789   -15.600   -31.814   15.040  155.099
  231.852  175.256    -1.357   -91.347  -121.017  -125.941  -133.025  -124.627
  -106.192  -126.439  -289.613  -531.910  -536.208  -413.853  -399.636  -375.657
  -319.458  -286.256  -221.204   -57.588   43.669   34.934    -0.204   -30.115
CT2137:115           67.204   36.794    -0.909   -25.172   25.123  160.971
  220.538  101.757  -213.146  -366.638  -315.685  -165.924  -118.049   -59.570
    2.459   -27.317  -236.105  -460.867  -532.594  -569.532  -568.969  -513.885
  -325.548  -183.352  -101.017   13.288   69.102   48.113    -1.451   -51.178
CT2137:110           71.802   48.683   12.168   -20.131   11.815  132.198
  185.409   97.870  -126.914  -234.696  -202.299   -58.265    9.627   70.938
  136.974  122.213   11.824   -72.938  -166.740  -348.834  -414.436  -362.093
  -172.333   -38.479   12.606   39.598   57.078   16.555   -36.087   -74.259
CT2137:105           58.023   32.239    2.748    -9.284   28.659  120.878
  165.336  121.300   26.053   -36.875  -105.248  -126.023   -86.479   23.600
  216.240  248.496  120.008   -42.316  -113.391  -191.648  -245.277  -189.735
   -17.174   88.913  111.865   82.357   56.911   17.185   -30.812   -75.579
CT2137:100           53.240   39.482   13.940    -8.635   24.657  109.374
  161.965  156.183   93.582    -2.002  -173.894  -527.056  -616.134  -305.053
  124.050  204.536   93.059   -43.848   -85.769   -95.298   -96.711   -58.725
   43.375  103.465  109.146   64.968   37.204    -2.292   -44.925   -79.718
CT2137:095           44.790   24.040    2.648    -4.069   38.782  137.632
  207.912  268.104  383.730  377.542  110.897  -363.012  -484.531  -274.624
   25.285   88.477   53.519    0.336   -29.406   -61.394   -80.126   -47.917
   33.708   80.201   85.272   63.440   38.712    -4.702   -47.696   -81.812
CT2137:090           46.333   32.111   12.443    1.691   52.350  152.477
  214.065  293.085  462.425  509.293  361.755  116.348   45.143   45.975
   65.981   69.909   53.495   30.321    9.085   -24.345   -45.951   -31.196
   18.247   47.572   52.223   48.273   38.975    8.976   -30.697   -69.712
CT2137:085           46.971   36.095   16.776    2.299   46.110  163.200
  214.142  176.177   56.120   16.613  139.774  393.347  452.323  299.561
  113.215   74.270   64.839   54.778   39.706   14.037    -1.110    -7.322
   -10.441    -5.931   10.522   41.308   42.679   12.327   -22.205   -54.689
CT2137:080           41.841   20.032    -2.801    -7.215   44.224  171.715
  217.404   75.363  -284.336  -396.265  -176.323  204.582  298.669  221.371
   79.869   46.977   57.431   69.606   61.868   32.983   12.234    2.755
    -2.777    -3.034    5.266   29.777   35.355   12.830   -16.409   -43.840
CT2137:075           43.307   27.266    5.738    -5.983   31.482  131.450
  153.187    -0.180  -327.381  -426.282  -265.026   43.365  137.517  102.186
   26.845   17.264   50.624   85.462   92.077   73.874   54.973   38.753
   16.312    -0.647    1.301   22.517   24.248    9.121   -11.543   -32.966
CT2137:070           47.505   32.935    9.652    -9.378    3.567   70.038
   81.139   -19.430  -225.060  -280.249  -205.054   -44.334   14.905   13.759
    -9.066    2.196   55.015  105.784  133.466  160.617  160.107  130.550
   50.968    2.181    0.850   31.859   35.168   17.586    -3.978   -23.627
CT2137:065           15.479   10.751    8.545    8.779    1.060    -9.887
   -22.959   -47.115   -76.627   -88.994   -79.517   -44.232   -22.172   -27.377
   -27.486    -3.756   51.837  111.832  167.135  295.787  374.692  299.548
   91.127   -12.118   -17.407   22.785   34.321   22.431    0.998   -20.707
CT2137:060            -9.453    -1.332   13.973   26.959    8.827   -45.940
   -69.216   -48.062   17.519   30.126   -47.950  -157.331  -169.497  -111.255
   -10.050   18.502    3.535    0.907   64.169  210.118  272.036  223.279
   48.773   -48.104   -42.995   21.755   36.488   23.077    2.526   -16.606
CT2137:055           -17.702    -4.963   16.179   33.574   16.564   -44.004
   -66.485   -31.109   52.816   69.865   -45.111  -279.829  -333.775  -166.418
    -1.882   23.028   -10.769   -22.412   37.015  178.838  239.244  195.418
   33.935   -54.799   -49.007   18.080   36.040   20.701    -0.810   -18.162
CT2137:050            3.609   11.977   21.637   26.258   16.847    -7.591
    -7.069   39.600  120.566  155.322  217.705  336.806  343.752  160.034
    -1.623   -29.414   -25.291   -12.343   33.321  177.857  266.214  203.384
   15.898   -68.378   -57.949    -1.921   17.130    9.783    -4.853   -18.362
CT2137:045           10.022   12.827   16.336   19.670   25.656   29.664
   39.066   83.747  163.096  209.307  310.002  455.553  456.642  257.545
   28.910   -23.143   -26.867   -30.451   -15.791   32.276   61.085   52.326
   25.319   10.528    6.492   16.181   16.065    3.328   -11.486   -23.060
CT2137:040           12.068   18.298   24.040   29.219   39.047   53.983
   65.424   77.934   83.588   98.272  109.067   64.741   41.144   67.161
   46.962   15.796   -12.571   -28.825   -47.493  -117.437  -157.478  -112.364
    -7.717   30.778   26.937   15.694    8.598    -0.597   -11.157   -20.628
CT2137:035            8.233   20.016   32.176   42.450   50.779   60.306
   61.081   47.972   15.403    7.448    5.395   -11.092   -16.600   14.357
   42.105   26.462    -6.269   -22.327   -36.803   -74.104   -93.280   -66.521
    -4.396   17.298   14.820    4.487    0.017    -3.479    -8.340   -12.515
CT2137:030            0.080   17.037   36.749   52.534   55.216   53.265
   43.953   22.654   -17.270   -31.110    -9.462   29.729   39.177   23.170
    5.931    -1.551   -28.633   -54.078   -38.493   52.979  111.684   81.355
   21.111    5.579    5.699    0.701    -0.570    -0.199    -1.077    -2.463
CT2137:025            -7.088    9.730   27.519   39.100   34.470   18.737
    -3.856   -38.190   -67.481   -74.173   -61.299   -15.682    -2.191    -8.102
   -20.023    -8.111   -17.545   -25.787   -16.281   11.863   21.878    2.046
   -29.942   -41.316   -30.621   -15.466    -6.298    -2.125    0.439    3.734
CT2137:020           -14.781    -4.872   13.463   28.161   11.926   -14.543
   -40.801  -131.033  -296.310  -364.126  -299.284  -188.320  -176.997  -215.026
  -162.383   -90.598   57.180  160.268  140.158   -75.447  -219.652  -204.166
  -116.763   -85.128   -62.620   -28.052    -7.731    4.939   15.181   22.595
CT2137:015            -3.835    3.922   12.848   13.446   -12.373   -56.327
   -84.374  -120.151  -150.811  -188.919  -324.184  -478.822  -519.945  -552.809
  -585.861  -432.150  133.118  528.191  447.626   58.399  -133.302  -161.730
  -125.526  -107.250   -83.865   -44.797   -20.333    -6.356    6.623   18.842
CT2137:010            7.113    7.312    7.788    3.888   -31.843   -95.806
  -117.727   -58.895   65.582   69.663  -137.281  -427.848  -489.238  -438.714
  -398.232  -298.513   45.263  290.350  276.996  103.941    5.152   -40.102
   -89.951  -111.587   -93.415   -49.233   -26.983   -12.631    -0.705   11.392
CT2137:005            7.063    3.464    1.886    0.111   -14.438   -53.071
   -64.046    6.554  141.606  193.240  258.369  374.752  386.351  303.378
  289.850  207.646  -164.200  -419.142  -296.184   49.040  175.759  114.008
   -39.025  -100.679   -93.424   -55.501   -39.784   -29.248   -18.015    -2.175
CT2138:360           12.441    6.895    1.836    -1.356    9.108   35.796
   47.030   35.450   -10.984    5.497  223.818  449.927  501.473  482.497
  401.339  297.836   -40.982  -246.898  -176.252  137.734  278.352  209.162
   26.087   -55.354   -68.764   -57.572   -48.263   -30.346   -11.549    9.446
