
filled_synop: 30 data points in equal steps of sine latitude from +14.5/15 to  -14.5/15

CT2185:360           66.839   48.426   30.638   12.949    -0.108    3.747
   15.715   12.046    3.686    -3.446   -17.176   -47.433   -58.444   -50.747
   -30.524   -12.147   23.719   67.569   82.754   87.383   86.722   67.583
   24.252    -1.232   -20.419   -38.948   -48.854   -50.749   -51.806   -54.300
CT2185:355           63.785   50.238   34.301   17.445    6.260    4.078
    5.194    -0.757   -18.256   -35.837   -51.817   -81.069   -92.143   -72.288
   -24.614    -4.336    -5.323   -12.358    1.621   45.444   69.722   62.423
   31.246    7.274   -11.990   -30.588   -42.514   -48.382   -54.288   -60.852
CT2185:350           52.706   56.500   49.440   33.248   19.873   13.849
   10.403    4.875    -8.316   -20.222   -30.397   -53.880   -62.906   -47.703
    -9.956    0.993    -7.785   -17.066    -8.645   27.948   56.543   53.379
   29.042   13.871    -0.557   -18.814   -34.022   -46.834   -62.257   -80.987
CT2185:345           46.596   43.851   40.463   34.364   24.722   12.306
    -1.174    -3.847    4.761   13.309   18.153   30.502   36.315   30.034
   11.948    -1.105   -19.217   -39.317   -40.235   -15.624    7.136   16.609
   27.674   31.118   21.041    1.946   -15.838   -37.604   -59.404   -78.790
CT2185:340           35.103   27.715   25.101   28.778   26.044    8.962
   -14.869   -11.495   25.224   56.168   69.992   86.449   89.234   72.918
   37.951   14.000   -15.378   -50.071   -68.587   -88.473   -98.769   -73.111
    0.505   37.455   27.970    1.926   -15.898   -34.308   -51.593   -68.533
CT2185:335           34.085   27.884   24.703   24.089   20.434    5.017
   -13.065    -6.313   34.059   69.825   82.018   84.705   80.398   66.354
   42.370   23.615    -5.297   -42.564   -66.669  -106.325  -133.310  -107.833
   -28.060   15.051   12.779    -6.462   -17.459   -31.256   -44.650   -60.065
CT2185:330           43.022   33.408   21.243    6.072    -5.502   -15.786
   -23.964   -15.561   25.470   69.713   69.325   40.963   29.063   20.099
   18.099   13.277    -4.015   -13.307   -34.262   -90.460  -128.824  -106.854
   -27.087   18.993   20.615    4.014    -8.748   -25.089   -39.632   -55.165
CT2185:325           47.682   36.482   22.020    7.422    -3.385   -14.147
   -26.403   -22.878    -3.548    5.621    6.768    -3.699   -16.328   -16.703
   -19.320   -29.204   -14.479   -11.216   -29.541   -71.715  -105.334   -88.575
   -14.694   27.991   24.318    2.437    -9.205   -22.967   -37.085   -51.507
CT2185:320           45.051   41.442   38.764   37.269   33.250   20.065
    8.827   14.415   32.826   51.827   47.686   18.180    2.439    8.982
   47.025   59.369   42.216   24.542    4.201   -47.281   -85.657   -77.535
   -30.496    -3.881    2.000    -1.158    -7.823   -24.752   -39.418   -52.281
CT2185:315           42.581   38.044   33.778   27.377   23.344   21.560
   19.657   31.140   76.553  111.533  103.497   52.123   10.444   20.633
   49.720   56.010   50.569   46.309   29.899   -31.469   -80.155   -71.846
   -30.132    -8.017    1.216    4.710    -2.808   -21.822   -41.601   -61.541
CT2185:310           47.018   34.894   23.563   10.222    5.051   10.211
   17.895   30.813   84.500  130.621  113.032   69.686   72.925   35.289
    -1.082    -2.285    2.953   -10.577   -19.266   -30.699   -43.152   -28.800
   32.043   66.018   53.148   21.320    3.993   -18.647   -41.400   -67.154
CT2185:305           41.458   31.438   18.590    4.034    -0.804    8.371
   23.090   32.144   49.725   58.192   19.068  -108.645  -176.355  -155.272
   -49.862    0.172    -2.481    -8.030    -8.679   -14.143   -14.846    -1.869
   36.386   56.504   49.987   27.958    6.020   -27.353   -62.280   -95.697
CT2185:300           22.153   19.355   12.376    1.470    -1.269   11.137
   26.066   28.441   24.567   14.748   -31.465  -225.728  -383.923  -298.232
   -91.708   -28.270    -9.242    2.861    7.012   10.563   17.278   24.525
   43.044   51.555   44.974   29.164    5.200   -34.320   -77.403  -117.887
CT2185:295            -1.915    5.172   15.040   28.686   37.346   38.907
   41.032   42.492   35.678   29.160   22.493   29.845   61.030   41.436
   23.226   27.989   36.037   45.936   47.416   25.533   11.410   16.935
   45.927   57.627   43.841   22.566    -1.908   -43.835   -83.999  -122.735
CT2185:290            -6.578    1.529   12.612   24.124   31.133   31.216
   25.276   25.855   36.359   46.573   70.498  174.212  251.382  220.800
  132.532  111.547   87.570   55.678   51.188   57.466   49.705   46.584
   43.275   34.525   26.489   23.464    5.235   -33.389   -77.235  -118.584
CT2185:285            7.916   11.371   16.189   22.434   27.654   31.995
   35.966   35.024   23.153   12.565   26.138   59.251   59.341   74.646
   47.413   19.691   54.814   95.010  104.516  127.769  153.032  130.605
   49.030    0.781    -0.866   16.165    3.707   -32.637   -71.905  -113.008
CT2185:280           14.387   16.343   16.311   14.425   15.588   24.734
   37.150   33.139    3.618   -21.735   -20.090    -9.697    2.190   24.196
   66.099   83.066   76.250   60.604   63.170  100.574  132.623  114.911
   48.688    6.554    0.608   13.818    2.999   -31.972   -70.834  -108.655
CT2185:275           18.706   17.925   16.724   15.705   17.917   27.030
   40.435   36.011    -5.699   -56.061   -56.231   -22.738    -3.572   26.636
   97.919  131.334   93.353   29.512   19.604   40.429   54.879   49.216
   26.754    6.288    -1.200    5.270    -6.458   -38.720   -75.154  -108.548
CT2185:270           14.544   10.208    8.178    8.812   10.350   18.100
   28.766   25.310   23.421   33.853   34.601   40.700   66.417   69.323
   56.177   50.821   45.450   28.822   29.469   35.203   47.593   45.787
   38.231   27.482    6.456   -16.585   -36.119   -62.211   -86.826  -110.333
CT2185:265           15.450   17.212   21.686   28.254   33.144   36.661
   40.387   33.524   10.834   -20.619   -24.410    -2.911    8.404   16.098
   10.522    8.882   11.763    5.442   14.734   51.472   90.775   87.062
   52.727   25.277    6.696    -9.365   -27.597   -51.792   -77.866  -104.038
CT2185:260           28.584   31.496   33.285   34.725   35.288   38.683
   44.380   32.677    3.112   -24.169   -38.650   -53.000   -53.719   -36.616
    -3.692   19.558   30.715   13.097   21.440   93.606  150.161  138.267
   72.998   25.948    7.846    -2.449   -21.611   -51.932   -83.115  -111.292
CT2185:255           43.433   44.944   43.427   37.951   33.295   32.789
   35.928   17.977   -31.314   -88.402  -110.083  -124.941  -130.060  -102.413
   -15.477   54.969   77.625  148.905  187.592  161.990  148.424  132.696
   74.220   29.199   18.995   26.165    6.528   -46.732   -98.627  -134.610
CT2185:250           42.843   43.333   43.174   43.803   41.760   35.072
   27.811    1.652   -68.975  -143.204  -165.971  -170.990  -163.969  -147.559
  -170.665  -199.611   -96.341   19.794   50.396   72.926   76.848   72.744
   60.475   44.801   29.989   19.499    0.940   -30.990   -69.533  -107.727
CT2185:245           54.008   54.005   48.878   37.468   28.169   25.981
   29.919    5.615   -74.323  -166.402  -176.766  -116.422   -59.435   -28.320
   34.400   93.180   58.669   18.589   20.747   33.802   51.302   51.725
   48.565   41.538   28.826   13.833    -5.491   -36.458   -69.651  -101.292
CT2185:240           48.586   47.857   47.313   48.272   46.212   41.146
   38.237   16.433   -48.443  -113.781  -108.127   -22.529   52.875   92.176
  146.780  171.103  131.221   46.772   24.628   33.831   51.473   50.382
   36.868   24.885   16.765   13.961    -0.562   -30.043   -65.364  -100.638
CT2185:235           41.617   43.173   44.618   48.700   48.764   40.574
   28.672   10.172   -25.120   -60.269   -43.427   51.785  134.161  161.200
  169.265  163.602  124.216   40.364   11.360   22.048   35.128   34.644
   25.738   15.791    8.282    7.151    -7.073   -40.191   -74.413  -104.112
CT2185:230           39.409   42.419   42.835   41.206   37.437   28.997
   18.272    6.444   -10.081   -25.104    -3.542   73.143  127.641  141.919
  118.813   93.884   68.063   21.432    2.992   14.085   32.989   34.953
   24.363   13.803    2.416    -8.985   -25.031   -50.376   -75.506   -97.058
CT2185:225           39.416   41.994   42.169   42.585   40.150   27.611
   10.246    -0.159    -6.450   -12.302    1.909   56.778   96.010   97.638
   64.452   37.228   13.847   -17.884   -26.547    -6.302   19.365   28.529
   28.399   23.940    6.934   -22.874   -44.026   -57.215   -70.241   -86.550
CT2185:220           44.013   44.633   43.605   42.250   39.190   30.514
   19.626   12.480    9.569    6.248   10.205   37.849   49.380   40.810
    6.334   -19.232   -36.566   -59.380   -61.209   -29.441    9.505   24.510
   35.291   37.808   18.187   -22.234   -49.154   -65.945   -79.777   -93.866
CT2185:215           51.374   49.922   49.657   52.570   51.015   39.518
   21.479   12.355   20.886   39.921   34.686   14.800    3.612   -12.993
   -48.369   -64.318   -71.886   -83.490   -77.326   -47.894    -9.393   11.867
   45.528   64.519   44.459    -2.357   -35.018   -69.172  -103.481  -128.186
CT2185:210           23.133   30.304   39.539   52.684   59.254   51.752
   37.547   24.478   13.641    -3.333   -39.906  -108.887  -170.671  -176.764
  -152.542  -130.753  -111.628   -96.489   -80.689   -58.325   -29.076    -6.613
   31.636   56.236   40.884    -5.760   -40.721   -63.682   -84.863  -104.621
CT2185:205           14.771   24.963   35.323   47.458   53.568   52.653
   54.014   40.280    9.229   -30.873   -97.684  -235.032  -313.587  -308.621
  -214.508  -124.691   -87.821   -60.025   -42.040   -47.615   -50.978   -37.355
    3.574   32.663   21.539   -16.498   -40.498   -56.947   -72.274   -89.272
CT2185:200           17.450   25.688   33.533   45.773   54.312   55.885
   59.953   41.864    -1.374   -50.546  -123.321  -357.690  -577.652  -532.487
  -244.416   -70.757   -22.697    -6.294    -2.698   -30.807   -69.468   -71.695
   -32.639    4.529    0.564   -24.092   -43.045   -57.650   -69.493   -84.457
CT2185:195           23.516   31.528   40.256   49.828   51.982   48.069
   47.370   24.679   -27.291  -100.923  -152.772  -270.798  -390.319  -335.338
   -80.513   85.068  108.592   81.236   66.253   13.266   -65.064   -81.241
   -45.446   -15.511   -16.831   -26.673   -36.928   -54.423   -73.071   -92.265
CT2185:190           29.848   37.475   41.870   48.871   47.339   32.931
   15.831   -11.259   -59.965  -106.704  -113.283   -58.824   46.645   88.649
  126.295  177.336  179.928  132.097  104.167   64.437   12.410    -9.337
   -21.662   -26.421   -23.068    -4.012    -7.910   -38.980   -76.135  -109.570
CT2185:185           31.308   38.464   44.783   53.304   49.605   14.905
   -39.840   -80.660  -142.331  -225.768  -216.954   -39.231  132.607  177.842
  150.349  126.009  135.958  140.386  131.766   91.613   35.644   12.964
   10.135    6.577    2.931   11.210    5.174   -30.536   -83.856  -141.621
CT2185:180           28.132   35.774   39.765   50.408   47.448    1.092
   -70.593  -117.505  -173.054  -235.162  -214.375   -54.451  102.858  136.544
   88.858   58.776   66.381   85.492   85.650   85.127   80.377   62.109
   28.187    -1.064    -6.033    7.989    -4.230   -64.114  -130.684  -181.036
CT2185:175           24.778   35.717   44.308   55.391   51.890    9.398
   -62.159   -97.521  -104.944   -95.103   -67.205   -11.223   46.763   61.822
   24.393    -2.609   12.988   67.431   89.996   87.347   84.263   66.668
   21.065   -19.051   -27.010    -5.122   -12.158   -65.469  -129.215  -182.547
CT2185:170           20.251   27.726   37.045   52.767   53.587   19.998
   -37.256   -55.499   -32.506   13.014   44.908   72.481   93.232   92.703
   45.039   10.652   17.742   58.235   77.136   78.704   71.370   51.996
   11.652   -27.507   -42.330   -24.619   -22.457   -63.400  -122.173  -179.150
CT2185:165           16.677   19.055   24.723   44.772   50.713   22.401
   -36.573   -49.216    -1.182   69.069  102.778  151.670  201.590  195.647
  111.501   75.742   62.463   62.400   69.759   87.175  132.945  119.989
   24.026   -60.410   -70.657   -27.626   -26.172   -82.696  -147.189  -186.949
CT2185:160           28.416   34.278   40.958   50.260   47.348   14.280
   -47.651   -57.106   20.836  143.804  187.341  166.243  126.226  126.806
  110.847   85.083   84.135   82.118   70.952   90.140  120.476  104.610
   48.876   -10.182   -28.324   -11.018   -12.072   -55.956  -114.043  -163.379
CT2185:155           50.339   52.394   51.763   51.973   44.320   14.043
   -39.581   -47.972   27.783  160.362  208.008  156.143   99.254  125.447
  200.793  209.603  207.830  155.505  101.861  116.589  158.801  145.313
   70.972    -5.617   -21.729    -0.050    1.601   -29.564   -72.572  -118.074
CT2185:150           62.285   64.407   61.482   55.826   46.783   25.735
   -16.093   -25.285    3.456   43.620   66.260   79.164   76.024  141.102
  420.796  622.984  531.526  239.433  115.220   94.895  124.591  121.104
   69.185    9.489    -5.412    -6.571   -15.688   -30.564   -49.832   -73.324
CT2185:145           61.965   59.643   58.051   56.815   49.609   33.029
    8.569    2.687    2.279    -6.031    3.349   41.476   86.560  154.956
  401.482  573.774  437.549   14.971  -167.184  -125.445    4.494   40.124
   39.959   30.493   19.909    -0.144   -16.285   -30.974   -45.868   -63.434
CT2185:140           64.218   55.517   48.729   48.014   44.890   34.498
   19.433   13.322   22.431   44.798   55.754   40.366   41.675   62.706
   93.631   59.937   -47.858  -364.303  -526.502  -393.036  -146.158   -65.588
   -11.842   26.387   27.406    2.479   -13.683   -27.616   -43.015   -63.349
CT2185:135           67.335   62.496   54.787   43.768   32.385   24.893
   16.852   12.205   25.737   45.405   40.941    -6.264   -60.453   -73.580
   -78.363  -100.473  -187.304  -335.696  -382.661  -330.125  -182.144  -107.624
   -46.971    4.921   22.213   21.272   12.340   -12.286   -43.551   -74.842
CT2185:130           67.042   63.747   59.507   56.644   51.088   36.461
   14.283    3.942   12.327   27.896   17.925   -29.826   -73.876   -91.940
   -86.824   -76.905  -123.138  -174.418  -187.932  -194.623  -169.611  -131.763
   -74.803   -24.101    -4.036    7.548    7.786   -26.963   -68.139   -95.184
CT2185:125           70.816   62.317   55.447   53.187   47.115   27.318
    -2.633   -17.575   -21.653   -19.946   -30.037   -54.401   -75.463   -85.879
   -85.788   -89.852   -91.099   -88.210   -96.530  -112.122  -138.331  -136.059
  -108.907   -81.474   -54.818   -18.190    -5.678   -37.525   -71.492   -88.199
CT2185:120           82.487   68.544   56.229   43.282   28.835   11.559
    -8.465   -23.663   -38.989   -53.580   -63.207   -72.685   -78.955   -77.809
   -65.733   -56.731   -37.090    -4.220    -6.047   -36.410   -86.855  -101.865
  -105.257  -101.243   -74.614   -23.661    1.765    -7.221   -26.299   -48.328
CT2185:115           67.148   58.957   50.759   39.103   24.692    4.339
   -21.869   -40.781   -57.688   -73.281   -78.724   -74.198   -67.995   -59.595
   -38.495   -22.497    5.773   61.618   69.910   25.735   -35.303   -59.240
   -91.296  -107.487   -85.148   -31.580    -9.453   -13.603   -23.405   -40.404
CT2185:110           58.319   57.826   50.781   38.568   24.067    2.186
   -28.492   -49.081   -59.610   -65.255   -66.463   -55.327   -43.061   -36.606
   -27.579   -24.069   -28.369   -41.377   -52.522   -56.173   -62.921   -76.919
  -112.384  -129.526  -103.217   -44.813   -21.304   -25.422   -34.339   -44.271
CT2185:105           59.749   54.589   50.102   47.517   40.972   19.287
   -22.169   -44.486   -45.689   -40.740   -39.912   -34.739   -31.620   -30.331
   -25.747   -26.625   -61.030  -137.644  -163.669  -138.785  -100.264   -95.085
  -112.194  -120.981   -98.778   -51.130   -37.941   -63.060   -82.636   -95.496
CT2185:100           56.735   54.320   48.208   37.722   24.037    8.716
    -9.019   -19.964   -12.799    -3.950    -7.109   -11.984   -19.583   -23.067
   -29.761   -42.231   -80.752  -148.683  -169.840  -139.802   -91.875   -83.149
   -96.602  -103.857   -92.417   -57.567   -45.594   -62.836   -86.872  -106.905
CT2185:095           60.757   55.467   42.063   24.293    8.005    -0.329
    2.128    -4.277   -13.822   -28.960   -39.000   -35.916   -27.759   -27.046
   -40.880   -59.791   -73.343   -82.193   -84.693   -79.705   -61.982   -59.773
   -81.767  -104.242  -100.458   -76.054   -69.351   -86.292  -101.305  -113.936
CT2185:090          100.203   71.793   47.343   24.354    4.078    -7.287
    -1.581   -14.355   -49.023   -93.346  -108.797   -96.464   -68.364   -52.540
   -44.513   -38.472   -40.810   -62.538   -75.728   -65.479   -42.870   -44.838
   -69.358   -98.946  -102.238   -86.871   -76.246   -85.959  -104.221  -121.225
CT2185:085          104.542   78.711   52.061   25.105    3.899    -6.868
    -4.585   -21.224   -81.877  -200.581  -250.977  -209.006  -133.865   -96.212
   -57.455   -14.289    -4.350   -24.755   -34.734   -36.268   -32.936   -39.140
   -59.036   -79.543   -81.036   -66.936   -62.000   -84.073  -109.952  -129.013
CT2185:080          103.015   87.932   68.198   36.926    7.787    -5.715
    -4.615   -25.879   -88.739  -203.482  -258.404  -227.793  -176.683  -139.368
   -88.313   -33.494    -5.133   16.518   22.804    1.907   -45.874   -73.010
   -76.158   -76.154   -75.028   -54.105   -41.334   -58.936   -92.960  -127.590
CT2185:075           96.098   77.326   58.181   37.425   19.358    8.570
   20.094    4.135   -52.519  -127.308  -154.674  -178.558  -187.909  -153.684
   -80.411    -4.199   26.177   57.878   71.028   38.566   -41.303   -81.864
   -83.666   -73.370   -68.095   -42.892   -32.397   -56.688   -95.359  -129.187
CT2185:070           89.148   63.803   42.335   23.269    7.259    3.355
   24.256   11.332   -83.627  -239.064  -264.053  -239.880  -138.606   -80.586
   -19.989   24.439   43.153   76.209   93.463   60.616   -15.382   -55.862
   -69.308   -82.142   -84.377   -63.036   -52.079   -72.485  -102.707  -125.646
CT2185:065           85.950   62.004   40.863   20.898    1.914   -12.422
   -12.294   -26.065  -118.087  -390.649  -513.384  -284.549   36.958  118.609
  107.644   74.637   64.881   53.412   45.418   29.655   15.952    0.032
   -39.992   -89.057  -100.928   -83.821   -72.704   -81.076   -95.772  -111.288
CT2185:060           91.018   65.868   45.270   32.102   19.003    -2.625
   -41.556   -74.085   -65.732   18.108  102.000  136.079  262.623  315.812
  203.255   66.705   36.168   12.746   -16.478   -19.915    -7.354   -15.454
   -31.512   -46.227   -61.331   -90.489  -108.000  -108.219  -103.387  -103.761
CT2185:055          106.138   83.121   56.829   25.281    -4.038   -22.308
   -34.217   -41.606   -21.707   24.552   53.455  122.371  184.234  197.974
  154.407   82.153   51.483   21.139    2.084   -13.222   -24.906   -34.876
   -38.114   -40.046   -51.659   -71.459   -88.062   -96.463  -101.011  -103.419
CT2185:050          116.957   95.763   67.180   22.965   -17.449   -37.247
   -49.396   -57.149   -47.271   -36.969   -21.020   22.072   56.343   66.029
   66.040   47.595   30.904   22.575   15.839    -3.182   -29.293   -40.783
   -34.965   -23.417   -29.884   -49.316   -67.038   -80.154   -91.278  -102.347
CT2185:045          109.685   76.413   39.673    -0.006   -32.429   -47.106
   -45.761   -50.890   -61.688   -84.438   -79.429   -40.034   20.773   43.765
   35.467   27.396   18.651    9.329    -3.791   -10.255   -15.195   -19.430
   -13.674    -3.104    -7.412   -14.436   -26.452   -47.532   -74.820  -104.063
CT2185:040           90.375   57.783   33.288   20.190    8.040    -8.420
   -25.615   -36.148   -52.547   -80.267   -74.111   -38.496   15.022   38.812
   47.315   54.947   46.200   27.557   18.159   13.000   14.328   11.598
   10.719    8.129    0.199    -7.577   -19.780   -47.102   -83.215  -115.058
CT2185:035           80.113   59.646   42.379   26.983    9.256   -13.346
   -44.669   -61.000   -64.663   -69.270   -51.568    2.799   81.127  106.928
   87.712   67.947   55.827   34.162   19.486   23.797   42.469   42.313
   20.479    -6.272   -15.348   -14.722   -22.000   -54.451   -89.786  -114.997
CT2185:030           83.126   65.136   44.960   21.084    -2.280   -23.971
   -59.295   -76.601   -63.287   -40.919   -20.783   40.061  111.242  128.979
  107.518   80.479   63.198   34.509   16.662   22.633   42.200   39.276
   15.103   -14.861   -22.793   -11.048    -7.959   -30.289   -63.644   -95.913
CT2185:025           87.460   65.713   43.831   21.902    -0.131   -21.138
   -46.747   -51.611    -5.489   73.688  106.955  107.664  101.038   99.656
   89.064   77.015   66.346   41.295   28.231   33.699   51.800   46.989
   10.217   -27.086   -31.116    -2.976    2.647   -21.981   -50.567   -75.592
CT2185:020           89.493   66.808   45.978   25.482    4.787    -8.819
   -22.371   -20.800   19.943   89.454  114.894   94.704   58.826   51.676
   48.786   45.938   48.897   58.275   60.419   55.611   49.935   40.412
   23.925    8.981    -1.633   -10.099   -16.922   -28.005   -40.008   -52.517
CT2185:015           92.524   70.693   49.277   27.093    6.660    -7.370
   -26.723   -27.851   11.812   74.820   88.725   52.643   11.232    1.019
    2.207    4.977   24.690   72.840   90.899   71.804   38.987   23.448
   13.995    5.532    -2.894   -11.550   -16.053   -16.290   -19.721   -29.152
CT2185:010           74.941   31.572   14.992    5.475    -5.245   -15.221
   -28.688   -34.151   -18.331   14.429   21.733    0.288   -22.644   -23.596
   -15.603    -3.235   19.284   58.110   75.743   75.743   68.800   55.933
   26.384    2.195    -8.152   -13.329   -20.401   -27.639   -38.711   -51.061
CT2185:005           68.778   40.525   14.906    -0.121    -7.828   -14.986
   -18.204   -20.818   -23.731   -27.452   -29.650   -37.813   -42.137   -37.486
   -21.213    -3.652   12.056   32.342   44.203   53.425   63.194   59.187
   36.778   16.092    4.721    -6.587   -21.052   -42.646   -60.705   -75.224
CT2186:360           28.088   26.017   13.006    0.884    -6.994   -16.325
   -21.805   -27.897   -40.255   -59.603   -64.654   -57.843   -41.793   -29.397
    -8.873   11.444   16.187   16.276   19.259   30.447   47.835   49.207
   35.855   15.831    4.542    3.594    -8.670   -40.071   -76.458  -108.801
