
filled_synop: 30 data points in equal steps of sine latitude from +14.5/15 to  -14.5/15

CT2087:360           -87.379   -54.952   -24.037    -6.834    7.548   14.006
    -0.777   -13.346   -10.482    0.609    4.966    4.217    -0.779    -1.372
    9.215   27.226   25.491    5.284   -12.911   -18.378   -22.814   -25.281
   -19.905    -8.993    0.175    5.742    8.624   12.129   17.616   24.543
CT2087:355           -79.762   -53.024   -29.195    -9.228    9.707   14.975
    -2.764   -20.559   -15.836    8.617   23.895   30.013   34.605   35.367
   30.240   18.710    9.431    -5.295   -24.570   -31.666   -29.090   -25.761
   -21.289   -12.063    -1.581    6.237   11.822   16.389   20.121   23.100
CT2087:350           -80.998   -54.038   -27.946    -4.287   20.261   24.803
    -1.864   -26.080   -22.741    -0.023   15.658   31.376   51.854   56.113
   40.184   19.409    6.728    -8.178   -17.927   -28.101   -39.876   -44.095
   -37.555   -13.619   11.558   20.641   19.957   18.436   19.758   21.304
CT2087:345           -82.263   -51.756   -22.575    3.246   30.643   35.155
    1.343   -28.530   -26.593    -6.865    6.480   23.067   45.541   50.271
   35.640   14.445    2.323   -12.279   -27.175   -38.000   -51.323   -59.995
   -53.605   -24.781    5.588   15.498   11.983    8.215   11.166   16.924
CT2087:340           -98.632   -65.878   -33.619    -6.136   17.718   21.379
    -7.392   -33.957   -31.959   -14.049    -3.072    9.143   27.429   33.001
   26.430   18.309   10.892    0.190   -10.601   -21.877   -45.278   -66.203
   -60.872   -30.286    -2.548    7.704   10.461   11.889   15.526   19.674
CT2087:335          -111.281   -78.040   -45.011   -14.928   27.601   38.838
    4.540   -21.754   -18.191    1.300   11.390    7.122    -9.016   -11.514
    5.329   24.768   23.145    9.328    -3.734   -11.008   -15.158   -15.270
   -16.184   -16.675   -11.513    -3.814    3.685   10.771   18.146   26.271
CT2087:330           -98.465   -66.700   -39.788   -25.705   -21.002   -16.648
   -14.943   -14.907    -8.897    9.784   17.817    9.382    -9.746   -13.480
    -6.124    1.348    1.270    0.113    -4.228    -9.318   -14.587   -21.266
   -22.563   -25.473   -29.848   -23.409   -10.157    5.322   20.853   36.070
CT2087:325           -93.416   -64.347   -38.793   -28.584   -25.500   -19.844
   -13.907    -6.811    -2.661    4.141    6.113    2.094    -1.624    -1.636
    -7.328   -10.516   -12.083   -13.736   -15.833   -18.191   -18.465   -18.884
   -21.208   -28.488   -34.451   -27.157    -9.823    8.166   25.183   44.034
CT2087:320           -90.243   -62.382   -33.729   -20.973   -16.638   -11.613
    -4.830    0.256    -2.053   -14.733   -24.029   -23.735   -21.722   -20.242
   -15.413   -11.642   -12.250   -15.512   -17.870   -20.674   -24.081   -26.633
   -28.583   -30.851   -29.695   -21.579    -6.126   11.655   28.754   45.344
CT2087:315           -79.630   -50.906   -26.038    -9.346    3.886   10.343
    7.207    3.773    0.085   -13.184   -20.319   -18.374    -9.371    -3.204
    -1.719    0.265    -0.861    -7.638   -14.949   -20.439   -28.943   -36.080
   -37.317   -33.378   -27.178   -17.332    1.150   18.191   30.945   41.956
CT2087:310           -74.684   -41.414   -13.937    -1.570    1.463    2.126
    -3.580    -9.219    -8.928    -4.817    -0.984    2.703    7.788   11.662
   14.015   15.347   13.800    7.071    -2.905    -9.135   -15.724   -20.590
   -22.218   -21.827   -20.587   -13.762    0.999   17.312   31.404   42.770
CT2087:305           -83.837   -48.879   -13.587    -0.683    -1.950    -3.871
   -16.921   -32.199   -28.948    -7.133    8.171   12.843   12.263   13.951
   17.975   25.134   27.344   23.323   16.883   12.683    8.054    3.538
    -0.341    -7.241   -13.355    -9.196    3.393   16.587   28.484   39.750
CT2087:300           -86.453   -52.947   -17.200    -0.740    7.140    6.270
   -22.940   -54.834   -48.064   -11.091   12.902   16.388    8.656    6.880
    7.711    9.057   12.692   23.478   33.444   32.778   24.771   14.926
    8.691    -1.517   -11.193    -8.201    5.625   20.395   31.548   41.933
CT2087:295           -72.841   -37.346   -10.349    4.271   14.210    7.342
   -37.608   -76.332   -64.252    -5.704   29.469   26.453    5.376    -1.316
    0.527    1.404    5.462   20.494   33.708   35.127   27.786   17.842
   12.619    6.392    0.096    1.471    8.591   17.359   27.933   41.139
CT2087:290           -71.239   -34.515    -6.530    5.038   10.815    5.984
   -31.283   -63.264   -47.116    4.514   29.069   28.507   12.848    8.009
   13.523   25.860   29.520   28.187   27.421   28.509   26.536   21.208
   18.457   14.833   10.476   12.750   17.516   22.677   30.494   40.886
CT2087:285           -84.295   -46.988    -7.572    -7.597   -26.709   -32.469
   -30.316   -20.950    -8.693   23.970   43.270   32.085    4.828    -1.657
    0.811    5.933   10.229   22.461   36.607   35.103   21.826   14.146
   14.689   22.893   29.832   34.030   37.607   39.692   42.957   46.368
CT2087:280           -71.399   -38.027   -16.058   -21.447   -38.362   -44.853
   -49.856   -50.155   -33.739    4.835   23.630   15.035    -5.926   -12.479
   -19.464   -24.744   -20.582    -3.307    9.354   10.054    1.008    -7.648
    -5.268    9.897   23.971   31.239   36.563   40.501   44.797   49.496
CT2087:275           -77.575   -44.649   -22.198   -27.888   -44.136   -49.932
   -63.840   -74.494   -58.372   -20.068    -4.818    -7.672   -23.451   -28.717
   -26.901   -29.486   -23.851    1.371   21.671   18.441    -6.596   -22.891
   -21.987    -5.840   14.184   26.325   37.243   48.653   59.080   67.242
CT2087:270           -95.894   -59.549   -19.733   -22.968   -47.740   -50.251
   -37.020   -22.083   -16.346    -7.359    0.107    4.012    9.713   11.266
    8.292   11.718   14.097   14.031   16.613   11.957   -14.653   -34.577
   -33.443   -18.598    -3.983   11.220   40.392   65.328   76.207   79.894
CT2087:265           -80.165   -48.069   -24.314   -20.276   -22.836   -20.334
   -10.233    1.292    4.775    4.327    7.738   12.740   21.529   23.710
   18.720   15.667   17.543   15.486   13.025   13.911    9.075    6.840
    3.585    -0.800    1.252   11.154   30.395   50.302   64.167   73.269
CT2087:260           -77.528   -49.836   -27.571   -18.293   -14.631   -10.221
    -5.658    -1.442    -0.779    -1.941    0.016    1.921    2.308    1.647
    0.107    -3.119    3.014   18.842   34.590   41.437   39.509   38.509
   32.574   18.052    5.643    5.739   21.156   36.962   48.401   58.164
CT2087:255           -84.316   -59.547   -34.216   -17.930    -3.260    2.981
    -8.148   -20.752   -18.546   -15.511   -16.642   -12.544   -12.516   -14.222
   -17.688   -23.364   -11.075   27.360   62.633   75.055   72.087   66.326
   58.814   40.809   24.074   17.783   23.830   31.894   40.788   51.984
CT2087:250           -84.524   -54.909   -27.970    -3.103   22.149   31.005
   16.106    4.229    4.708   12.907   15.599    8.175    -2.920    -7.671
   -14.562   -19.525    -3.994   41.266   84.053  107.957  136.436  154.279
  141.198   82.194   20.062    3.219   13.011   25.114   33.734   42.384
CT2087:245           -89.577   -56.727   -27.395    -5.766   15.313   26.132
   22.278   17.298   18.917   28.541   29.917   14.761   -10.027   -17.537
   -10.189    5.645   21.976   46.139   70.304  100.026  167.188  220.957
  207.326  119.503   24.628    -1.467    9.569   21.544   29.252   37.160
CT2087:240           -90.388   -55.077   -21.517    -3.739    5.727   14.837
   22.283   25.528   24.898   23.772   18.233    0.575   -29.912   -39.198
   -25.964    -2.277   11.757   23.463   36.434   60.153  120.345  168.213
  158.800   91.863   22.122    3.294    9.835   17.591   25.651   36.641
CT2087:235           -86.966   -50.985   -18.316    0.170   12.298   21.761
   29.943   34.049   30.313   19.324    9.525    -7.682   -39.633   -48.470
   -38.897   -31.009   -22.866    -6.363    6.224   14.188   28.136   41.193
   38.497   20.688    4.581    3.704   11.808   21.967   35.082   50.392
CT2087:230           -83.602   -53.693   -24.740    -3.181   19.012   27.912
   21.590   14.558   13.742   18.154   18.890    6.598    -8.835   -10.712
    -7.561    -2.354    -1.989    -6.265    -9.252   -19.548   -56.234   -82.877
   -80.360   -51.351   -24.431    -9.687   14.070   38.017   58.686   81.328
CT2087:225           -74.647   -45.961   -21.049    -5.330    6.236    6.951
    -9.101   -23.489   -26.551   -26.830   -25.498   -12.204    5.989   14.291
   22.714   32.755   27.432    -0.282   -25.046   -42.092   -72.580   -91.666
   -94.080   -83.714   -65.551   -40.788    1.455   45.666   81.845  112.239
CT2087:220           -63.362   -40.038   -18.026   -14.880   -17.959   -26.023
   -48.767   -68.460   -69.479   -56.345   -44.330   -29.218    -4.429    8.641
   20.162   30.328   23.317    -9.904   -41.098   -55.377   -67.331   -76.264
   -81.474   -90.917   -91.981   -64.952    -6.451   49.225   89.242  122.442
CT2087:215           -58.684   -32.548    -8.066    -3.385    -4.079   -14.770
   -58.772   -93.398   -93.043   -71.358   -55.862   -38.840   -15.314    -2.653
    6.541   12.244    6.853   -14.352   -33.236   -45.801   -55.133   -60.955
   -68.007   -84.474   -91.397   -67.795   -15.824   39.392   81.634  127.303
CT2087:210           -50.915   -23.838    -4.639    -3.498    -9.492   -25.083
   -69.820  -103.690   -99.944   -70.050   -49.561   -31.900   -12.213    -0.790
    3.960    6.002    2.296   -12.535   -28.715   -35.992   -34.791   -35.940
   -41.576   -52.590   -58.621   -44.005   -11.624   24.455   60.414   97.425
CT2087:205           -51.788   -25.701    -2.246    -6.766   -24.101   -38.017
   -69.030   -92.124   -81.397   -39.962   -13.858    -7.619    -2.372    5.223
   13.000   21.532   20.235   12.204    5.570    -1.052    -8.246   -15.315
   -20.551   -30.183   -37.931   -29.707    -9.650   12.631   35.026   59.543
CT2087:200           -53.257   -24.371    -4.006   -11.486   -35.437   -48.462
   -57.591   -63.640   -54.451   -31.740   -15.905    -2.513    9.159   15.239
   20.047   22.684   20.735   15.981   11.791    6.097    -0.708    -8.279
   -14.799   -26.545   -36.278   -28.950    -8.640   12.788   33.878   55.640
CT2087:195           -71.249   -33.174    -4.972   -14.051   -39.808   -47.257
   -39.606   -27.699   -17.850    -2.117   10.065   19.603   28.037   29.934
   23.567   17.981   14.905    8.875    0.634    -3.014    -4.132    -7.350
   -12.452   -20.764   -25.207   -20.213    -8.689    4.345   18.812   36.082
CT2087:190           -89.506   -43.634    2.647    -1.754   -29.001   -32.831
   -37.626   -40.479   -18.149   28.993   46.349   35.460   11.933    4.912
    4.377    3.100    1.123    1.987    4.107    -2.048   -17.793   -28.974
   -29.475   -23.781   -20.135   -15.369    -8.526    -0.868    7.381   17.480
CT2087:185           -71.280   -31.310    -4.736   -15.126   -42.131   -42.959
   -15.793   13.063   28.738   51.974   62.066   40.740    1.582   -11.976
   -10.462    -8.220    -8.915    -8.810   -10.698   -12.731   -18.167   -22.650
   -20.911    -7.932    4.218    7.543    6.738    5.678    7.926   13.071
CT2087:180           -71.971   -39.877   -13.553   -18.097   -42.599   -38.335
    -1.069   37.497   48.160   43.750   38.464   25.192    6.292    -4.550
   -11.003   -12.326   -11.526    -5.678    -0.397    -0.052    -2.580    -3.838
    -2.053    5.187   11.958   14.162   12.208   10.997   13.753   19.081
CT2087:175           -67.250   -41.273   -21.167   -26.690   -49.628   -39.730
   16.311   67.500   73.629   47.256   24.700   14.861    -1.648   -12.868
   -10.715    -6.232    -5.042    -0.920    6.080    8.546   10.056   10.838
   10.140    5.613    0.994    4.802   14.390   22.187   27.311   31.403
CT2087:170           -72.886   -43.986   -21.092   -28.299   -45.752   -26.665
   46.943  100.839  105.362   88.046   73.294   39.967    7.617    -3.728
    -8.337   -11.279    -8.800    -2.623    -1.431    3.649   13.622   18.792
   14.761    -0.182   -10.369    -6.008    7.405   22.201   34.715   46.258
CT2087:165           -77.521   -41.839    -6.390    -2.357   -16.115    3.043
   86.627  153.551  133.480   45.335    4.315    -4.255   -10.363   -16.527
   -13.617    -8.814    -3.980   11.067   26.618   26.293    9.483    -3.754
    -5.704    -8.330   -10.006    -4.482    7.197   21.924   38.300   59.122
CT2087:160           -64.063   -31.712    -7.048    -0.821    -5.028   13.751
   68.318  106.706   87.210    8.940   -31.132   -31.758   -18.133   -19.172
   -22.504   -21.093   -16.013    1.700   21.314   22.672    9.684    0.978
    -1.162    -2.892    -2.754    3.568   16.946   30.992   42.677   52.491
CT2087:155           -72.874   -36.904    -7.061    2.537    4.195   17.008
   49.013   72.459   54.984    -1.647   -30.732   -29.584   -15.764   -17.004
   -31.196   -49.541   -46.047   -26.655   -16.380   -10.309    -4.548    -4.258
    -2.841    -1.137    -0.493    6.029   19.943   32.240   40.013   45.336
CT2087:150           -81.179   -44.501    -7.730   10.188   23.068   32.977
   31.929   28.075   23.535   15.647    6.744    -1.582    -8.465   -13.028
   -16.045   -19.043   -17.387   -11.870    -6.129    -1.367   12.237   24.209
   22.122   11.042    6.233   10.517   18.489   26.850   35.338   44.934
CT2087:145           -72.818   -37.552    -7.183   13.196   29.357   36.668
   27.411   20.222   22.372   39.734   43.728   25.375    3.588    -2.159
    3.443   15.462   17.373   14.217   14.477   11.580    2.811    -3.805
    -2.252    0.863    1.795    7.440   17.365   27.038   35.687   43.724
CT2087:140           -70.104   -37.285    -6.825   14.476   31.368   37.281
   26.226   16.336   16.762   25.188   25.491   10.310   -18.441   -26.150
    -7.712   13.893   16.180    6.862    -2.891    -7.409   -13.751   -18.667
   -17.252    -9.705    -2.156    6.077   17.786   27.675   35.038   41.185
CT2087:135           -63.662   -33.456    -5.495   15.727   36.878   42.440
   23.647    8.807    7.304   10.864    9.515    -0.211   -20.281   -25.360
   -14.392    -5.506    -3.478    -7.692   -18.926   -24.807   -30.911   -34.902
   -33.289   -21.148    -8.037    2.260   15.354   27.997   38.065   47.235
CT2087:130           -67.167   -39.876   -13.857    8.128   27.750   30.701
    3.833   -17.541   -11.699   18.890   29.067   13.646   -10.990   -15.004
    2.743   25.982   28.060   15.481    4.398    -4.735   -23.260   -36.840
   -36.645   -28.626   -21.169   -13.132    -0.339   13.223   24.894   35.877
CT2087:125           -65.785   -43.900   -22.335    0.409   27.333   33.234
    3.401   -22.636   -13.302   24.797   34.694   15.342   -17.790   -23.547
    -1.685   25.582   26.570    8.024    -7.131    -9.132    -5.141    -3.821
    -6.613   -14.330   -18.087   -13.693    -4.488    5.487   14.285   23.777
CT2087:120           -70.037   -47.061   -23.043    6.020   37.090   44.888
   27.125   13.834   14.352   26.117   29.787   14.145   -12.240   -18.632
   -12.384    -5.416    -3.052    -3.357    -5.278    -4.727    3.876    9.818
    7.742    -0.577    -6.303    -5.258    -2.867    1.264    8.134   17.050
CT2087:115           -72.282   -49.041   -25.686    2.780   33.404   42.759
   31.689   22.395   15.965    4.108    -1.743    0.210    0.367    -2.248
   -12.826   -26.904   -26.140   -14.013    -7.347    -5.164    -1.294    -0.391
    -0.241    -3.207    -5.673    -2.408    1.960    6.724   12.738   19.875
CT2087:110           -81.175   -60.744   -40.399   -12.258   27.009   36.146
    7.590   -17.423   -18.089    -8.791    -5.197    1.860   16.694   17.751
    -2.645   -19.961   -18.979    0.076   17.802   14.220    -3.546   -13.302
    -9.061    5.799   17.693   21.964   23.001   24.071   24.948   24.986
CT2087:105           -82.074   -59.842   -36.849   -12.140   13.881   17.671
   -13.009   -37.945   -37.293   -19.050   -10.083    -7.762    -6.238    -3.931
    0.136    6.127    5.453    1.009    -0.468    -4.801   -17.122   -23.795
   -17.401    4.149   22.647   29.298   30.657   29.857   28.615   26.652
CT2087:100           -76.873   -58.697   -40.125   -22.707    -2.735    -0.205
   -21.615   -37.422   -38.984   -29.348   -24.173   -21.625   -23.671   -19.292
    -2.786    6.789    7.701    -1.461   -15.445   -20.179   -26.099   -29.321
   -20.914    5.421   26.129   32.834   34.715   35.125   34.087   30.575
CT2087:095           -74.456   -54.410   -33.748   -18.500    -8.216    -6.112
   -16.527   -25.650   -25.493   -10.402    -2.290    -7.224   -14.642    -9.515
   15.133   41.202   41.954   20.071    0.493    -4.384    -8.335   -10.784
    -5.418   11.042   23.378   27.558   28.038   27.136   25.144   21.038
CT2087:090           -71.639   -48.300   -24.958    1.109   29.234   33.335
    2.705   -23.469   -25.359   -17.589   -15.045    -9.655    -3.732    2.172
   19.671   40.463   41.826   27.743   17.609   14.759   12.702   12.828
   14.200   16.052   18.278   21.419   23.349   23.648   23.593   23.557
CT2087:085           -68.503   -44.222   -20.866    1.021   30.119   36.413
   14.231    -4.530   -10.923   -16.361   -17.716   -13.829    -1.165    2.225
   -16.850   -40.987   -35.622    -4.715   14.510   14.410    3.936    -3.058
    3.253   21.364   32.946   34.276   28.254   22.912   21.744   21.575
CT2087:080           -61.857   -34.380   -11.473    -0.178    3.891    5.951
    7.361    6.596    -1.721   -17.065   -23.634   -25.600   -32.620   -34.245
   -30.556   -27.851   -25.959   -20.160   -11.590    -6.787    -1.511    3.083
    6.149   11.295   16.080   18.538   19.297   18.877   19.113   20.219
CT2087:075           -63.868   -29.851    -2.972    2.863    -0.408    -1.588
    -6.524    -9.393   -12.731   -15.197   -17.092   -19.144   -18.134   -17.570
   -19.237   -16.350   -15.778   -21.171   -23.837   -18.869    -7.263    1.275
    2.774    -1.666    -4.360    -0.676    8.561   18.240   25.384   30.783
CT2087:070           -63.138   -29.664    4.575    1.566   -17.834   -21.561
   -22.232   -26.514   -23.582   -13.378   -13.327   -14.374   -15.167   -14.530
   -11.226    -8.879   -10.123   -17.467   -21.268   -16.847    -5.547    1.947
    3.124    -3.709    -8.082    -2.226   14.099   29.477   39.972   48.848
CT2087:065           -44.168    -4.151   22.672   16.333    -6.791    -8.503
   16.224   39.944   31.121    1.355   -11.336    -7.268    6.834   12.018
    8.218    0.532    -2.156    -3.551    -2.171    0.097   10.270   20.544
   18.816    6.604    -1.612    1.450   11.601   22.218   31.140   38.940
CT2087:060           -51.417   -12.470   17.843   22.634   10.114   12.310
   31.932   44.535   32.724    -8.004   -29.053   -16.191   13.516   23.242
   17.563    6.310    1.473    -3.132    -6.865    -2.938    6.470   10.315
   10.177    4.908    -1.410    1.369   12.146   21.836   28.655   31.571
CT2087:055           -60.745   -28.319    6.110   17.998   14.990   15.860
   23.010   26.954   17.232    -8.801   -23.644   -16.268    3.584   11.001
    9.996    6.541    6.183    9.891   15.682   15.794   11.331    6.907
    4.872    0.143    -3.838    -1.134    7.201   14.782   21.243   27.988
CT2087:050           -55.301   -26.203    1.339   12.653    7.973    6.084
    6.603    4.761    -1.388   -11.847   -15.881   -12.978    -6.965    -2.677
    1.984    8.283    9.159    5.740    0.745    0.312    1.305    0.611
    -0.859    -4.593    -6.740    -3.704    3.199   11.865   22.582   37.425
CT2087:045           -44.245   -22.240    -3.651    3.171    1.083    -0.893
    -7.521   -16.701   -20.066   -18.981   -14.821   -11.034    -7.719    -4.786
    -2.881    -1.444    -2.497    -6.734   -11.168   -11.220   -10.170    -9.966
   -10.248   -10.528    -9.438    -6.180    -1.990    3.643   11.717   20.810
CT2087:040           -45.685   -27.280    -9.141    -2.222    -4.802    -8.476
   -20.088   -34.831   -36.619   -25.955   -15.795   -10.090    -2.871    2.443
    1.885    -4.194    -8.252   -10.649   -13.393   -13.182   -11.833    -9.782
    -9.415    -8.912    -6.439    -4.000    -2.428    1.497    7.736   13.189
CT2087:035           -49.927   -33.655   -17.157    -9.269    -5.295    -6.596
   -22.276   -41.977   -43.978   -32.087   -21.278   -13.500    -1.719    4.634
    4.016    -2.506    -5.072    -3.510    1.763    5.146    2.466    -1.196
    -1.158    0.296    1.711    4.051   12.234   18.192   18.935   17.050
CT2087:030           -49.988   -31.333   -14.935    -8.172    -5.870    -8.421
   -23.175   -37.898   -39.881   -34.084   -27.758   -19.419    -5.933    -1.764
    -8.939   -18.702   -18.405   -10.102    3.174   11.356   16.138   18.112
   17.890   14.316    9.575   10.208   16.716   21.276   22.725   23.296
CT2087:025           -54.385   -29.789    -9.098    -5.352   -12.785   -17.057
   -26.537   -36.101   -37.117   -30.456   -24.759   -21.686   -15.062   -13.711
   -29.914   -52.482   -50.511   -23.714    7.674   21.367   34.588   44.991
   42.669   23.297    5.110    3.441    9.705   17.725   28.108   40.531
CT2087:020           -60.085   -33.611    -9.720   -10.027   -21.636   -25.072
   -23.858   -22.085   -22.679   -25.778   -27.019   -23.551   -18.696   -18.716
   -28.838   -43.517   -40.736   -19.911    -2.494   11.336   37.401   53.824
   50.344   20.974    -5.588    -6.079    7.154   22.194   35.047   46.733
CT2087:015           -63.739   -33.490    -3.898    -4.351   -22.341   -23.931
   -12.353    -3.477    -4.960   -13.633   -16.916   -17.391   -15.718   -14.339
    -7.652    1.148    3.454    1.654    4.926   10.941   27.495   41.707
   39.344   16.746    -0.107    3.175   17.772   31.228   41.072   51.143
CT2087:010           -64.661   -39.487   -19.592   -19.148   -26.362   -22.242
    1.252   19.534   17.643    0.508    -7.116    -8.909    -6.242    -4.374
    -0.585    9.829   11.131    3.127    -3.917    -3.794    -4.345    -5.109
    -0.791   11.725   22.827   28.740   32.855   37.426   43.768   51.010
CT2087:005           -74.178   -46.006   -17.222    -7.677    -5.614    -0.122
   10.038   21.839   19.358    3.232    -2.405    -7.082   -19.374   -21.023
    -9.466    -4.568    -4.037    -1.013    -2.513    -9.416   -28.605   -39.733
   -33.514   -11.560    6.837   18.294   29.681   40.480   51.500   63.834
CT2088:360           -64.115   -43.564   -26.242   -15.486    -7.900    -5.400
   -17.191   -28.346   -19.265    4.425   14.811   16.660   14.865   14.640
   18.338   22.426   16.465    1.480   -11.116   -19.600   -34.596   -44.492
   -38.356   -19.240    -0.818   14.532   31.600   48.846   64.167   77.450
