
filled_synop: 30 data points in equal steps of sine latitude from +14.5/15 to  -14.5/15

CT2121:360           -19.589    -7.310    2.183    9.386   16.622   28.737
   38.733   35.755   43.739  108.967  174.602  175.829  146.666   82.849
   65.774   69.054   50.049   63.022   92.339  103.872  126.687  179.216
  176.249   87.222    2.255   -18.841   -11.545    -2.840   30.487   50.389
CT2121:355           -14.788   -12.935    -8.669    -1.733    3.067   14.521
   68.136  160.155  186.995  164.050  142.262  132.410   72.810   11.758
   18.930  101.505  222.090  222.507  120.496   93.700  123.458  163.942
  157.314   95.909   16.853    -8.826    -0.871    -2.572   21.032   52.894
CT2121:350            0.247    -0.109    -1.089    -3.479    -5.522    7.419
   57.700  131.331  125.505    7.389  -152.140  -191.386  -202.017  -137.467
   -92.315   -45.469   -18.428   13.098   34.896   51.225  129.678  261.745
  279.590  164.974   43.998    2.159   -12.228   -17.150   14.611   56.017
CT2121:345           38.389   22.576    6.728    -8.062   -21.915   -19.628
   14.485   76.660   58.138  -149.592  -571.585  -724.330  -507.213  -276.726
  -213.885  -129.419   -69.324   -28.107   38.772  115.749  186.602  302.763
  325.167  217.460   92.254   41.920    4.431    -8.558   44.654   88.134
CT2121:340           33.973   20.564    6.201   -12.875   -34.098   -38.534
   -12.589   32.895   19.264   -45.453  -105.894  -123.395  -140.620   -94.688
   -62.684   -73.289   -67.435   -37.437    -3.060   58.599  152.777  303.299
  334.019  238.618  129.036   71.347   19.539    -5.958   32.267   73.284
CT2121:335           24.079   13.978    2.591   -11.872   -25.842   -32.764
   -22.953    -1.762   -15.485   -15.140    9.741   13.613   -27.343   -66.036
   -54.913   -71.273   -70.474   -37.161   -39.240    -2.771  117.159  313.768
  344.671  243.379  142.615   87.245   28.733    -0.052   27.711   62.829
CT2121:330            -1.495    -1.087    -1.029    -2.183    -0.474    -7.335
   -22.249   -33.527   -65.251  -120.544  -175.922  -186.224  -169.985  -134.245
  -100.955   -98.923   -87.560    7.469  126.214  108.124  239.489  321.033
  289.456  208.056  122.066   73.930   21.974    1.247   43.204   78.981
CT2121:325           -20.685    -9.143    2.574   15.402   30.063   20.450
   -35.521   -94.261  -136.378  -302.464  -474.313  -492.057  -404.194  -225.305
  -155.285  -102.813   -59.715  117.114  833.035 1354.406 1008.335  311.723
  135.396  121.979   93.616   66.327   32.147   14.347   35.012   67.673
CT2121:320           -50.478   -25.035    2.004   36.891   80.362   87.593
    -9.196  -220.814  -305.672  -328.444  -478.525  -558.975  -336.843  -105.691
   -67.309   -26.450   30.693    9.722  -243.831  -488.890  -313.663   -13.842
   51.725   76.581  109.126   99.340   47.073   31.302   60.879   88.990
CT2121:315           -59.255   -27.755    3.328   42.595   91.098  105.815
   51.297   -94.116  -130.901   74.811  325.397  350.534  265.014   76.693
   13.880   19.625   46.540   -72.014  -666.755 -1100.402  -812.758  -209.358
   -37.520   23.001   95.525   99.979   43.442   29.660   55.514   78.265
CT2121:310           -67.303   -38.571    -7.112   31.761   65.870   85.287
  163.132  316.189  405.410  659.744 1093.789 1186.412  780.696  148.688
   22.745   55.969   72.472   -37.819  -392.354  -541.400  -523.199  -302.449
  -186.769   -80.391   33.892   62.552   41.280   38.298   54.252   75.294
CT2121:305           -62.965   -47.297   -28.423    0.737   41.916   49.035
   30.420   -12.041   -90.182   -25.698  318.179  503.333  175.641   -53.493
    -8.421   58.230   78.233   94.564   95.800   57.151   -14.174  -178.967
  -224.818  -126.555   -16.385   15.716   31.247   51.060   72.993   92.481
CT2121:300           -52.910   -35.397   -13.744   10.075   40.013   28.801
   -81.375  -232.415  -424.212 -1051.752 -2124.829 -2383.966 -1458.153  -284.559
   37.025   67.999   95.843  222.557  545.164  680.765  488.017   17.280
  -153.653  -121.397   -61.848   -27.025   12.446   40.982   65.295   91.220
CT2121:295           -35.779   -25.998   -14.052    2.966   26.714    7.266
  -101.942  -243.172  -478.178 -1290.016 -2604.426 -2912.010 -1841.557  -392.346
   18.162   49.098   70.547  252.427  796.569 1084.673  799.040  123.989
  -114.985  -109.016   -76.663   -49.317    -1.625   35.947   68.509   97.569
CT2121:290            -9.301   -17.208   -23.464   -22.692   -10.792   -27.990
   -57.474   -52.197  -174.218  -651.095 -1226.570 -1275.230  -969.975  -307.669
   -33.111    4.976    -7.365  115.962  530.073  772.277  551.671   39.956
  -126.079  -131.211  -120.838   -85.804    -7.448   39.774   65.862   93.803
CT2121:285           20.436    0.289   -18.054   -37.206   -58.697   -74.233
   -39.795   34.162   -21.360   -93.508  -129.966  -106.130  -131.065  -102.993
   -17.123    -4.206   -11.734   -50.089  -295.480  -492.172  -398.078  -223.495
  -206.418  -189.191  -149.329  -103.892   -29.638   30.764   65.306   95.306
CT2121:280           50.846   17.993   -15.736   -55.756  -100.049  -110.394
   -65.784    -7.439   -12.160    3.707   -36.955   -56.249    -2.572    -5.538
   11.541   18.095   14.282  -104.154  -481.428  -671.074  -601.908  -366.388
  -282.737  -243.269  -193.783  -129.504   -33.659   31.295   68.710   96.489
CT2121:275           68.553   31.114   -12.019   -66.365  -122.196  -131.057
   -75.798    6.350   29.428   10.376   -26.055   -24.876   19.675   49.413
   53.315   45.993   25.670   -43.942  -166.331  -214.234  -242.221  -180.680
  -160.549  -200.968  -220.861  -164.164   -46.445   25.381   46.805   74.797
CT2121:270           68.435   31.844    -6.190   -54.001  -108.142  -111.220
   -34.953   68.238   89.267   36.989   -21.854   -16.811   54.112  112.569
  110.363   66.367   27.366   24.034   51.317   42.968   34.908   22.964
   -12.945  -122.838  -188.730  -137.669   -26.676   33.650   61.646   85.009
CT2121:265           57.888   31.416    -9.448   -53.481   -96.870   -82.201
   27.022  137.874  154.574   81.275    3.593   12.133  101.364  162.764
  147.440   66.111   19.123   46.551  118.587  135.345  123.221   75.231
   25.791   -78.765  -153.638  -121.509   -43.594   12.189   56.354   92.129
CT2121:260           37.643   21.417   -12.733   -46.715   -76.522   -57.507
   58.366  176.884  190.980  106.978   17.101   26.872  116.106  168.273
  144.165   52.373    4.371   28.748   99.154  116.292   91.849   49.931
    2.905   -91.287  -139.605  -108.724   -47.343    0.834   46.499   90.898
CT2121:255           40.772   18.517    -4.099   -27.000   -48.417   -21.046
   91.250  199.107  194.814   85.328    3.216    8.013   82.327  131.614
  113.139   28.769   -11.530    -8.221    8.740    1.218   -20.635   -50.154
   -73.676  -110.031  -132.081  -108.686   -58.147   -11.296   40.347   90.959
CT2121:250           11.576   22.952   -12.502   -32.248   -39.233    -9.632
   89.383  167.040  135.703   -31.252  -151.663  -125.865   -12.012   39.663
   39.024    8.616    -5.687   -14.650   -16.622   -36.403   -93.192  -133.510
  -136.439  -117.631  -108.595   -90.260   -56.049    -9.160   43.807   91.315
CT2121:245           -16.771   -16.876   -11.234    5.328   23.455   33.765
   52.556   57.079    5.788  -158.336  -273.561  -237.415   -99.488   -18.452
    -3.000    -7.745   -11.233   -14.307   -15.321   -39.933  -105.845  -149.756
  -150.055  -108.855   -89.375   -78.932   -64.320   -17.597   41.818   91.634
CT2121:240            -9.790   -16.790    -8.816   21.660   56.570   64.764
   23.964   -39.393  -143.367  -333.482  -409.129  -356.944  -161.989   -45.659
   -26.723   -24.763   -18.449    -4.536    8.223    -4.246   -48.502   -88.399
   -92.249   -75.338   -65.171   -64.774   -62.869   -34.626   12.749   65.957
CT2121:235           14.833   -67.062   -12.204   35.796   62.695   50.009
   -33.094  -112.684  -195.242  -334.642  -383.633  -299.954  -111.235   -38.015
   -33.943   -39.128   -38.605   -33.507   -27.967   -26.873   -22.380   -23.741
   -27.769   -39.121   -43.757   -62.671   -66.659   -29.382   15.124   56.718
CT2121:230           -21.443   -13.879    -6.182    3.543   11.920    1.996
    5.054   40.317    -6.754  -184.282  -404.767  -430.405  -283.406  -144.222
   -95.752   -79.153   -62.421   -54.926   -57.685   -40.076   13.942   56.662
   39.300   -23.868   -65.884   -64.901   -55.432   -36.451   11.274   65.419
CT2121:225           -29.102   -20.679    -6.247   11.149   27.151   16.850
   -21.598   -43.635   -79.436  -181.697  -365.252  -395.224  -261.397  -109.337
   -70.905   -67.222   -52.439   -49.441   -57.536   -26.679   65.851  122.401
   90.661    -2.030   -36.639   -40.348   -45.212   -30.646    9.741   54.244
CT2121:220           -39.285   -27.041   -11.502   13.018   39.251   24.218
   -47.227  -101.385  -109.863  -140.709  -230.834  -254.969  -202.241  -106.922
   -72.896   -57.776   -39.353   -37.292   -50.753   -34.876   30.336   83.857
   76.600   30.223    7.008   -15.597   -45.029   -28.201   26.390   75.225
CT2121:215           -17.916   -14.748    -0.494   15.781   29.077   20.683
   -48.869  -139.586  -155.929   -92.381   -33.031   -61.761  -102.423  -111.059
   -73.412   -24.781   -15.992   -16.691   -14.884   -14.528    -3.233    2.262
    7.268   18.403   21.166    -5.738   -41.447   -30.971   11.803   59.021
CT2121:210           14.434   11.431    9.079    7.323    2.095    9.473
   40.766   39.589   35.785  179.923  313.154  234.847   -59.239  -211.155
  -131.422    -2.088   11.986   15.657   46.311   55.997   -12.964   -93.051
   -85.352   -12.417   30.193    6.090   -52.375   -44.197   11.833   63.030
CT2121:205           21.360   10.927    2.778    -8.381   -23.195    -3.319
  146.281  422.296  516.865  372.132  188.978   93.959   -33.239   -74.120
   -31.503   11.382   25.631   31.763   24.493    -9.979   -89.608  -162.172
  -146.250   -37.472   26.318   12.784   -31.119   -29.678   15.667   58.437
CT2121:200            -7.656   28.252   -10.716   -40.807   -46.130   -15.453
   59.686  120.969  149.890  164.224  138.082   22.955  -181.475  -243.604
  -160.384   -15.908   15.436   20.899   13.875   -82.950  -306.465  -389.979
  -306.198   -82.046   -23.588   -40.338   -42.637    -7.951   31.017   60.279
CT2121:195            -8.673    6.715    9.422    -2.423   -17.422   13.474
  114.573  196.503  235.995  256.322  235.000  158.484   -33.149  -122.127
  -107.265   -51.645   -21.518    9.679   33.378   -12.075  -178.839  -286.898
  -228.983   -83.373   -18.745   -26.958   -41.635   -18.922   22.241   65.906
CT2121:190           17.316    5.214    -2.155    -7.939   -12.960    2.116
   94.874  185.779  205.941  204.878  180.062  116.391    -8.928   -76.789
   -70.327   -40.742   -22.292    1.997   24.914    -2.516   -96.925  -157.966
  -133.538   -32.531    8.557    -5.703   -36.272   -15.036   35.194   78.330
CT2121:185           21.171    -2.233   -17.740   -25.759   -29.900   -30.937
   -53.129   -75.301   -60.608    4.641   57.225   43.636   -12.020   -33.834
   -28.074   -19.661    -9.877    7.698   31.721   36.835   22.269    8.284
    9.555   14.230   12.020   -13.865   -53.016   -32.879   27.292   80.339
CT2121:180           23.857    0.582   -20.830   -35.950   -41.541   -62.527
  -114.784  -155.320  -168.212  -177.187  -176.691  -156.212   -71.285    -8.931
    4.945    6.446   16.592   31.893   50.001   61.520   80.711   98.052
   95.476   63.956   32.447    2.573   -46.440   -48.418    1.017   68.598
CT2121:175           25.104   16.577    2.995   -18.677   -40.651   -65.604
  -120.567  -177.819  -195.178  -186.687  -163.189  -139.990   -86.835   -33.714
    -7.960    7.896   24.043   42.563   61.702   75.986  107.970  153.118
  147.707  113.168   87.246   45.508   -35.334   -36.901   40.544   96.183
CT2121:170           18.234   15.214   10.331    -0.998   -16.305   -35.144
   -57.878   -71.042   -84.610  -111.176  -129.927  -119.234   -88.314   -55.227
   -27.692    2.351   32.439   56.896   81.163   97.412   80.680   45.464
   36.559   54.611   61.172   22.665   -43.027   -55.327    2.438   71.159
CT2121:165            2.332    -0.173    -2.839    -1.940    5.491    -1.817
   -24.615   -53.765   -73.500   -81.723   -93.565   -93.069   -83.154   -72.471
   -45.252    1.149   45.214   76.414  104.213  123.078  101.204   57.142
   40.553   43.123   39.306    6.659   -43.609   -54.704   -14.517   47.048
CT2121:160           -24.132   -26.968    -4.381   14.664   29.644   26.596
    1.351   -32.453   -56.532   -68.795   -76.338   -79.520   -82.152   -81.157
   -50.241    7.033   53.792   90.440  125.946  154.959  177.466  186.680
  166.885   99.158   43.840   12.149   -23.213   -23.220   26.732   68.400
CT2121:155           -75.427   -32.180    4.262   38.376   79.185   86.899
   49.881    -0.817   -37.783   -68.450   -98.199  -106.834   -90.826   -65.352
   -34.776   10.188   62.535  106.745  164.039  209.976  241.896  279.471
  259.270  151.367   38.884    1.228    -3.925    -4.626   23.253   64.707
CT2121:150           -98.240   -48.792    7.855   72.315  126.764  138.003
   99.555   33.273   -14.584   -65.004  -120.223  -134.117  -121.461   -86.058
   -54.305   -21.062   17.361   68.069  148.698  204.211  243.129  284.760
  267.637  155.001   28.087   -13.844   -17.390    -6.219   34.107   81.546
CT2121:145          -107.446   -65.317   -13.836   62.780  165.085  189.308
  133.605   52.281    7.581   -70.029  -153.908  -168.873  -150.568  -125.811
   -95.886   -28.828   28.563   66.866  119.575  164.774  217.506  298.673
  294.263  162.502   21.704   -12.163    -7.254    2.831   57.692  103.558
CT2121:140           -94.757   -40.953   18.602   85.830  144.430  148.199
   65.740   -54.477  -107.176  -128.000  -144.986  -140.419   -75.595    -6.644
   19.275   40.119   47.287   67.035   87.220  101.584  166.113  271.296
  277.758  163.594   37.473    -4.866   -17.070    -9.785   31.369   83.307
CT2121:135           -76.222   -20.702   27.046   73.546  126.838  125.070
   16.870  -118.433  -151.081   -75.091   48.706   92.644  119.778  161.505
  165.322  142.130  138.003  103.183   21.355   10.961   72.204  193.542
  222.191  137.014   40.623    8.892    -5.232    -1.951   32.331   75.042
CT2121:130           -67.052   -20.471   24.853   72.126  117.249  121.529
   51.799   -33.375   -34.652   76.221  218.256  259.970  235.452  192.280
  155.125   91.021   14.192   -72.713  -273.070  -366.520  -205.842   51.801
  127.871   86.959   39.282   24.165    5.320    7.937   44.440   80.324
CT2121:125           -70.904   -32.160    7.016   53.188  104.838  125.385
  110.440   89.172  110.816  202.442  300.739  312.247  231.482  130.476
   73.782   15.834   -50.977  -161.045  -365.306  -437.733  -305.742   -54.153
   36.154   43.833   45.247   35.025    -5.019   -10.364   22.166   67.276
CT2121:120           -80.250   -37.862    7.362   58.938  107.438  133.616
  143.517  143.076  162.994  224.940  286.860  283.726  201.951  108.450
   52.181    4.054   -50.165  -136.585  -290.512  -362.484  -279.583  -123.196
   -48.698    -6.337   22.329   22.014   -13.120   -11.716   36.344   80.116
CT2121:115           -85.772   -34.527   14.179   64.337  116.988  147.090
  151.992  150.683  162.789  192.610  222.028  210.877  160.863  102.266
   58.009   14.682   -31.805   -89.907  -176.628  -229.354  -228.900  -190.385
  -144.393   -62.237   17.257   26.678   -14.416   -11.836   22.535   65.343
CT2121:110           -78.761   -32.546   15.002   66.042  116.048  144.981
  138.718  126.420  130.027  148.767  179.797  165.513  108.226   38.723
    7.276   12.592    7.407   -42.404  -135.871  -196.220  -246.934  -292.732
  -265.826  -137.173    5.406   44.198   17.975    8.261   27.380   60.167
CT2121:105           -63.808   -29.341    7.018   46.797   90.461  119.222
  127.911  108.596   93.071  113.857  127.214  102.936   42.842   -18.670
   -35.712    -3.758   17.171   -20.947  -131.970  -213.792  -284.124  -400.325
  -392.464  -198.446    1.791   39.693   16.570   25.699   53.749   76.801
CT2121:100           -49.563   -18.319   14.583   49.346   83.116  113.673
  175.395  273.328  286.201  167.158   23.509   -30.800   -59.770   -81.830
   -80.118   -30.498   11.125    3.420   -43.228   -82.953  -179.045  -344.361
  -353.057  -182.306    1.535   44.805   29.330   25.746   41.601   63.239
CT2121:095           -35.876    -7.782   18.568   44.721   73.798   96.192
  125.365  140.214  111.324   31.267   -99.155  -157.539  -166.033  -163.144
  -144.902   -74.898    -8.301   29.098   87.886  112.659   50.318   -47.701
   -66.910   -28.571   29.556   31.750   13.449   12.398   25.430   44.905
CT2121:090           -16.730    -2.483   19.412   42.492   62.496   65.569
   62.211   57.405   18.783   -64.798  -154.152  -197.363  -225.214  -235.958
  -209.319  -141.334   -78.327    7.279  160.074  242.328  271.262  279.109
  244.370  146.765   50.841   19.191    7.522   10.556   31.519   46.777
CT2121:085            -9.658    7.929   23.726   43.794   71.137   67.449
   31.125   -12.327   -65.713  -152.599  -247.044  -269.795  -244.926  -214.439
  -183.962  -156.704  -107.870    -3.135  167.840  274.455  383.385  503.709
  480.090  257.651   71.466   31.341   19.637    5.861   16.520   37.268
CT2121:080           -11.260   13.343   35.807   62.172   86.173   51.200
   -51.687  -154.266  -223.024  -298.400  -366.070  -333.468  -200.707   -80.205
   -48.577   -83.948   -75.775   42.761  247.305  331.817  395.456  394.843
  362.395  242.473  107.221   50.991   17.639    0.631   14.920   34.180
CT2121:075           -20.272    9.228   30.859   57.635   87.021   29.753
  -163.252  -368.105  -455.532  -496.387  -500.041  -409.924  -163.812   37.989
   80.605    0.600   -43.154   36.567  303.340  427.432  327.836  217.772
  196.391  148.497  105.909   77.355   30.741   15.070   33.833   41.562
CT2121:070           -33.573    -1.392   20.321   46.881   82.230   11.654
  -233.479  -478.188  -591.842  -659.869  -667.649  -547.683  -167.768  106.664
  145.824   33.597   -34.861  -158.292  -413.625  -459.488  -282.877  -101.130
   -17.446   99.225  149.000  113.133   42.575   16.416   16.372   22.606
CT2121:065           -52.843   -21.652    0.317   28.386   59.918   -12.614
  -276.639  -515.036  -612.086  -684.400  -692.612  -541.611  -158.732   73.886
  105.658   23.041   -29.719  -187.241  -403.924  -453.464  -405.027  -300.208
  -209.132   -24.928   97.880   86.047   32.154   19.713   18.068   16.558
CT2121:060           -73.050   -52.788   -34.458   -14.514    7.247   -29.636
  -157.215  -277.770  -368.434  -488.482  -552.016  -466.278  -231.571   -65.654
    5.896   38.562   10.285  -116.088  -276.371  -345.488  -343.589  -305.162
  -219.047   -37.137   53.049   58.636   43.856   33.826   21.287   13.965
CT2121:055           -79.249   -71.921   -59.497   -40.095   -20.110   -44.418
   -99.951  -138.132  -179.881  -211.685  -229.000  -216.761  -179.531  -132.705
   -76.489    3.811   29.251    7.313   -26.311   -67.844  -173.619  -243.488
  -198.018   -89.762   -15.499   15.343   31.918   36.140   27.758   17.695
CT2121:050           -25.797   -64.036   -22.705    -5.304    0.288   -12.876
    8.365   22.991   -14.231   -88.095  -147.343  -181.858  -231.673  -222.222
  -151.936   -60.958   -37.119   -20.015   -25.308   -62.264  -142.081  -178.834
  -148.349   -90.224   -52.276    -5.370   32.043   28.053   17.720   12.545
CT2121:045           43.620   30.413   16.430    0.215   -30.039   -38.926
    7.049  110.609  125.395   50.917   -83.789  -170.274  -235.311  -210.922
  -211.625  -133.172   -92.112  -151.501  -211.791  -207.642  -168.358  -163.846
  -157.643  -123.265   -87.691   -48.035    4.331   37.161   48.360   65.341
CT2121:040           31.333   26.586   14.890    -5.217   -27.643   -21.044
   45.861  161.618  182.568   41.297  -208.659  -324.832  -342.007  -305.714
  -302.091  -187.321  -123.742  -103.681   -66.274   -39.864   -39.282   -63.602
   -87.341  -118.243  -122.539   -78.350    -8.955   30.981   43.806   60.754
CT2121:035           27.901   23.202   16.767    5.384   -13.158    4.312
   72.014  176.504  238.932  196.557   23.733   -80.926   -96.868   -91.845
  -114.077   -94.074   -37.795    -6.948   13.213   55.177  112.911  103.357
   34.338   -82.571  -118.364   -75.649    -4.707   35.117   50.907   63.387
CT2121:030           22.958   64.238   39.206    -9.303   -41.015   -34.043
   29.188   87.867  109.637  104.222   93.871   92.128   86.876   71.011
   30.126   -24.307   -24.003   15.668   52.120   47.155    3.938   -39.906
   -65.846   -81.587   -73.209   -25.630   18.458   31.761   37.544   50.008
CT2121:025           31.611   45.566   41.023   13.937   -22.711   -19.149
   39.578   90.983  118.483  138.693  146.381  137.570  107.790   81.287
   47.297    -5.661    -3.221  129.969  273.972  225.093   -74.442  -339.753
  -355.542  -199.124   -90.551   -24.928   27.076   46.731   49.183   54.293
CT2121:020           59.168   40.095   25.407    5.896   -14.635    -7.814
   41.089   91.834  118.333  140.880  153.536  146.394  124.392   99.020
   64.688   15.928    7.846   75.310  148.358   67.364  -299.941  -569.795
  -511.617  -190.269   -63.437   -16.392   31.260   53.141   56.635   58.738
CT2121:015           22.731   18.437    5.519    -0.094    4.506   17.639
   43.601   70.469   95.137  128.391  152.600  150.720  131.835  109.220
   76.781   33.113   22.171   49.601   89.595   78.545   76.780  108.044
   85.930    -6.881   -45.744   -14.042   21.217   38.811   44.273   55.540
CT2121:010           11.182   13.296   16.099   19.910   23.206   33.479
   51.921   70.634   97.790  144.134  168.742  163.241  127.488   88.620
   62.591   25.860   12.263   40.524   82.922   74.483   70.643   58.792
   14.439   -53.357   -78.234   -43.404    4.440   38.445   59.037   70.828
CT2121:005           33.111   39.064   41.310   43.275   45.094   52.453
   62.706   70.141   86.238  138.278  174.505  159.951  100.394   53.732
   34.652   19.011   20.001   44.790   79.762   61.899   -43.252  -152.975
  -201.728  -242.181  -241.169  -155.848   -26.617   25.965   40.650   59.636
CT2122:360           42.059   60.933   54.831   40.963   31.167   35.692
   59.948   78.765   83.215   91.671   86.796   52.406    -5.735   -38.839
   -36.064    -9.057   12.608   38.212   62.675   34.531   -88.718  -210.031
  -255.910  -263.142  -230.916  -134.069   -19.965   22.473   36.172   57.957
