
filled_synop: 30 data points in equal steps of sine latitude from +14.5/15 to  -14.5/15

CT2196:360           94.359   76.355   55.308   44.411   22.441   21.654
   65.640  119.437  114.134   56.523    9.412    -3.612    -1.578    -5.044
    1.164   20.468   21.485    -3.461   -34.282   -40.537   -34.669   -30.833
   -27.643   -13.161    1.352    -5.176   -28.508   -49.033   -62.977   -75.549
CT2196:355           74.055   38.924   12.652   12.118   38.504   59.774
   83.472  113.268  109.547   77.353   54.458   30.688    -2.181   -18.085
    -9.651    9.879   13.991    3.873   -13.925   -22.071   -32.327   -41.964
   -39.614   -21.346    -5.205    -7.944   -21.981   -38.674   -55.445   -73.144
CT2196:350           69.499   33.360    0.904    -2.123   36.326   64.759
   73.760   74.481   68.071   54.060   35.298   17.929    -6.779   -23.403
   -16.029    6.868   16.736   14.317    7.893    1.647    -8.446   -16.393
   -18.981   -17.150   -11.854   -15.733   -28.094   -41.161   -56.571   -73.866
CT2196:345           77.461   48.293   17.600   14.209   46.197   70.400
   74.258   71.189   59.863   33.070    3.046   -12.206   -17.419   -21.313
   -18.363    -8.096    0.857    7.402   10.730    7.828    -2.734   -14.504
   -18.523   -14.526    -8.609   -14.292   -30.112   -47.823   -65.087   -82.337
CT2196:340           78.417   52.447   27.728   28.643   59.626   78.138
   80.208   78.912   62.416   24.609   -13.909   -34.876   -53.857   -61.890
   -45.826   -15.444    3.414   12.950   17.671   15.779    0.922   -17.966
   -21.894    -7.973    7.389    -1.625   -29.631   -57.410   -80.051  -102.234
CT2196:335           78.844   58.334   35.080   34.606   64.655   82.483
   79.024   67.378   42.545    -1.986   -50.658   -73.340   -93.984  -104.621
   -64.303    -0.315   30.637   37.295   30.327   25.175   14.643    3.595
    -0.576    4.060    9.983    -1.445   -30.013   -60.869   -85.892  -106.634
CT2196:330           80.163   62.074   47.181   51.767   76.512   85.630
   72.893   53.388   14.778   -54.263  -113.188  -133.965  -119.099   -91.289
   -48.974   18.173   56.050   52.045   30.765   26.296   20.172   15.447
   11.759   10.413    8.175    -6.141   -35.742   -64.538   -86.869  -107.289
CT2196:325           82.759   66.265   48.658   52.141   79.361   84.527
   60.832   29.265   -27.045  -153.653  -251.329  -277.123  -250.803  -203.353
  -139.597   -22.261   34.994   32.814    7.337    6.184   12.631   19.947
   16.867    9.483    0.734   -13.418   -34.416   -57.351   -80.722  -104.569
CT2196:320           75.921   56.452   36.132   38.235   73.574   83.777
   51.953    8.100   -52.294  -196.028  -311.303  -349.524  -398.878  -410.544
  -267.939   -53.872   21.720   19.175    -6.863    -5.996    3.495    7.659
    6.944   11.297   11.030    -2.219   -25.528   -48.775   -70.603   -93.291
CT2196:315           71.987   38.583   15.514   23.586   62.404   76.003
   47.945    3.431   -43.839  -150.321  -232.141  -253.331  -229.242  -193.157
  -134.707   -13.731   42.192   45.478   43.561   44.800   36.299   33.487
   26.892   11.699    -2.570   -14.071   -27.891   -41.907   -55.808   -70.377
CT2196:310           91.936   57.833   14.343    9.679   51.005   70.818
   65.864   54.507   43.989   12.791   -20.576   -19.708   16.636   31.146
   26.171   13.044   16.318   32.107   32.060   29.418   23.615   10.372
    3.660    1.340    -2.862   -11.265   -21.813   -33.206   -46.060   -60.260
CT2196:305           73.796   39.447   11.538   12.123   35.652   53.491
   74.196   98.237  121.887  183.342  221.809  201.160  126.307   75.694
   60.593   41.475   32.243   37.275   47.271   44.349   26.164    9.950
    3.357    3.986    6.995    -0.285   -13.448   -28.217   -43.800   -60.917
CT2196:300           71.832   39.254   12.449   12.856   32.141   54.246
   90.071  131.876  182.979  314.810  407.753  368.383  210.850  119.457
   82.008   51.556   34.168   30.872   29.695   24.017    8.977    -9.291
   -15.037    -8.802    -1.037    -6.203   -17.696   -30.000   -43.519   -58.751
CT2196:295           82.430   56.283   20.828   14.259   25.424   42.314
   89.848  142.190  197.870  357.684  470.969  415.034  203.620   90.696
   57.331   39.738   22.669   21.253   15.546    9.753    3.456    -7.692
   -12.836   -11.780    -9.407   -15.244   -25.914   -36.235   -46.601   -57.591
CT2196:290           73.281   37.659    8.925    6.134   18.763   39.218
   97.401  180.011  227.926  273.529  295.581  258.670  128.209   42.380
   21.669   26.633   19.371   17.989   30.686   31.085   19.321   11.275
    7.315    1.126    -5.035   -13.013   -26.663   -40.475   -52.696   -64.843
CT2196:285           70.503   39.279   11.743    4.924   13.342   25.780
   68.471  130.519  157.096  155.374  144.348  123.798   73.458   35.972
    8.954   -13.413   -26.821   -19.587   -11.725    -8.356    7.045   20.928
   21.743   12.457    0.042   -10.620   -26.183   -42.768   -57.304   -70.149
CT2196:280           72.319   46.421   14.809    4.148   17.665   29.364
   36.366   38.642   47.841   53.978   52.144   46.130   46.606   40.069
   16.019   -13.122   -26.267   -23.870   -16.894   -11.401    3.861   23.341
   27.742   26.614   23.839   11.816   -16.033   -42.325   -58.190   -69.654
CT2196:275           68.762   44.691   22.297    5.854   -11.550   -20.757
   -20.595   -17.652   -12.466    -6.636    2.080    6.074   20.786   24.098
   15.391    8.979    4.526    -8.387   -20.678   -18.354    -4.076    9.243
   15.099   23.313   27.999   19.633    2.552   -17.832   -38.873   -60.444
CT2196:270           70.558   50.882   31.721   14.150    -0.543   -14.477
   -31.574   -50.220   -49.974   -21.244    9.762   10.651    1.458    -4.827
    -7.850   -14.935   -19.158   -16.896   -18.281   -14.344    -1.568   13.896
   17.651    9.227    -0.979    -4.692    -1.364    -1.812   -14.790   -35.821
CT2196:265           69.169   57.675   45.672   28.169    1.731   -20.218
   -39.168   -59.604   -59.508   -24.545    7.334    2.794   -23.634   -39.194
   -41.716   -37.436   -31.838   -28.849   -27.730   -21.073    -7.462    7.354
   11.268    1.391   -11.138   -16.543   -20.768   -24.323   -30.303   -39.783
CT2196:260           68.130   61.444   52.695   33.597    -2.300   -32.095
   -45.293   -48.821   -49.764   -36.963   -31.378   -51.674  -104.142  -135.258
  -125.760   -94.208   -73.146   -57.647   -47.767   -36.625   -23.991    -7.330
    0.388    -3.371    -8.925   -14.809   -25.789   -34.648   -39.605   -42.389
CT2196:255           67.710   66.444   65.450   46.229    -6.504   -48.714
   -50.037   -29.419   -37.860   -68.002  -102.691  -143.565  -224.122  -261.238
  -232.465  -141.128   -88.227   -72.370   -67.166   -53.703   -35.892   -14.782
    -4.326    -1.810    -2.913    -8.771   -21.053   -32.976   -43.774   -54.165
CT2196:250           73.890   77.821   75.188   45.554   -15.472   -56.976
   -58.353   -29.373   -47.750  -135.697  -206.795  -249.756  -324.576  -350.196
  -292.272  -155.286   -86.964   -77.970   -69.949   -52.719   -26.768    7.642
   18.675   10.425    0.425    -7.993   -21.759   -37.712   -53.683   -69.471
CT2196:245           62.347   64.940   79.073   61.661    -8.287   -57.489
   -68.018   -63.376   -87.821  -209.459  -337.179  -324.846  -223.512  -177.356
  -158.532  -147.855  -140.347  -104.872   -59.318   -39.954   -24.795   -10.945
    -3.434    2.162    5.393    -3.530   -26.681   -49.493   -66.226   -81.728
CT2196:240           64.796   53.769   45.003   24.713    -8.271   -36.658
   -53.365   -62.868   -72.418   -98.452  -118.129   -79.830   76.717  169.983
  123.651   -19.779   -73.472   -63.237   -29.286   -16.734   -15.557   -17.434
   -13.772    -6.796    -0.535    -7.539   -26.455   -47.953   -66.194   -81.409
CT2196:235           73.805   54.682   33.813   13.006   -11.527   -35.914
   -49.652   -65.528   -56.245   26.856  139.341  196.298  296.684  359.889
  282.849   87.544    -1.039   -17.936    -8.767    -5.614    -3.698    -5.327
    -5.514    -4.611    -1.867    -9.116   -28.109   -47.457   -62.728   -75.794
CT2196:230           75.641   56.805   36.144   13.384   -15.444   -39.388
   -47.977   -54.780   -33.952   58.697  173.961  229.428  253.224  231.354
  194.498   79.566    0.466    -9.084    6.275    7.666    5.789    0.687
    -2.830    -3.748    -3.287   -10.252   -26.313   -43.917   -59.569   -74.501
CT2196:225           76.163   56.292   35.099   12.038   -20.764   -46.432
   -44.930   -32.052    -8.937   45.048  111.593  143.771  149.501  137.505
  110.252   58.306   19.182   10.367   19.101   17.108   12.550    6.147
    0.936    -3.499    -6.915   -15.046   -30.294   -46.321   -60.491   -74.325
CT2196:220           79.255   55.726   31.078    5.766   -26.633   -48.705
   -39.131    -8.446   18.375   49.064   80.356   91.900   79.097   66.637
   55.509   51.397   44.439   36.055   29.856   21.962   11.888    2.452
    -3.371    -7.404   -10.273   -18.236   -33.383   -49.076   -62.803   -76.673
CT2196:215           83.778   59.495   33.362    8.529   -23.063   -44.938
   -31.294    4.801   31.829   65.792   97.094  100.541   65.998   38.380
   37.200   56.585   60.636   44.873   19.583    6.028    -2.297   -10.794
   -15.975   -16.214   -13.926   -19.941   -31.874   -44.579   -59.313   -76.973
CT2196:210           84.177   62.131   39.277   15.342   -14.996   -32.719
   -20.829    9.889   33.366   74.550  120.716  120.075   71.628   43.327
   41.045   50.857   51.393   39.932   21.943   11.812    1.037    -8.037
   -13.176   -11.205    -8.405   -16.015   -29.623   -44.588   -62.117   -82.454
CT2196:205           84.933   65.513   48.752   28.593    -7.671   -30.540
   -20.298    8.277   25.889   45.268   56.178   59.295   52.193   44.849
   43.978   48.900   50.448   40.974   25.174   18.116   17.069   27.000
   22.714   13.467    7.302    -5.669   -28.440   -51.780   -72.055   -92.074
CT2196:200          117.747   86.413   48.690   20.192   -10.252   -30.510
   -20.721    1.521   14.611   37.994   54.787   55.116   41.661   33.249
   38.585   49.185   53.346   51.166   34.198   26.011   25.103   28.396
   20.134   10.131    0.835   -13.669   -37.018   -61.095   -81.461  -100.751
CT2196:195          101.337   75.379   48.404   26.933    5.623    -7.021
    3.737   33.840   45.587   39.692   32.142   27.590   15.699    9.169
   27.663   72.697  102.468  111.310  110.881  108.855   80.529   42.949
   19.745   12.293   14.418    -0.789   -26.796   -56.122   -81.776  -103.958
CT2196:190           92.665   70.253   45.573   27.669   13.416    4.578
   12.018   33.155   38.094   27.995   11.646    3.188    -5.431    -8.333
    2.982   36.285   75.409  139.875  214.585  229.287  176.124   61.456
   13.398   11.744   23.396    4.211   -27.530   -58.584   -80.881   -99.542
CT2196:185           97.501   68.806   39.950   22.665   15.467   10.420
   15.389   29.346   29.474   17.976    6.316    -8.795   -40.354   -62.184
   -65.809   -81.529   -57.446  106.956  378.504  449.145  341.089  143.228
   69.726   35.826    8.687   -16.165   -33.572   -51.417   -71.061   -91.778
CT2196:180          113.478   82.309   45.861   26.984   28.177   27.374
   26.599   30.719   26.436    2.296   -28.508   -43.923   -59.218   -84.157
  -110.991  -169.987  -161.897   23.449  404.640  524.496  379.729  176.218
  111.372   63.698   13.516   -16.431   -33.397   -51.570   -73.728   -96.937
CT2196:175          101.575   65.860   31.740   16.694   28.720   35.670
   31.113   23.022   15.876    7.895    3.133    -8.340   -13.431   -21.738
   -83.228  -240.911  -299.962  -220.916   -99.745   -40.984   34.386   85.864
   87.623   56.241   17.243    -9.113   -31.664   -53.051   -74.421   -95.477
CT2196:170           90.642   57.492   29.028   18.772   30.728   36.554
   29.886   14.964    4.860    1.656    -0.095    -8.172    -3.180    -4.150
   -53.833  -162.136  -214.761  -255.725  -318.668  -303.149  -186.823   -23.107
   28.480   22.347    4.352   -11.019   -33.922   -56.172   -76.130   -95.170
CT2196:165           80.833   56.261   28.489   15.512   33.730   46.159
   37.371   14.771    1.998    -9.113   -21.743   -31.051   -35.587   -47.870
   -62.569   -75.214   -91.534  -139.966  -194.977  -185.440  -133.948   -28.630
   12.987    8.758    -2.827   -13.166   -37.343   -60.297   -75.885   -88.253
CT2196:160           84.970   60.925   35.588   22.378   25.993   28.145
   28.448   33.184   28.061    1.304   -32.028   -41.362   -35.232   -34.173
   -40.335   -41.356   -55.438   -71.689   -97.598   -97.340   -69.481   -25.584
    -2.576    -2.808   -12.751   -22.393   -39.427   -55.737   -70.282   -84.175
CT2196:155           78.989   56.769   37.261   26.197   27.495   28.922
   28.654   34.658   32.459   11.198   -12.007   -17.351    -6.714    2.640
    -1.432    -5.359   -20.003   -25.437   -36.619   -38.479   -25.915   -14.009
    -6.076    -7.601   -13.874   -22.992   -40.871   -59.255   -75.664   -92.197
CT2196:150           71.707   62.449   56.269   45.938   15.316    -8.947
    -2.471   23.960   26.851    8.650   -18.737   -15.605   32.700   53.106
   38.282    5.978   -15.135   -26.912   -26.084   -17.934   -10.308   -10.096
    -6.726    -8.674   -13.646   -22.962   -38.761   -56.408   -81.021  -112.893
CT2196:145           73.558   65.014   53.766   40.693   19.752    5.486
    9.600   28.978   34.807   23.416    3.869    9.802   75.716  111.337
   57.676   -81.008  -135.396  -133.200   -62.521   -17.417    -8.063    -7.307
    -4.185    -5.143    -4.559   -13.012   -33.483   -57.110   -80.956  -106.245
CT2196:140           68.077   56.417   44.667   33.859   18.957    8.762
   12.849   28.879   34.558   40.325   46.553   49.361   88.424  106.752
   15.539  -265.141  -384.906  -315.074  -106.433   -11.669   -11.779   -10.971
    -8.433    -8.220    -0.207    -7.007   -29.871   -56.921   -80.670  -103.249
CT2196:135           65.334   47.589   28.305   15.987   11.877    6.818
    9.996   26.863   30.070   35.275   41.264   34.085   34.848   25.053
   -58.241  -355.992  -509.226  -341.311   -93.255   -19.010    1.431   -10.049
   -25.519   -10.917   26.136   20.311   -16.399   -57.678   -84.020  -106.131
CT2196:130           64.496   41.814   22.153   14.842   28.080   35.267
   23.759    -2.287   -25.718   -22.134   -23.310   -46.376  -119.587  -188.706
  -152.829   24.609  206.652  264.903  421.067  482.281  356.329   82.665
   -21.624   -19.330   29.975   28.379    -1.161   -45.523   -85.079  -120.579
CT2196:125           78.499   58.535   33.473   16.849   18.887   15.428
    3.770   10.817   -19.976   -88.331  -175.886  -204.665  -228.154  -244.369
  -204.531  -168.807  -100.363  193.938  766.515  934.767  641.915   95.408
   -80.399   -58.682   21.368   19.529   -20.972   -70.730  -102.947  -132.879
CT2196:120           75.225   56.227   36.873   21.949   15.175    3.169
   -22.816   -42.802  -100.812  -233.909  -352.958  -367.768  -308.285  -216.220
  -185.838  -296.186  -311.869   -38.658  486.518  645.080  448.099   33.090
  -121.844   -99.988   -12.751    2.024   -17.173   -50.610   -79.894  -108.701
CT2196:115           70.601   50.796   33.892   17.532   12.180    -1.630
   -61.804  -143.437  -244.534  -509.724  -824.360  -827.807  -453.792   -89.884
   -55.487  -226.749  -258.574  -139.737  101.390  183.850  107.181   -82.789
  -153.772  -116.202   -22.324    7.300    -8.618   -37.112   -59.957   -85.408
CT2196:110           76.919   49.088   19.909    -4.337    -1.644    -3.804
   -91.264  -264.589  -386.242  -703.049 -1178.282 -1173.924  -558.302   -65.481
   -16.056  -141.253  -173.746  -160.694  -144.392  -136.703  -141.244  -166.444
  -172.373  -121.615   -17.343   14.619    -0.796   -26.620   -43.939   -65.208
CT2196:105           74.019   49.720   28.785    7.657   -10.073   -31.576
   -97.494  -231.366  -315.857  -378.316  -454.042  -431.875  -239.429   -69.056
   -34.007   -60.271   -79.236  -104.896  -148.766  -164.955  -198.063  -237.455
  -234.764  -163.924   -49.360    -5.704   -12.981   -31.697   -45.338   -61.522
CT2196:100           73.316   54.138   35.246   16.522   -10.020   -35.777
   -35.970    -7.528   25.268  190.913  530.023  578.842  286.163   49.212
    4.504   -17.298   -38.064   -62.748   -94.372  -116.797  -154.847  -204.218
  -205.771  -153.935   -63.591   -24.349   -28.477   -39.404   -45.683   -56.017
CT2196:095           61.224   50.979   40.025   26.787    -2.465   -25.472
   12.030   97.406  155.927  359.916  627.157  634.819  376.629   99.026
   28.754    -6.621   -40.467   -54.552   -61.691   -80.753  -115.111  -164.459
  -172.242  -138.795   -81.973   -53.772   -47.699   -46.243   -43.509   -43.797
CT2196:090           73.606   64.656   50.662   36.347    9.450    -8.259
   53.361  238.956  349.841  363.319  311.922  262.578  165.670   35.335
   -14.365   -18.572   -26.607   -39.100   -52.419   -67.225   -80.455   -95.156
   -96.192   -73.761   -35.228   -19.689   -31.509   -48.543   -57.448   -65.859
CT2196:085           79.585   67.979   54.764   41.116   18.192    2.641
   57.868  200.387  272.100  224.494  105.290   50.517   14.860   -10.716
   -30.431   -32.770   -30.478   -34.049   -37.336   -41.352   -46.496   -52.240
   -53.450   -40.845   -20.927   -15.860   -28.708   -48.060   -64.967   -82.500
CT2196:080           89.543   72.762   56.455   42.392   21.009    3.115
   24.601   90.285  117.478   61.959   -37.146   -74.318   -73.186   -60.067
   -58.162   -51.209   -43.124   -28.500    -4.668    0.544    -6.177   -24.538
   -33.348   -27.503   -13.165   -12.691   -30.305   -51.618   -72.302   -97.171
CT2196:075          105.455   80.170   52.859   30.560   12.402    -0.899
    -7.678    -8.461   -19.220   -51.665   -98.800  -114.498  -103.674   -85.251
   -66.600   -31.605    -7.799   15.959   58.397   73.182   44.060   -11.767
   -32.246   -23.241    -2.509    -4.413   -27.210   -58.584   -88.467  -118.103
CT2196:070          118.321   84.718   42.274   11.444    5.642    1.795
   -17.608   -47.401   -65.957   -90.598  -102.817  -100.815   -89.136   -60.955
   -33.395   18.262   57.782   70.372   74.720   70.074   48.525    -1.126
   -20.250    -4.908   30.306   26.080   -16.051   -67.515  -103.536  -137.212
CT2196:065          103.721   77.226   51.122   29.204   12.085    -6.305
   -34.089   -79.970  -107.714  -130.794  -159.531  -154.211   -88.774   -23.061
    2.696   25.260   45.969   59.517   76.726   80.014   52.969    0.328
   -18.602    -2.731   34.570   33.436    -3.687   -55.337  -100.451  -140.893
CT2196:060           87.849   65.852   44.480   24.103   11.678    -0.674
   -29.259   -87.003  -114.496  -114.335   -95.358   -78.702   -45.649    -6.867
    5.970    -2.274    -4.911   10.686   42.867   53.451   39.781   10.251
    -1.659    7.453   31.446   24.488   -15.762   -64.554  -100.924  -134.960
CT2196:055           88.653   65.039   42.748   21.013    4.550   -11.997
   -36.439   -82.023   -99.787   -87.152   -49.370   -30.644   -19.596   -10.371
    -2.951    -7.983   -14.658    -5.194    8.830    9.613    7.587    -0.353
    -5.426    -1.304   10.696    2.878   -21.907   -52.729   -88.738  -133.158
CT2196:050           97.874   75.251   50.903   26.007    -3.264   -29.611
   -39.685   -46.221   -41.977    -6.071   51.332   66.962   49.509   28.128
   21.867   16.471   17.335   13.252    6.541    5.222    4.083    7.082
    6.624    1.593    -3.820   -14.605   -37.415   -63.413   -89.854  -119.457
CT2196:045          104.369   81.706   53.091   23.011   -22.429   -63.883
   -47.388   26.116   76.835  108.268  144.839  147.298   96.079   36.620
   21.589   28.962   32.148   26.772    8.987    -0.591    4.729   17.740
   20.276   13.884    5.419    -9.181   -38.158   -68.963   -93.919  -117.075
CT2196:040           94.372   72.764   46.417   16.811   -37.660   -80.774
   -43.316   93.409  178.423  188.815  165.412  142.684   91.666   27.134
    7.969   22.496   31.406   29.501   24.575   22.691   25.300   29.883
   30.079   25.690   19.872    5.325   -25.595   -60.632   -89.567  -116.474
CT2196:035           79.557   56.034   32.860   10.489   -25.427   -52.747
   -16.566  110.793  194.420  191.456  137.572  100.920   61.944   20.091
    -0.075    -4.788    -6.234    -1.750   17.956   30.673   33.262   30.808
   29.750   27.159   21.997    8.821   -18.657   -50.695   -81.295  -113.002
CT2196:030           69.100   47.303   24.470    2.277   -13.423   -18.928
   15.558  110.245  174.358  162.483   97.000   56.228   26.523    -0.069
   -16.979   -29.135   -39.408   -37.763   -21.128    -8.907    0.042   14.192
   21.232   20.751   18.634    9.147   -15.196   -43.029   -70.174   -98.692
CT2196:025           63.979   42.588   19.862    2.806    -2.324    0.256
   25.081   92.552  140.220  126.391   64.686   26.051   10.434    3.557
    -6.978   -17.537   -27.451   -33.798   -42.765   -46.001   -34.912    -6.990
    9.696   15.043   19.987   13.968    -9.172   -36.495   -60.353   -84.329
CT2196:020           61.729   40.698   17.911    2.363    7.872   22.315
   43.587   84.662  114.408   97.739   46.079   16.560   11.638   23.066
   18.890    5.676    -8.436   -19.136   -39.405   -51.810   -42.457   -11.517
    8.873   16.387   21.039   16.517    -3.951   -28.819   -50.954   -72.936
CT2196:015           62.435   42.414   17.907    3.055   18.697   49.063
   69.154   92.593  103.652   84.850   39.747   12.938    5.876   10.374
    7.300    5.743    1.605    -8.797   -29.978   -41.463   -37.195   -18.865
    -4.093    4.969   14.222   13.520    -3.133   -23.990   -42.832   -61.330
CT2196:010           63.123   39.966   18.754   13.366   38.466   70.109
   85.410  100.673  106.529   81.248   32.473    6.301    -8.085   -18.184
   -20.911   -10.002    -6.488   -13.793   -37.670   -53.758   -48.680   -31.235
   -19.056    -7.365    7.048   10.159    -3.321   -21.058   -37.669   -56.837
CT2196:005           66.492   52.644   33.694   25.018   53.003   89.175
   97.655   82.526   65.150   54.103   31.652   10.132    -5.817   -20.086
   -23.198    -2.860   14.687    4.764   -28.261   -43.396   -39.808   -20.703
    -6.961    4.138   16.397   18.601    5.650   -13.353   -33.508   -58.121
CT2197:360           71.577   54.726   39.551   38.855   63.637   90.481
   99.120   97.801   91.595   73.565   47.663   25.248    1.362   -22.182
   -26.464    -4.446   16.914   12.504   -15.395   -30.514   -24.078    -5.010
    7.415   22.695   47.374   51.298   27.800    -6.805   -38.201   -70.558
