
filled_synop: 30 data points in equal steps of sine latitude from +14.5/15 to  -14.5/15

CT1944:360           76.321   72.314   69.372   72.220   80.366  102.024
  132.437  129.529   88.868   53.064   35.747   28.457   21.106   11.095
    4.979   18.886   99.897  202.595  240.585  215.215  236.262  365.832
  639.259  737.090  528.766  148.449   26.371    -4.805   -28.043   -58.987
CT1944:355           97.359   88.981   68.982   35.938   22.675   23.659
   25.409    9.880   -76.325  -175.737  -166.861   -75.458   -48.180   -30.725
   10.545   40.432   66.932   89.442  179.347  344.555  489.370  522.662
  517.635  500.551  320.479   20.430   46.487    0.043   -34.977   -72.923
CT1944:350           62.258   53.318   47.328   48.982   51.045   52.078
   58.399   47.219   19.335   22.946    0.236   -29.333   -29.896   -23.965
   -15.548    -1.322   22.094   42.786  107.510  171.061  223.036  266.724
  306.113  305.668  221.122   89.971   48.824    3.035   -34.952   -78.501
CT1944:345           41.016   41.777   49.426   63.154   69.084   73.276
   77.644   70.636   45.417   24.786   18.929   25.267   33.786   24.423
    4.474    6.434   29.774   54.460   80.538   41.976   26.606   85.728
  209.050  266.916  211.883  124.908   70.661   14.623   -30.504   -81.853
CT1944:340           63.306   67.806   72.763   82.304   81.830   62.959
   40.028   38.269   35.840   -19.773    -0.413   54.665   51.259   42.694
   26.347   27.317   49.788   87.160  104.098   57.723   10.697  120.460
  369.169  467.216  372.683  167.119   64.882   19.781   -29.816   -95.039
CT1944:335          100.837  112.248  117.646  111.435   86.322   36.462
   -38.406   -47.731  121.348  300.193  284.873  114.132   43.968   33.251
    -3.062   -14.167    8.927   47.507   82.766  155.516  263.738  338.798
  524.796  624.580  484.695  206.419   68.823    -6.301   -68.546  -129.548
CT1944:330          130.860  138.608  138.134  140.385  111.794   44.235
   -18.407   -52.704   -92.571   -93.461   -64.621   -14.117   24.543   21.001
   -32.428   -52.321   -56.025   -52.099   -21.250   38.110   97.637  172.210
  273.031  298.326  268.094  184.960  106.478   13.547   -70.510  -152.217
CT1944:325          128.698  122.879  111.614   96.004   36.491  -119.168
  -299.755  -381.692  -496.341  -624.127  -528.906  -180.618    8.190   28.905
    -2.790   -12.894   -68.436  -169.272  -152.940   -10.287  102.118  145.172
  163.721  172.646  160.151  145.631  100.900   17.136   -72.125  -155.281
CT1944:320           95.254   96.566   86.305   88.661   37.510  -172.330
  -445.472  -531.822  -461.961  -322.439  -251.805  -110.272   20.926   55.735
   45.410   46.187   23.654   16.726   35.457   97.830  178.957  183.922
  122.147   98.357  110.161  146.283  114.733   -13.545  -128.866  -213.851
CT1944:315           82.634   75.328   74.302   81.492   31.650  -140.766
  -338.499  -404.373  -384.331  -332.394  -260.064   -97.560   17.849   39.079
   22.658   19.935   21.857   22.700   29.691   45.748   41.709   58.657
   72.071   77.122   90.589  114.935   97.649   22.624   -63.715  -141.485
CT1944:310          104.231   91.746   81.098   78.033   43.517   -74.198
  -203.116  -232.959  -224.038  -192.965  -152.747   -58.949    -1.222    -3.096
   -36.604   -57.550   -36.358    -0.665    4.582    -5.089    -8.314    4.376
   24.646   45.967   63.078   78.312   72.698   21.014   -43.857  -106.481
CT1944:305          121.965  123.076   99.138   50.757   16.677   -35.046
   -89.327   -77.853    -4.853   86.269   89.979   49.117   12.807   -24.137
   -50.704   -71.624   -97.175  -102.865  -111.133  -123.190  -111.999   -95.796
   -64.732   -32.470   11.332   68.303   72.764    -0.331   -69.464  -121.960
CT1944:300           74.947   67.161   56.354   38.859   40.910   68.539
   92.921  151.101  353.839  489.751  444.147  228.235   47.179   -19.601
   -42.281   -77.698  -144.995  -248.224  -289.940  -291.939  -287.157  -264.928
  -175.191   -97.901   -37.660   57.613   89.145   34.383   -42.510  -109.809
CT1944:295           37.712   34.728   41.351   45.077  105.449  338.958
  631.261  778.401  923.633 1002.447  878.405  417.019   91.911    3.798
   -16.387   -53.982  -103.929  -164.541  -203.765  -285.899  -374.348  -369.632
  -311.848  -264.336  -160.356   15.239   77.233   24.930   -40.223   -95.549
CT1944:290           53.897   57.593   67.388   56.209  101.685  396.945
  775.582  906.605  930.922  907.362  800.628  372.935   71.875    5.822
   15.672    3.282    -7.308    3.859    -7.272   -17.451   -34.497   -99.054
  -263.539  -345.450  -251.504   -38.456   46.786   10.057   -36.826   -70.804
CT1944:285          114.412  101.213   91.288   70.636   39.013   49.667
  136.601  187.982  123.855  102.051  106.921   63.293    9.507    -4.660
   28.344   28.322   48.327   78.196   72.259  129.376  213.809  122.196
  -211.536  -378.927  -288.949   -73.143   25.585   22.266    -5.552   -32.786
CT1944:280          168.698  130.056   91.840   94.245   24.579  -353.869
  -932.439 -1022.810  -721.833  -403.431  -283.949   -74.704   68.160   65.882
   91.040  113.027   97.509   84.121   53.216   -34.023  -157.749  -196.184
  -198.499  -193.728  -136.333    8.643   73.229   47.834   13.307   -11.288
CT1944:275          162.642  140.556  108.830   74.022   -41.636  -459.246
  -979.509 -1012.367  -560.745   29.946  171.718  107.250   66.315   49.692
   60.141   52.784   59.391   76.924   38.816  -136.189  -328.147  -344.581
  -234.148  -158.750   -95.436    5.605   58.288   44.968   12.625   -18.616
CT1944:270          166.411  117.277   57.909    8.237  -102.895  -441.563
  -851.764  -799.289  -152.451  573.628  705.932  417.664  177.110   95.335
   67.787   42.345   48.333   78.487   47.141   -94.207  -248.483  -269.393
  -187.342  -123.075   -72.685    3.225   32.935   16.583    -6.951   -23.759
CT1944:265          152.499   90.341   17.620   -59.851  -137.452  -313.101
  -617.388  -501.724  336.353 1223.599 1325.524  772.880  286.986  140.159
   85.373   44.809   51.800  106.485   94.605    4.630   -81.837   -96.875
   -48.737    -4.698    1.756   -13.137    -7.809    2.081    8.303    0.988
CT1944:260          144.065   94.256   37.668   -35.393  -105.833  -144.256
  -167.949   21.674  804.653 1615.218 1663.001  903.319  234.207   87.277
   68.618   29.811   23.165   26.868   13.213   31.436   49.869   45.005
   38.848   35.377   31.621    2.973   -10.029    -5.209    -2.453    -7.868
CT1944:255           97.950   47.206    5.416   -39.061   -67.599   -64.083
   -71.708   31.678  578.916 1323.273 1380.107  691.820  211.611  111.626
   88.572   74.001   43.088   24.832   13.483    -4.587   -19.538   -14.447
   41.897   82.394   62.643    4.708   -22.145   -31.680   -33.734   -27.843
CT1944:250           56.368   -25.988   -77.175  -105.421  -122.419   -93.182
   -28.184   -12.131  -210.151  -557.930  -565.672  -194.257   43.786   47.515
    2.272   -26.434   -10.461   13.242    5.680   -37.423  -101.532  -100.865
   -41.210   -13.821   -10.051   -28.311   -39.799   -42.966   -44.488   -47.846
CT1944:245           70.168    2.976   -60.994  -117.194  -139.133   -94.090
   -14.309   -60.196  -530.950 -1125.762 -1144.849  -558.308   -91.659   -18.685
   -19.688   -10.160    7.565   56.979   65.538   17.904   -38.422   -47.969
   -19.303    1.693    3.264    8.581    6.040   -15.429   -49.136   -84.106
CT1944:240           81.182   17.163   -34.414   -93.725  -123.111   -60.909
   68.212   77.436  -101.724  -222.666  -211.775  -121.040   47.646   64.056
   -15.060   -55.333   -29.834   27.226   39.411   66.860   98.517   75.237
   -21.884   -78.598   -56.605   22.074   45.884   13.967   -32.332   -78.578
CT1944:235          106.436   51.138   -13.852   -91.307  -127.472   -72.527
   22.707   54.442   28.265   -51.914   -45.512   43.677   85.731   84.013
   44.898    8.007    8.237   42.069   49.213   52.039   47.711   13.122
  -107.397  -189.777  -142.670    -9.526   41.020    4.805   -51.910  -100.297
CT1944:230          129.234   66.149    -4.006   -92.362  -143.702  -107.489
   -38.379   42.752  256.575  429.756  450.454  332.778  187.269  129.880
   85.609   38.647   -36.118  -123.639  -157.520  -139.695  -125.030  -143.898
  -232.057  -278.178  -210.198   -44.935   37.233    2.570   -64.909  -119.142
CT1944:225          200.145  117.095   34.368   -68.037  -135.317  -125.114
   -40.778   77.208  446.178 1048.585 1153.039  648.539  220.206  122.703
   81.702    -1.298  -155.619  -400.744  -482.171  -435.344  -314.292  -287.432
  -321.423  -322.271  -243.878   -74.241    2.104   -44.628  -100.262  -130.083
CT1944:220          153.827   85.118   15.670   -40.625   -86.242  -225.187
  -478.546  -481.811   -82.700  383.784  482.030  369.454  240.396  159.853
   71.920   -30.406  -249.868  -648.004  -790.036  -614.855  -339.550  -290.862
  -335.166  -328.562  -249.592   -90.223    2.357    -1.843   -38.915   -76.379
CT1944:215          103.553   66.058   28.370   -17.501   -71.208  -195.014
  -351.791  -353.662  -339.193  -325.337  -243.167   45.309  239.390  192.884
   80.054   -21.204  -170.931  -384.065  -454.427  -455.755  -424.549  -384.199
  -304.899  -252.872  -194.554   -74.441   -12.069   -12.050   -21.294   -34.950
CT1944:210           87.697   57.998   27.434    -9.844   -54.881   -96.059
  -165.458  -132.998   -35.484  118.712  190.221  225.288  267.142  205.694
  112.273   37.961   -19.471   -59.376   -62.432    -9.844   81.026   54.475
  -104.182  -197.564  -179.219   -76.887   -27.342   -20.164   -25.505   -29.232
CT1944:205           90.381   42.075    -3.227   -51.867   -99.997   -84.600
   -56.650   67.022  420.919  820.395  876.245  599.947  338.331  226.555
  131.293   47.161   32.252   47.863   99.701  337.091  562.156  510.138
  133.607  -143.925  -166.837   -84.850   -51.619   -49.912   -47.293   -39.708
CT1944:200          111.997   58.339    1.127   -69.341  -116.082   -44.035
   50.038  217.186  685.038 1218.301 1274.895  870.779  470.236  295.045
  142.356   32.730   12.644   10.830   79.897  400.641  730.758  687.037
  266.059   -49.801  -105.955   -67.172   -63.832   -59.469   -52.144   -41.072
CT1944:195          136.973   75.394   19.600   -49.119   -96.035   12.163
  158.849  349.193  753.194 1191.365 1230.322  888.628  492.592  299.722
  127.822    7.319   -21.319   -24.604   46.962  360.241  728.859  714.473
  326.950   10.153   -66.187   -69.256   -78.427   -62.033   -48.900   -42.743
CT1944:190           89.403   50.773   15.226   -42.364   -75.145   85.996
  294.729  493.711  815.754 1191.412 1211.309  844.489  409.753  235.885
  100.891    3.478   -16.110   -17.639   33.520  240.397  506.166  524.183
  299.444   74.382   -16.748   -61.753   -79.588   -63.693   -49.388   -43.495
CT1944:185           68.628   24.492    -4.630   -41.267   -92.628  119.680
  367.426  499.728  657.689  835.694  808.450  479.314  143.888   65.947
   43.670   16.258   12.225    4.924   34.558  157.398  328.569  349.124
  220.931   97.918   32.187    -0.019   -29.385   -49.923   -64.378   -71.509
CT1944:180           55.008   22.455    6.948   -19.725   -73.647  297.791
  735.366  810.224  463.986  -160.994  -338.568  -276.809   -85.580    -5.847
   26.021   39.977   58.967   66.867   93.048  149.254  217.081  231.317
  180.778  121.649   75.763   33.346    -4.629   -32.087   -58.917   -87.602
CT1944:175           58.724   38.535   21.549    1.153  -110.940  232.897
  832.034  980.668   53.853 -1460.345 -1762.351 -1055.821  -220.872    0.882
   39.907   84.975  104.238   99.816  122.853  162.056  199.003  213.137
  210.392  176.432  146.338   94.281   39.861    -3.304   -44.403   -92.210
CT1944:170           53.519   46.146   24.187   43.959   -64.583  -291.245
  -628.723  -909.712 -1192.743 -1569.978 -1554.270  -997.232  -233.908   11.205
   -11.793   -39.217    7.057   59.775   85.660  122.537  236.643  276.135
  238.634  254.849  233.216  163.736  103.939   31.763   -52.233  -110.286
CT1944:165           33.179   53.729   73.262  110.552   -30.719  -613.038
-1466.597 -1905.010 -1845.220 -1520.411 -1274.127  -788.284  -178.411   48.909
    8.911   -30.188    -1.983   32.268   51.242   -54.367  -304.043  -315.535
   -42.988  200.780  200.732  110.054   39.750    -5.054   -40.770   -69.335
CT1944:160            -8.822   12.656    -2.871   61.187   -10.904  -511.483
-1353.346 -1678.449 -1605.077 -1204.200  -912.795  -505.016   -76.183   96.353
   61.068   41.626   48.142   44.213   69.117   48.739   -86.277   -93.293
   89.571  210.412  188.607  118.605   69.746   24.041   -22.923   -63.902
CT1944:155            -4.325    -2.555    8.489   74.463    -9.619  -543.606
-1445.682 -1812.306 -1455.793  -688.916  -336.546  -146.445   16.648  108.968
   69.532   31.925   47.025   50.843   86.125  346.059  897.243  998.354
  573.151  197.197  130.831  147.530  129.594   65.538   -14.476   -94.449
CT1944:150           55.782   31.358   15.414   49.620   -16.637  -420.660
-1154.548 -1415.683 -1048.872  -312.795    -6.096   66.829   74.333  100.405
   57.736   21.748   24.526    7.094   40.831  277.970  685.781  765.417
  503.335  190.870  121.031  132.563  118.673   52.508   -31.988  -116.603
CT1944:145          106.961   80.330   24.103   -22.843  -107.453  -337.084
  -794.581  -929.473  -591.834   63.615  303.391  256.727   87.355   45.423
   16.228    -8.046   -19.653   -49.071   -29.192   71.469  189.780  227.211
  223.379  156.856  129.619  157.325  145.372   59.234   -35.744  -125.711
CT1944:140           93.119   60.639   29.414    -3.180   -63.377  -121.969
  -203.220  -165.513  106.639  584.947  741.538  479.307  101.402    -7.488
    3.199   22.248    -1.913   -39.964   -40.266    -7.494   47.729   89.283
  137.182  189.569  183.047  159.041  127.781   58.967   -35.555  -133.279
CT1944:135          106.618   58.792   13.084   -58.301  -106.989   -26.713
  149.206  305.857  503.590  742.156  784.318  544.214  148.465    0.917
   10.494   25.754    -5.580   -24.397   -35.852   -29.627   -26.138    1.305
   74.190  136.498  151.561  160.995  143.936   58.466   -43.587  -124.078
CT1944:130           92.998   38.638   -16.613   -78.735  -102.529    -2.671
  160.535  314.884  615.233 1006.076 1075.180  767.712  304.888  123.524
   79.825   38.669   -20.920   -69.075  -110.994  -109.724   -79.471   -40.678
   34.765  113.742  145.297  137.034  113.949   44.331   -41.420  -113.051
CT1944:125           88.713   35.285   -11.214   -81.590  -118.544   -32.488
  101.748  258.760  627.947 1172.939 1305.759  948.835  481.590  291.460
  156.031   38.553   -61.861  -168.358  -248.462  -313.353  -365.872  -326.572
  -151.571   40.856  113.543  109.841   99.487   41.628   -33.412  -101.587
CT1944:120           78.253   30.427   -19.144   -85.768  -126.040   -85.012
   -13.008   92.953  340.250  703.677  822.877  656.511  396.529  263.382
  147.838   37.468   -99.447  -325.121  -481.572  -620.045  -774.838  -723.326
  -431.450   -44.028   84.768  116.613  124.870   45.858   -45.965  -113.388
CT1944:115           57.067   11.538   -29.643   -72.596  -117.001  -151.743
  -206.916  -180.269   -34.576  169.832  237.285  251.092  177.699  109.667
   83.287   47.253   -66.649  -282.018  -411.108  -584.791 -1003.195 -1065.702
  -552.319   -30.884   72.544  115.980  149.896  103.714    5.025   -98.094
CT1944:110           31.055   -10.837   -42.055   -35.607   -47.043  -138.625
  -350.878  -416.831  -250.216  126.092  284.915  217.653   63.686   25.259
   37.636   41.150    -9.944  -119.016  -151.894   -36.956  334.412  465.401
  221.170   -22.695   -11.420  115.529  168.957   97.955    -0.971   -88.741
CT1944:105           50.105   24.306    -3.204   -35.119   -93.738  -211.165
  -422.465  -503.113  -388.545   -64.141  107.477   71.917   27.586   44.235
   34.401   11.799    -0.370   -40.900   -16.849  312.762  991.044 1144.648
  715.258  199.511   88.485   85.432   76.499   33.178   -20.145   -75.131
CT1944:100           70.706   42.813    4.945   -13.048   -60.546  -225.496
  -495.085  -627.784  -649.288  -679.240  -633.439  -346.371   -52.537   33.830
   24.813    7.477    2.353   -57.088   -24.729  309.312  839.916  955.219
  676.603  258.499  123.856   77.866   30.655    -3.891   -32.312   -70.874
CT1944:095           77.968   52.255   22.496    -0.883   -56.078  -225.051
  -545.686  -725.479  -758.985  -714.992  -629.727  -363.023   -69.831   27.376
   17.233    -7.933   -15.983   -76.671   -54.715  153.577  507.799  617.397
  469.664  256.975  159.649   86.842   28.669   -11.984   -47.616   -80.827
CT1944:090           88.795   45.733    -1.108   -29.270   -81.501  -256.846
  -559.626  -744.816  -736.673  -480.000  -247.227  -210.381   -56.748   52.771
   19.433   -21.194   -31.228   -83.182   -79.516   25.852  253.626  342.277
  266.904  160.810  101.078   47.465    4.283   -30.456   -61.076   -85.399
CT1944:085          136.353   70.113   11.295   -32.890   -91.398  -217.185
  -429.284  -560.106  -708.391 -1102.332 -1265.993  -823.816  -252.395   -91.892
   -40.881   -26.779   -33.820  -101.326  -140.290   -95.071    0.004   45.115
   42.535   18.817   18.438   19.564    6.637   -19.597   -47.457   -74.704
CT1944:080          179.121   94.646    8.853   -85.507  -174.634  -242.867
  -285.710  -336.097  -435.276  -596.044  -584.014  -448.575  -152.903   -24.793
    -6.072    -9.873   -19.233   -49.881   -58.545   -98.139  -172.809  -173.540
   -85.526   46.833   71.675   58.240   53.366   24.361   -16.833   -55.607
CT1944:075          188.098   93.085    -7.084  -113.212  -196.781  -212.617
  -140.732  -127.603  -136.446  -115.790   -67.615   -53.499    -4.251   49.377
   55.369   53.763   23.409   -72.886  -146.433  -184.707  -244.738  -247.353
  -179.632   -89.419   -39.028   28.498   64.142   36.866   -15.152   -67.266
CT1944:070          170.577   87.651   15.487   -77.151  -155.886  -141.743
   -55.942   -21.209   -10.265   -25.887   -30.386    0.036    -5.773    4.974
   46.491   52.191    4.588  -115.588  -204.967  -233.754  -242.257  -229.884
  -185.581  -124.492   -69.628    4.230   51.992   11.543   -54.094   -97.810
CT1944:065          136.795   69.764    6.883   -54.444   -94.757   -85.877
   -28.193    4.242    3.334   -33.731   -43.600    -6.302   35.025   47.697
   62.142   75.634    5.062  -181.873  -297.908  -300.244  -228.177  -189.161
  -168.042  -137.623   -84.794    -6.517   45.481    9.428   -48.072   -90.298
CT1944:060          100.268   64.319   28.429   -24.694   -73.959   -67.078
   -17.762   12.057   11.821   -12.632   -12.843   17.584   65.183   70.686
   44.018    5.279   -70.858  -251.596  -376.225  -377.752  -301.557  -250.921
  -205.120  -135.079   -75.866    5.418   67.917   35.972   -14.925   -69.417
CT1944:055           89.639   67.369   38.741    -8.794   -50.140   -44.582
    -7.915   19.613   38.369   65.294   79.542   66.172   45.443   31.442
   18.770   11.187   -36.431  -141.016  -211.657  -242.113  -281.490  -286.229
  -218.303  -146.709   -89.192   17.294   86.806   29.939   -31.359   -82.125
CT1944:050           98.494   63.782   33.735    -6.551   -40.951   -37.869
   -25.013    -7.200   34.243  101.964  125.197   98.827   55.893   33.210
   19.358    -0.576   -15.493    -8.213   -14.076   -17.033   -23.260   -46.569
   -87.351  -111.447   -77.692   10.109   77.008   26.787   -49.418  -118.868
CT1944:045           49.097   11.905   -13.006   -27.486   -28.751    -7.681
   30.999   71.874  107.780  147.197  155.163  134.666   96.715   70.586
   54.988   38.216   36.413   91.028  136.934  114.501   40.898    -9.750
   -11.008   -27.022   -12.313   28.915   46.988    4.340   -53.281  -106.192
CT1944:040           42.154   20.241    2.429   -33.199   -61.910   -18.868
   96.806  173.228  210.414  241.062  238.865  191.367  116.419   77.828
   80.444   99.777   97.786   76.304   41.922   50.954  123.141  132.133
   71.205   -23.586   -30.181   20.370   48.042    8.550   -65.317  -118.500
CT1944:035           45.282   16.203   -15.669   -54.593   -63.201   12.071
  189.437  311.997  330.064  294.543  261.019  197.262  121.353   86.884
   64.541   58.165   49.114   36.576    -9.740   -35.541   -18.698   -21.109
   -93.752  -164.916  -130.848   -29.055   44.122   32.659   -29.751  -102.334
CT1944:030           32.141   10.391    1.407   -22.034   -29.141   48.359
  235.301  346.791  355.352  277.880  198.201  130.333   12.534   -47.656
   -29.273    -2.690   -10.020   36.887   81.349   -86.948  -510.607  -669.718
  -553.618  -289.042  -192.817   -94.474    -6.193   -24.284   -80.574  -111.843
CT1944:025           40.270   31.889   26.765    8.335   10.018   98.308
  295.296  416.598  400.815  294.535  230.436  139.265   22.444   -26.038
    -4.410   45.760   34.350   -22.659   -86.812  -233.088  -672.294  -888.098
  -731.877  -466.178  -335.904  -144.414   27.224   17.305   -44.190   -84.201
CT1944:020          103.778   86.159   63.848   22.648    5.760   83.483
  292.896  424.952  380.783  181.826   63.031   28.670   18.413    1.800
   12.986   31.521   21.537   -15.490   -79.209  -141.140  -240.345  -336.098
  -405.595  -473.181  -429.867  -214.179   24.522   49.041    6.642   -42.795
CT1944:015          161.973  149.804  133.718   82.459   44.990   89.867
  217.125  288.677  262.372  145.950   55.012   11.446   -15.183   -23.978
   11.768   87.670  100.201   75.951   54.770   49.530  226.670  296.786
   -29.885  -506.282  -522.364  -233.788   55.990   -21.865   -56.616   -65.578
CT1944:010          125.996  115.538  102.028   75.348   68.200  122.402
  249.232  325.980  300.013  203.261  130.632   61.091   -22.971   -54.425
    0.731   78.222   96.672  102.512   85.199   58.628   41.342   -14.047
  -154.006  -387.869  -401.467  -269.685  -108.970   -14.988   -46.356   -85.854
CT1944:005           85.246   92.524   98.508   94.886  107.160  168.496
  299.003  373.204  348.970  248.621  166.014   98.441   26.975    3.729
   13.589   52.812   74.755  112.288  134.236   71.388  -319.169  -472.710
  -264.494  124.881  206.147   92.357   -15.403   -36.506  -102.120  -140.559
CT1945:360           70.353   97.178  118.923  113.215  106.674  167.764
  354.883  462.008  419.907  257.817  152.024   81.847   -22.212   -68.745
   -44.481   -12.541   17.586  102.857  190.714  177.576  -342.332  -510.922
  -116.170  558.301  685.414  328.724   -24.819   -74.586  -103.720  -150.063
