
filled_synop: 30 data points in equal steps of sine latitude from +14.5/15 to  -14.5/15

CT2075:360           -80.234   -36.120    7.855   25.312   32.661   31.760
    5.817   -19.740   -15.613   13.402   24.978   12.395   -18.491   -27.665
   -13.326    3.764    6.449    2.487    0.871    1.024    3.074    6.276
    8.513   11.857   16.543   20.004   21.320   23.709   28.005   32.985
CT2075:355           -66.631   -27.312   10.361   26.075   34.394   33.072
    2.316   -26.385   -27.379   -13.432    -9.049    -8.942   -14.211   -17.004
   -11.642    0.841    3.536    -1.417    -1.441    0.014    -1.445    -2.981
    1.570   11.365   17.687   20.453   19.833   19.780   22.126   25.585
CT2075:350           -63.460   -22.258   12.747   21.540   17.010   11.271
   -13.471   -38.690   -40.438   -24.875   -18.339   -17.101   -13.475   -12.756
   -17.410   -23.253   -20.614   -12.398   -10.633    -6.182    3.501    9.800
   12.514   15.002   18.349   21.888   22.679   22.984   25.496   29.341
CT2075:345           -71.352   -28.301   16.799   24.309    5.256    -0.554
    0.652    2.670    -3.080   -10.396   -12.126   -18.518   -27.576   -30.682
   -26.803   -24.618   -19.258    4.520   30.261   29.336    6.138    -9.358
    -5.427    9.866   21.852   27.317   31.587   34.893   35.786   34.517
CT2075:340           -57.118   -11.563   22.052   28.468   18.372   15.080
   13.374   12.314    6.150   -10.222   -21.030   -21.511   -15.564   -15.426
   -19.386   -19.996   -17.111    -6.065    3.902    5.324    -4.048   -13.471
   -10.466    0.070   10.122   16.942   21.718   26.031   30.174   33.975
CT2075:335           -76.432   -26.417   16.102   25.647   16.824   17.647
   21.850   23.462   19.354    2.172   -12.093   -11.759    -5.187    -7.108
   -17.198   -28.778   -30.342   -21.722   -16.555   -14.911   -16.419   -19.769
   -14.260    -2.783    7.698   14.434   17.678   21.260   26.481   32.800
CT2075:330          -101.898   -54.023    -0.433   12.399    -1.372    0.952
   26.561   51.798   49.788   32.129   21.964   11.531    -5.945   -15.676
   -18.279   -24.539   -29.284   -28.880   -25.352   -24.554   -19.587    -9.974
    -3.954    -0.336    6.857   13.252   13.962   16.844   23.006   30.902
CT2075:325           -80.019   -42.079   -12.675    -2.677    -0.285    6.997
   22.359   37.034   36.671   28.135   21.043   10.645    -0.403    -8.207
   -18.662   -26.781   -36.020   -56.984   -76.190   -75.190   -61.309   -49.104
   -34.404   -10.994    8.785   18.552   21.884   24.194   27.245   30.893
CT2075:320           -72.023   -54.862   -37.149   -24.167    -7.987    0.399
    -2.172    -7.426    -7.781    -5.273    -9.959   -16.295   -28.501   -38.826
   -47.034   -61.604   -72.593   -85.584   -98.697   -97.791   -83.690   -66.239
   -45.060    -5.971   27.330   36.942   26.834   21.088   25.923   35.019
CT2075:315           -67.669   -42.426   -18.256    -5.583    1.419    5.871
    -2.608   -11.186   -13.227    -8.165    -5.327   -14.696   -26.402   -34.056
   -42.375   -51.263   -62.079   -80.113   -93.077   -92.380   -79.446   -62.432
   -43.396   -13.065   14.571   27.148   29.230   30.060   33.445   38.753
CT2075:310           -59.363   -34.186   -13.625    -2.998    0.813    4.205
    -1.628    -8.461   -12.046   -15.355   -18.622   -21.774   -19.870   -22.584
   -32.973   -42.427   -52.367   -70.679   -84.664   -83.698   -67.106   -50.094
   -34.203   -15.400    1.914   15.751   26.670   36.208   42.922   46.082
CT2075:305           -73.149   -49.545   -24.450   -12.795   -11.709    -6.537
    2.906   10.781    4.543   -21.984   -39.356   -32.868   -13.913   -11.182
   -21.395   -35.455   -45.609   -60.974   -78.264   -78.041   -55.702   -33.229
   -21.088   -11.148    1.499   16.505   36.993   52.467   54.522   48.339
CT2075:300           -70.546   -56.090   -40.512   -28.326   -16.951    -7.178
   12.585   33.992   27.489    -6.876   -25.246   -26.440   -21.190   -19.381
   -11.762    -5.103   -12.427   -37.831   -61.281   -68.539   -67.692   -61.746
   -47.787   -24.557    -4.473    9.737   20.255   31.188   43.772   55.798
CT2075:295           -69.997   -57.861   -44.712   -30.041    -9.641    3.288
   11.749   15.555    9.795    -9.996   -23.506   -23.041   -12.698    -6.901
    2.242   18.121   13.414   -24.446   -71.022   -80.788   -70.197   -57.753
   -45.658   -24.662    -2.862    9.809   14.729   23.817   40.033   60.858
CT2075:290           -68.167   -52.561   -34.642   -16.865    1.883   11.256
    4.807    -4.373    -9.996   -20.467   -28.029   -26.987   -18.914   -13.495
    -1.860   12.668   12.623    -0.608   -20.610   -32.151   -40.574   -42.734
   -35.269   -16.843    1.825   15.182   27.446   39.225   51.477   64.061
CT2075:285           -67.006   -43.298   -22.373   -12.055   -15.991   -16.232
   -14.313   -14.147   -14.577   -17.261   -20.937   -22.208   -20.144   -17.575
    -9.552    6.173   10.051    1.905   -10.069   -17.560   -23.351   -30.065
   -25.830   -13.609    -1.534   13.095   30.271   46.165   58.637   67.628
CT2075:280           -73.087   -43.528   -14.180    -3.492   -12.514   -16.363
    -7.523    7.536   10.783    3.616    -5.547   -11.988   -22.735   -27.364
   -22.804   -12.888    -7.543    -7.151    -9.931   -14.937   -18.656   -22.501
   -19.774    -7.442    7.034   21.033   36.341   48.860   61.360   79.215
CT2075:275           -75.398   -49.207   -15.969    -0.010   -11.444   -17.881
    -7.921   12.736   18.444   12.769    4.497    -4.878   -25.807   -37.456
   -32.023   -12.594    0.720    1.100    -4.589   -11.420   -22.547   -37.270
   -36.235   -13.694   10.915   22.721   29.455   38.278   53.526   71.194
CT2075:270           -65.383   -37.323   -11.279    2.021    -2.347    -4.625
    -1.113    2.513    2.537    0.530    -2.816    -9.113   -28.782   -40.946
   -26.188   14.533   33.000   25.420    5.374    -6.458   -21.345   -41.063
   -44.416   -31.800   -13.703    -1.986    5.305   14.450   28.275   44.438
CT2075:265           -55.996   -34.224   -12.304    0.123    -2.160    -2.849
    -3.611    -9.394   -11.022    -6.384    0.116    -0.239    -5.326    -7.256
    0.998   24.339   36.990   30.977    9.213    -6.962   -20.382   -35.180
   -38.337   -29.377   -16.669    -5.314    8.604   21.150   32.876   50.441
CT2075:260           -55.983   -32.478   -11.936    -2.884    -7.691   -10.761
   -10.388    -8.323    -6.303    -3.195    1.366    3.572    2.544    1.010
   10.542   31.526   41.160   35.078   17.982    5.497    -5.883   -19.261
   -23.054   -17.078   -10.292    3.495   24.760   44.488   61.680   77.481
CT2075:255           -67.896   -41.735    -8.841    3.419    -9.968   -18.240
   -18.168   -16.340   -14.358   -12.383   -11.394    -8.678    -3.971    0.108
    7.512   21.543   29.759   28.277   20.436   12.399    -0.506   -15.021
   -18.567   -10.015    1.307   13.453   29.318   44.626   60.957   77.860
CT2075:250           -70.366   -38.039    -5.898    2.720    -9.762   -17.880
   -21.708   -23.716   -22.279   -16.228   -10.230   -10.304   -12.967   -11.392
    -5.857    5.072   13.178   12.727   10.408    5.811   -11.733   -37.048
   -42.468   -27.295    -8.265    6.150   23.328   41.222   60.704   80.473
CT2075:245           -72.912   -43.900   -19.631    -8.695   -11.554   -13.438
   -21.937   -37.112   -35.379   -15.028    2.020    -1.654   -21.604   -28.911
   -21.691    -7.196    0.478    7.298   11.327    9.520    1.202    -9.472
   -15.108   -15.659   -11.281    -0.458   18.023   38.130   61.320   87.072
CT2075:240           -72.451   -51.844   -27.012   -13.960   -11.590   -11.003
   -17.916   -28.879   -26.254    -6.119   13.207    7.483   -20.831   -34.481
   -24.794    2.152   16.532   24.079   34.492   36.148   25.397   10.460
    1.737    -9.798   -18.343   -10.592   12.654   38.402   62.582   88.402
CT2075:235           -69.741   -49.531   -30.233   -21.527   -21.906   -20.021
   -15.746   -12.329    -5.547    9.437   21.173   17.350    -5.204   -17.991
   -16.864    -9.607    -3.510   11.966   30.577   35.624   31.019   20.607
   10.464   -13.521   -37.357   -28.271   12.101   48.577   72.091   91.466
CT2075:230           -63.010   -48.409   -35.397   -29.897   -32.102   -27.809
   -14.379    3.533   13.953   25.816   37.785   34.545   25.475   18.963
    3.164   -17.747   -21.646    -5.230   18.977   26.047   27.998   29.174
   21.786    -9.426   -38.356   -33.157    -2.507   30.832   56.029   78.150
CT2075:225           -62.422   -49.377   -36.373   -28.340   -30.138   -22.894
    -6.758    9.072   20.356   27.841   26.272   38.473   59.208   58.275
   29.999   -19.077   -33.267   -17.148    1.300    6.394   11.272   15.883
   15.564   10.713    4.820    4.756    9.782   19.406   34.228   55.602
CT2075:220           -71.493   -55.714   -41.931   -29.336   -19.317    -6.130
   18.620   48.427   60.393   64.109   69.422   71.905   79.856   79.352
   63.750   43.575   30.638    1.434   -28.843   -27.542    4.542   34.649
   36.906   23.108    7.591    5.740   12.847   19.747   27.674   37.908
CT2075:215           -87.057   -67.101   -47.509   -30.179   -12.748    7.186
   37.850   69.296   77.008   66.452   60.650   58.858   62.563   62.291
   54.823   49.477   40.581   10.201   -20.566   -20.369   11.265   40.932
   42.778   25.940    7.196    3.920   10.854   19.823   28.616   38.911
CT2075:210           -95.332   -76.086   -52.826   -32.808   -10.361   11.320
   44.414   81.167   83.875   39.919    6.265   12.056   26.063   24.794
   24.746   12.970    3.756    -0.132    -3.031    -0.896   23.330   49.985
   46.077    8.565   -24.402   -23.473    -3.975   15.675   28.869   44.413
CT2075:205           -87.514   -72.635   -55.488   -36.692   -14.469    6.723
   34.663   64.686   65.313   29.982    7.537   10.091   38.768   52.884
   39.528   19.805   13.391   16.346   19.716   16.604    6.312    -6.458
    -8.463    -8.606    -9.624    -5.659    4.743   17.430   30.468   44.243
CT2075:200           -81.493   -68.293   -55.977   -41.916   -29.210   -13.731
    9.806   34.605   33.939    1.914   -21.190   -12.535   16.589   26.509
   34.958   42.283   41.562   33.882   32.228   26.944    8.623    -6.508
    -6.446    7.778   22.840   27.908   31.520   35.281   40.548   45.757
CT2075:195           -72.750   -47.639   -27.710   -16.201   -14.311    -6.513
    6.451   20.746   20.117    -0.269   -14.052    -7.501   13.757   22.928
   25.191   21.901   17.457    7.455    -4.180    -6.835    0.549    9.889
   11.471    7.701    3.038    7.694   20.285   31.623   38.290   41.980
CT2075:190           -76.897   -46.176   -18.252    -5.718    -4.891    0.030
    6.745   12.212   12.224    6.799    4.650   10.516   28.814   40.800
   34.724   14.089    3.770    -4.115   -26.529   -29.377    -3.654   21.941
   24.785   14.480    2.873    3.820   13.695   24.231   30.994   36.076
CT2075:185           -80.217   -51.618   -18.791    -4.919   -10.345    -8.684
    1.914   16.074   15.542    1.736    -3.326    3.419   17.478   24.941
   43.397   78.184   82.096   34.444   -10.311   -14.439    9.758   34.256
   33.328   10.539    -9.461    -8.446    3.776   15.574   24.354   33.290
CT2075:180           -82.768   -59.692   -36.096   -18.805    -4.578    3.544
    1.778    -5.245   -11.286   -26.783   -39.688   -30.930    -5.977    6.004
    6.441    0.177    -0.465   12.695   27.410   27.532   12.901    -2.157
    -2.659    4.095    8.798    8.956    8.146    8.490   11.337   16.406
CT2075:175           -89.056   -68.497   -45.932   -24.977    6.440   21.598
   12.207    -3.980   -14.339   -35.913   -46.361   -40.550   -19.263    -8.670
   -11.799   -21.444   -19.475    -6.849   12.074   16.175   10.681    5.916
    4.935    4.551    5.427    5.413    3.302    1.856    2.972    5.753
CT2075:170           -82.525   -61.471   -39.191   -16.687   11.328   23.543
    6.291   -22.908   -35.340   -44.544   -47.218   -40.125   -17.975    -5.848
    -9.363   -23.393   -24.166   -15.338    -6.946    -2.157    6.405   11.396
   11.023    6.552    2.263    2.932    6.143   10.218   14.865   19.898
CT2075:165           -79.492   -55.985   -31.091   -10.707   12.422   22.488
    0.153   -34.845   -47.888   -53.587   -54.301   -42.050    -8.475    8.135
    5.498    -8.639   -10.883    -2.088   12.479   16.339   11.597    8.573
    7.289    3.225    -0.848    2.170   10.651   19.293   26.633   34.080
CT2075:160           -86.264   -55.806   -22.870    -5.521    -1.983    -0.561
   -12.254   -33.691   -41.451   -44.092   -47.654   -32.556    7.298   24.208
   20.567   14.074   14.654   11.038    8.858    8.616    2.195    -6.093
    -7.331    -3.669    0.899    5.718   13.406   22.332   33.066   45.650
CT2075:155           -77.752   -47.346   -18.816    -4.267    0.905    4.028
    2.423    0.374    -2.529    -4.837    -3.975    -5.594    -6.766    -4.865
    -6.898   -10.540    -9.016    -1.284    7.615    8.581    0.749    -9.030
   -10.765   -10.030   -10.438    -3.639    9.896   24.591   39.466   55.090
CT2075:150           -77.995   -42.592    -4.360   12.802    9.233   10.064
   10.462    8.540    7.287    7.106    4.701    -0.639   -19.492   -30.751
   -29.778   -32.410   -30.930    -8.694   19.320   22.821   12.070    2.234
    -2.612    -9.434   -11.012    -1.735   16.508   35.243   53.202   72.047
CT2075:145           -75.565   -43.487   -12.083    5.718   12.495   17.414
   15.644    8.427    6.716    8.992    7.745    2.870   -13.563   -23.956
   -23.470   -23.378   -21.518    -4.881   21.412   23.832    3.911   -16.910
   -18.980    -9.775    1.230   12.217   30.050   46.627   58.114   66.532
CT2075:140           -84.885   -47.068   -11.716    8.331   15.074   17.674
   12.256    0.992    -0.805    9.488   17.417   17.289   12.620    9.996
    2.875    -7.614   -11.002    -6.411    0.099    -2.231   -18.966   -37.977
   -39.482   -27.772   -12.701    2.129   23.719   45.757   63.050   76.997
CT2075:135          -101.504   -66.742   -26.686    0.439   29.880   40.922
   23.078   -14.081   -19.268    2.764   15.212   19.214    9.912    2.440
    4.095    5.594    3.703    -5.960   -21.956   -28.281   -32.418   -39.838
   -40.952   -37.356   -30.980   -15.685    9.232   34.648   58.480   83.596
CT2075:130           -93.118   -61.788   -29.040    -2.216   30.944   41.284
    7.397   -30.894   -36.809   -23.523    3.049   13.285   13.197   13.815
    8.699    5.016    4.437    1.507    1.553    -2.794   -18.560   -32.848
   -34.635   -26.266   -13.670    -0.370   17.650   36.688   55.912   76.342
CT2075:125           -89.511   -59.471   -28.510    -2.787   30.079   35.123
   -52.888  -177.847  -192.973   -99.156    -0.491   11.055    -7.486   -12.573
   -13.956   -20.098   -21.091    -7.235    9.583    9.109    -7.528   -24.746
   -27.493   -19.396    -7.367    4.810   23.893   43.696   62.521   81.156
CT2075:120           -96.231   -64.148   -28.404    -7.022   11.760   19.468
   -74.917  -283.557  -312.667  -139.949   -30.325   -19.799   -25.794   -28.799
   -22.011   -14.921   -11.254    -2.824    6.515    7.421    -1.967   -17.068
   -20.632   -20.105   -18.857    -6.905   21.606   49.498   71.707   92.955
CT2075:115           -84.065   -53.380   -24.872    -7.994    -0.894    7.507
   60.762  177.719  186.152   56.042   -31.181   -33.706    -7.701    3.349
    0.442    -3.378    -1.974    -0.768    6.183   11.029   14.004   15.260
   10.563   -10.708   -35.044   -29.213    1.266   35.673   63.526   88.834
CT2075:110           -79.861   -50.119   -18.942    0.965    2.264   14.605
   86.803  195.017  199.157   89.786   -10.034   -23.336    0.949   12.550
    1.058   -25.828   -31.997   -19.165    -6.610    1.506   25.513   49.413
   44.722    8.916   -26.998   -25.561    2.023   31.914   56.272   79.930
CT2075:105           -82.754   -57.101   -31.690   -10.630   10.758   30.601
   63.211   98.923   93.821   39.709   -19.141   -28.322   -13.796    -9.611
   -10.381   -16.037   -16.302   -12.511    -3.416    3.896   20.542   38.932
   36.966   13.661   -11.041    -9.930   11.678   33.839   49.429   62.997
CT2075:100           -82.740   -51.481   -21.192    0.740   17.334   29.784
   27.619   13.462    2.071   -13.953   -27.139   -32.486   -23.493   -17.304
   -14.825   -11.931    -9.697    -4.333    4.065    7.432    6.122    2.148
    0.613    -3.682    -9.439    -4.942   10.548   27.912   43.523   59.298
CT2075:095           -79.985   -47.966   -13.656    8.930   28.721   41.196
   23.484   -12.125   -25.070   -36.563   -46.791   -43.707   -21.980   -10.835
    -7.120    0.144    2.712    -3.928   -10.018   -11.419   -16.344   -18.049
   -17.249   -19.311   -18.976   -10.555    7.400   26.095   41.184   55.742
CT2075:090           -70.424   -39.014    -8.966    9.070   14.951   16.016
    8.176    -4.774   -11.296   -17.257   -18.928   -17.790   -11.480    -6.922
    -7.442   -12.503   -16.288   -21.673   -37.858   -41.588   -34.209   -30.442
   -28.061   -25.270   -21.856   -14.675    -2.292   13.092   27.681   41.577
CT2075:085           -66.722   -36.640    -8.901    4.576    5.420    4.388
    -2.419   -12.532   -14.351    -2.267   12.535   11.458    -2.602    -9.908
    -9.605    -7.714    -9.447   -13.932   -14.624   -13.905   -13.117    -8.017
    -4.371    -5.060    -8.630    -5.843    0.553    7.844   16.006   25.687
CT2075:080           -69.210   -46.754   -23.132    -9.195    1.557    7.008
    -4.934   -29.143   -30.878    -6.544   13.092   14.801    4.889    -1.841
    -3.549    0.721    0.166    -9.269   -17.081   -16.873    -2.825   21.321
   28.441   25.069   21.944   21.761   15.744    9.547   10.441   15.434
CT2075:075           -75.309   -39.062    -5.814    5.620    -4.006   -12.393
   -18.518   -26.803   -23.450    -0.028   20.720   24.601   16.064    9.257
    4.279    -1.892    -7.350   -16.405   -34.547   -39.083   -28.520   -14.586
    -6.362    9.162   24.967   31.162   30.648   27.895   28.013   29.788
CT2075:070           -81.074   -42.641    2.501   15.336    -7.522   -23.760
   -34.333   -42.125   -35.512    -3.709   30.741   33.674    9.092    -6.145
    -6.048    1.997    4.111    -3.746   -15.753   -21.212   -34.634   -49.961
   -45.604   -18.773   13.302   28.099   38.424   46.933   54.700   62.781
CT2075:065           -74.836   -36.244    5.485   15.426   -12.744   -31.769
   -52.351   -74.043   -69.182   -30.462   16.420   20.270   -11.246   -30.644
   -24.912    -6.655    -0.452    -0.995    -0.384    -3.358   -25.929   -51.139
   -50.912   -30.908    -5.640    8.302   20.049   32.360   43.839   54.334
CT2075:060           -71.843   -26.078   13.271   17.074   -22.104   -46.827
   -70.872  -118.746  -125.602   -62.357    -8.142    -5.118   -21.812   -31.144
   -31.055   -26.576   -21.824   -10.734    7.193   11.547    2.897   -12.321
   -15.577   -14.660   -11.603    -3.193   11.492   27.714   41.229   52.751
CT2075:055           -88.655   -45.945    5.987   29.537   11.788    0.920
   17.517   62.624   68.235   18.383   -23.332   -24.948    -7.342    0.601
   -11.071   -38.453   -43.980   -18.988   22.457   34.662   31.669   23.560
   19.370   10.998    2.479    5.027   14.835   25.754   35.888   46.608
CT2075:050           -85.178   -40.529    0.840   29.628   56.030   74.747
   86.390   96.471   87.409   43.298    -6.026   -13.261    3.226   11.424
    1.584   -26.209   -33.488   -12.735   24.918   37.215   35.814   28.811
   24.978   20.088   13.649   15.227   23.196   31.219   38.053   44.447
CT2075:045           -78.827   -39.560    -4.831   25.872   60.774   85.382
   97.262  114.775  111.389   53.836    -0.505    -7.964    3.543    7.953
    3.698   -11.944   -16.233    -1.486   24.303   31.542   25.129   14.701
   12.122   12.233   15.426   20.251   27.345   34.092   39.872   44.812
CT2075:040           -77.248   -51.422   -26.946    -5.787   15.472   29.603
   32.622   20.751   10.350    5.121    -8.042    -9.520    3.266    9.279
   11.094   13.326   15.695   15.361   16.354   15.799    3.476   -18.629
   -20.957    -8.604    3.371   11.282   23.651   35.904   43.613   49.097
CT2075:035           -71.217   -45.757   -22.283    -7.215    -0.887    5.035
    -3.389   -24.574   -31.449   -21.660    -7.898    -5.070    3.836   12.569
   14.305   16.815   17.806   14.573    6.899    4.503    3.382    3.193
    4.378    4.243    7.798   13.458   20.629   28.742   35.560   41.805
CT2075:030           -62.260   -46.932   -32.567   -20.005   -10.050    -2.812
    -9.603   -27.386   -32.463   -26.950   -18.380   -15.238   -10.854    -9.295
    -7.880    -7.762    -8.374    -6.755    -1.165    2.367    3.962    5.915
   10.002   16.856   22.199   22.905   16.337   11.638   14.213   20.032
CT2075:025           -79.769   -64.738   -46.674   -29.985    -8.875    6.843
    4.651    -5.969    -9.385   -10.370    -6.576    -5.546    -4.728    -2.841
    -9.425   -27.593   -37.016   -36.715   -40.025   -38.235   -17.877    7.516
   18.327   21.783   21.081   22.365   22.025   21.234   22.689   26.464
CT2075:020           -84.366   -68.641   -51.214   -31.356    -5.796   12.229
   14.307    3.841    -1.160    -3.260    -7.022    -7.315    -1.241    2.247
    -4.849   -21.300   -30.833   -33.893   -34.727   -31.125   -14.977   13.476
   26.383   26.939   23.221   26.045   27.466   28.398   31.040   34.334
CT2075:015           -86.393   -68.321   -52.297   -33.275    -1.336   22.467
   28.651   29.183   28.985   13.779    -5.223    -8.088    -2.917    -3.028
    -2.820    4.369    4.565   -10.920   -31.039   -33.846   -23.498    -8.936
    1.347   14.794   27.884   35.087   39.565   42.667   44.506   45.149
CT2075:010           -81.605   -58.311   -36.247   -19.289    -8.773    0.815
   11.492   24.493   29.007   24.066   19.216   14.839    4.324    -2.967
    -4.437    0.667    0.283   -13.885   -36.089   -42.336   -36.397   -29.673
   -19.650    2.827   30.121   41.543   42.182   39.919   38.826   37.193
CT2075:005           -77.908   -56.095   -34.101   -17.545    -6.743    2.666
    9.858   14.953   17.413   15.103    6.809    4.925    5.203    -1.980
    -5.604   -17.234   -27.416   -24.455   -15.165   -13.242   -21.652   -30.554
   -25.919   -10.478   11.075   23.532   30.052   36.740   44.697   51.667
CT2076:360           -76.151   -54.880   -31.755   -14.818    -3.989    5.482
   11.163   14.050   16.475   17.122   18.487   18.114   28.169   41.587
   24.654   -10.825   -24.506   -20.584   -13.384   -12.760   -16.780   -26.423
   -24.334   -16.723   -10.505    1.235   21.509   42.705   57.571   70.314
