
filled_synop: 30 data points in equal steps of sine latitude from +14.5/15 to  -14.5/15

CT1959:360          -181.755   -85.533   19.572  139.678  244.447  322.859
  362.608  377.709  445.308  590.641  683.982  604.122  325.682  130.849
   70.785   47.762   13.980   -17.439   -40.034   -35.700   -17.222   15.951
   42.315   88.374  104.004   71.695   24.320   33.986   71.787   91.287
CT1959:355          -164.257   -92.234   -27.216   46.749  125.671  187.597
  191.976  201.594  284.892  474.631  598.992  561.482  410.069  292.543
  168.199   27.667   -55.025  -102.671  -147.090  -136.698   -59.785    0.140
   48.682  114.827  131.767   82.582   16.749    8.424   31.910   58.519
CT1959:350           -24.549   -39.220   -33.343   -27.530   -31.366   17.681
   90.500  168.451  257.180  407.843  512.482  480.079  379.883  285.340
  182.356   44.274   -49.077  -119.352  -173.023  -163.410   -52.286   41.717
   76.623   96.689  102.220   67.165   28.187   24.367   35.802   43.040
CT1959:345           41.352   -17.674   -70.290  -115.860  -131.817   -62.739
  110.710  280.299  378.247  461.826  511.233  467.269  350.194  252.607
  164.455   71.047   -21.022  -135.751  -219.552  -218.887  -118.964   -19.264
   22.884   57.441   71.495   45.070   10.879    4.161   11.358    6.760
CT1959:340           42.289   -16.946   -65.017  -139.955  -227.407  -170.490
   99.843  354.814  466.222  530.847  565.900  497.104  328.676  221.211
  147.051  105.548   32.809  -126.430  -300.292  -311.330  -186.895   -92.590
   -49.791    2.586   20.720   17.415   16.876    -3.112   -42.290   -66.722
CT1959:335            -3.369   -35.589   -58.380   -84.063  -103.232   -25.882
  175.825  348.036  448.566  514.460  567.232  529.288  372.073  254.637
  198.690  168.488  107.316   45.665    -1.852   -13.206    -0.382    5.896
    4.912    -5.741   -11.329    1.887   20.493   -13.652   -68.493   -92.830
CT1959:330           -13.027   -30.190   -37.571   -23.319    -5.804   50.437
  146.915  238.402  357.376  541.636  683.988  725.032  683.380  572.749
  417.273  215.609  113.285  137.389  216.703  235.698  208.290  139.220
   83.844   16.799    -2.669    -1.522    -1.741   -16.388   -41.795   -61.304
CT1959:325           67.146   17.109   -38.672  -115.990  -187.653  -158.238
   -21.383  133.344  283.866  582.710  856.373  902.798  769.631  589.288
  441.930  210.039   63.963  108.421  221.427  243.152  188.349  106.446
   69.870   18.454   -12.302   -12.944    -2.341    -3.561    -7.849   -16.846
CT1959:320          147.651   41.690   -37.267  -161.565  -299.582  -299.735
  -135.763   62.695  189.095  428.045  676.416  701.796  549.188  399.274
  289.179  121.464   30.716   14.496   57.022   90.750   98.354   66.706
   68.163   59.324   43.430   41.547   42.776   30.820   13.457   -10.323
CT1959:315          110.491   49.882   -34.613  -161.618  -280.339  -277.114
   -90.353  155.290  211.303  137.904   45.853   12.280   73.796  104.103
   18.533  -211.021  -297.251  -305.577  -178.431   -86.667    0.903  113.374
  148.440  130.427  121.060   93.214   55.466   30.278    -1.841   -41.454
CT1959:310            0.594   15.273   24.771    9.427   -25.035    5.760
   97.605  198.656  150.300  -115.044  -384.986  -470.075  -385.785  -241.867
  -284.025  -607.636  -864.415  -707.673  -467.445  -369.857  -174.495   80.631
  136.028   60.059   21.462   35.870   59.499   31.078   -29.016   -80.705
CT1959:305           -84.106   -65.205   -39.046    2.414   48.848  130.743
  327.267  486.855  376.871  -166.408  -821.217  -978.762  -778.116  -590.060
  -480.955  -208.174   -15.359  -163.297  -503.382  -546.910  -281.518    9.551
   87.183   84.659   81.797   72.742   64.718   41.628    -3.330   -55.225
CT1959:300          -133.643  -107.492   -66.059    -7.734   49.938  155.294
  547.499  982.500  904.264  129.126  -761.615  -949.517  -763.015  -566.423
  -409.349   -33.067  196.020   88.264  -181.193  -216.196  -140.757   -13.735
   44.411   70.154   84.153   70.459   48.838   27.173    -1.443   -32.491
CT1959:295          -138.517  -110.437   -72.113   -17.645   44.230   71.548
  231.576  535.815  495.068   -82.457  -606.541  -688.773  -556.577  -344.074
  -226.993   -91.762   -22.668   -29.301  -136.543  -156.168   -98.975    -8.626
   27.910    -0.179   -15.287    -5.315    9.676    1.613    -9.905   -21.165
CT1959:290          -130.709   -71.772   -21.037   24.840   68.584    6.541
  -446.870 -1147.542 -1381.758 -1062.583  -827.773  -756.567  -481.273  -252.142
  -157.892  -123.932  -107.450  -112.552  -194.905  -216.287  -120.122   -21.212
   20.492   52.774   70.814   42.978    -0.810   -21.710   -37.793   -52.461
CT1959:285          -152.358   -74.470   -20.474   28.068   90.449   -21.543
  -484.588  -909.783 -1016.413  -875.282  -539.639  -404.345  -285.550  -151.438
   -82.989   -78.461   -78.101   -96.130  -111.086   -86.330   -53.531   18.937
   55.445   69.193   76.274   39.314   -12.760   -43.304   -70.906   -88.879
CT1959:280          -173.718  -128.027   -72.732   20.440  107.898   44.894
  -233.314  -541.755  -644.125  -609.300  -520.148  -396.905  -182.862   -25.892
   10.517   -29.272   -56.003  -110.205  -210.652  -215.289  -135.839   -55.080
    3.887   55.878   77.149   50.575    -2.109   -36.140   -65.508   -97.797
CT1959:275          -183.013  -153.397  -120.383   -49.742   46.117    0.257
  -216.932  -464.451  -525.559  -487.552  -406.882  -296.069   -95.794   40.830
   52.661   -13.019   -69.083  -148.686  -270.329  -243.940  -144.612   -47.077
   26.798  124.706  168.686  139.527   71.779   13.576   -48.068  -112.909
CT1959:270          -172.148  -117.449   -67.497   -17.586   25.436   -32.235
  -255.288  -458.838  -468.066  -346.320  -199.577   -95.403   66.511  171.652
  132.936    -2.983  -107.817  -176.977  -240.980  -235.724  -107.213   16.358
   91.573  144.950  174.403  164.572  134.293   61.138   -48.544  -142.890
CT1959:265          -131.324   -85.891   -50.897   -17.375   16.221   -24.321
  -227.553  -420.336  -389.234  -124.771  103.365  177.338  218.348  236.969
  138.013   -28.941  -168.601  -280.605  -370.958  -377.050  -218.586   -72.842
   27.894  104.627  143.500  131.359   96.000   27.420   -70.850  -153.312
CT1959:260           -63.322   -61.268   -55.083   -36.866   -13.661   -44.151
  -180.687  -329.842  -229.026  209.423  560.583  582.190  315.266   85.461
   -33.429   -82.076  -181.411  -406.718  -632.195  -798.836  -476.502  -185.840
   -50.078   40.060   91.857   78.372   30.069   -42.707  -105.519  -151.538
CT1959:255           49.419    -3.206   -14.411   -24.944   -43.835   -78.675
  -141.943  -218.672   -93.779  402.455  840.334  860.431  449.861   29.119
  -125.737  -175.203  -274.085  -548.133  -858.973 -1074.397  -614.921  -263.851
  -120.823   -12.687   48.961   63.381   37.271   -24.884   -87.354  -119.959
CT1959:250           41.384   46.818   40.885   15.746   -25.460   -64.104
  -111.589  -147.660   -45.513  392.197 1007.688 1082.685  504.959   25.874
  -122.282  -188.008  -292.735  -575.668  -962.461  -904.715  -532.388  -281.000
  -169.230   -47.475    3.070   -25.691   -38.000   -29.034   -12.923   13.115
CT1959:245            4.378    4.962    -2.656   -19.606   -42.547   -72.429
  -164.553  -303.779  -286.784  -133.351   -56.666   -31.675   84.453  108.672
   40.746   -70.581  -214.358  -450.532 -1058.862  -366.098  -240.132  -122.836
   -83.785   -47.994   -21.233   -39.168   -40.298    -1.205   43.296   80.404
CT1959:240           -19.762   -46.769   -76.690  -100.829  -122.697  -144.873
  -183.442  -211.232  -176.998  -172.785  -135.501   -83.858   36.290  182.478
  190.118  226.475  267.110  155.775   51.476  423.318  210.670   95.135
   15.873   -26.253   -43.010   -47.574   -24.085   21.729   83.402  138.835
CT1959:235           -37.214   -93.789  -140.116  -175.632  -204.427  -225.022
  -231.966  -239.859  -208.250  -103.467   31.016   88.396   91.937   85.534
  119.981  232.211  273.587  366.067  626.502  361.280  158.706  -132.963
  -204.135  -113.789   -26.027    -3.567   27.619   24.488   -24.094   -69.192
CT1959:230           -45.595  -114.281  -164.411  -191.353  -204.206  -209.986
  -201.024  -179.493  -121.509   40.822  257.754  309.686  170.570   65.645
   77.867  155.415  221.153  353.074  622.776  419.477  367.687  196.561
  123.580   78.271   31.155   24.117   55.272   42.087    -7.581   -60.375
CT1959:225           -26.032   -77.833  -114.954  -139.628  -155.874  -155.215
  -145.673  -129.611   -65.191   68.553  179.958  197.724   88.854   -63.078
   -67.638   19.037   73.616  157.174  251.584  172.389  403.803  672.492
  635.809  261.716    4.542   -12.502   39.275   39.053    4.187   -45.786
CT1959:220           14.287   -24.072   -65.960  -115.263  -172.565  -184.771
  -140.608   -87.293   -13.465  138.658  287.051  290.888  164.382   70.685
    -0.258   -87.755  -131.658   -95.102   21.184  -656.826   53.441  756.007
  778.312  288.813   -19.807   -29.673   44.239   38.871    -5.457   -47.019
CT1959:215            1.325   33.852   33.639   -24.723  -119.532  -142.026
   -89.811   -32.507   37.589  216.491  373.711  359.296  188.847   25.025
   -75.039  -179.955  -259.714  -427.721  -635.026  -913.270  -103.965  619.339
  630.317  175.287   -24.366   -10.672   61.285   53.093    8.352   -41.698
CT1959:210           -48.968   -11.787    4.400   -31.371   -99.196  -110.481
   -67.279   -13.766   45.913  184.847  322.348  295.984   78.113   -90.357
  -213.049  -357.830  -451.115  -686.030 -1194.340  -806.470   -85.535  519.160
  475.086   76.413  -109.529   -60.748   57.555   61.593    5.546   -48.102
CT1959:205           -58.399  -146.076  -202.394  -180.026   -93.737   -78.194
  -142.001  -204.585  -173.745   -84.044   -22.856   -30.615  -110.704  -182.959
  -254.700  -401.523  -505.677  -370.317   -25.769  -512.495   58.435  349.726
  234.312  -134.153  -231.730  -106.760   73.436   80.603   23.593   -39.274
CT1959:200           22.805   -97.058  -162.832  -148.237   -94.151  -114.857
  -235.235  -329.413  -327.112  -257.548  -188.075  -162.684  -110.785  -100.000
   -89.047   21.511   15.658   -43.346   -97.613  -396.636   -87.614  107.534
   99.183   -40.472  -208.046  -140.173   33.041   70.546    -5.146   -66.886
CT1959:195           80.194   31.017    9.932   -23.088   -74.978  -118.525
  -206.263  -274.776  -264.938  -176.742   -98.744   -60.064    8.867   30.747
   -12.589   -88.359  -155.455  -282.571  -437.581  -230.145   -48.752   51.117
   42.662   -51.506  -175.038  -118.741   18.724   50.514    2.710   -40.854
CT1959:190           34.956   65.774   69.658   30.164   -26.229   -78.702
  -131.962  -163.142  -119.992   22.796   92.142   90.891   55.088   36.659
    -5.398   -72.596  -182.985  -498.424  -779.200  -134.129   -66.496   -10.499
   -13.807   -55.309  -103.278   -78.377   -20.321    7.863   -13.207   -54.004
CT1959:185           -67.207  174.821  140.953   86.173   33.478    -6.874
   -27.303   -43.858   -27.802   26.166   50.392   29.658   -47.159   -69.761
   -45.754    -5.500   -45.249  -204.567  -334.367   -29.542   -64.111   -97.419
   -71.651   35.939  216.113  202.683  118.025   36.973   -36.306   -93.938
CT1959:180           -43.203   -63.784   -71.315   -56.817   -29.846    0.783
   69.887  158.282  181.776   89.574   -26.587   -49.082    -5.831   31.344
   31.246   80.193  236.209   98.051  257.621  314.068  188.521    5.427
    -1.608  160.022  371.627  334.646  139.404   22.477   -41.936  -105.549
CT1959:175           -51.238   -56.825   -56.544   -46.748   -32.306   -30.201
   -77.359  -155.691  -161.009  -118.453   -27.557    0.692   21.109   40.229
   18.930  -149.721  -288.213    -6.321  526.378  727.447  529.896  190.421
  114.676  287.498  493.569  414.450  187.228   33.973   -34.895   -91.193
CT1959:170           -42.746   -48.527   -55.657   -60.860   -57.166   -54.308
  -117.317  -238.175  -238.617   -99.895  122.794  182.840  135.369   55.114
    1.413  -233.850  -441.389   -20.026  852.424 1242.557  987.309  456.047
  292.848  305.074  250.375  188.982  132.621   67.357   32.749   -10.325
CT1959:165           -39.948   -45.284   -58.816   -88.720  -125.271  -131.322
   -91.057    -9.689   66.883  169.049  302.719  326.361  248.291  107.290
   35.502   -79.305   -80.182  173.673  997.980 1382.532 1160.984  591.704
  359.718  288.952  130.162   67.330   74.884   64.092   26.865   -14.850
CT1959:160           -43.933   -59.200   -65.119   -76.418   -95.032   -77.772
    -6.340   91.740  176.849  323.361  494.056  509.602  336.892  125.467
   47.570   -20.107   -34.852  205.784  799.964 1104.012  981.327  603.890
  414.194  239.860   68.966   29.195   75.850   67.775   38.033    2.577
CT1959:155           55.524   52.583   -34.906   59.108  144.875  207.249
  204.036  166.307  197.929  307.421  359.338  300.236  131.746   54.000
   91.062  190.082  260.320  496.298  719.555  753.058  647.453  530.383
  353.067    8.068  -124.895   -68.067   -25.000   -20.284   -10.777   31.980
CT1959:150          211.480   71.920   -13.206   15.681  109.301  184.469
  243.167  268.455  299.282  343.268  354.315  307.484  160.051   60.022
   48.166   42.160   53.873  129.312  169.796  218.825  358.315  449.780
  308.485   -21.775  -142.801   -88.272    -3.040    1.392   -34.773   -61.990
CT1959:145           -65.400   -58.062   -71.453   -62.532   -12.493   35.431
  145.724  286.860  309.230  236.686  154.446  113.335   90.765   69.220
   30.202   -25.846  -111.771  -217.177  -335.298  -304.668   46.335  323.407
  300.144   14.669  -108.902   -40.594   59.938   42.057   -23.767   -95.001
CT1959:140           -40.304  -121.747   -49.236    -1.720   21.915   57.363
   93.183  128.836  140.360  111.569   88.764   88.836  147.053  168.853
   81.114   -72.887  -186.646  -379.768  -627.535  -632.114  -308.706   15.831
   39.601   -96.150  -136.808   -64.506    2.404   -18.765   -73.295   -94.804
CT1959:135          -141.763   -74.842   -15.272   27.080   46.311   74.045
   96.654  123.079  125.822   82.903   56.559   58.812  130.268  165.825
  100.862    1.077  -134.477  -504.289 -1080.439 -1174.487  -735.777  -202.079
   -89.582  -161.205  -157.390  -110.654   -57.508   -46.373   -56.259   -48.152
CT1959:130          -133.481   -90.030   -44.540   11.348   76.490  125.114
  140.404  149.907  157.626  158.118  173.479  170.063  156.375  135.077
   83.637   35.184   -74.392  -368.741  -782.586  -862.107  -618.815  -289.843
  -178.154  -178.759  -165.513  -113.061   -35.086   11.656   33.327   46.498
CT1959:125          -137.086   -94.612   -46.764    7.058   61.256  118.943
  191.390  261.266  276.499  237.062  166.104  116.192   97.168   84.615
   47.958   29.003   -39.877  -273.556  -683.084  -829.748  -623.588  -237.054
  -125.403  -175.007  -178.692  -105.188    6.051   58.226   66.787   68.659
CT1959:120          -137.165   -91.895   -44.001    6.911   54.037  121.308
  262.507  441.229  486.467  356.423  161.577   78.447   50.422   44.921
   16.503   30.070   12.304  -164.251  -616.291  -791.161  -604.296  -403.936
  -352.327  -271.882  -192.932  -132.904   -13.066   50.976   68.626   60.694
CT1959:115          -127.721   -79.488   -33.700   13.491   64.043  129.109
  276.039  465.457  517.269  454.567  264.430  159.386  109.053   -23.010
   -59.481   18.174   64.699   83.981  176.500  238.160  150.674   -40.100
   -98.603  -181.906  -270.219  -211.635   -55.577    3.172   -12.006   -16.443
CT1959:110          -101.791   -61.812   -22.603    8.874   34.447   71.583
  154.254  255.430  299.228  385.813  565.951  594.816  267.456   -75.305
  -124.314   -21.318   88.855  165.886  353.607  474.600  574.347  713.873
  664.342  277.799  -115.137  -142.382   -34.608    -0.466   -13.604   -22.947
CT1959:105           -82.715   -56.824   -27.289   10.025   44.343   18.496
   -75.586  -190.045  -223.614  -173.161   -58.041   -31.738  -100.038  -201.647
  -203.720  -133.107   -77.404   -28.640   37.158   65.472  284.331  726.410
  753.686  300.663   -57.736   -77.430   -27.144    -1.234   11.762   14.186
CT1959:100           -89.371   -54.993   -20.417   41.251  138.077  112.928
  -157.836  -595.976  -739.439  -689.500  -570.464  -508.010  -362.870  -198.904
  -148.452  -121.242   -92.222  -111.779  -213.430  -262.553  -258.113  -251.647
  -237.248  -182.341  -131.350   -99.357    -8.300   20.448   10.268    1.877
CT1959:095           -74.577   -27.035   18.563   68.166  115.147   62.384
  -209.501  -608.960  -742.018  -683.219  -517.809  -410.908  -263.333   -67.048
    -9.774   -19.915    -8.857   -75.992  -247.253  -328.356  -511.897  -913.741
  -926.776  -485.781  -114.075   -64.514   -68.507   -56.002   -40.898   -27.244
CT1959:090           29.486   16.249    6.402    7.198   11.016   -47.250
  -224.046  -449.209  -517.483  -482.584  -367.808  -251.697   -93.420   64.392
  102.554   34.607   -67.690  -132.769  -189.519  -198.680  -268.080  -370.067
  -346.658  -149.041    9.800    -2.708   -62.986  -102.185  -124.227  -125.370
CT1959:085          172.360   74.116   -17.924   -98.137  -154.808  -223.009
  -323.732  -444.181  -467.039  -400.404  -284.205  -163.076  107.093  378.384
  408.842  168.950  -126.312  -192.324  -238.713  -275.282   -81.738  366.571
  476.828  302.271  190.956  124.355   -28.279   -97.907  -129.808  -155.543
CT1959:080          265.200  132.992    2.908  -145.016  -296.057  -392.132
  -423.709  -437.145  -426.679  -311.550  -165.007   -55.362  240.472  655.076
  700.366  350.728  127.598   32.376  -116.149  -145.877   34.880  361.813
  450.891  381.157  263.274  178.467   46.875   -49.508   -98.840  -146.958
CT1959:075          280.339  164.192   44.297   -92.240  -242.390  -325.102
  -313.752  -251.035  -204.524  -123.560    8.415   72.233   -29.114  -199.367
  -169.687   28.731   93.786   54.590   -59.578   -77.915    3.477  131.278
  204.513  254.740  247.348  170.581   60.373   -20.021   -78.139  -128.677
CT1959:070          220.735  171.281   95.106   -20.508  -157.694  -222.009
  -199.098  -157.063  -128.359   -83.762   -60.978   -74.689  -256.278  -450.661
  -407.983  -115.014   86.961   74.781   -70.146  -108.628   12.387  178.878
  226.363  225.979  207.420  132.013   19.450   -45.694   -67.412  -105.440
CT1959:065          155.460  124.318   83.415   13.423   -82.687  -125.235
  -118.291  -104.377   -90.795   -74.706   -65.572   -84.158  -175.848  -213.005
  -169.451    0.710  150.242  194.340  195.146  213.701  276.206  362.380
  355.965  281.995  220.088  135.841   10.598   -61.648   -91.264  -114.713
CT1959:060          123.577   28.247   -50.207   -96.310  -121.406  -133.344
  -105.663   -77.104   -65.310   -66.861   -71.611   -67.539   -50.107   -27.781
   14.872   96.188  176.009  294.442  435.793  482.302  472.810  461.439
  424.122  308.348  215.801  137.790   49.264   -19.903   -75.888  -122.022
CT1959:055          125.233   25.274   -52.500   -96.536  -118.841  -124.101
   -83.340   -36.601   -22.748   -37.723   -56.874   -52.488   -24.136    2.838
   32.597   58.699  110.315  218.973  365.196  414.113  303.361  183.315
  176.643  210.096  186.230  113.711   32.529   -18.791   -61.568   -97.855
CT1959:050          145.929   90.094   37.071   -33.081  -123.217  -143.410
   -76.770    -0.449   22.853   24.350   30.258   30.042   17.624   12.996
   17.171   19.111   31.465   59.887   81.336  113.635  195.709  242.056
  204.974  152.781  118.576   83.581   46.270   12.807   -15.139   -44.633
CT1959:045          176.066  128.700   61.972   -18.158   -88.924  -100.322
   -28.486   42.707   68.323   76.523   83.324   82.256   73.024   65.642
   61.510   48.188   46.430   38.493   56.942  101.106  199.154  268.466
  231.880  135.498   96.664   91.423   73.525   56.877   42.229   12.128
CT1959:040          299.590  218.572  135.540   50.702   -32.679   -64.947
   -10.998   42.223   81.983  140.796  175.575  187.738  192.292  180.276
  122.804   35.465    8.270    8.151   21.580   44.048   65.733   81.972
   94.826  107.713   96.313   70.554   44.322   29.624   22.376    -2.515
CT1959:035          354.884  281.640  183.834   79.675    -5.123   -17.843
   47.395  108.054  154.515  201.655  224.895  234.502  223.841  201.155
  144.058   55.737   13.255   -10.567   -22.439    2.045   85.319  132.444
  131.154  125.626  110.166   78.181   43.016    4.975   -30.630   -54.970
CT1959:030           25.100  331.030  156.237   43.219   -25.045   -21.541
   53.303  114.726  152.805  144.379  144.862  172.472  193.759  187.398
  145.418   90.172   63.623   25.819    6.019   41.751  127.912  156.778
  132.214   97.236   89.409   80.035   58.732    4.674   -51.029   -82.206
CT1959:025            1.430   32.367   43.433    8.960   -52.886   -34.055
   53.718  165.388  205.071  172.928  111.009   94.116  121.423  132.344
  123.408  115.402   82.724   13.035  -104.367  -143.313  -196.747  -192.310
  -124.151   51.266  149.093  105.709    2.858   -38.611   -44.418   -46.971
CT1959:020           13.424   -11.988   -36.961   -60.974   -72.543   -35.837
   65.561  199.320  253.070  224.254  173.264  146.839  144.102  175.569
  163.942  140.334  106.229   12.549  -166.553  -210.140  -120.466   -63.761
   -22.510   71.468  103.827   65.812    -0.310   -32.875   -38.171   -25.189
CT1959:015            -2.322   -32.316   -50.010   -66.677   -79.386   -28.911
  131.185  315.605  386.417  343.379  251.864  207.856  211.283  213.686
  174.268  138.988  107.635   89.613  101.658  110.420  179.221  301.731
  263.056   93.563   49.735   31.978   -15.797   -15.423   23.371   45.870
CT1959:010           -52.201   -32.734   -11.726    9.493   30.369   96.240
  244.517  428.358  530.516  539.313  513.508  479.203  380.987  237.270
  150.342  113.590   83.498   97.026  150.553  147.883  122.869   52.480
   48.177   44.193   33.568   16.504    -6.959    -1.661   38.117   65.156
CT1959:005           -79.647   -47.555    -5.693   38.557   74.277  151.107
  295.341  436.781  543.416  739.322  941.268  911.033  609.787  265.492
  136.931   95.838   68.770   33.834    0.928    -3.098    -3.408   -38.762
   -34.335   12.768   52.260   45.183   23.091   18.487   31.851   49.958
CT1960:360           -76.804   -36.485    8.059   51.489   80.378  141.308
  239.083  336.863  474.365  829.755 1210.350 1194.320  715.208  266.183
  122.998   35.729   -52.638  -107.763  -153.716  -165.291  -111.139    -8.454
   33.349   57.006   70.445   50.364   16.523   14.319   25.470   36.296
