
filled_synop: 30 data points in equal steps of sine latitude from +14.5/15 to  -14.5/15

CT2021:360           -59.559   -36.372   -11.659    -0.432    9.075    2.066
   -16.389   -47.057   -58.648   -52.268   20.605  168.199  536.339  641.443
  419.826  405.011  230.111  -250.766  -567.759  -560.205  -352.578  -198.971
  -129.482   -43.017   23.593   38.894   15.353    -1.154    -1.448    4.366
CT2021:355           -63.139   -49.831   -33.510   -14.058   12.685    8.721
   -13.435   -58.165  -157.171  -393.340  -403.181  -284.461  -374.836  -361.927
   -96.042  -202.945  -343.920  -381.617  -426.463  -420.275  -294.075  -176.254
  -115.367   -45.311   18.570   40.698   34.829   27.085   19.949   11.341
CT2021:350           -72.139   -55.555   -40.674   -24.050    3.614    -9.024
   -36.771   -97.992  -283.857  -759.121  -821.949   -91.471 1082.622 1351.382
  741.103  -159.829  -386.957  -241.949  -102.316  -114.175  -137.484  -125.830
   -93.747   -38.813   13.643   35.984   40.862   36.779   23.937    2.599
CT2021:345           -97.368   -75.610   -53.096   -46.937   -38.878   -66.484
   -95.543  -157.663  -375.927  -962.746 -1013.047  227.229 2618.780 3081.056
 1525.644  198.504   -76.219   -87.898   -41.792   -50.249   -97.565  -146.638
  -117.608   -23.931   44.196   56.907   49.265   36.259   12.459   -27.024
CT2021:340           -81.253   -42.776   -14.814    -8.386    -5.464   -47.695
  -140.522  -256.661  -491.709 -1059.621 -1156.001  -513.585  331.227  529.263
  364.323  -141.813  -262.658   -77.044   74.897   78.040   16.825   -33.238
   -31.167   -10.545    5.687    8.016    -4.184   -19.184   -29.122   -35.748
CT2021:335           -97.593   -55.051   -10.757    9.545   46.294    4.143
  -159.606  -327.444  -469.465  -694.104  -720.887  -573.020  -314.272  -189.673
  -149.975   -96.139   -98.073   -40.258   35.126   54.927   59.315   62.351
   58.987   41.178   25.205   10.044   -25.613   -55.741   -68.547   -73.689
CT2021:330          -103.548   -63.916   -24.609    3.365   36.527    -2.983
  -152.379  -298.712  -361.929  -358.619  -322.963  -295.785  -196.500  -114.222
  -108.249   -55.998   -40.470   -47.116   -45.436   -25.372   12.148   34.861
   40.993   39.853   34.319   21.470    -5.758   -31.319   -47.493   -57.758
CT2021:325           -88.985   -47.521   -11.776   13.982   38.321    5.377
  -136.173  -266.000  -278.429  -216.289  -190.383  -158.340  -130.805  -103.199
   -92.891   -94.196   -87.576   -86.751   -91.870   -82.384   -56.080   -29.835
   -14.566    6.093   22.741   23.013    9.539    -4.690   -13.343   -18.952
CT2021:320           -95.398   -49.472    -1.759   12.443   19.085    -4.853
   -92.859  -166.840  -172.909  -122.139   -95.146   -81.117   -89.758   -84.277
   -73.066   -75.624   -84.923  -113.390  -136.750  -134.860  -124.041  -113.468
   -91.665   -50.179   -19.138    -5.596    2.780   10.272   17.083   21.282
CT2021:315           -84.938   -51.933   -20.397    -7.094    -1.935   -19.510
   -72.932  -122.982  -122.247   -79.358   -54.973   -29.300    2.546    7.196
   -19.878   -49.319   -73.216  -113.905  -145.465  -148.785  -135.180  -114.180
   -96.713   -80.394   -60.064   -40.606   -20.585    1.838   23.551   44.256
CT2021:310           -69.396   -43.235   -23.034   -11.293    -0.127    -4.751
   -33.215   -60.607   -61.507   -43.571   -29.100    -4.075   26.816   22.466
   -14.051   -67.433  -102.931  -140.227  -160.452  -160.089  -140.217  -109.675
   -90.831   -81.887   -67.799   -47.008   -19.897    6.221   26.815   47.516
CT2021:305           -63.632   -36.464   -12.014    -0.158    4.605    4.615
    -5.817   -17.525   -14.841    0.517   13.213   18.864   26.841   13.981
   -40.940  -118.272  -164.588  -219.736  -253.682  -237.009  -172.600  -112.628
   -89.402   -74.625   -55.693   -36.150   -14.339    7.461   23.059   33.403
CT2021:300           -77.056   -50.759   -23.816    -7.242    -3.068    0.350
    3.655    5.107   11.336   30.361   41.948   30.535    -0.480   -29.086
   -96.159  -187.767  -223.470  -216.162  -185.969  -162.304  -124.974   -93.063
   -81.827   -61.467   -35.446   -19.568    -9.453    0.889   11.300   19.097
CT2021:295           -91.251   -65.506   -36.961   -14.042    6.727   18.993
   21.760   21.883   27.556   40.701   55.310   34.526   -13.578   -38.882
   -88.825  -133.571  -135.923   -57.370   40.386   59.409    6.973   -72.118
   -86.973   -65.037   -41.024   -28.095   -20.062   -12.315    0.244   17.363
CT2021:290           -79.059   -60.792   -44.125   -18.047   18.967   36.079
   35.321   32.656   32.933   16.361   28.125   39.653   40.402   42.050
   32.556    9.429    -0.838  131.784  284.276  258.020   99.394   -25.810
   -48.086   -23.982    4.600    3.973   -19.885   -32.860   -23.132    -0.239
CT2021:285           -96.119   -60.463   -27.009    -6.056    8.205   20.968
   34.716   45.832   44.026    -7.078    6.801  177.227  470.528  545.928
  406.973  187.225   90.082  100.593  115.093   92.305   33.092   -41.101
   -45.629   -25.853   -13.279    -4.527    1.274    4.810   13.289   26.835
CT2021:280           -95.586   -42.738   11.616   34.283   34.520   42.924
   45.418   40.446   48.923   30.642   67.768  371.688  806.688  900.446
  698.141  320.922  131.542   -81.724  -162.085  -225.407  -176.082   -42.240
   -18.243   -25.629   -22.980   -10.670    0.569   17.547   41.066   71.852
CT2021:275           -94.027   -43.175    0.536   25.391   38.271   50.777
   58.426   55.911   59.002   58.026  100.406  379.881  887.013 1034.444
  781.496  412.407  216.411  -275.976  -719.125  -727.897  -384.559   -93.506
   -49.315   -43.109   -29.225    -9.906   20.981   50.570   72.566   90.500
CT2021:270           -89.705   -38.199    4.248   31.001   49.295   58.585
   74.195   75.248   23.878   -75.971  -100.569   11.635  336.144  489.661
  419.914  390.918  356.842    -8.401  -533.545  -487.726  -130.786   -35.305
   -61.757   -57.242   -46.012   -27.589   11.359   53.965   88.543  116.419
CT2021:265           -99.768   -50.994    -5.401   30.205   73.508   83.812
   73.892   47.607   -62.136  -350.376  -503.967  -586.307  -807.245  -778.910
  -302.456  131.399  334.440  993.158 1759.492 1531.002  593.407   82.761
   -13.866   -49.220   -71.881   -53.468    8.854   65.157  105.029  145.206
CT2021:260          -111.959   -52.258    2.716   34.526   58.199   57.002
   41.246   13.014  -117.097  -385.158  -515.318  -628.826  -737.355  -666.103
  -375.983   -22.751  191.920  566.094  764.749  742.008  423.870   79.521
   -17.523   -25.075   -31.049   -25.940    5.102   38.394   66.086   89.892
CT2021:255          -134.353   -74.194    -8.363   14.577   30.474   20.236
   -39.783  -116.401  -212.817  -387.250  -482.549  -463.140  -363.231  -275.017
  -177.967   -36.551   83.595  153.820  143.458  163.650  152.987   81.323
   16.404    -6.594   -20.286   -22.080    -1.935   14.406   27.007   39.392
CT2021:250          -107.223   -61.709   -18.788    1.987   14.857    2.462
   -39.788   -85.936  -157.300  -263.867  -314.264  -273.099  -160.296   -94.402
   -56.452    -7.657   51.368   76.616  134.903  129.853   83.373   63.460
   26.751    -7.239   -32.529   -33.822   -14.764    6.962   25.239   41.882
CT2021:245           -78.944   -46.682   -18.836    -3.137   13.112    5.962
   -38.360   -90.202  -128.614  -164.624  -182.773  -149.970   -92.139   -59.801
   -45.672   -53.632   -22.567   38.243   95.478  102.220   67.194   37.244
   15.811    -9.997   -30.401   -30.339   -13.717    1.906   16.904   35.254
CT2021:240           -80.011   -45.428   -10.363   12.245   30.697   26.614
   -21.131   -73.743   -90.953   -81.765   -76.348   -62.350   -45.411   -36.468
   -35.746   -41.708   -26.471   10.749   52.422   63.565   46.545   29.479
   19.452    0.722   -15.318   -17.550    -9.384    2.576   14.003   28.589
CT2021:235           -92.203   -57.132   -25.119    -3.065   21.738   23.101
   -13.780   -53.283   -58.444   -30.876   -13.057   -13.231   -14.953   -16.697
   -31.904   -46.596   -44.872   -40.941   -32.283   -13.324   16.464   37.959
   39.541   22.105    6.581    5.509   17.076   25.770   29.675   32.150
CT2021:230           -91.014   -64.906   -36.579   -10.270   10.224   11.214
   -23.441   -67.715   -62.734   -24.198   -17.158   -17.385   -32.483   -44.227
   -63.802   -89.054   -94.332   -85.794   -66.546   -44.927    6.433   54.466
   65.125   43.519   21.637   18.718   27.595   38.236   44.615   47.788
CT2021:225           -86.318   -58.603   -36.688    -1.546   60.962   77.878
   32.935    -2.876    1.004   43.950   66.975   21.164   -65.877   -92.339
   -78.212   -60.536   -69.266  -116.643  -149.054  -117.997    -2.531   86.800
   95.790   51.789   17.845   17.806   32.096   41.735   45.249   47.084
CT2021:220           -91.874   -55.183   -23.738    -7.490    -0.652    1.392
   -10.060   -28.939   -21.810    9.811   20.013   13.127    -4.479   -14.059
   -22.290   -33.174   -42.203   -68.747   -99.403   -82.834   -15.401   36.788
   47.768   31.197   14.091   14.791   24.518   34.540   42.768   49.774
CT2021:215          -132.665   -75.912    -9.244    6.407    -2.651    -1.289
    -6.701    -5.778    -1.973   12.486   27.052   18.239    4.570    -3.526
   17.410   40.779   39.070   25.584   14.817   15.476    7.273    2.440
    6.125   10.877   15.456   23.660   45.806   63.305   68.126   64.448
CT2021:210          -107.469   -72.326   -34.154   -12.123    3.952   11.484
    1.152    -8.278    2.137   27.193   36.385   35.140   31.440   15.922
    4.593    1.858    2.443   26.116   42.450   47.102   18.126   -12.280
   -12.551    -3.529    4.763   12.542   22.966   32.919   42.702   51.301
CT2021:205           -78.472   -50.058   -23.200    -4.957    9.369   19.514
   18.559   15.766   37.118   88.016  106.189   77.974   20.418   -28.672
   -86.200  -142.955  -149.408   -72.453   10.407   34.708   13.017    -4.479
    -0.723    0.954    9.394   18.362   29.073   42.679   56.596   69.220
CT2021:200           -70.915   -33.234    5.639   21.322   21.609   30.817
   45.557   69.501   93.249  148.332  174.292  118.554   20.377   -58.382
  -197.915  -330.195  -353.108  -259.265  -116.146   -72.370   -62.704   -40.881
   -23.452   -34.228   -43.617   -22.079   29.127   70.464   87.031   96.157
CT2021:195           -73.395   -32.371    0.686    8.814    4.626   12.533
   25.082   39.531   70.283  131.449  141.822  115.636   65.140   -10.109
  -245.676  -541.695  -583.159  -463.792  -350.425  -280.212  -147.296   -29.403
    -5.940   -11.535    -9.689    -0.621   12.276   30.439   50.898   71.223
CT2021:190          -100.371   -47.347   10.199   18.116   -11.467    -7.690
   18.022   44.387   81.062  189.230  232.549  165.120   47.432   -13.923
   -70.624  -110.669  -110.330  -138.085  -170.421  -125.714   -24.861   30.358
   27.183   27.871   33.572   39.470   55.643   67.611   72.380   72.499
CT2021:185           -64.031   -15.204   27.252   27.859    -2.060    5.343
   47.042   90.836  111.697  162.487  176.992  108.074    0.079   -34.531
    0.506   81.379  136.583  235.341  342.684  337.422  181.545   39.299
    -0.798    -5.939   -14.682    -6.967   32.370   63.729   73.662   74.018
CT2021:180           -64.562    -9.666   32.679   34.766    2.848   16.668
  101.673  184.072  162.430   29.760   -68.686   -97.991  -128.720  -121.638
    5.954  168.263  281.970  545.285  787.174  755.714  443.047  161.638
   70.924   25.107   -11.825   -14.924   17.409   49.176   67.523   77.195
CT2021:175           -89.697   -31.920   28.507   54.851   53.848   84.665
  200.551  313.225  262.302   24.288  -117.769  -146.110  -144.543  -121.740
   -27.240   73.795  177.034  398.795  565.351  555.491  376.291  193.612
  104.747   26.743   -29.943   -37.027    -5.077   26.337   51.764   83.533
CT2021:170           -71.198   -24.688   15.436   37.597   43.368   77.621
  202.382  326.309  278.996   54.025   -85.346  -103.762   -32.926   13.833
    9.490    9.206   70.785  190.443  280.922  286.173  206.277  103.477
   45.949   19.949    -0.626    -7.340    6.279   23.576   41.154   59.670
CT2021:165           -63.387   -25.382    8.192   31.256   47.481   81.056
  174.545  264.227  223.283   24.097  -108.268  -110.112   -67.907   -50.983
   -19.121   10.617   52.855  117.758  180.357  183.636  117.195   51.067
   18.605   12.061   10.380    9.245   19.350   30.123   39.596   49.699
CT2021:160           -68.447   -28.366   14.716   30.664   13.084   28.113
  110.044  187.039  166.341   69.876   13.980   -16.814   -27.564   -27.940
   -13.553    2.637   30.125   95.790  158.384  158.644   87.817   31.470
   10.294    -1.416   -10.791    -9.500    7.160   21.955   30.926   40.551
CT2021:155           -64.711   -25.630    4.058   12.459   11.315   26.771
   53.577   77.758   75.601   48.693   20.242    5.982    -1.807   -16.325
   -30.504   -32.826   -28.571    4.197   46.126   63.685   52.472   35.155
   29.175   14.953    3.772    1.064    3.398   10.460   22.537   37.613
CT2021:150           -79.897   -56.905   -34.733   -21.441   -14.105    -1.812
   30.322   69.440   70.740   48.728   39.831   39.601   38.316    5.922
   -98.411  -226.888  -268.151  -255.406  -169.865  -130.823   -49.336   45.665
   59.245    4.074   -36.890   -31.734    0.793   31.296   50.059   68.821
CT2021:145           -95.780   -54.698   -18.479    -2.719    -0.206   10.458
   29.035   45.576   48.814   37.688   30.991   63.207  150.786  154.043
   -42.190  -347.327  -435.534  -445.635  -454.054  -403.460  -193.845    2.908
   44.548    6.534   -31.846   -31.412    -5.148   21.354   35.577   43.334
CT2021:140           -98.607   -54.493   -14.004   16.714   38.950   52.487
   65.043   81.939   75.847   37.310   22.564   67.213  193.808  236.072
  101.412  -127.051  -209.699  -323.678  -549.147  -520.823  -206.854   36.342
   71.547   21.208   -24.422   -24.909    1.253   28.260   42.277   48.528
CT2021:135           -94.244   -43.318    8.960   41.999   68.320   82.325
   53.217    9.270    7.163   15.590   17.857   11.652   -44.021   -33.101
  262.809  716.950  741.736  421.527  267.207  188.445   68.870   43.954
   48.917   28.896    5.269    1.691    9.314   19.850   31.734   47.169
CT2021:130           -86.924   -60.377   -30.088    -5.906   16.429   27.927
   21.659   12.701   15.703   33.929   45.723   16.072   -77.406   -63.077
  208.456  571.914  622.548  460.472  241.654  174.021  127.959   70.757
   50.498   23.303    -4.113    -4.799   16.057   35.762   50.310   63.368
CT2021:125           -74.879   -65.861   -54.754   -33.899    -3.727   13.873
   12.189   11.957   22.902   48.105   53.799   39.819    -8.731    8.327
  103.306  198.129  222.700  232.186  153.035  114.585   90.577   50.782
   33.920   13.302    -7.653    -6.220   18.556   45.696   66.944   87.564
CT2021:120           -76.979   -75.292   -79.060   -62.103   -30.276   -13.410
    -4.060    4.981   18.419   82.596  129.943   87.178   18.049   18.037
   47.812  100.292  109.911   90.273   77.942   67.830   65.209   61.718
   59.258   32.816    5.305    4.860   18.230   37.987   66.236  107.127
CT2021:115           -82.923   -63.610   -45.324   -17.013   20.159   36.885
    8.530   -28.313   -29.682   -30.965   -50.035   -33.256   -10.012   -15.533
   -30.001   -56.256   -83.128  -130.556  -190.116  -164.075   -20.531  106.169
  128.728   72.300   19.928   15.021   30.031   46.628   58.750   68.868
CT2021:110           -86.049   -69.209   -52.606   -26.556   25.741   47.066
   31.012   16.840   11.624   12.091   13.961    -9.333   -35.252   -75.533
  -132.296  -187.457  -241.488  -308.379  -350.013  -300.621  -126.927   31.690
   96.316   81.614   54.960   48.005   38.846   28.902   21.767    9.763
CT2021:105           -94.228   -60.039   -25.774    -5.721    3.973   10.073
    7.482    1.291    2.631   22.959   26.895   -11.217   -73.702  -147.423
  -258.698  -385.528  -473.130  -529.416  -512.054  -438.340  -246.316   -12.075
   86.135   45.495    -8.877    -6.251   12.808   30.023   38.187   39.595
CT2021:100           -85.177   -38.443    0.427   14.650   10.734   11.983
    3.258    -5.931    3.084   49.934   69.882    -1.424  -135.858  -252.729
  -422.173  -611.781  -730.018  -885.367  -983.168  -914.743  -576.555  -148.487
    7.495    -7.524   -32.745   -13.238    7.791   30.609   48.572   62.353
CT2021:095          -102.205   -54.471    0.130   19.658   13.175   16.759
   11.225    6.528   19.960   84.318  102.338    4.497  -198.400  -346.412
  -528.389  -777.281  -914.051 -1183.894 -1571.944 -1459.826  -836.313  -339.004
  -180.071   -85.930    -6.188   24.985   25.331   35.850   51.064   67.526
CT2021:090           -76.277   -47.588   -21.866   -10.404    -9.941    -1.441
   24.334   56.435   77.655  118.741  125.830   52.881   -97.573  -218.404
  -325.546  -411.681  -477.941  -553.180  -576.476  -549.166  -437.741  -239.130
  -128.428   -86.152   -44.848   -16.589    -5.762    8.517   25.441   41.398
CT2021:085           -55.463   -40.566   -28.581   -13.256    -1.179   15.937
   64.609  128.870  155.228  174.102  180.116  132.106   33.369   -49.712
  -110.751  -152.933  -169.554   -67.375  120.643  160.565   44.293   -52.169
   -44.106   -39.410   -36.017   -24.563    -3.304   16.816   30.098   41.720
CT2021:080           -53.038   -40.204   -25.460    -8.277    6.818   26.035
   73.414  131.979  150.072  137.894  121.967  104.297   78.615   41.317
   -18.784  -105.043  -121.318   -28.053   28.187   74.956  152.256  130.587
  118.648   81.205   25.633   12.948   34.216   50.357   54.166   53.008
CT2021:075           -35.566   -30.053   -24.273   -11.847    4.495   19.673
   38.026   51.960   57.489   46.221   41.779   48.322   72.143   67.548
   23.215   -60.792   -76.074   46.365  250.126  298.297  294.582  332.014
  315.492  190.960   63.860   31.241   41.741   55.686   63.554   68.782
CT2021:070           -20.754   -12.921   -11.123    -8.582   -16.947   -14.803
    6.417   37.689   36.316   -25.156   -54.348    -1.464  120.245  154.142
  102.006   14.275   -19.403   -84.119  -173.295  -131.342   75.842  235.083
  238.433  138.329   32.548   12.010   28.171   47.678   68.540  101.328
CT2021:065           -42.114   -33.779   -29.604   -26.127   -23.940   -20.522
   -24.628   -30.176   -26.833   -27.873   -13.521   34.804  135.893  173.337
  150.981  120.367   97.293   -55.087  -226.365  -217.657   -45.380  111.825
  121.108   70.186   22.040    7.873   19.730   37.590   53.234   69.735
CT2021:060          -100.298   -66.994   -32.629   -19.904   -16.444   -12.895
   -21.716   -30.485   -19.311    0.560   24.200   80.973  183.214  221.355
  178.421   63.457   46.360  104.639  172.588  165.096   79.189   11.554
   -19.029    -4.163   23.476   27.081   31.641   36.096   39.272   41.717
CT2021:055          -139.099   -81.458    -4.523   13.610   -20.258   -27.403
   -17.300    -9.043    8.685   54.975   95.622  140.234  230.549  276.727
  227.659  129.747  156.542  347.677  527.161  505.900  251.757   -21.428
   -87.690   -35.073   15.591   19.066   31.580   41.986   43.714   41.946
CT2021:050          -100.437   -47.604    -2.455    7.628    -7.916    -7.355
   17.494   49.483   61.088   62.513   64.938   85.871  102.801  122.232
  163.740  217.977  304.627  546.740  836.334  824.769  499.754  172.504
   60.712   26.632   15.036    9.553   25.445   41.598   51.623   58.038
CT2021:045          -113.095   -70.669   -21.511    2.341    7.202   17.204
   42.335   67.238   62.182   29.616   10.269    1.294   -22.068    -5.877
   45.367   91.569  179.475  413.290  641.348  646.024  445.965  221.922
  119.723   54.423    3.857   -11.350   15.630   43.041   67.624   95.190
CT2021:040          -132.286   -88.625   -37.668   -12.008    -0.543   10.771
   25.328   39.552   23.029   -33.592   -68.008   -74.877   -76.557   -49.320
    6.814   79.197  168.744  334.872  502.526  516.901  384.416  226.236
  137.305   54.844   -17.714   -31.421   19.623   65.331   81.320   85.205
CT2021:035          -104.902   -68.710   -36.801   -18.463    -4.679    2.947
    3.804    2.107   -41.341  -190.045  -296.651  -268.321  -141.670   -63.067
   -14.640   48.869  120.669  205.805  292.723  313.452  264.261  195.388
  135.988   53.813   -24.444   -48.881   -27.051    -1.089   16.847   35.493
CT2021:030          -112.863   -82.971   -44.004   -27.137   -23.027   -20.090
   -29.380   -38.652   -85.204  -239.737  -343.161  -307.568  -180.335  -111.234
   -56.061   10.575   66.487  134.727  218.164  244.874  217.034  177.827
  144.717   94.725   43.151    8.151   -20.576   -37.809   -33.240   -14.643
CT2021:025           -84.192   -71.226   -52.096   -38.001   -24.270   -20.723
   -40.139   -70.870  -101.196  -144.473  -161.432  -155.361  -115.021   -71.782
   -48.268   -25.848    2.248   62.626  122.715  152.407  188.951  210.174
  190.430  116.107   37.234    7.927    9.928   11.711   10.172   11.685
CT2021:020           -71.508   -61.708   -50.782   -38.365   -17.168   -10.187
   -39.008   -87.056  -102.581   -94.521   -75.404   -56.512   -29.552   -11.014
    -6.497   -13.559   -22.624   -10.313   30.044   54.051   91.939  143.479
  150.313   84.256   12.409    -3.355   12.162   29.387   36.848   39.718
CT2021:015           -92.438   -74.839   -57.569   -39.842    -8.591    3.995
   -20.776   -54.923   -55.132   -44.926   -32.753   26.520  118.713  136.685
  102.885    8.499   -61.818  -150.847  -217.107  -208.898  -123.530   -14.081
   34.021   39.460   20.584   16.823   28.949   41.834   46.372   47.791
CT2021:010           -93.065   -70.268   -46.647   -22.853    2.870   11.458
   -15.092   -59.137   -47.425   30.354  108.160  175.034  320.047  381.279
  258.981   55.532   -65.131  -304.402  -592.931  -603.344  -319.541    -0.104
   80.224   58.481   29.786   27.956   30.655   33.941   33.706   31.312
CT2021:005           -95.688   -70.063   -42.124   -17.061   17.100   31.335
    -1.111   -58.608   -46.738   24.426   84.620  140.462  200.029  220.657
  169.376   86.845    0.611  -145.395  -310.655  -332.496  -197.852   -37.502
   17.095   33.195   41.053   49.223   48.928   47.269   45.287   40.561
CT2022:360           -95.100   -82.746   -73.301   -49.363    4.165   28.323
    1.400   -45.203   -30.029   49.686  135.355  160.805   52.758   -30.492
   50.934  119.849   74.109   16.942   44.470   25.494   -42.653   -49.730
   -28.117    -5.018   21.546   39.638   47.972   55.126   62.604   68.439
