
filled_synop: 30 data points in equal steps of sine latitude from +14.5/15 to  -14.5/15

CT2027:360           13.389   30.994   44.627   39.840   24.225   18.752
   19.095   21.550   32.345   61.783   95.185   93.743   50.793   18.882
    2.787    2.435    0.860    -5.829    -2.737    7.699   28.569   57.553
   83.147  123.004  136.481   96.037   29.325   15.249   30.187   40.773
CT2027:355            8.594   32.825   51.605   55.662   41.580   37.952
   36.906   31.983   44.230   77.277  110.638  112.519   77.441   40.393
   12.715   -27.560   -58.850   -54.489   -23.714    -8.653   10.388   38.196
   70.370  130.054  158.853  117.437   35.995    7.886    9.213   21.434
CT2027:350           -11.728    -2.935    7.027   24.663   47.984   59.468
   58.649   55.089   71.937  110.469  150.666  164.345  174.930  163.000
  116.662   24.441   -36.358   -46.871   -41.038   -33.972   -20.337    3.426
   32.871   78.982   95.246   79.252   46.855   28.487   30.396   35.095
CT2027:345           -35.651   -23.948   -14.491    1.591   19.416   29.146
   28.908   27.445   50.029  123.217  216.897  246.468  235.830  196.075
  140.205   41.392   -28.124   -44.683   -58.533   -62.215   -41.999    -0.950
   28.900   56.533   70.624   52.222   22.783   24.787   47.311   65.384
CT2027:340            9.611   -37.112   -37.702   -23.565    7.100   19.198
    8.393   -17.343    -3.945   87.215  206.036  221.292  151.562   73.883
   28.141   -36.179   -73.384   -71.571   -65.379   -59.183   -35.470    -2.471
   25.015   57.260   74.543   48.080    -7.028   -14.703   16.352   57.612
CT2027:335            8.938    8.760    9.642   18.925   34.124   38.098
   21.765    -7.239    -3.880   36.738   97.425   90.948   -14.794  -149.874
  -188.257  -153.034  -116.614   -90.992   -45.626   -14.797    1.356   19.418
   39.697   60.676   72.774   58.684   10.066    4.210   49.464   90.830
CT2027:330           13.468   45.614   63.922   59.581   35.680   21.816
   12.883    5.789    2.096    -6.308    -9.830   -39.901  -134.412  -249.688
  -268.643  -180.486   -77.994   -49.734   -49.384   -44.684   -24.446    7.245
   32.885   52.167   77.697   75.025   48.525   42.508   64.761   88.853
CT2027:325           18.944   37.279   44.496   39.059   27.523   18.247
    6.630   -19.429   -45.156   -54.027   -51.982   -71.066  -161.988  -259.283
  -273.039  -185.144   -75.588   -52.162   -62.891   -46.026   -49.993   -81.469
   -70.464    7.095   77.662   78.141   42.700   26.566   43.060   74.379
CT2027:320            0.634    8.253   15.974   23.339   32.714   34.943
   29.676   33.867   28.111   -35.019  -134.721  -178.346  -180.116  -169.992
  -172.110  -185.250  -191.023  -163.016  -116.281   -98.320   -67.941   -38.482
   -20.702   22.790   71.834   58.978   -16.973   -24.178   39.353   94.212
CT2027:315           -19.941   -26.408   -26.086   -13.050    5.014    7.545
    0.441   -14.893   -29.155   -47.501   -79.167   -94.207   -85.296   -72.656
   -80.198  -117.772  -159.325  -127.962    -3.334   71.687   60.459   24.966
   23.975   22.337   24.034   23.261    4.872    6.112   47.367   90.729
CT2027:310           -17.368   -24.167   -22.960    -6.799   20.347   23.734
    -4.309   -44.912   -52.354   -16.863   43.713   62.985   64.023   61.578
   46.872    3.185   -26.037   -11.314   80.201  142.159   98.655   -14.132
   -36.646    -3.022   26.518   36.072   29.870   31.681   49.652   79.470
CT2027:305           10.328    7.224   11.482   17.515   23.662   16.828
   -15.089   -70.112   -74.734    1.435  134.491  179.456  147.527   92.868
   61.449    6.967   -50.026   -53.414   -13.214    0.288    -4.951   -55.157
   -57.509   11.504   83.603   87.160   46.625   43.397   73.880  102.703
CT2027:300            9.561    2.419    -2.533    -2.713    1.751    -6.859
   -42.123   -92.296   -90.452   -19.107   85.811  119.761  116.128   94.436
   57.045   -55.233  -152.806  -154.583  -104.071   -76.203   -79.420   -90.271
   -73.733   -12.676   48.323   60.722   39.803   40.013   61.122   85.862
CT2027:295           25.815   14.114    9.180    7.464    6.176    -4.540
   -39.363   -93.949   -97.719   -37.305   50.775   74.645   60.611   26.643
   -14.656  -104.396  -178.164  -188.851  -151.985  -133.079  -122.718  -117.418
   -97.381   -38.850   21.986   41.070   32.550   38.371   70.180  107.878
CT2027:290           58.740   56.123   46.131   23.605   -11.639   -34.130
   -50.132   -62.244   -54.062   -23.222   28.666   43.035   13.025   -49.153
   -90.041  -146.243  -207.157  -204.343  -115.433   -51.611   -68.765  -110.694
  -102.442   -46.944   12.068   28.269   12.999   32.400   93.329  144.539
CT2027:285           71.664   60.394   40.674   10.163   -25.401   -46.700
   -54.521   -62.907   -58.742   -24.210   21.968   31.703    -0.183   -31.548
   -48.691   -83.475   -98.864   -97.234   -74.602   -58.395   -68.732   -96.071
   -91.848   -51.242    -9.142   13.117   25.513   47.612   88.379  134.779
CT2027:280           66.693   49.761   24.301    -5.267   -44.692   -65.174
   -57.798   -41.499   -32.862   -26.853   -24.052   -24.465   -30.456   -42.877
   -43.964   -31.130   -21.437   -10.062    -5.080   -17.765   -42.282   -68.582
   -69.171   -44.559   -17.821    5.416   29.282   58.261   93.812  127.635
CT2027:275           90.470   43.397    -1.549   -40.645   -73.877   -91.173
   -80.215   -58.283   -52.610   -60.854   -73.965   -76.137   -69.794   -60.128
   -39.075   21.157   77.777   95.188   86.386   72.883   27.885   -28.533
   -45.066   -33.471   -17.848    0.646   21.921   44.702   76.184  107.192
CT2027:270           76.706   33.630    -0.309   -39.273   -84.715  -106.475
   -96.563   -74.993   -73.738   -91.713  -115.692  -116.915  -102.194   -86.972
   -57.312   11.713   67.219  107.603  145.490  146.266   87.234    -6.068
   -36.729   -19.483    3.062   10.377    8.377   21.028   45.098   77.349
CT2027:265           49.857   33.616    -0.117   -34.922   -69.992   -89.000
   -90.700   -86.597   -87.830   -94.704  -104.531  -105.360   -99.711   -96.820
   -78.722   -34.657   15.478   63.507  141.154  176.552  117.139    8.261
   -29.193   -31.870   -27.626    -9.230   16.512   37.470   57.558   75.616
CT2027:260           56.116   26.937    -3.971   -37.604   -76.288  -102.504
  -109.643  -108.343  -110.281  -107.625   -91.020   -83.720  -101.223  -106.564
   -98.350  -102.351   -90.210   -43.939   47.786   92.441   78.479   27.920
    5.556    -4.719    -9.859   11.643   60.264   83.927   94.458   99.174
CT2027:255           53.533   29.875    -0.058   -36.597   -77.769  -106.315
  -121.366  -137.984  -149.043  -147.760  -154.217  -160.274  -154.511  -156.962
  -150.671  -137.199  -119.073   -84.014    -7.019   42.517   45.964   39.403
   36.472   22.390   15.524   29.339   60.514   81.216   86.412   84.554
CT2027:250           48.749   12.611   -19.031   -40.924   -54.351   -70.469
   -97.257  -116.625  -118.068  -126.882  -120.150  -113.782  -125.585  -141.280
  -135.796  -113.086   -85.919   -64.452   -33.387    -6.603    0.844    2.389
    5.291    0.419    -5.812   10.393   45.781   62.958   63.095   64.511
CT2027:245           40.667   15.704    -8.201   -31.527   -56.313   -77.571
  -102.389  -142.642  -158.077  -129.680   -79.704   -61.596   -67.698   -72.372
   -66.219   -48.975   -29.394   -24.454   -42.878   -46.774   -31.947   -14.732
    -4.061    7.526   11.912   22.809   42.117   55.883   64.536   71.065
CT2027:240           30.713    -5.326   -34.670   -54.756   -71.563   -87.569
   -95.917  -102.381   -99.381   -89.212   -78.562   -73.273   -51.711   -30.304
   -22.670   -12.081    5.952    1.905   -41.263   -58.947   -30.461   39.359
   67.456   64.574   71.056   64.892   30.599   28.637   51.357   72.832
CT2027:235           15.545   -15.029   -39.444   -60.439   -79.909   -92.240
   -95.389   -95.244   -86.593   -60.544   -21.585    -6.645   -26.294   -55.504
   -62.417   -49.051   -50.736   -50.945   -62.063   -68.333   -42.225    -3.667
   13.665   13.441    4.269   10.507   24.247   34.918   48.384   68.488
CT2027:230            -2.502   -33.868   -61.807   -85.156  -104.980  -114.307
  -112.847  -106.032   -89.868   -54.829    -7.867    8.514    -0.707   -22.936
   -44.099   -54.160   -57.260   -64.656   -78.097   -76.960   -36.322   12.675
   33.235   22.095    6.684    9.265   19.494   34.723   64.915  100.368
CT2027:225            2.563   -37.029   -70.084   -98.382  -124.156  -133.755
  -122.729  -102.146   -84.521   -39.675   21.120   45.903   48.102   45.470
    2.478  -111.309  -199.834  -210.094  -125.927   -31.621    -2.745   27.599
   55.134   48.014   36.667   32.391    4.652   17.146   82.917  138.831
CT2027:220           -14.535   -30.959   -48.911   -71.783   -95.183  -100.455
   -78.583   -42.364   -13.215   12.740   45.232   66.426   86.616  102.993
   34.288  -235.107  -497.771  -503.206  -302.830  -167.130   -86.733   16.503
   61.060   48.267   26.921   24.305   19.272   27.625   56.290   89.523
CT2027:215           -45.109   -35.275   -34.985   -50.545   -78.867   -82.076
   -62.330   -35.124    0.503   27.376   70.184  104.587  125.736  178.442
  121.328  -163.691  -448.467  -471.267  -314.819  -211.756  -129.316   16.947
   69.725   39.552    -2.940    3.390   28.652   43.128   52.447   66.119
CT2027:210           -16.124   -32.435   -49.430   -67.122   -85.837   -87.718
   -73.605   -57.045   -10.808   33.882   73.989  103.160  151.223  189.593
  145.985   68.598    6.184   -46.716   -99.501  -108.298   -77.441    -3.648
   30.565   29.204   26.283   34.559   47.022   59.957   70.936   79.550
CT2027:205           -14.374   -40.636   -60.444   -72.266   -80.989   -77.413
   -66.887   -57.160   23.966  203.288  383.114  427.999  414.308  311.832
  254.507  301.287  352.062  275.245   74.155   -38.008   -58.453   -54.420
   -45.879   -23.406    3.081   20.155   40.181   57.424   70.086   79.638
CT2027:200           -16.337   -38.764   -56.477   -70.841   -90.006   -85.787
   -56.641   -39.442   50.493  475.934 1138.664 1339.967  981.621  497.556
  374.327  387.860  400.610  329.400  132.676   -22.710   -46.687   -76.164
   -96.311   -57.954   -20.247    -4.402   29.930   47.634   42.694   42.895
CT2027:195            -0.372    -1.457   -10.239   -28.967   -58.687   -58.067
   -24.592   13.267  120.565  467.542  937.014 1065.850  822.857  445.147
  340.909  318.680  259.146  232.311  234.244  208.543  153.552   71.504
   31.161    6.342   -10.500    -3.675   20.537   40.143   56.579   71.793
CT2027:190            -0.043   -16.618   -34.562   -60.514   -89.261   -86.050
   -41.744   10.263   57.640  153.164  234.385  275.260  374.297  463.595
  457.331  308.967  185.306  179.054  269.102  314.029  265.523  175.990
  125.881   69.663   15.442    7.989   24.773   42.133   66.643   91.764
CT2027:185           -14.462   -74.598  -116.753  -125.670  -117.056  -104.690
   -48.327   56.616   77.656   -67.482  -295.814  -309.775  -100.714  221.649
  301.544  204.440  101.212  107.731  187.588  220.305  212.390  180.352
  147.062   83.865   20.733   17.314   45.136   62.726   87.483  109.703
CT2027:180           -12.828   -26.185   -42.055   -64.139   -85.633   -91.697
   -69.221   -31.216   -85.620  -368.565  -806.539  -880.098  -572.784  -141.540
   -11.683   32.159   32.710   49.873   68.609   73.133   89.355   96.686
   88.268   60.214   28.157   26.042   41.320   62.013   99.167  136.453
CT2027:175           -15.608   -11.196   -16.481   -31.757   -55.326   -74.701
   -90.968   -89.402  -141.686  -359.763  -670.148  -713.377  -466.652   -88.274
   12.146   18.193    3.236    8.247   -18.120   -25.532   15.035   38.996
   53.052   44.132   31.733   37.293   49.639   74.634  142.532  195.488
CT2027:170           -25.806   -37.957   -48.394   -51.605   -51.493   -65.492
  -107.658  -167.055  -223.037  -262.712  -265.903  -236.795  -160.088   -47.666
   -61.706  -198.253  -165.080  -200.750  -202.361   -64.183    -6.679   33.527
   64.617   39.126    8.964   10.391   13.603   32.067   80.028  139.006
CT2027:165           -25.468   -53.317   -68.959   -69.694   -58.100   -64.121
  -100.694  -143.674  -158.259  -115.464   -29.365    -3.268   10.800   20.149
  -112.588  -839.300 -1646.686 -1541.453  -742.074  -348.599  -198.637   -29.590
   48.498   33.985   10.220    7.445    1.420   14.571   48.022   92.749
CT2027:160           -30.665   -41.243   -46.617   -49.574   -51.001   -54.776
   -61.697   -71.283   -69.518   -22.518   37.019   44.545   16.906   -39.330
  -175.227  -648.701  -947.092  -928.789  -675.468  -486.962  -325.617   -95.887
    5.078   17.757   22.964   30.038   28.994   38.119   61.130   84.235
CT2027:155           -22.301   -28.667   -33.721   -36.145   -37.822   -34.914
   -15.429   14.848   23.708   24.158    0.649   -11.234   -34.462   -64.384
    -5.781  359.443  650.799  450.494  -140.316  -393.882  -306.631   -95.629
   -21.303    4.457   26.759   36.977   37.247   44.880   60.196   79.311
CT2027:150           -14.254   -11.834   -13.694   -23.585   -37.609   -34.902
    -4.539   25.668   21.828   17.760   -55.021   -77.598   -87.502   -99.845
   63.586  790.628 1407.127 1235.143  328.059  -127.404  -129.724   -43.436
   -19.333   11.168   39.206   42.991   31.308   35.226   54.920   75.383
CT2027:145            -0.657    1.962    1.545    -9.182   -27.151   -23.905
   14.368   55.530   47.282    -9.833   -62.138   -77.952  -110.741  -110.525
    -7.551  318.101  494.539  511.595  338.151  147.478   69.652    -6.431
   -30.481    -5.751   21.408   24.890    9.594   14.747   40.142   65.589
CT2027:140           -15.921   -19.768   -22.127   -22.133   -21.612   -11.578
   23.863   63.184   48.865   -60.468  -161.060  -199.777  -195.012  -171.491
  -140.530  -105.487   -79.039    9.449  205.297  282.785  190.083   15.491
   -39.652    -6.083   29.202   29.795   14.773   15.933   39.350   71.501
CT2027:135           -61.375   -59.083   -49.516   -35.136   -18.950    -0.396
   27.629   59.262   57.150   -33.899  -117.625  -150.952  -149.751  -133.377
  -172.082  -266.544  -291.217  -179.195  109.685  271.608  222.149   71.711
   10.956   14.826   33.398   31.213   17.149   24.641   60.860   97.901
CT2027:130           -96.900   -98.115   -91.967   -69.591   -33.145    -4.368
   28.289   62.508   94.575  123.555   95.361   49.503   58.981   -12.082
  -135.479  -382.313  -475.991  -345.022   73.261  330.700  307.014  121.609
   38.290   17.152   17.711   21.175   35.118   49.528   79.283  115.554
CT2027:125          -130.372  -110.529   -89.662   -63.978   -35.767   -11.610
   25.438   69.596  119.546  335.744  659.556  708.211  469.291  127.308
   -62.498  -575.627 -1072.928  -858.906  107.926  630.921  547.022  153.431
   17.667   15.886   19.295   17.360   30.823   50.464   96.655  147.548
CT2027:120          -162.145  -103.739   -56.673   -32.814   -17.179    -4.169
    5.521   11.768   29.993  188.781  549.737  659.972  385.955  109.520
   -19.217  -385.332  -704.710  -537.122  250.963  730.690  624.736  235.673
  110.957   70.002   52.954   41.753   24.316   41.717  115.214  177.754
CT2027:115          -153.954  -117.857   -74.223   -14.060   50.860   67.840
    -3.590  -117.847  -173.488  -323.867  -666.990  -775.307  -421.087   -87.032
   -52.885   -73.131   -32.700   28.358  192.951  311.174  290.176  108.189
   33.643   20.169   14.458   20.454   41.780   67.225  113.296  164.543
CT2027:110           -91.570   -90.977   -77.026   -35.876   33.657   41.673
   -28.866  -126.059  -189.991  -314.051  -420.439  -408.476  -299.221   -89.984
   -31.272   -41.186   -59.053   -51.499   -72.095   -89.531   -70.985   -72.838
   -75.264   -57.448   -38.212    -2.818   67.864  104.926  125.825  149.927
CT2027:105           -81.423   -56.282   -26.531    5.426   32.194   24.908
   -28.032  -100.860  -161.656  -236.806  -293.188  -283.400  -202.220   -73.199
   -35.830   -83.886  -131.569  -147.660  -186.565  -195.776  -170.337  -115.343
   -78.370   -22.638   41.105   61.774   57.053   72.529  112.374  147.179
CT2027:100           -54.909   -21.079    4.672   25.650   50.376   44.031
   -11.345   -79.906  -116.272  -139.242  -160.778  -146.303   -75.918    -4.535
    -0.925  -108.011  -204.311  -224.263  -212.706  -201.911  -187.503  -143.771
  -104.568   -31.398   36.305   52.843   32.274   42.278   77.201  118.153
CT2027:095           -11.384    3.016   16.687   30.751   42.480   29.594
   -23.619   -90.081  -107.928   -69.088   -25.341    2.132   31.104   50.989
   39.792   -12.506   -41.146   -87.004  -134.934  -159.108  -164.146  -149.704
  -121.996   -55.729    4.802   26.308   21.279   33.116   65.029  104.305
CT2027:090           28.378   30.284   30.804   37.721   50.891   41.341
    -0.275   -50.099   -53.419    3.125   70.460  107.291  126.473  130.961
  128.479  112.731   84.084   45.970   -14.585   -77.185  -134.006  -182.729
  -168.111   -80.660   -10.864   10.604    7.093   26.512   63.215  100.376
CT2027:085           51.370   63.083   67.186   54.185   25.320    4.920
   -17.170   -43.375   -31.982   39.104  106.922  156.336  217.978  255.629
  263.641  237.954  202.941  175.729  147.966   87.022   -78.682  -273.320
  -267.474   -88.578   31.272   51.213   32.202   45.489   69.935  102.492
CT2027:080           40.504   55.718   60.118   47.740   24.380    6.724
    -9.819   -28.548   -21.775   11.361   46.278  108.728  239.259  322.526
  335.762  302.021  280.015  258.637  225.112  139.055  -102.173  -355.137
  -362.287  -148.118    7.941   39.831   33.896   55.289   87.387  118.018
CT2027:075           10.883   19.845   21.530   28.144   42.873   37.901
    -5.938   -51.529   -52.801   -34.870   -11.624   30.059  103.249  156.241
  176.408  160.391  164.424  227.710  298.134  226.516   -55.233  -298.249
  -293.646   -80.644   24.206   41.768   30.759   52.700   85.592  117.378
CT2027:070           -12.809    -4.592    2.009    4.293    2.440    -8.805
   -32.247   -49.171   -58.099   -63.632   -56.505   -40.807   -12.063   16.642
   30.121   42.530   82.496  212.960  348.736  307.469   73.334  -157.087
  -212.236  -159.999   -93.942   -29.562   15.174   48.996   80.976  108.511
CT2027:065            -1.341    -4.470   11.235    0.136   -11.306   -19.958
   -12.677    -1.664   -14.335   -48.976   -65.611   -74.679   -84.137   -69.617
   -46.588    -8.054   39.103  149.439  259.281  237.892  110.986   12.871
   -58.103  -147.979  -155.669   -49.380   42.643   60.204   66.719   75.774
CT2027:060          -165.042   -83.310   -21.274   14.400   33.471   44.495
   51.275   51.260   24.251   -47.808   -89.867   -85.677   -51.011   -37.078
   -47.402   -65.505   -41.512   61.167  171.160  184.311  142.542   75.089
   -27.067  -162.302  -193.074  -110.556   -15.559   18.669   32.924   51.585
CT2027:055            5.896  -100.343   -48.571   -22.355    -1.684   13.138
   28.807   37.760   31.504    3.273   -15.261    -6.406   21.353   27.618
    -2.027   -46.883   -33.307   30.808  101.774  128.105  142.051  130.484
   32.159  -161.065  -199.009   -92.532    -4.217    6.624   14.688   44.619
CT2027:050           -74.552   -59.545   -42.250   -17.335   11.872   24.920
   17.237    4.262   11.043   37.448   70.880  102.789  136.630  103.412
  105.023   60.128   52.747  110.201  213.248  261.276  248.114  215.920
  153.371    3.784   -98.855   -90.190   -19.926   20.659   43.656   58.328
CT2027:045           10.053   -20.929    3.919    6.354    8.194   13.881
    9.395    4.388   18.572   63.642   95.337   72.902   15.407   -12.318
   -28.077   -38.574   -32.632   41.291  135.702  166.697  190.064  188.652
  118.374   -29.867   -77.099   -51.503   -20.930   35.668  102.959  157.370
CT2027:040           -50.216   -12.854   13.093   23.975   22.490   28.431
   43.690   55.871   66.342   69.946   75.979   74.675   81.494   76.113
   22.332   -75.560  -104.779   -93.205   -79.508   -50.224   51.668  132.235
   80.770   -40.247   -94.136   -81.614   -46.054    8.747   80.073  146.377
CT2027:035            -9.064    -5.336    3.432   12.830   19.752   34.024
   57.766   83.294   99.838   98.293   99.615  102.478  116.773  112.927
   57.540   -36.841   -83.084   -78.186   -44.612   -12.024   40.241   83.328
   53.209   -69.078  -120.304   -96.676   -47.187    -2.679   58.481  123.762
CT2027:030           -35.087   -36.563   -34.331   -29.359   -21.151    -2.439
   39.172   80.758  105.407  129.500  149.388  157.396  153.898  134.580
  104.366   57.896   18.805   -12.904   -31.586   -30.620    -5.318   51.281
   42.730   -21.150   -61.679   -49.405   -11.051   31.129   74.524  109.710
CT2027:025           -74.290   -63.065   -46.769   -29.553   -15.602   11.904
   58.615  106.574  144.421  201.344  249.135  253.307  226.781  196.638
  168.409  127.414   86.098   16.026  -166.227  -213.079   -84.662   62.811
   72.750   25.434    -7.538    -4.469   14.047   26.894   58.298   95.323
CT2027:020           -97.813   -77.686   -52.022   -13.001   32.904   70.204
  104.089  134.578  162.831  198.066  223.114  226.318  221.267  202.315
  170.367  127.060   99.684  107.885  196.170  253.960  199.303  138.454
  109.395   61.610   25.599    1.530   -39.279   -30.759   36.639   92.752
CT2027:015           -77.425   -62.105   -42.039   -15.797   13.236   48.262
  102.613  157.408  184.115  178.500  160.340  150.708  150.311  140.485
   79.288   -71.448  -143.453   -84.091  160.644  272.104  235.187  125.072
   82.006   51.062   17.253   -15.243   -55.085   -49.101   17.616   83.719
CT2027:010           -31.334   -29.539   -22.356   -11.310    1.910   26.356
   72.641  125.665  150.485  153.296  148.882  136.931  103.130   68.276
   24.615  -150.837  -337.195  -178.459  174.351  297.274  262.083  152.716
   98.315   47.372    3.776   -13.438   -21.599   -18.586   17.317   75.570
CT2027:005           -15.171    -0.120    1.207    -7.403   -15.973    -1.046
   47.962  107.775  136.111  132.896  152.172  147.151   84.092   56.548
   52.902  180.509  367.356  341.597  283.913  299.213  237.953  137.291
   97.299   79.060   61.110   36.651    1.019    -0.760   59.036  110.457
CT2028:360           -37.134    9.113   40.883   47.114   39.603   51.952
   64.243   85.993  125.263  124.371  121.553  118.806   84.069   37.079
    6.546   39.604   17.560   28.793   45.433   32.607   44.030   65.104
   73.262   81.298   84.373   48.137   -36.166   -50.633   14.737   90.668
