
filled_synop: 30 data points in equal steps of sine latitude from +14.5/15 to  -14.5/15

CT1976:360           -75.830   -81.033   -79.598   -67.841   -62.184   -57.875
   -81.041   -23.040  149.182  318.023  368.069  406.222  360.328  256.003
   58.540  -111.186  -155.085   -80.635   -13.223   -81.444  -354.374  -452.907
  -345.159  -106.381   -21.592   -16.681   -16.459   -14.553   -11.476   -13.847
CT1976:355           -72.822   -76.622   -85.428  -109.311  -114.083   -82.953
   -58.006   27.096  285.735  581.653  632.280  557.748  357.805  198.337
   -86.238  -334.897  -363.118  -156.667   34.320   94.247  201.742  275.261
  136.359   -90.567  -131.740   -83.896   -26.383   -24.365   -35.129   -37.455
CT1976:350           -60.635   -67.537   -78.999   -97.502   -97.107   -51.139
    -0.362   95.535  463.937 1045.956 1173.940  737.254  179.406   -43.916
  -318.002  -591.573  -612.131  -414.076  -243.841    8.414  563.309  795.113
  548.325   46.779  -105.333   -86.242   -37.102   -23.472   -11.787    -6.833
CT1976:345           -71.500   -73.155   -71.426   -74.130   -68.895   -22.496
   50.107  118.820  242.402  417.507  435.639  212.751  -102.131  -243.481
  -322.312  -369.221  -419.226  -533.258  -501.826  -237.467  391.759  653.311
  481.834   54.758   -89.559   -84.116   -55.767   -37.457    -2.003   18.791
CT1976:340           -84.039   -77.692   -68.635   -56.663   -46.651   -36.606
   -33.765   -24.040  -106.472  -292.391  -354.457  -280.352  -222.966  -256.435
  -242.979  -199.230  -252.918  -545.382  -678.756  -385.893  261.390  514.661
  364.624   33.137  -100.077   -92.440   -47.083   -26.330    -7.762    3.158
CT1976:335           -84.432   -75.163   -65.076   -54.243   -58.156   -86.636
  -110.780  -120.567  -191.654  -270.995  -283.026  -233.839  -145.489  -140.883
  -176.563  -208.188  -181.980  -165.840  -130.115   56.777  445.027  576.297
  376.241   10.511  -118.501   -92.593   -34.187   -19.062    -9.254    -5.810
CT1976:330           -74.614   -70.445   -68.946   -62.098   -72.533  -155.123
  -299.593  -346.451  -273.882  -118.828   -63.828   -71.431   -45.739   -35.782
   -87.538  -133.158   -37.462  307.170  572.391  603.625  586.133  564.191
  342.542   -34.977  -152.594  -105.751   -46.549   -29.285    -6.133    8.747
CT1976:325           -78.481   -64.565   -58.544   -53.718   -70.654  -154.411
  -265.377  -291.833  -232.781  -129.861   -86.149   -41.021    -7.479    7.456
    -4.545    -4.761   92.598  392.514  577.778  554.397  347.926  225.488
  131.521   -10.708   -75.816   -60.345   -24.973    -7.181    5.512    8.721
CT1976:320           -85.151   -68.589   -48.850   -22.895   -15.659   -42.432
   -88.086   -99.421   -85.923   -61.713   -38.678    -6.378   22.062   28.793
    9.823    -5.573   11.802   56.347   74.322   78.026   42.296   10.057
    5.744    9.190    3.576   12.210   20.913   13.563    -3.983   -10.729
CT1976:315          -155.087  -136.861  -100.666   -45.624   -15.776    -4.542
    5.437   10.677    2.203    -9.783    -0.924   18.795   44.980   44.022
    5.521   -26.137   -51.273  -130.530  -189.565  -177.782  -120.137   -91.583
   -76.197   -26.010    -6.901   -15.877   -29.396    -7.901   29.213   56.066
CT1976:310          -160.553  -126.731   -88.108   -49.568   -17.041   17.390
   47.729   62.206   60.841   41.293   38.024   41.283   30.603   16.348
    -8.576   -41.401  -100.848  -242.261  -304.813  -342.901  -362.326  -333.183
  -243.362   -83.151   -32.065   -24.375   -14.679    -6.716    -5.481    -7.267
CT1976:305          -176.391  -135.850  -101.039   -76.831   -47.473    1.445
   64.307   92.063   96.491   90.927   84.107   68.472   51.455   36.745
    7.617   -11.265   -50.077  -183.775  -263.565  -246.903  -259.810  -280.218
  -180.945   -75.347   -55.204   -39.154   -17.096   -23.463   -42.407   -53.736
CT1976:300          -198.924  -165.000  -124.108   -72.180   -34.029    -5.014
   20.804   36.880   54.861   70.223   64.195   35.243   11.699    9.688
   12.571   16.361   40.919   92.236  129.171  213.334  467.547  545.524
  298.719   11.720   -47.256   -18.481   12.870    9.312   -12.651   -38.752
CT1976:295          -206.152  -163.902  -115.384   -58.006   -16.460    4.875
   22.312   31.152   22.041    4.997   -11.303   -50.636   -95.544   -78.546
   11.775   85.872  161.453  334.411  438.746  461.545  440.568  386.294
  254.060   34.583   -28.936   12.953   41.279   26.519    -0.299   -35.525
CT1976:290          -208.101  -147.736   -95.680   -51.176   -15.865    9.791
   35.942   41.428    8.032   -34.963   -54.642   -87.504  -126.040  -100.965
   11.582   93.386  165.960  325.075  410.619  379.110  219.983  137.616
   86.215    -1.354   -36.512   -14.783    4.194    -8.440   -31.280   -52.934
CT1976:285          -183.184  -144.175  -104.113   -62.425   -29.880    -3.731
   22.310   26.873    2.565   -27.943   -47.910   -64.542   -56.854   -43.147
   -13.977   15.742   33.519   36.766   52.828   56.655   54.517   54.614
   42.974   30.696   14.019    2.165    -7.136   -19.043   -35.067   -45.890
CT1976:280          -145.128  -119.777   -93.660   -62.226   -37.231   -23.290
   -11.586    -8.378   -13.481   -20.235   -39.769   -88.320  -133.149  -130.782
   -73.908   -42.255  -110.569  -322.363  -401.520  -292.273   -70.003    3.293
   10.444   15.444   13.956    6.707    -6.598   -17.059   -23.628   -33.305
CT1976:275          -127.890   -88.224   -59.163   -38.299   -19.789    -9.057
    1.717    7.143    1.464    -7.332   -27.218   -74.479  -110.702  -127.296
  -129.029  -119.627  -157.505  -273.273  -320.166  -222.729   -56.954    -7.925
    -9.370   -13.977   -12.199   -12.385   -15.097   -20.240   -24.247   -29.140
CT1976:270          -134.171  -107.608   -79.552   -53.112   -30.309   -11.875
    1.165   10.540   30.120   42.697   31.446    -8.626   -50.115   -73.893
  -124.553  -157.197   -91.642  168.521  314.150  226.773   76.160   39.046
    -4.322   -60.833   -61.468   -33.859   -16.254   -17.209   -21.971   -22.950
CT1976:265          -110.357  -105.455   -93.831   -50.647   -23.201    3.014
   37.770   48.072   44.877   55.663   60.621   48.898   46.445   36.299
   -13.120   -39.408    -4.040   69.934   57.029   55.353   -18.821   -61.915
   -64.332   -52.868   -47.249   -41.409   -35.876   -32.157   -28.229   -19.854
CT1976:260           -74.378   -53.392   -51.045   -44.768   -33.328   -10.255
   13.008   13.888   -23.582   -65.492   -53.354   19.851   77.432   83.772
   65.678   60.675   53.680   19.516   -17.722   -74.445  -178.763  -215.144
  -157.798   -78.530   -54.472   -28.323    -8.899    -9.994   -19.698   -26.711
CT1976:255           -49.455   -37.604   -34.563   -41.489   -43.013   -27.753
    -6.719    -8.677   -65.872  -116.310   -95.028   14.258  116.683  127.903
   94.916   73.816   66.564   72.987   67.976   -15.044  -152.403  -197.492
  -158.465   -85.794   -59.410   -30.572    -9.222   -12.911   -26.475   -37.480
CT1976:250           -69.004   -49.684   -39.722   -36.662   -32.086   -36.497
   -46.990   -47.117   -72.337   -95.521   -72.051    5.254   79.438   83.809
   59.819   44.684   41.735   72.881   80.607   37.063   -39.890   -74.130
   -86.900   -83.793   -73.758   -32.317    0.500    -9.369   -36.463   -46.402
CT1976:245           -69.693   -61.859   -56.288   -57.201   -54.071   -48.854
   -39.519   -17.176    -5.044   12.706   69.249  165.908  215.799  184.451
   83.007    -9.141   -28.608   21.287   39.344   70.644  120.884  104.440
   -18.160  -156.238  -166.173   -86.039   -11.823    -1.959   -22.036   -39.668
CT1976:240          -107.990   -92.755   -86.171   -66.874   -48.733   -32.058
   -19.429   50.268  257.818  453.202  589.738  823.261  853.568  747.178
  332.176   -16.423   -73.973   -16.572   16.534   76.104  159.836  143.189
   -22.425  -225.846  -247.154  -117.430   -17.778    -7.708   -22.304   -31.763
CT1976:235          -113.348  -113.207   -96.939   -73.575   -47.635   -15.941
   14.900  105.398  386.690  738.154  873.471 1148.163 1622.275 1360.773
  375.938   -93.670  -152.234   -93.928   -43.727   31.776  159.555  159.247
   -25.900  -241.193  -269.468  -155.280   -46.124   -23.735   -28.072   -25.861
CT1976:230          -121.825  -102.596   -81.849   -64.098   -37.583    1.727
   48.366   88.915   52.537   -91.245  -135.144  -274.460  -697.437  -673.560
  -365.207  -332.681  -294.278  -174.737  -107.938   -25.450  110.560  123.381
   -20.283  -184.714  -205.131  -115.561   -28.334    -3.772    -1.226    -5.467
CT1976:225          -112.548  -100.932   -81.888   -57.476   -27.151   16.494
   65.180   93.281  144.848  263.414  178.223  -207.731  -368.566  -414.591
  -301.983  -156.425  -111.295   -71.325   -34.890   15.881   42.733   31.624
   -21.722   -93.262  -104.930   -41.156   14.583   19.453    8.110    5.032
CT1976:220           -68.089   -67.918   -70.311   -70.135   -45.809   12.506
   73.411  102.014  138.161  157.537   68.056  -170.373  -289.352  -305.856
  -157.686    -6.435   68.145  149.902  200.178  185.788  116.934   93.969
   56.125   13.872    -1.685    8.235   16.618   14.639    5.966    -7.303
CT1976:215           -75.302   -68.403   -67.045   -75.633   -57.016    1.012
   64.856   90.562   98.217   75.756   -17.417  -313.962  -611.051  -562.869
  -216.045   -47.429   26.642  156.406  238.796  197.718  117.422  116.447
  124.898  113.158   92.484   47.909   10.389    8.876   16.728    6.056
CT1976:210           -61.006   -63.922   -73.029   -83.624   -66.914    -3.958
   67.741   98.162  105.807  100.215   28.313  -134.701  -238.033  -273.156
  -218.536  -182.869  -215.223  -352.134  -377.247  -180.601  109.566  207.742
  182.506  125.392  100.845   53.085    9.019    0.674    5.815    -0.769
CT1976:205           -23.819   -36.332   -57.109   -81.070   -76.614   -36.514
   14.975   61.096  138.496  183.703  134.778    4.295  -106.621  -171.708
  -216.730  -262.514  -386.814  -671.811  -730.631  -479.165   -23.537  146.082
  153.474  138.162  136.433   75.286   18.927    -3.823   -10.290    -6.802
CT1976:200           18.535    -1.420   -26.427   -58.611   -63.703   -57.690
   -42.669   10.777  189.756  349.186  294.120   26.630  -163.496  -226.547
  -203.520  -207.133  -347.925  -670.068  -760.223  -612.435  -357.180  -214.267
   16.071  244.367  269.389  144.383   59.818   41.830   35.308   25.975
CT1976:195           -52.465   -52.088   -53.549   -51.217   -42.713   -46.812
   -40.482   13.523  179.209  316.416  253.446   -58.776  -298.698  -324.493
  -205.686  -160.427  -208.048  -302.632  -333.452  -374.122  -393.695  -318.508
   -87.196  162.956  211.967  129.202   53.193   33.721   37.381   37.797
CT1976:190          -128.104  -107.199   -84.088   -58.705   -33.981   -21.562
    -7.276   40.829  162.042  247.816  207.314    4.706  -157.440  -177.684
  -104.384   -56.552    0.779  102.309  105.257   -42.846  -278.603  -290.563
   -89.253  140.338  187.977  127.890   73.160   51.614   46.233   42.908
CT1976:185          -184.294  -146.286  -101.276   -51.335    -9.240   47.953
  117.290  162.179  202.656  251.374  242.461  167.708   90.143   69.063
   37.871   47.023  214.666  582.599  668.459  373.973  -102.510  -187.715
   18.867  256.927  286.144  209.504  148.669  106.311   58.356   19.517
CT1976:180          -165.627  -116.133   -57.533    2.465   43.649   65.262
   90.675  121.663  115.321  170.189  180.178  274.659  372.075  309.927
  135.805   93.865  265.802  604.830  689.173  469.672   98.470   19.400
  151.061  299.403  303.694  215.928  128.916   86.939   59.814   35.349
CT1976:175          -148.294  -103.175   -36.938   45.143   85.792   53.203
   43.552  114.133  116.174    -3.363    -8.840   99.287   69.447   11.992
    1.894   21.313  147.589  339.955  407.671  363.376  235.835  203.778
  249.548  284.292  260.832  191.072  130.508   91.267   55.156   26.850
CT1976:170          -169.934  -106.609   -40.643   25.485   63.216    -1.763
   -39.248  130.028  534.318  721.148  625.094  208.486  -157.237  -245.253
  -117.869   -34.627   68.885  214.437  285.412  303.945  296.272  290.528
  269.543  238.107  211.880  165.475  118.188  100.082   92.151   67.525
CT1976:165          -122.430   -58.446    -1.635   38.154   55.053   -31.514
   -59.088  261.223 1417.815 2393.821 2074.602  442.391  -565.602  -643.985
  -242.031   -50.704   26.761   77.746  140.545  261.859  399.617  420.531
  332.189  237.703  189.174  131.037   83.012   65.070   62.848   54.383
CT1976:160           -89.428   -27.863   17.516   44.964   75.994   11.471
    -6.802  309.772 1231.142 1759.516 1509.908  308.308  -564.140  -681.741
  -282.530   -91.517   -33.853    -4.000   66.633  189.288  337.826  379.023
  310.052  212.415  168.168  129.201   92.645   82.954   85.233   81.392
CT1976:155          -121.962   -58.852   15.900   85.090  120.310   55.319
   46.066  311.475 1103.033 1652.963 1378.170  206.178  -549.334  -623.930
  -261.401  -103.352  -124.674  -207.159  -176.358   -34.942  175.395  246.674
  219.095  178.142  151.528  103.050   63.372   46.088   38.554   27.384
CT1976:150           -95.115   -40.010   31.127  110.559  146.865   90.816
   54.499  195.526  691.119 1035.683  857.145  108.899  -330.390  -387.032
  -189.168  -129.608  -231.190  -488.305  -535.535  -319.441   -17.485   83.812
  142.202  195.068  189.360  133.679   90.591   57.648   25.210    -8.525
CT1976:145           -12.440   52.099   90.162  110.207  131.165  108.046
   81.547  156.640  411.718  582.339  489.570   69.769  -182.637  -189.578
    -3.917   43.000   -94.325  -350.637  -416.066  -312.487  -137.938   -55.080
   50.107  143.763  151.241  107.592   69.751   22.428   -29.159   -57.175
CT1976:140           -69.201   -18.789   37.988   93.588  126.618  168.368
  194.024  158.697   -39.888  -146.069   -47.195  197.254  261.099  339.930
  379.879  320.709  193.574    -4.870   -89.019  -115.354  -134.518  -100.434
   29.610  144.519  153.384  108.873   69.237   34.145    1.022   -18.220
CT1976:135           -87.004   -27.636   39.549  103.541  118.396  118.495
   93.641   -25.626  -399.713  -585.430  -267.825  787.920 1320.029 1270.090
  739.044  477.379  424.821  369.057  310.667  198.255   54.535   31.797
   80.422  118.018  111.678   84.989   65.737   53.266   36.938   14.247
CT1976:130           -79.816   -26.381   28.717   92.311   74.049   -15.297
   -84.566  -215.112  -650.545  -934.842  -599.377  965.831 2117.298 1685.944
  656.550  386.451  402.808  458.412  455.227  354.737  255.666  215.442
  123.101   50.601   42.842   75.701   87.752   61.505   23.619    -6.119
CT1976:125           -77.478    -3.187   77.049  139.971   93.847  -137.937
  -355.664  -426.479  -397.844  -396.756  -587.055 -1379.415 -1959.016 -1417.632
  -370.578   -34.225   -21.589   -81.588   -65.208  104.563  245.824  242.731
  104.629   -27.523   -36.908   24.479   65.897   58.841   36.387   14.218
CT1976:120          -111.440   -33.723   48.771  133.384  129.609   51.579
    9.278   10.203  190.293  315.243    -4.085  -905.717 -1249.134 -1139.786
  -613.099  -348.709  -298.124  -246.363  -157.017   -34.464  196.386  239.375
  132.815   42.668   31.084   58.161   72.032   54.338   26.716    8.974
CT1976:115          -118.587   -37.943   53.924  123.026  101.203   -58.938
  -188.441  -144.271  108.057  190.689   57.420  -268.631  -397.731  -413.772
  -231.293  -105.782  -249.025  -590.007  -608.048  -253.020   83.341  144.679
   79.655   22.315   23.687   60.056   81.199   62.894   29.345    0.333
CT1976:110          -108.793   -51.857   16.136   93.313   60.523  -137.353
  -274.829  -220.465   45.415  209.937  197.690   86.424    7.659    6.084
   43.949   57.661   23.885   15.267   23.128   -10.599   12.704   23.829
   10.380    1.236   18.153   64.383   86.618   70.698   35.249    -4.769
CT1976:105          -103.886   -39.435   41.663  122.319  106.461   -91.667
  -237.950  -176.194   77.158  277.867  355.695  388.499  356.247  301.477
   98.241   -10.984  108.457  350.704  372.441  128.816   -71.726  -106.903
   -78.015   -49.400   -17.034   48.940   81.186   47.655    -1.951   -30.154
CT1976:100           -90.586   -50.171    -6.288   28.618   16.476   -61.474
  -100.007   -27.600  135.187  269.293  476.889  864.532  968.002  826.999
  438.214  285.731  261.078  166.528   89.240   46.694   -92.643  -152.252
   -99.188   -38.789    -7.873   39.545   70.595   52.008    9.495   -28.792
CT1976:095           -73.652   -56.965   -39.651   -18.205    1.327    7.955
   29.862  112.703  288.133  418.623  606.135 1115.099 1369.390 1038.009
  415.659  266.004  435.940  801.716  807.285  347.727  -124.413  -230.968
  -179.494  -134.780   -90.956    -0.722   41.357    -2.823   -67.448   -97.663
CT1976:090           -51.019   -42.054   -32.155   -18.601   10.728   66.362
  120.651  194.996  347.091  435.004  380.076  148.967    -5.746   -52.267
  -230.429  -264.304  158.360  719.328  759.974  364.293   -79.252  -202.884
  -199.719  -178.467  -131.154   -28.227   35.346   14.074   -30.322   -55.653
CT1976:085           -51.188   -31.864   -17.418    -9.192   32.856  127.399
  207.334  239.184  268.730  256.268   63.886  -411.167  -625.540  -566.447
  -319.210  -170.382   39.595  331.773  371.658  168.615   -67.311  -155.588
  -174.342  -170.760  -131.764   -40.654   17.893   30.873   24.466   12.799
CT1976:080           -91.809   -67.176   -47.959   -26.572   21.496  134.170
  219.020  211.969  143.253   64.138  -105.930  -498.234  -704.329  -576.689
  -296.308  -183.313   -91.844    -1.532   18.795   -19.859   -78.939  -120.817
  -151.945  -162.369  -130.973   -55.786    -3.311   13.432   21.726   30.337
CT1976:075           -92.382   -56.083   -14.195   31.814   88.701  188.447
  252.758  218.914  101.664    0.356   -60.802  -113.833  -160.245  -159.947
  -164.225  -137.203  -105.801   -72.873   -53.887   -53.353   -53.892   -70.891
  -104.454  -121.249   -95.618   -33.873   11.301   28.511   36.439   44.863
CT1976:070          -129.195   -76.261   -18.773   41.987  107.342  210.375
  257.630  184.392    4.444  -115.577  -107.413  143.733  301.278  143.853
  -104.418  -134.587  -112.184  -101.530   -85.368   -51.341   -14.011   -20.764
   -71.935  -102.851   -74.686    -2.750   36.400   38.957   23.628    0.163
CT1976:065          -128.193   -84.686   -30.008   30.000   74.728  173.746
  211.654   98.847  -219.741  -432.545  -490.046  -499.604  -493.378  -368.446
  -179.420  -104.987   -85.065   -69.590   -50.837   -42.724   -22.300   -18.668
   -29.421   -32.914   -13.384   42.892   69.533   31.501   -25.975   -60.699
CT1976:060           -99.209   -44.692   13.060   68.010   94.845  122.080
  116.063   -12.774  -330.816  -523.511  -666.103  -919.892  -997.767  -693.207
  -166.238    1.958   -43.792  -154.024  -150.848   -59.577    6.099    7.568
   -46.664   -82.433   -55.861   16.616   55.824   32.822   -11.883   -46.678
CT1976:055           -83.580   -37.703    9.889   47.460   12.634  -105.874
  -206.172  -269.220  -318.475  -356.884  -442.819  -528.136  -507.529  -378.214
  -102.150    -0.632   -36.821   -81.999   -72.970   -35.138   27.277   30.838
   -40.636   -87.080   -62.670   12.043   44.893   31.134    -1.151   -29.436
CT1976:050           -82.982   -51.545    -6.604   29.621   -31.712  -246.970
  -374.760  -338.545  -182.958  -113.529  -112.976  -150.856  -169.519  -141.642
   -65.912   -57.490  -157.678  -313.894  -311.598  -155.173   -25.024    -0.636
   -47.754   -79.205   -64.762   -15.173   13.236    3.579   -11.885   -15.129
CT1976:045           -48.659   -27.580    -6.964   -10.343  -108.524  -353.638
  -459.020  -296.684  195.989  446.806  396.998  130.772    -4.276   -27.582
   -26.384   -61.092  -188.385  -309.895  -306.036  -162.969    -8.859   17.169
   -38.943   -71.053   -60.239   -34.707   -19.496    -6.611    7.382   23.428
CT1976:040           -10.551   -25.399   -45.106   -63.697  -117.834  -331.103
  -435.339  -237.936  407.583  764.306  642.495  296.647  151.488   46.528
   -99.965  -177.376  -224.091  -284.841  -286.560  -194.851   -97.538   -62.253
   -15.665   17.129    0.125   -66.569   -79.661   -32.841   22.727   60.632
CT1976:035           -15.028   -48.102   -88.648  -121.881  -133.293  -145.502
  -110.628   18.969  210.260  252.248  276.440  226.403  150.842   60.800
    -7.377   -45.390   -87.831  -137.422  -155.300  -162.608  -173.512  -152.298
   -72.204   -29.746   -40.672  -103.305  -122.460   -78.027    -6.582   68.157
CT1976:030           -19.388   -38.543   -66.009   -94.189   -33.920  130.808
  251.176  383.231  622.850  708.435  550.831  136.010   -34.797   -30.310
   26.677   36.307   78.556  121.886   97.816   -13.806  -118.562  -135.728
   -88.988   -64.797   -63.955   -82.116   -72.515   -18.390   47.227  108.885
CT1976:025           -30.170   -40.635   -52.904   -64.502    0.918  149.032
  250.359  418.421  792.813  958.633  746.766  193.016   -15.754    1.828
   57.411   72.993  204.718  360.165  330.074  121.060   -52.282  -102.627
  -107.932  -108.539   -95.303   -77.483   -52.235    0.697   56.131   94.753
CT1976:020           -28.576   -39.299   -52.048   -63.212    -2.454  156.801
  242.291  264.608  255.186  273.683  269.201  218.152  200.973  153.324
   82.177   78.859  223.730  371.142  337.496  126.768   -76.664  -155.771
  -224.021  -259.677  -200.986   -69.583   16.671   60.729   82.635   98.540
CT1976:015           -22.165   -44.561   -62.043   -77.366  -109.385  -143.202
  -189.533  -363.188  -842.683 -1013.719  -584.964  236.145  503.774  376.173
  132.775   66.692  120.646  181.069  152.543   37.200   -91.234  -183.883
  -318.330  -381.063  -280.661   -49.159   69.350   85.672   76.124   79.975
CT1976:010           -18.803   -37.872   -47.872   -61.605  -154.534  -333.707
  -455.579  -621.589  -960.315  -998.561  -528.846  376.094  683.488  457.897
   60.030   -69.198   -84.784   -61.803   -68.807   -70.606   -82.128  -166.930
  -363.755  -451.443  -353.801  -106.419   39.552   59.725   56.096   63.499
CT1976:005           -18.893   -31.999   -37.039   -57.501  -169.974  -386.952
  -514.898  -517.429  -423.965  -284.980   -31.024  391.517  538.894  301.398
  -113.842  -273.810  -343.926  -388.269  -360.918  -186.478   -52.173  -124.275
  -385.055  -504.422  -402.170  -120.697   42.038   74.988   57.399   37.153
CT1977:360            -6.073   -44.747   -69.986   -96.376  -207.507  -479.354
  -639.257  -540.114  -197.754   14.361  109.450  204.158  223.559   98.202
  -109.693  -231.575  -421.770  -564.988  -502.956  -190.242    3.075   -61.888
  -408.370  -586.542  -459.129   -85.234   89.309   66.776   19.722    8.760
