
filled_synop: 30 data points in equal steps of sine latitude from +14.5/15 to  -14.5/15

CT1945:360           70.353   97.178  118.923  113.215  106.674  167.764
  354.883  462.008  419.907  257.817  152.024   81.847   -22.212   -68.745
   -44.481   -12.541   17.586  102.857  190.714  177.576  -342.332  -510.922
  -116.170  558.301  685.414  328.724   -24.819   -74.586  -103.720  -150.063
CT1945:355           51.070   87.089  125.245  166.324  198.807  223.441
  289.403  342.755  273.201   66.952   -44.510   -43.862    2.715   14.300
   13.418   13.741   36.215  108.435  171.000  164.440   -33.752   -73.261
  279.858  924.250 1004.842  575.527   85.963   -84.564  -132.426  -148.633
CT1945:350           39.520  118.882  174.438  214.394  241.412  213.395
   45.821  -103.570  -126.772   -85.921   -81.333   -59.471   26.613   61.258
   44.151    3.930   11.503   67.317  130.300  157.253  210.036  312.924
  469.183  726.919  736.107  397.814   50.014   -20.668   -22.316   -83.991
CT1945:345           42.777   85.710  129.003  176.461  203.986  164.073
   33.942   -43.436   -78.434   -64.106   -39.298   -27.842   14.009   34.673
   32.899   20.725   28.262    0.829   -53.496    5.004   96.888  163.378
  337.703  568.690  579.802  368.505  112.894   -19.828   -77.856  -113.504
CT1945:340           54.863   55.142   63.314   97.476  137.859  126.238
   71.362   31.595    1.079   -29.882   -48.987   -37.970   -12.165    -2.418
    6.156   19.574   35.530   70.594  139.970  159.793  143.990  190.098
  314.920  501.023  509.095  300.969  105.672   14.279   -54.759  -126.086
CT1945:335           67.454   68.962   68.797   64.107   59.944   72.672
  138.299  160.972  129.841   47.493    -0.478   -13.451   -20.920   -22.473
   -25.825   -42.661   -29.969   37.457   93.052  129.518  176.091  226.126
  315.611  441.864  440.151  300.317  164.498   70.176   -30.027  -126.149
CT1945:330           90.986   87.914   82.839   74.519   67.230   87.151
  177.405  224.880  187.180   59.190    -7.170   -11.180    0.226    4.941
    -2.738    -5.095    -3.810   -25.956   -35.417   13.660  127.271  204.257
  251.375  288.753  280.670  219.806  144.366   69.873   -33.380  -133.865
CT1945:325          102.977   97.492   91.848   80.634   58.427   32.009
   12.814    -1.302   -13.470   -42.026   -43.940   -23.942    5.695   16.034
    9.926    1.668    -8.876   -45.599   -61.541   -23.644   66.683  124.450
  214.377  314.257  305.877  203.420  112.927   41.546   -48.457  -133.755
CT1945:320          103.437   88.462   76.433   67.345   52.847   -27.470
  -259.373  -394.002  -336.070  -133.995   -32.732    -2.758   24.854   36.001
   12.736    -8.115   -16.394   -15.581    -9.270   26.338  132.776  196.523
  264.318  342.681  333.433  231.030  119.940   37.347   -47.904  -125.222
CT1945:315           49.546   37.380   14.741    -3.537   -31.663  -132.096
  -347.921  -450.040  -355.824  -117.561    -0.912   72.795  107.328  101.496
   69.141   16.989   -10.322    9.471   27.420   35.373   63.578  111.921
  258.260  414.953  404.241  229.734  102.217   39.440   -25.332  -104.121
CT1945:310           62.320   14.259   -23.399   -43.597   -56.490  -125.704
  -290.724  -358.561  -235.755   65.033  213.902  285.522  349.166  344.201
  189.579   35.781    -9.812   -51.987   -74.655   -45.010    1.435   64.452
  159.226  246.673  250.811  189.691  110.980   34.538   -36.933  -109.850
CT1945:305           59.253    -7.037   -31.243   -43.646   -57.541   -84.963
   -99.246   -98.907   -51.989   45.750  126.131  225.257  297.255  285.472
  141.359    6.857   -41.333   -78.116   -89.290   -44.538   -11.933   36.987
   96.595  162.548  165.099  120.156   79.335   14.623   -57.956  -124.489
CT1945:300           49.224   15.447   -25.006   -62.416   -83.593   -56.048
   36.001   71.835   -51.103  -277.187  -309.624  -137.748  134.772  198.367
  118.833   35.824   -15.095   -74.986  -108.712  -113.102   -97.124   -57.520
   27.074   93.238   97.684   73.021   37.388   -25.495   -79.334  -129.583
CT1945:295           85.799   87.390   17.553   -41.172   -68.716   -31.322
  146.807  238.059   81.560  -303.241  -397.534  -231.608   -23.844   21.969
   14.514    5.396   -11.744   -22.283   -38.162   -87.252  -131.268  -114.740
   -33.633   50.028   69.680   57.851   30.739   -20.094   -77.060  -129.205
CT1945:290          117.097  106.376   91.926   56.518   45.006  128.961
  111.371   -68.854   -22.571  393.262  862.437  741.640  373.606  103.700
   28.106   32.074   20.815    -1.072   -48.912   -70.070   -67.554   -95.017
  -144.040  -104.505    -4.222   89.551  100.623   50.293   -16.504   -76.077
CT1945:285          139.651  122.003  102.413   69.877   27.118   24.468
   34.926   39.353  132.296  585.593 1149.233 1188.200  717.366  172.307
   44.554   53.549   47.080   14.507   -47.695   -37.776   45.274   68.347
   -51.609  -112.426   -54.018   37.746   64.236   36.563   -13.212   -64.397
CT1945:280          175.798  131.432   85.662   57.461    -7.483  -187.474
  -368.138  -263.697    6.417  444.587  910.937 1068.690  628.255  187.438
   96.461  110.655   73.677   -30.502  -204.144  -266.466  -220.057    -3.745
   72.165    -1.360   -18.407   41.152   66.555   31.932   -20.958   -67.304
CT1945:275          178.615  144.682  109.315   66.389   -34.385  -217.799
  -294.939   -83.376  178.732  241.286  -180.819  -366.741  -115.636   85.482
   90.709   97.244   89.779   -66.226  -545.653  -787.876  -580.989   -79.922
  122.293   85.944   18.926   33.637   59.267   33.787   -21.923   -78.183
CT1945:270          167.190  131.315   86.731   40.207   -40.495  -195.068
  -252.262   23.864  388.697  462.470  198.689    5.020   -66.678   69.237
   94.477   93.570   78.848   -51.069  -545.268  -810.276  -452.181  261.968
  456.292  261.756   49.888   31.670   46.387   21.150   -21.591   -71.427
CT1945:265          134.745  108.732   76.972   44.561   13.816   -72.552
  -244.977  -224.817  140.081  455.525  287.913   -40.847   -89.195   71.355
   96.714   82.995   60.564   16.103  -121.469  -114.550   81.478  673.979
  820.667  411.380   57.762    6.902   45.505   24.935   -26.030   -78.539
CT1945:260          101.816   99.616   90.339   70.306   49.694   19.794
   -88.519  -150.017  165.011  550.016  604.719  254.356    -0.512   57.295
   85.889   54.364   31.264   -27.834  -264.285  -340.220   -20.143  377.039
  439.721  244.965   10.049   -53.659   -22.792   -11.497   -39.774   -71.806
CT1945:255           48.602   55.284   61.104   64.059   74.723   62.356
   -22.492   -58.103  173.428  495.771  525.914  206.713   25.057   38.471
   50.002   47.216   19.810    -5.617   -41.018   -12.462   85.394  263.816
  315.814  163.941    5.571   -38.722   -10.658   -20.647   -34.727   -47.506
CT1945:250           20.739    -2.874    -8.917    7.052   32.108   46.157
   16.107   -66.655  -194.138  -370.009  -380.449  -182.437    -4.090   38.731
   19.083    -0.600    4.947   38.635  106.681  140.209  140.683  171.428
  186.237   95.873   23.772    -7.183   -14.740   -21.400   -31.094   -43.834
CT1945:245          293.640  244.203  153.114   52.097   -36.278  -108.867
  -191.484  -228.145  -209.841  -158.380   -65.507   -22.393   59.935   73.777
   39.329   14.800   14.674   21.719   36.525  124.854  274.223  273.792
  141.212   -24.926   -43.663   78.742  120.734   74.941   -12.828   -99.798
CT1945:240          185.168  124.469   52.984   -42.962  -139.929  -224.012
  -331.483  -383.773  -314.384  -151.405   -38.862   13.262   81.779   93.314
   69.022   47.978   45.042   82.494  119.059  132.178  105.424   79.536
    4.446   -76.057   -73.242   19.746   69.598   -21.725  -107.792  -144.533
CT1945:235          137.577   53.771   -10.315   -90.431  -187.368  -237.590
  -332.802  -381.553  -198.667  331.846  687.577  628.165  308.333  140.758
   93.800   69.452   27.679   14.291   -12.716   -37.997   -68.379   -82.433
   -83.188   -75.458   -63.295   -25.168    3.923   -26.808   -77.907  -105.284
CT1945:230           15.418   -65.152  -119.268  -119.980   -88.655   -90.622
  -125.138  -109.721   77.238  634.197  976.747  833.005  362.157  156.000
   86.500   59.416    -1.253  -105.810  -201.748  -226.188  -198.963  -158.226
  -127.846   -91.562   -50.319    -5.845   28.030   22.922    -1.398   -37.959
CT1945:225           -37.119   -77.923   -97.786   -80.002   -44.522    3.449
   64.667  129.520  247.266  377.121  402.303  367.218  219.087   79.511
    3.711   -36.189  -114.467  -279.843  -456.697  -475.962  -342.426  -221.419
  -143.989   -46.642    7.527   41.708   69.168   56.439   15.404   -32.817
CT1945:220            -2.055    1.158    3.037   -22.644   -77.730   -37.922
  163.831  323.589  396.954  445.255  464.235  391.012  189.618   63.100
    -9.453   -51.553  -127.055  -311.209  -514.684  -542.448  -382.198  -244.074
  -193.843  -138.438   -85.530   -26.026   33.139   30.984   -22.851   -73.438
CT1945:215           69.298   46.605   21.115   -11.717   -43.005    -2.153
  180.313  376.681  429.431  329.358  273.356  231.715  143.844   77.688
   30.641    -7.465   -62.902  -183.496  -328.542  -367.192  -336.162  -291.361
  -250.204  -191.829  -139.797   -74.722    -1.221   -15.977   -77.608  -103.578
CT1945:210          154.982   89.931   34.020   -13.100   -63.017  -106.686
  -239.249  -382.846  -341.048  -101.303   97.685  121.901  109.060  107.506
   65.437   48.509   27.405    -4.554   -52.380   -88.569  -159.414  -226.340
  -224.144  -185.784  -147.748   -64.078   65.207   86.262   22.240   -59.247
CT1945:205          209.051  135.959   33.192   -92.076  -197.231  -248.439
  -362.706  -425.257  -329.020   -32.574  204.147  238.242  161.130   59.867
   33.095   63.169   68.011   86.876  136.355  133.918   53.578   -39.053
   -86.795  -155.987  -163.012   -42.293  102.287  102.761   36.170   -32.923
CT1945:200          253.630  161.467   70.124   -70.458  -231.155  -262.788
  -179.477   -82.371   57.046  425.006  729.898  689.553  365.131  152.352
   89.629   45.589   23.285   81.659  189.991  218.820  206.477  190.437
  111.925   -68.351  -151.952   -87.903   19.128   32.799    -3.417   -43.468
CT1945:195          236.647  134.271   12.516  -133.451  -236.636  -158.454
  181.197  553.307  676.606  681.901  676.822  593.877  351.026  179.706
  116.900   73.715   58.135   87.191   99.602  126.593  254.869  316.312
  239.703    0.627  -122.325   -79.873   14.536   17.689   -20.922   -77.867
CT1945:190          184.801  102.477   39.217   -66.087  -188.294   -89.017
  333.723  712.003  781.280  631.949  382.859  278.029  198.547  100.848
   77.338   99.048  113.689  151.276  235.253  287.282  376.688  458.198
  371.538  111.007   -13.794    -9.254   33.517    -8.722   -98.760  -157.408
CT1945:185          120.688   73.240   29.500   -30.010   -46.025  112.429
  614.386 1135.780 1153.772  663.527  295.877  149.865   89.000   75.684
   68.101   68.570   77.125  118.829  164.719  208.999  322.703  392.040
  321.503  114.479    -5.322   -19.693    -2.889   -31.660   -94.504  -148.690
CT1945:180           91.592   70.218   56.498   10.073   -40.054  150.187
  670.912 1062.957  998.043  363.460  -255.812  -357.229   -94.875   30.716
   48.529   51.092   64.170   81.764  106.066  144.332  211.830  249.965
  201.945   68.093   -15.920   -25.951   -16.976   -37.908   -66.528  -103.284
CT1945:175           72.068   60.540   46.439    -8.497   -44.325  162.657
  863.732 1431.938 1304.919  463.754  -206.243  -337.977  -130.551   11.385
   42.154   42.070   58.203   49.904   36.237   70.152  172.687  243.006
  187.177   44.372   -28.742   -31.231   -12.127   -30.545   -61.510   -89.722
CT1945:170           20.631   24.001   35.576   21.841    -5.321  136.636
  775.853 1359.538 1259.993  398.921  -304.833  -388.353  -148.003    0.216
   34.793   12.187   21.129   54.417   83.425  117.742  210.878  262.315
  205.897   55.491   -18.960   -31.378   -27.982   -42.222   -58.417   -77.776
CT1945:165           -24.236   -12.281    9.516   51.598   96.649  111.557
  147.274  152.122   64.331  -186.259  -387.134  -337.824  -132.583   14.794
   51.318   35.255   55.828  131.113  254.312  278.844  234.945  184.079
  130.466   51.628    4.205   -27.434   -52.978   -69.631   -79.244   -90.008
CT1945:160           -18.689   -12.617   -10.634   38.842  118.315   -26.904
  -625.949 -1160.007 -1202.162  -850.999  -459.673  -267.252  -100.965   13.885
   50.648   28.685   40.747  128.119  262.806  254.031   73.707   -62.367
   -82.919   -14.724   28.401    -5.879   -57.739   -80.308   -94.000  -110.910
CT1945:155           41.884   42.051   51.518   92.852   97.621  -178.378
-1083.641 -1970.532 -2017.786 -1215.584  -372.162  -108.234   -16.778   54.564
   73.613   29.506   32.195   92.577  221.927  217.595  -102.807  -461.878
  -399.369   -44.436   91.994   54.286   -21.680   -73.165  -115.442  -144.936
CT1945:150          136.720   97.196   33.969    -1.112    -7.772  -234.595
-1037.941 -1884.387 -1909.727 -1060.407  -141.256  108.765   59.348   30.501
   43.107   16.891    7.644   35.998   55.989   44.552   27.027   38.980
   47.212  140.277  194.951  135.916   37.672   -24.595   -91.773  -151.191
CT1945:145          209.843  129.886   36.592   -66.493  -187.272  -351.971
  -621.671  -830.734  -744.937  -314.249  138.743  280.307  186.140   93.403
   57.967   37.586   33.707   34.523   53.814   68.535  106.891  142.791
  179.107  268.312  295.498  204.335   48.962   -45.144  -106.595  -156.079
CT1945:140          252.314  138.222   26.111  -102.875  -241.778  -301.784
  -293.634  -290.597  -143.893  336.083  763.426  801.909  446.809  149.721
   55.823    8.802   -31.877   -20.086   30.480   56.574   91.847  137.966
  176.573  221.598  224.721  153.349   44.812   -29.282   -99.117  -166.151
CT1945:135          226.742  107.722   -12.972  -145.293  -270.694  -293.419
  -167.427    -2.841  192.036  592.965  950.142  934.631  503.509  171.274
   72.165   43.275    6.060   -13.744   -43.187   -42.531   32.073   97.228
  143.539  202.290  216.997  152.532   51.324   -24.681   -93.646  -157.768
CT1945:130          217.628   91.281   -24.045  -157.825  -286.229  -279.336
  -133.757   26.828  204.170  566.487  857.979  833.368  473.655  181.771
   87.070   81.495   51.458    -2.282   -44.506   -47.003   -21.631   25.821
   86.226  176.825  215.452  159.611   70.336    6.454   -65.281  -143.887
CT1945:125          214.206  105.305    -1.857  -157.596  -341.394  -333.095
   -68.065  246.795  405.407  509.188  537.589  502.547  365.480  216.588
  124.994   79.342   12.582   -68.555  -187.461  -221.822  -182.496  -119.319
   -41.626   94.435  160.732  139.469   84.545   25.276   -53.923  -129.700
CT1945:120          162.171   68.037   -23.575  -123.326  -207.980  -164.811
   83.414  356.302  480.453  487.193  445.427  397.333  278.203  168.642
   99.594   83.842   34.486  -124.751  -379.957  -458.850  -381.009  -256.399
  -147.110   58.138  171.376  151.728   88.240   26.411   -51.080  -110.001
CT1945:115          111.486   34.631   -27.683   -79.432  -132.198  -102.220
   64.325  236.821  335.032  403.067  453.613  408.381  236.984  126.437
   68.783   41.323   -19.515  -147.264  -318.198  -388.481  -448.405  -452.877
  -314.450    -8.936  149.292  133.526   71.763   27.532   -21.752   -70.073
CT1945:110           98.565   47.190    -1.682   -51.833  -102.742  -115.325
   -84.903   -47.327   28.387  154.217  223.361  224.236  164.104   94.762
   48.881   26.804   -16.374   -90.200  -179.797  -230.600  -307.018  -340.598
  -244.764    -1.758  117.563   98.655   45.606    6.043   -29.356   -66.340
CT1945:105          104.167   72.388   34.487   -18.518   -81.576  -123.966
  -189.726  -242.865  -175.972   77.607  295.021  314.807  185.457   86.825
   43.361   19.086    -5.711   -35.396   -75.700   -78.929   -34.661    2.605
   25.058   41.788   61.293   62.198   40.750    8.867   -34.412   -80.095
CT1945:100          111.130   75.200   34.504    -7.272   -50.188  -108.584
  -223.008  -327.838  -278.634    0.613  239.771  278.980  159.559   51.427
   27.096    3.342   -12.139   -10.349   -18.620   18.257  173.355  298.635
  278.159  130.405   53.848   56.272   60.471   16.794   -51.680  -107.509
CT1945:095          115.567   74.995   36.612    7.016   -24.080   -91.634
  -229.019  -368.863  -380.202  -231.725    2.272   67.489   -23.595   -42.964
   -23.237    -6.273   13.722   12.996   11.449   62.151  233.187  401.141
  383.792  189.773   74.904   68.167   84.858   45.374   -27.663   -92.842
CT1945:090          129.109   73.093   25.162    -8.063   -46.235  -132.296
  -297.842  -472.655  -543.402  -628.520  -713.406  -644.105  -364.373  -150.807
   -88.086   -55.115   -38.100   -31.367   -50.529   -16.224  167.775  377.487
  378.518  185.692   68.804   59.881   84.761   62.468   10.543   -54.247
CT1945:085          157.308   76.450    4.843   -34.654   -52.029  -137.013
  -351.684  -595.175  -672.398  -712.054  -724.185  -642.865  -385.412  -162.826
   -82.139   -22.325    8.101   -11.336   -77.631   -64.635   63.143  202.993
  230.412  165.804  114.477   97.822   91.232   55.493    1.744   -54.310
CT1945:080          187.214  128.655   63.096   -10.550   -86.068  -176.326
  -339.106  -518.544  -562.269  -475.127  -341.334  -251.460  -112.787   29.960
   72.619   53.617   40.454    2.397   -89.213  -108.281   -40.194   46.718
   99.171  186.331  238.043  206.209  132.229   64.204   -21.217  -105.705
CT1945:075          202.598  140.024   68.046   -21.701  -129.721  -209.672
  -268.942  -319.133  -317.638  -226.446  -104.696   -35.073   27.079   77.252
   91.252   61.284   37.576    2.349   -36.835   -49.100   -94.260  -129.887
   -76.151   93.690  191.735  176.855  131.551   59.573   -75.777  -177.575
CT1945:070          190.213  115.619   40.124   -34.071  -104.151  -155.573
  -183.710  -206.796  -191.365   -94.747   12.638   61.117   56.208   41.114
   40.917   15.105   -28.457   -71.651  -140.848  -175.020  -197.745  -217.446
  -161.367   -12.983   81.486   98.958   91.287   46.535   -45.127  -132.162
CT1945:065          204.794  120.249   36.714   -48.883  -130.637  -165.316
  -135.581   -82.753   -48.995   -24.056    -2.518   24.894   50.386   66.661
   55.337   25.760    -7.290   -87.831  -218.305  -261.155  -238.981  -173.874
  -121.970   -32.033   40.359   58.277   63.749   44.999   -22.182  -100.929
CT1945:060          247.372  159.367   66.811   -44.974  -175.427  -223.768
  -176.442  -104.910   -71.403   -36.386   -21.884    -5.158   28.397   43.069
   34.689   30.489   13.286   -95.394  -322.722  -403.799  -299.573  -153.334
  -113.143  -104.037   -78.145   -29.159   44.792   23.117   -78.281  -147.003
CT1945:055          210.301  133.450   47.783   -53.893  -149.501  -179.967
  -124.317   -37.274    4.555   28.783   60.066   72.800   65.379   66.180
   49.831   10.138   -36.050   -84.649  -174.758  -214.260  -181.077  -125.436
  -111.015  -127.719  -119.831   -54.479   56.387   70.024    -7.849  -104.905
CT1945:050          151.385   99.234   48.713   -11.367   -90.367  -108.498
   -49.889   15.302   52.052   79.222   99.710  101.556   80.573   61.510
   52.441   53.611   50.777   46.587   79.928   80.770   18.713   -40.221
   -56.688   -85.657   -87.743   -21.219   73.950   62.212   -27.865  -114.714
CT1945:045          116.847   67.557   23.141   -15.980   -47.604   -36.934
   14.614   71.228  107.465  132.378  152.018  143.324   92.935   46.857
   44.367   74.161   81.710   99.607  130.510  115.838   71.649    8.411
   -22.538   -55.468   -55.258    -2.491   65.998   41.661   -52.071  -124.271
CT1945:040          116.680   61.398   11.759   -44.061  -107.167  -102.596
    4.886  119.525  167.682  202.093  222.333  200.950  131.075   82.673
   75.645   93.305   95.403   90.778   85.605   56.145   -28.568  -109.472
  -113.490   -78.721   -48.349   18.836   91.954   78.461    1.717   -88.512
CT1945:035          117.454   68.298   22.094   -31.600   -79.396   -46.988
   90.054  215.111  253.351  257.716  245.265  209.104  133.392   82.773
   69.940   69.689   62.345   51.903   39.925    -5.543  -141.917  -257.510
  -238.770  -121.212   -39.536   28.233   87.002   52.291   -29.154   -93.893
CT1945:030           64.337   77.221   27.473    -5.931   -23.591   17.426
  178.919  332.480  351.718  260.551  184.005  145.618  103.954   71.857
   53.623   47.417   39.358   27.231    5.462   -39.422  -131.342  -197.078
  -183.694  -101.013   -34.701   44.612   97.978   69.883    -6.961   -79.352
CT1945:025          111.304   63.715   30.219   21.132   25.812   88.086
  252.293  392.607  369.672  174.689   43.850   17.548   44.022   45.047
   38.314   33.965   24.360   10.178   -12.889   -58.038  -126.336  -156.321
  -127.613   -65.857   -16.325   55.419   99.951   57.453   -13.137   -72.578
CT1945:020          182.201   83.340   37.874   30.493   39.002  101.400
  258.310  380.899  356.457  164.531   39.325   18.604   53.793   55.368
   37.806   25.005   21.891   28.427   18.746   -38.228  -126.324  -164.257
  -171.472  -164.031  -118.333    1.496   81.557   55.783    -7.627   -39.925
CT1945:015          106.362   84.408   63.599   37.903   10.361   31.664
  159.578  270.884  249.871  106.917    -3.406   -27.059    -0.051    5.817
    0.950    -6.662   -11.342    -8.595    -8.011   -62.437  -209.101  -292.000
  -293.375  -266.987  -227.979   -65.422   67.366   49.208   -27.351  -109.843
CT1945:010          106.380  121.714   78.849   35.513   14.425   45.382
  137.763  216.086  197.879   93.671   33.245    8.910    9.102    3.901
   -10.755   -24.028   -19.230   11.101   33.318   12.312   -34.714   -87.944
  -200.756  -318.088  -290.846  -116.511    6.531   -24.721   -75.756  -100.820
CT1945:005           35.882  144.729  111.582   69.704   46.687   66.363
  141.066  207.962  196.334  124.354   72.643   48.270   34.711   17.956
    -0.535   -18.175    -9.236   49.808   90.788   81.303   61.028   19.211
  -106.130  -277.643  -285.090  -125.535   -25.396   -39.484   -79.631  -102.073
CT1946:360           57.475   48.318   48.134   35.942   10.184   26.313
  125.028  207.421  237.822  261.684  248.922  201.396  101.706   35.864
   12.151    -7.471    -7.882   27.219   64.114   80.986  133.389  134.209
    7.448  -273.532  -344.161  -223.933   -91.955   -33.612   15.914   59.400
