
filled_synop: 30 data points in equal steps of sine latitude from +14.5/15 to  -14.5/15

CT2031:360          -101.434   -93.524   -84.090   -69.409   -32.474   22.335
   62.075   89.723  106.943  107.371  101.297   89.792   68.155   68.195
  100.690   64.316   -24.501   -43.354    -6.609   61.767   94.538   94.857
   79.802   62.059   31.639    -2.482    -8.021   16.675   45.270   80.032
CT2031:355           -71.373   -78.647   -88.739   -84.586   -48.929    4.384
   41.742   85.288  130.770  124.413   52.878   -24.654   -60.474  -110.334
  -159.749  -135.468   -48.570    2.553   20.417   44.890   65.993   72.890
   69.141   59.431   27.355   -18.328   -22.238   13.915   59.901  109.292
CT2031:350           -87.671   -90.636   -88.140   -73.533   -32.969   23.115
   57.425   89.389  126.380  109.323   10.401   -82.940  -125.757  -190.924
  -246.807  -214.675  -105.268   -54.517   -33.913   -10.195    8.849   33.587
   64.450   74.311   46.995    -3.727    -2.306   39.662   87.131  125.149
CT2031:345          -110.021   -91.354   -64.608   -36.029    0.497   48.177
   74.112   75.921   63.292   35.051   -39.546  -113.138  -139.500  -121.259
   -86.589   -97.524  -109.896  -102.350  -116.328  -106.615   -63.160   -70.247
    -7.702   25.667   23.803   15.134   27.589   69.510  105.623  131.087
CT2031:340           -89.269   -73.716   -58.684   -37.278    -1.414   41.251
   61.033   62.159   57.748   30.522   -52.986  -131.023  -138.349   -68.233
   -22.192   -32.361   -89.270  -113.134  -171.816  -413.928  -513.129  -311.736
   -82.439   -29.690   -31.495   -36.895   -19.438   26.965   82.793  130.362
CT2031:335           -69.707   -52.285   -39.909   -24.567    4.705   44.011
   61.178   52.611   37.976   12.536   -39.364   -74.373   -74.938   -28.017
    5.133    1.540   -40.909   -54.115   35.656  329.689  459.045  258.136
   36.770   -24.177   -44.235   -61.583   -47.399    3.706   60.930  110.682
CT2031:330           -66.162   -49.377   -32.344   -12.203   17.487   56.133
   65.112   37.788    -3.749   -27.396   -50.703   -73.855   -65.240   -14.798
   12.051   13.657    -6.982    -5.135   85.537  254.433  300.620  227.781
   50.503    -7.200   -15.744   -20.446   -12.874   17.199   45.248   72.462
CT2031:325           -67.735   -47.025   -26.682    -2.389   35.623   84.375
   95.573   52.317    -7.265   -23.203   -10.184    8.281   12.664   16.562
   17.866   14.224    -1.907    -4.367    5.562   -10.914   -18.138    7.536
   23.589    8.853   -10.823   -23.895   -20.528    -4.623   15.418   44.053
CT2031:320           -80.715   -51.262   -22.451    5.130   27.168   44.564
   48.984   31.960    5.372    -0.076   23.237   41.994   41.832   30.721
   17.499    2.357   -24.653   -36.781   -30.144    -8.997    5.690    2.330
    1.270    -4.937   -26.831   -47.752   -37.033    -7.487   22.723   53.363
CT2031:315          -102.027   -67.920   -29.378   10.162   30.939   41.859
   43.739   36.776   30.683   28.797   29.507   29.496   24.486   15.317
    2.526   -23.541   -69.862   -88.113   -75.437   -31.509   -11.119    -9.382
    -7.383    -6.841   -15.632   -25.313   -16.591    6.030   31.756   59.414
CT2031:310          -110.864   -69.593   -19.752   26.903   47.684   58.375
   63.167   42.815   11.316    7.782   28.563   45.094   37.517    8.355
   -15.923   -37.671   -81.613  -106.705   -97.169   -67.441   -52.738   -42.871
   -29.200   -20.493   -14.396    -6.934    4.590   22.818   38.738   53.162
CT2031:305          -105.513   -53.105    -2.289   31.315   41.338   38.130
   39.809   34.636   24.615   25.779   46.167   64.502   55.147   21.139
    -0.886    -5.000   13.707   19.645    -5.658   -53.743   -68.384   -50.750
   -21.105    -8.151    -3.523    0.180   10.422   29.677   44.043   49.326
CT2031:300           -82.743   -39.045    -3.553   21.194   16.795    2.856
    2.701   19.363   39.991   45.047   47.135   47.859   39.612   10.827
   -14.846    -3.111   35.843   44.635   28.230   -12.212   -26.424   -21.798
    -8.070    0.854    8.218   14.557   19.145   24.249   26.927   25.771
CT2031:295           -76.780   -33.780    5.952   37.750   35.838   15.032
   10.809    8.325    8.884   11.312   21.905   24.005   19.390   14.143
    8.368    7.710   17.498   20.719   20.332    4.011    -1.302    1.821
    5.901   11.924   23.979   36.601   34.358   12.758    -4.316   -11.819
CT2031:290          -101.187   -62.222   -25.055    3.647   21.603   36.825
   37.950   12.776   -15.623   -16.992   13.564   27.730   13.118   -23.406
   -47.998   -42.074   -13.841    2.691    7.696    0.090    1.011    7.378
    9.524   14.954   29.729   46.864   44.793   22.952    2.912    -8.981
CT2031:285          -118.435   -80.634   -36.396    1.450   26.016   43.839
   44.463   22.804    0.868    -3.202   30.611   56.138   16.256   -90.111
  -142.320  -135.798   -85.635   -49.940   -22.889   13.436   32.595   26.568
   14.167   17.972   33.824   53.403   53.510   36.834   15.925    -1.465
CT2031:280          -119.864   -88.091   -48.277   -11.692   23.979   69.809
   73.764   24.002   -30.114   -41.511   -11.890    -1.815   -49.427  -178.253
  -243.708  -228.944  -162.823  -117.387   -72.339   -10.619   17.667   17.774
    5.273    9.519   28.997   47.234   47.487   37.978   24.146    5.824
CT2031:275          -107.357   -60.483   -13.367   21.211   37.996   43.723
   37.766    3.770   -33.958   -47.994   -46.500   -59.726  -100.779  -200.122
  -262.003  -232.611  -173.597  -153.607   -80.547   -23.045    1.538   14.486
   25.610   32.676   37.422   41.855   40.311   29.292   18.985   12.232
CT2031:270           -95.345   -50.138    -7.054   18.218   14.102    4.191
    -3.985   -20.021   -35.969   -42.490   -26.346   -17.070   -52.663  -117.177
  -166.966  -132.834   -12.013   31.325   39.968    -7.252    3.543   15.312
    2.381    4.300    8.207   19.649   28.560   30.251   34.233   43.822
CT2031:265           -80.473   -59.180   -26.618    -5.208   -20.043   -42.948
   -54.340   -52.031   -39.549   -42.936   -52.318   -63.853   -84.571   -86.371
  -128.113  -210.691  -166.954   -59.192  -124.312   -27.011   63.765   28.982
   -64.490   -66.317   -36.700    -7.629   13.652   51.154   80.292   91.005
CT2031:260           -78.178   -43.211    -3.602   14.740    -4.367   -28.142
   -41.429   -69.586   -93.722   -93.576   -68.120   -56.946   -93.537  -134.778
  -219.905  -550.822 -1349.906 -1609.812 -1030.064  -193.656   52.889   40.169
   -13.925   -11.090    -5.266   12.443   28.484   47.834   61.896   70.175
CT2031:255           -90.832   -58.433   -11.595   16.128    -5.545   -40.772
   -50.253   -49.972   -44.529   -31.766    -4.930   -22.641   -50.466   -88.532
  -176.578  -420.175  -838.089  -914.855  -676.051  -200.254   -22.103    -1.906
   -20.009   -13.112   -12.574    -5.781    7.292   29.698   48.751   63.373
CT2031:250           -57.041   -21.091   10.557   27.645   10.319   -22.537
   -30.102   -34.395   -43.832   -20.684   68.926   90.107   48.362   -35.543
  -115.470  -224.114  -284.818  -243.164  -235.020  -113.474   -23.512   10.698
    9.112   10.058    -1.971    -6.827    -5.139   -10.706    -6.653   11.556
CT2031:245           -61.246   -32.172    -3.563    8.422   -11.289   -36.752
   -35.543    0.746   40.983   70.571  186.983  263.746  140.913  -162.309
  -283.165  -171.917  121.857  239.769  219.510  159.213  153.329   98.876
   23.588    0.808    -4.226    -8.875    -3.754   10.910   25.550   39.599
CT2031:240           -81.135   -47.854    -3.414   21.856    -7.009   -48.779
   -52.635   -17.375   15.928    3.462   -79.149  -156.311  -216.504  -392.472
  -462.082  -277.984   29.904  141.437  215.547  246.148  225.535  129.597
   19.140   -12.188   19.568   57.750   57.733   40.116   29.360   31.037
CT2031:235           -66.708   -27.107    7.074   18.106   -12.502   -53.689
   -60.889   -37.465   -12.616   -43.243  -179.195  -266.009  -264.708  -233.373
  -187.965   -71.141  129.416  214.542  241.876  234.833  198.988  108.390
    5.393   -28.443    -6.166   22.949   27.974   22.208   19.978   24.565
CT2031:230           -69.883   -33.043    9.936   29.245    -0.963   -40.543
   -54.990   -54.991   -47.545   -57.626  -119.104  -146.085   -94.158   43.768
  139.057  222.918  363.079  412.302  334.003  194.660  128.735   75.805
   22.912    -4.504    6.217   25.822   27.158   19.995   13.238   13.533
CT2031:225           -70.895   -28.374   22.243   49.439   26.949    -7.076
   -20.272   -53.418   -74.990   -44.979   40.382  105.192  159.211  252.605
  313.180  380.948  478.818  497.133  364.118  167.546   90.562   51.137
   17.027    -9.170   -25.752   -39.916   -32.656    -8.097    8.794   13.737
CT2031:220           -62.579    -9.351   34.376   49.517   19.843   -21.815
   -30.510   -34.355   -25.206   36.153  196.408  305.266  329.559  312.392
  315.398  328.947  319.420  297.422  251.213  176.936  120.060   56.252
    -2.141   -27.028   -18.770    -3.861    4.139   12.630   16.889   19.626
CT2031:215           -52.984   -16.520   21.460   38.663    9.467   -29.924
   -26.655    -0.609   35.580  103.526  240.151  327.169  324.298  255.734
  225.493  210.650  172.737  148.095  153.922  156.517  122.128   55.671
   -15.589   -40.206   -26.840   -11.678    -3.548    7.273   21.145   34.474
CT2031:210           -23.524    -7.381    9.393   15.725   -17.166   -64.669
   -44.473   42.409  121.440  176.322  226.078  239.123  234.835  173.380
  133.319  140.683  173.397  173.428  155.846  144.856  116.586   64.794
   13.695   -11.386   -24.701   -30.409   -22.139    -2.459   17.161   34.770
CT2031:205           -80.509   -49.739   -16.921    -2.131   -22.539   -40.656
    -1.722  123.917  236.131  279.284  318.770  338.660  277.774  140.212
   82.844   87.945  118.376  123.570  120.141  111.511   89.084   35.773
   -20.824   -36.881   -15.060    9.477   21.130   34.472   42.294   46.516
CT2031:200          -148.004  -115.445   -64.689   -27.835   -25.661   -27.190
   16.656  144.632  234.733  224.879  118.219   50.961   30.623   23.695
   15.272   23.332   37.604   44.750   49.355   51.174   39.208    6.801
   -27.783   -41.234   -43.243   -39.244   -25.319    -2.296   21.103   43.459
CT2031:195           -89.999   -53.818   -17.855    4.394    -6.162   -21.699
   12.996  126.846  214.671  168.334   -53.330  -190.461  -163.535   -56.066
   -23.600   -19.261    -9.231    3.153   25.362   52.486   50.916   19.959
   -14.028   -26.644   -29.778   -27.857   -19.610    -5.098   10.564   27.937
CT2031:190           -56.916   -29.703    -5.952    5.937    -8.052   -21.377
    1.887   87.707  150.996  100.529   -76.950  -173.201  -169.195   -90.700
   -58.219   -52.024   -44.550   -29.826    0.431   41.045   48.041   21.802
    -8.664   -16.796   -20.687   -19.830    -9.517    6.591   26.568   50.747
CT2031:185           -44.937   -23.232    -4.033    7.376    -2.379   -14.873
    -4.052   42.455   69.923   37.777   -45.011   -85.168   -96.669   -68.630
   -52.261   -68.260  -104.306  -100.479   -43.928   20.181   35.604   19.308
    -1.674    -2.302    1.717    4.982   25.324   68.668   98.962  113.795
CT2031:180           -80.984   -40.691    -2.299   14.163    -5.365   -27.106
   -24.222    5.232   22.025    -6.658   -80.235  -118.613  -106.952   -65.698
   -55.601   -56.919   -82.704   -88.260   -72.124   -55.421   -37.820    -4.041
   24.161   32.996   24.718   14.785   22.902   40.959   54.523   65.061
CT2031:175          -116.423   -78.410   -25.024    4.285   -17.343   -44.734
   -50.275   -35.990   -31.924   -58.876  -129.426  -165.772  -124.138   -16.488
   14.085   -10.616   -43.328   -57.688   -85.499  -112.896   -92.826   -22.029
   45.372   61.368   32.654    9.192   16.137   35.563   50.774   63.026
CT2031:170           -89.468   -58.579   -25.949    -9.485   -19.240   -33.056
   -38.636   -30.192   -26.135   -49.492  -101.549  -122.795   -99.222   -26.281
   -13.742   -42.427   -82.287  -101.800  -124.950  -153.269  -127.171   -53.345
    8.315   29.227    6.333   -15.042   -13.801    -8.541    4.805   28.362
CT2031:165           -54.889   -28.969   -10.476    -7.627   -26.028   -45.870
   -59.324   -76.149   -89.454   -98.324  -103.506  -110.201  -113.290  -106.793
  -135.205  -183.903  -236.713  -264.960  -268.916  -247.559  -198.059  -112.745
   -26.284   15.017    -6.199   -25.712   -11.866   13.371   44.203   74.862
CT2031:160           -28.358   -24.118   -17.473   -20.162   -41.826   -60.550
   -76.340  -106.232  -126.105  -122.572   -92.659   -89.588  -113.856  -146.534
  -212.178  -372.399  -562.605  -619.923  -597.711  -515.527  -428.812  -261.230
   -95.239   -21.897    1.732   21.792   46.196   74.837   98.779  113.554
CT2031:155           -32.303   -23.380   -16.009   -22.438   -55.568   -89.957
  -102.806  -100.967   -99.364   -95.644   -67.234   -59.219   -96.474  -133.540
  -206.510  -492.106  -864.051  -958.222  -887.257  -777.810  -660.564  -380.105
  -104.686    -4.799   18.128   36.131   57.529   77.801   92.730   98.784
CT2031:150           -30.589   -24.715   -23.778   -32.041   -59.044   -86.513
   -96.405   -94.351   -91.261   -90.889   -85.054   -83.180  -117.174  -166.551
  -229.174  -429.960  -710.392  -785.133  -696.251  -586.433  -492.960  -284.171
  -101.332   -25.293    5.088   32.046   56.140   70.780   85.699   97.687
CT2031:145           -42.501   -40.418   -42.255   -49.235   -69.158   -85.375
   -89.388   -83.953   -71.109   -72.307   -89.092   -89.144   -97.467  -127.168
  -156.682  -154.410  -153.563  -167.809   -88.764  115.818  113.443   -34.020
   -62.175   -28.131    -0.544   31.009   60.479   83.349  102.016  113.598
CT2031:140           -69.495   -62.480   -51.986   -51.457   -64.110   -73.988
   -68.317   -59.190   -49.571   -17.272   15.684   29.686   95.631  184.132
  235.106  355.359  537.543  546.138  330.196   46.664   -20.768   -54.468
  -123.321  -122.818   -38.880   40.437   70.599   85.481   94.662   97.628
CT2031:135           -78.787   -70.954   -50.049   -44.573   -74.950  -102.775
   -85.517   -17.799   31.716   85.152  207.613  281.773  251.727  194.203
  220.181  317.548  387.244  407.779  441.396  458.088  367.162   96.403
  -102.591  -122.924   -29.047   42.166   59.452   62.380   71.340   83.348
CT2031:130           -59.718   -52.681   -49.285   -56.628   -94.691  -128.904
  -105.917   -15.914   43.009   60.052   47.555   54.026   77.453   88.827
  118.821  178.727  230.880  265.650  304.698  287.357  246.196  159.335
   49.965    4.997    8.745   22.561   33.664   42.002   48.101   53.284
CT2031:125           -60.696   -58.318   -57.364   -68.740  -105.500  -132.987
  -110.763   -21.605   36.256    0.438  -124.277  -153.411  -104.138    -1.465
   46.832   68.825   91.212  145.064  313.011  467.759  450.093  295.951
  150.700   92.921   59.685   36.594   33.110   37.523   38.851   39.571
CT2031:120           -70.492   -71.580   -69.418   -73.395   -94.542  -111.112
  -101.513   -56.507   -14.693   -58.971  -206.956  -239.791  -165.492   -23.992
   10.090   13.296    -8.591   48.811  306.361  555.063  538.762  287.451
   83.740   43.196   68.043   73.528   65.349   54.966   46.797   44.246
CT2031:115           -15.439   -14.691   -20.698   -30.550   -50.731   -66.808
   -68.467   -97.941   -95.473   -20.756   49.095   19.998   93.123  118.501
   70.538    -1.689   -43.845   -12.411   55.556   94.069  141.041  143.460
   96.924   73.291   67.332   59.964   53.577   51.406   46.944   41.727
CT2031:110           29.366    8.174   -22.422   -38.062   -32.813   -31.056
   -20.836   -37.794   -37.725  194.719  873.898 1119.294  576.709   -64.644
  -250.082  -550.604  -607.795  -561.037  -369.608   -21.094   79.016  108.428
  159.172  155.507   92.777   48.848   43.844   58.409   60.276   54.169
CT2031:105           -17.233   -54.931   -86.010   -95.576   -69.233   -44.093
   -20.757   35.579   84.984  127.741  205.446  208.353  -106.398  -853.188
-1116.670 -1147.701 -1613.895 -1578.422  -822.126  -291.198  -154.778    -7.105
  122.009  135.872   59.353    -2.364    -4.959   22.915   48.447   65.033
CT2031:100            -6.198   -40.146   -75.641   -89.580   -72.893   -54.803
   -48.760   -30.478   -24.165  -153.599  -570.133  -732.444  -301.735  412.980
  586.208  533.661  817.624  737.277   87.402  -310.833  -300.549   -88.347
   74.192   86.863   30.654    -7.867    -6.134   14.778   34.311   52.523
CT2031:095           20.396    -0.823   -27.985   -43.402   -48.772   -54.873
   -65.824   -92.009  -123.643  -149.049  -115.476   -20.119  135.529  478.091
  663.352  994.518 1255.399 1187.349  628.551   95.434   -16.942   -28.343
   -25.768   -22.011   -14.969   -15.467   -20.962   -27.710   -23.550   -12.282
CT2031:090           -19.149   -43.291   -60.736   -65.224   -47.045   -32.669
   -46.803   -83.563  -117.430  -132.571   -99.524   -25.532   40.756  134.016
  254.388  442.763  480.276  477.751  437.778  289.134  193.411   86.593
    4.115   -14.711    6.403   24.194   25.244   19.561   10.578    5.287
CT2031:085            -9.082   -28.624   -53.663   -63.305   -50.630   -41.998
   -57.433   -88.965  -114.593  -185.046  -373.028  -425.918  -255.350   -71.615
   27.404  102.188  146.993  190.936  319.875  406.643  345.486  181.996
   55.313   21.057   21.978   20.024   18.186   20.305   23.685   27.850
CT2031:080            -0.970   -19.163   -52.841   -67.820   -55.795   -47.690
   -63.190  -107.814  -139.544  -163.344  -203.848  -202.585  -149.966   -64.574
    -3.303   25.461   89.234  142.925  245.942  329.963  304.522  197.759
  103.813   67.643   59.302   52.834   40.396   18.253   14.469   29.559
CT2031:075           -37.953   -44.613   -50.496   -53.193   -53.163   -53.936
   -60.566   -69.198   -81.283   -72.577   -10.103   17.780   -18.309   -44.572
   -15.306   22.440   64.134  110.684  171.768  217.226  206.556  137.886
   74.589   50.877   52.292   50.059   42.000   28.591   22.053   25.379
CT2031:070           -51.072   -53.776   -54.725   -57.099   -64.618   -67.847
   -60.529   -41.279   -39.331   -67.239   -98.479  -104.981  -127.979  -104.713
   -75.245   -34.300   19.263   63.785  110.231  140.151  137.265   87.898
   47.398   33.918   37.341   37.828   37.364   38.429   36.049   29.170
CT2031:065           -47.209   -55.523   -62.055   -61.684   -48.262   -31.631
   -14.094   18.075   41.162   -33.881  -210.102  -268.283  -259.291  -215.672
  -206.495  -124.481   -15.311   25.859   58.101   94.027   98.461   55.388
   27.775   22.391   32.938   35.363   37.917   47.292   42.773   23.991
CT2031:060           -37.508   -56.209   -72.629   -76.383   -60.999   -45.612
   -18.633   22.544   71.651  170.617  260.897  255.590  205.530    -7.955
  -116.180  -148.703  -177.305  -168.952   -83.577   12.589   45.655   38.887
   34.591   30.756   38.669   45.917   49.138   51.803   49.048   40.903
CT2031:055           -23.230   -37.603   -55.568   -68.992   -86.443   -99.097
   -78.311   -35.334   27.049  272.808  861.012 1067.299  836.010  739.645
  603.536   -55.051  -604.391  -599.922  -218.587   49.787   90.683   37.958
    -0.218    -7.003    -0.503    4.106    9.365   14.874   23.118   36.763
CT2031:050           -24.804   -21.549   -23.655   -33.894   -63.003   -81.559
   -85.576  -112.361   -96.607   -41.124   -61.135   -70.024   85.958   96.160
   18.825  -205.993  -511.534  -489.601  -106.027  176.736  192.352   68.725
   -13.916   -29.362   -21.698   -12.404    -2.399   11.484   27.316   44.805
CT2031:045           -35.372   -29.126   -23.374   -27.192   -48.991   -63.953
   -75.107  -105.573  -111.517  -141.116  -215.863  -208.830   -90.614   59.043
   75.298   94.751  170.598  156.971  156.774  205.730  191.673   81.370
    3.896   -10.278    -9.030    -7.724    5.802   29.951   51.708   70.364
CT2031:040           -33.963   -24.919   -21.698   -21.527   -40.145   -53.991
   -46.202   -17.643    -3.242    -9.734    -4.471   27.901   57.144  113.666
  147.863  253.095  326.417  299.650  163.081   48.924   42.237   58.228
   55.547   41.857   20.424   11.072   25.106   51.357   71.405   89.530
CT2031:035           -59.243   -35.983   -18.693    -9.096    -7.362    -2.035
   16.843   56.393   81.035   96.535  120.770  142.002  171.778  233.328
  247.532  219.631  184.448  149.222   31.804   -69.518   -76.297   -11.949
   27.251   24.204    1.002   -13.440    -1.070   25.407   51.240   76.613
CT2031:030           -89.957   -65.057   -38.350   -15.424    6.089   25.540
   49.230   72.475   96.855  107.856  110.652  114.706  105.071   97.379
   87.629   78.429   54.422   26.121   -52.439  -116.975  -116.271   -47.668
    -2.844    -1.085   -16.573   -19.750    -1.794   28.498   59.233   88.965
CT2031:025          -105.839   -84.446   -59.483   -33.204    6.955   47.712
   74.054   76.844  103.813  140.072  135.557  116.738   87.083   20.705
   -15.036    9.317   45.223   26.790   -25.347   -55.201   -55.278   -25.058
    -7.720    -9.356   -22.026   -22.618   11.732   69.066  104.244  125.096
CT2031:020           -76.260   -69.780   -64.499   -52.697   -42.579   -27.454
   19.592   91.168  157.188  314.351  502.723  504.917  333.731   27.637
   -63.382   -45.618   -30.491   -16.795   52.294  102.072   83.971   18.514
   -17.938   -25.788   -26.754   -21.639    5.995   52.669   90.140  115.810
CT2031:015           -40.079   -42.708   -54.122   -50.966   -47.760   -39.571
   11.286  108.632  175.308  426.188 1012.805 1137.993  574.881   87.233
    -3.167   -11.747    -5.672    8.688   65.440  100.318   91.880   24.007
   -24.555   -34.464   -27.905   -21.576    5.338   50.193   85.673  117.210
CT2031:010           -74.927   -70.069   -61.506   -47.964   -24.375    2.302
   26.061   57.941   75.214   -16.430  -254.291  -315.835  -125.035   35.761
   45.411    0.626   -44.109   -19.917   71.898  131.479  128.868   79.183
   41.228   19.749    -6.844   -22.559    -8.241   21.340   44.134   66.666
CT2031:005           -70.083   -70.039   -67.852   -54.343   -27.428    -1.372
   11.235   20.305    -1.625  -210.580  -605.824  -687.391  -359.982    -1.971
   57.912   27.842   12.044   27.933   72.314  111.555  120.509  109.133
   93.789   66.960    9.962   -25.140   -22.559    0.474   26.395   54.182
CT2032:360           -59.417   -61.451   -67.630   -59.007   -34.787   -10.536
   15.110   64.983   61.954   -24.212   -94.584  -105.771  -113.260   -37.853
    -7.035   -11.652   -13.621    0.654   14.833   18.518   50.002   98.252
  109.867   79.470    -3.727   -46.087   -40.462   -14.051   13.216   47.592
