
filled_synop: 30 data points in equal steps of sine latitude from +14.5/15 to  -14.5/15

CT1966:360           34.210    -8.817   -50.192   -97.542  -158.674  -200.855
  -305.559  -455.734  -309.853  289.608  676.570  610.956  369.752  296.767
  149.754    8.444   -36.203   -46.518   -11.512   73.146  276.415  530.733
  576.532  430.449  201.259  102.685   74.826   60.098   27.800    -7.190
CT1966:355            1.228   -13.948   -27.919   -44.503   -61.630   -81.099
  -129.525  -380.052  -267.542  137.333  411.090  359.855   32.419  -122.541
   -80.399    -6.722   -14.056   -63.819  -129.133   -91.065   65.730  229.676
  279.698  255.678  190.033  136.621   99.190   66.832   30.001    -7.977
CT1966:350            9.504    -9.206   -25.337   -50.916   -87.366  -114.405
  -154.205  -179.159  -203.866   -66.324   41.943   43.630   -63.302  -113.228
   -88.993    5.098    9.679   -50.191  -126.188  -128.911   -70.589   12.435
   55.432   88.601  119.915  126.292   89.980   45.729   16.685    -6.997
CT1966:345            3.306    -0.951    -4.862   -43.348  -112.270  -135.927
  -132.178  -126.816   -95.691  -120.441  -126.698   -68.753   12.695   41.901
   27.502   49.251   24.994   -19.678   -59.459   -88.550  -131.349  -157.623
  -129.630   -28.999  103.423  138.041  109.137   66.906   33.300    -3.904
CT1966:340           21.695    -5.053   -31.411   -61.138  -104.209  -108.916
   -33.827   61.883  111.333  124.199  148.415  271.504  442.060  446.841
  390.879  174.865   43.625    2.178    7.560   -48.063  -214.921  -375.432
  -358.558  -184.990   60.108  151.178  125.754   82.164   43.433    -7.431
CT1966:335           12.679   -16.342   -41.387   -60.175   -78.371   -53.052
   62.601  189.071  254.059  297.637  363.105  563.925 1115.731 1329.749
  897.840  216.313   -15.855   -79.986  -145.890  -219.035  -334.143  -481.864
  -452.790  -225.558   63.527  160.672  140.379   86.373   35.710   -20.854
CT1966:330           12.888    -7.135   -30.660   -16.532    2.724   38.116
  120.496  188.764  199.589  159.767  193.972  302.840  633.096  723.446
  518.205  126.238   -35.753   -75.754   -95.989  -150.746  -239.578  -326.245
  -285.341   -89.301  161.703  232.277  159.479   64.730   10.000   -45.375
CT1966:325           -24.283   -38.816   -38.991    7.899   92.024  156.619
  255.834  362.402  298.448  -114.587  -436.314  -318.493  -150.618  -153.720
   -58.467   11.237   -30.091   -67.546   -36.997   -59.253  -139.321  -158.362
  -101.420   39.475  205.901  253.072  185.058   81.957    4.479   -59.257
CT1966:320           -18.438   -30.452   -30.143   23.782  110.130  189.196
  337.174  471.778  445.733  316.102  239.718   81.098  -106.254  -124.429
   -91.492   -17.836   -34.910  -221.844  -478.623  -502.208  -291.413   -49.487
   46.199  117.198  180.855  185.408  125.165   55.148    5.548   -34.878
CT1966:315            7.911    1.259    -8.683   39.198  120.564  181.337
  294.799  382.359  317.005  247.965  257.034   55.029  -141.906  -132.608
   -80.382    -1.838    -8.370  -233.280  -573.600  -572.451  -220.954  125.521
  206.983  161.371   96.537   81.066   45.142    7.751    -9.982   -12.447
CT1966:310           31.889   32.525   35.485   57.445   90.803  129.781
  204.976  269.818   93.359  -631.449 -1143.819  -965.075  -423.120  -219.791
  -124.006   -15.545   24.348   60.652  162.345  195.628  172.563  184.002
  205.265  168.740   93.972   68.544   62.433   64.516   66.353   65.556
CT1966:305           48.969   36.323   23.551   28.430   29.371   58.144
  177.636  288.425  199.473  -138.350  -349.680  -331.894  -162.250   -76.762
   -72.090   -80.640   -64.694   -11.246   17.698   48.282  140.369  208.806
  224.114  181.134  117.801  103.383  112.286  119.147  108.510   86.010
CT1966:300           26.843   11.016    -2.432    3.775   20.811   54.739
  140.161  223.606  254.833  405.964  539.465  375.408   99.966   30.415
   27.252   33.298   22.557   -40.875  -113.597  -111.613   -11.490  103.584
  142.150  151.852  159.253  165.068  149.128  121.316   92.931   63.098
CT1966:295           10.601    -0.440    -6.986    -1.391    8.563   36.382
   58.974   84.672  124.174  126.357   54.190  124.934  148.042  103.047
   94.545   64.711   21.675   -34.922  -105.835  -140.417  -180.785  -212.128
  -165.461    -9.948  144.898  183.637  144.465   96.516   77.773   67.361
CT1966:290            7.239   -28.002   -47.676   -46.666   -36.062    -4.001
   57.796  129.152  186.452  291.290  362.042  339.186  310.939  281.951
  241.373  177.175  111.018   22.215   -87.582  -154.206  -240.005  -310.870
  -274.315  -111.509   87.251  157.672  143.600  110.982   85.812   59.229
CT1966:285           42.647   -15.047   -65.536   -64.511   -43.094   10.288
  123.450  236.902  296.043  350.025  367.583  347.613  348.452  338.432
  298.335  298.563  250.309   86.798   -91.023  -171.414  -241.364  -296.426
  -265.497  -124.025   49.635  117.929  117.198  101.956   86.502   61.667
CT1966:280           54.052   -15.710   -86.766   -68.102   -14.388   51.823
  232.894  411.432  441.303  349.600  266.544  185.298    9.890   -68.642
    -2.531   83.287   65.831    -8.974  -123.304  -183.660  -226.830  -251.972
  -224.674  -110.053   39.907   93.500   59.791   28.889   34.239   51.502
CT1966:275            -4.013   -50.423   -68.116   -31.640   31.413  110.532
  300.049  483.996  506.560  405.041  331.291  180.722  -116.158  -257.255
  -198.363   -98.207   -94.312   -96.875  -120.118  -156.959  -223.157  -284.876
  -260.845  -166.593   -47.589   16.780   27.525   41.955   52.128   55.856
CT1966:270           14.649   -17.916   -37.371    6.649   73.930  120.623
  214.026  329.243  350.903  303.114  280.459  196.073   70.714    -2.247
   -61.516   -54.548   -60.198   -57.317   -63.019   -78.343  -130.241  -202.525
  -170.333   -84.172   -26.023   17.423   54.510   66.719   41.583    5.716
CT1966:265           28.348    7.973   -17.570   24.660  118.959  136.274
   -23.341  -185.223   -96.765  173.199  239.771  221.646  106.585    9.750
   -37.863   -54.066   -78.194   -35.724   -19.637   -11.034    6.909   16.138
   77.413  257.570  467.355  466.706  264.144   59.005   -38.023  -108.277
CT1966:260            -6.249   -13.161    -7.159   32.485   78.123   59.734
  -115.696  -263.339  -129.501  420.697  712.344  521.680   59.105  -145.243
  -169.436  -145.954  -194.472  -225.037  -196.920  -158.278   -99.127   -41.544
   62.889  235.211  381.274  390.281  264.985   93.013   -39.615  -142.282
CT1966:255            -8.318   -25.556   -40.274   -17.338   45.428   18.505
  -146.274  -271.851  -175.561  246.807  500.495  372.849  104.474   -50.552
  -317.487  -622.711  -771.461  -895.430  -937.182  -846.380  -517.578  -125.963
   47.162  107.702  137.633  154.495  102.650   28.223   -41.364  -103.807
CT1966:250            -9.253   -12.627    -8.329   19.378   62.272   15.774
  -211.421  -435.441  -402.718  -244.654  -173.234   -65.583   15.873   -55.639
  -394.908  -864.713 -1080.740 -1382.443 -1663.465 -1560.131  -968.850  -276.302
   -34.083   23.751   65.223   93.410   69.952   52.707   37.140    4.929
CT1966:245           12.857    2.857    -5.296   12.614   55.325    -8.976
  -257.262  -508.539  -473.536  -266.746  -168.905   -87.204   -67.093  -106.290
  -269.985  -488.330  -624.019 -1015.972 -1407.664 -1361.331  -854.552  -255.441
   -92.976   -24.616   30.992   63.282   70.915   83.599   82.327   62.389
CT1966:240           21.195    -3.455   -25.871   -20.563   21.358   -51.118
  -281.207  -467.833  -375.275  230.575  707.274  444.941   -23.649   -89.236
   17.662  230.979  306.528  181.659   -34.957   -46.211   64.078  105.923
   57.719   21.379   47.868   68.022   57.844   48.304   57.296   71.674
CT1966:235            6.069    -6.964   -12.857    -5.879   23.367   -91.760
  -558.706 -1006.399  -945.441  -509.998  -191.974   -28.367    2.623   60.621
  239.705  542.154  819.564 1647.934 2586.047 2510.764 1364.258   95.209
  -237.005  -126.442   37.931   73.132   59.778   30.866   21.277   22.308
CT1966:230           18.945    4.624    -4.130    -4.639   10.378  -144.676
  -741.432 -1305.954 -1209.446  -604.363  -166.279  100.753  246.572  299.816
  397.146  467.237  701.254 1786.294 3079.597 3013.073 1561.739   56.938
  -349.138  -220.898   -10.367   27.571   28.168   15.152   21.132   36.200
CT1966:225           22.322    0.038   -22.271   -38.166   -16.136  -123.650
  -635.963 -1088.336  -897.544  -138.124  360.922  632.343  833.017  854.169
  656.496  196.219  255.533  928.692 1371.154 1336.754  742.509  -127.531
  -414.748  -281.164   -87.043   -46.352    -1.199   34.569   58.417   76.180
CT1966:220           30.220   16.119    0.182   -37.502   -96.694  -176.884
  -308.800  -391.469  -186.731  377.059  777.156 1156.798 1802.916 1923.096
 1082.588    9.553  -147.039  312.451  899.553  913.350  452.636    3.656
  -185.322  -227.051  -211.593  -179.769   -87.946   15.137  101.754  179.362
CT1966:215           33.469   20.644    5.492   -41.600  -118.687  -147.554
  -129.017   -97.912   91.242  530.237  769.066  773.104  540.258  360.469
  115.142  -247.125  -302.855   -63.084  258.158  321.126  222.162   84.835
   -30.001  -183.347  -314.771  -295.898  -147.888   15.265  135.899  242.785
CT1966:210           50.772   20.893   -12.169   -48.371   -94.929  -105.260
   -56.496    -2.255  159.888  612.599  850.807  557.343   -51.401  -273.749
  -401.704  -506.697  -500.594  -380.908  -296.798  -205.443   -27.381   31.378
   -32.872  -155.184  -254.775  -237.094  -115.788   23.145  136.157  246.783
CT1966:205           43.012   44.702   36.226    -3.649   -65.943   -86.799
   -41.452    6.720   23.480   11.488   -51.839  -212.089  -530.046  -618.284
  -560.832  -438.363  -329.932   -38.685  275.538  296.439  101.176   -48.026
   -98.648  -110.004  -115.540   -95.653   -41.356   17.927   70.975  123.571
CT1966:200           20.150   33.951   43.706   11.866   -28.857   -70.433
  -130.815  -194.394  -319.430  -563.250  -658.250  -727.317  -726.526  -626.943
  -255.178  287.974  443.190  368.087  297.090  245.111   56.687  -121.744
  -156.360   -77.572   12.077   39.579   38.690   29.983   18.310    -4.329
CT1966:195           45.840   50.256   41.652    -3.752   -71.901  -128.934
  -189.485  -264.906  -455.111  -869.659 -1042.307  -907.603  -589.035  -400.698
  -139.625  138.307  241.618  228.087  130.961   62.587   -97.826  -262.709
  -272.995  -125.278   39.656   83.065   61.541   27.839    -0.673   -29.732
CT1966:190           41.012   44.057   37.630    -7.309   -64.075  -109.082
  -145.401  -201.967  -393.338  -881.256 -1083.457  -777.599  -188.456   28.651
   90.312   45.030   49.362   54.954   28.335   -26.502  -175.016  -315.523
  -300.317  -117.813   68.010  106.769   68.514   22.549   -10.197   -39.556
CT1966:185           31.198   35.808   38.093    7.037   -45.370   -75.585
   -49.247   -32.689  -151.474  -484.686  -598.904  -239.356  495.420  706.488
  396.798   26.364   -37.538   -28.836   23.696    -4.186   -88.744  -119.395
   -99.884   -17.648   77.816  101.521   58.668   12.055   -17.868   -47.928
CT1966:180           16.332    6.843    -4.842   -19.337   -35.532   -42.666
   -19.643   -12.778   -17.995    1.362   22.100  101.604  293.772  346.035
  160.113  -104.668  -160.256  -157.039  -177.108  -161.458   -87.488   -29.966
    7.782   72.976  139.266  151.081  113.287   60.576    7.767   -47.578
CT1966:175           14.978    -2.681   -21.307   -18.719    -8.890    1.073
   15.977   24.559   67.951  187.697  204.140   19.340  -385.610  -499.374
  -317.701  -119.948   -90.576  -112.132  -118.708   -95.093   -51.235   -13.615
   36.027  123.622  190.905  193.232  141.573   84.464   31.744   -31.277
CT1966:170            -2.912   -23.396   -37.795   -41.648   -48.290   -38.932
    8.209   54.045   98.200  200.660  206.289   -42.508  -497.420  -628.727
  -463.148  -187.830  -112.915   -85.386   -54.683   -20.960   26.118   81.768
  124.772  162.104  190.293  175.238  107.548   30.604   -32.343   -86.519
CT1966:165           40.311    2.287   -34.774   -51.180   -58.156   -47.383
    6.819   59.873   87.879  130.008  118.544   -49.448  -337.126  -430.351
  -342.524  -179.816  -130.879  -116.105  -116.639   -76.698   16.337  107.752
  156.297  174.307  185.295  161.728   82.149    5.444   -41.161   -77.208
CT1966:160          105.593   39.826   -25.111   -41.997   -42.777   -39.240
    -4.625   28.748   48.838   58.505   38.304   -19.995  -131.077  -182.894
  -160.032   -84.377   -89.953  -182.689  -239.794  -194.947   -53.161   74.148
  132.365  138.448  122.659  115.435  112.208   93.124   36.819   -43.404
CT1966:155           53.223    9.139   -27.824   -37.119   -36.355   -40.326
   -60.280   -63.750   -23.928  105.520  187.048  162.099  117.589   74.148
   -36.678  -183.136  -249.709  -360.797  -491.256  -437.800  -157.863   98.204
  174.238  172.195  164.302  148.194  104.172   56.002    3.852   -54.194
CT1966:150           51.701    7.248   -37.382   -48.169   -41.579   -49.521
  -139.327  -209.872  -146.574   24.886   97.681  140.462  174.745  156.605
   85.769   -11.774   -73.650  -102.081   -74.387   -89.398   -90.853   -19.542
   53.302  119.787  158.349  149.447   86.313   23.308   -22.963   -66.181
CT1966:145           37.155    4.918   -25.262   -48.261   -71.901   -72.627
   -66.187   -45.846    -0.247   85.643  132.429  141.283  132.530  119.740
  174.712  272.325  227.747   53.080   -95.118  -121.177   -86.389   -26.675
   31.026   91.651  143.872  143.457   83.804   21.135   -20.849   -53.381
CT1966:140            6.821    -5.340   -17.467   -47.487   -90.174   -62.452
   81.552  214.001  251.606  247.149  242.396  193.774  126.457  103.406
  124.761  142.692   97.074   -37.060  -209.947  -244.941  -185.214  -120.118
   -56.747   42.418  129.691  145.068   93.449   34.399    -2.975   -33.595
CT1966:135           -18.104    0.144   15.749    5.142   -31.382    9.328
  235.481  433.248  426.347  250.372  165.589  137.808  105.271   81.113
   63.755   42.076   -13.021  -159.773  -303.079  -332.810  -263.448  -182.122
  -121.881    -0.450  108.621  138.477  121.548   90.051   49.739    -1.948
CT1966:130           18.516    7.238    -0.049    -9.188   -32.903    2.902
  167.208  310.207  315.761  190.163  117.883  108.975   94.249   70.323
   56.822   37.823    -0.960  -114.646  -234.226  -268.845  -234.587  -183.348
  -142.679   -47.718   60.424  105.802  106.294   98.866   92.738   82.509
CT1966:125           31.376    7.851   -12.582   -16.414   -20.943    -1.165
   80.167  153.840  175.698  162.385  162.566  150.246  139.974  127.012
   99.685   81.268   78.046   93.967   88.524   40.407  -102.532  -224.753
  -231.219  -128.807    3.825   54.300   71.322   92.567  122.539  149.124
CT1966:120           47.050   20.022   -11.186   -14.867    1.961    2.631
   -39.943   -62.715    -7.374  104.632  149.904  132.419   96.818   87.837
   94.416  137.482  177.348  350.589  505.765  432.561   49.332  -276.062
  -298.976  -200.788  -113.081   -59.884   21.758  104.232  150.728  179.272
CT1966:115           30.942   20.786    4.445   -32.321   -83.079  -115.147
  -190.107  -223.074  -119.088  158.655  284.372  188.208   -42.030   -98.589
    -2.322   96.899  134.736  246.795  370.690  353.117  229.384  163.811
  127.709   46.719    -7.094    -7.273   28.422   63.514   76.153   84.324
CT1966:110           13.913   10.726    3.739   -61.180  -166.035  -203.751
  -250.345  -266.196  -137.887  188.077  326.366  241.293   66.504   17.954
   41.592  105.910   86.759  -162.961  -430.380  -322.342  127.703  422.360
  443.523  365.510  286.509  224.332  143.919   73.008   17.211   -41.255
CT1966:105           25.651   17.550    -6.968   -85.045  -189.060  -214.654
  -174.214  -108.875    -8.097  159.135  229.980  201.113  109.405   65.851
   43.266   32.073   17.996   -82.763  -146.638   -61.007  265.130  558.102
  585.346  441.044  274.320  189.822  125.629   57.257    -6.523   -71.943
CT1966:100           17.053   10.315   -10.425   -83.726  -194.571  -197.100
   -46.519   96.118  187.599  253.985  273.823  216.690   95.606   41.497
    9.840    -6.014   13.360  112.469  236.275  314.931  467.625  616.704
  602.066  397.984  188.652  102.255   56.083   10.408   -33.096   -69.212
CT1966:095           35.437   19.529    1.154   -74.357  -201.147  -208.354
   28.549  310.748  368.350  407.564  467.836  317.848   37.445   -47.272
   -23.590   22.192   67.027  228.044  378.532  445.777  461.601  437.365
  417.853  327.811  219.537  139.792   72.050   15.557   -35.283   -81.958
CT1966:090           27.571   15.534    -9.439   -61.815  -129.575  -164.798
  -316.964  -425.888  -217.823  287.440  501.390  401.120  147.753   51.910
   46.485   27.863   56.977  202.132  318.262  376.712  402.808  394.316
  366.722  290.277  211.025  146.979   89.302   36.740   -13.304   -61.748
CT1966:085           -10.195    -9.565   -14.040   -50.062   -98.468  -151.780
  -360.439  -517.542  -332.619  154.999  356.332  395.819  402.958  360.853
  214.052   58.313   56.750  197.868  342.782  376.818  334.910  305.805
  296.490  268.793  239.754  192.802  122.795   54.460    -4.114   -58.703
CT1966:080           -26.435    -9.968    8.058    -9.159   -44.389   -49.207
   -33.708   42.889  103.299  195.037  258.866  328.645  489.136  481.702
  219.180   48.082   30.531   71.792  113.087  156.208  216.856  253.445
  264.427  238.828  200.135  168.878  133.118   87.434   26.108   -44.450
CT1966:075           -12.451   -27.208   -35.389   -32.373   -28.384    2.518
  115.913  213.268  272.678  341.272  364.464  206.820  -162.285  -275.173
  -138.365   -78.053   -94.791  -124.554  -163.818  -115.048   54.014  186.167
  233.378  263.225  284.182  260.457  186.390  103.972   24.944   -57.201
CT1966:070           -13.090   -17.770   -19.621    -5.867    4.332   46.052
  136.644  192.641  219.945  275.125  288.886  185.657   96.430   64.339
   20.518    8.202   -47.575  -155.322  -207.466  -212.537  -159.152   -60.665
   32.876  182.791  312.449  306.367  178.912   57.544   -22.384   -93.811
CT1966:065            0.949   -12.203   -20.785   -14.097    -0.472   44.254
  183.899  311.162  253.508    -7.405  -146.286   -84.467   20.852   29.667
   57.015   76.985    2.178  -230.662  -457.755  -479.926  -415.406  -345.983
  -220.790   27.475  241.157  267.455  174.357   63.773   -21.020   -86.024
CT1966:060           22.246    2.107    -4.042   21.995   56.338  108.751
  222.637  313.481  229.380   -51.446  -190.615  -172.475   -44.227    -4.320
   53.009  115.674   29.110  -250.627  -493.083  -554.741  -511.111  -399.152
  -257.269   -23.346  195.875  229.865  135.623   55.945    -2.758   -64.747
CT1966:055           20.107    1.669   -13.742   21.657   86.708  150.954
  246.788  338.544  307.405  137.300   34.930    -5.367    1.558    7.721
   48.054   98.792    -3.792  -382.062  -752.081  -783.290  -487.948  -160.671
   -24.856   79.698  190.313  218.690  161.898   91.426   18.030   -57.807
CT1966:050            2.293   -15.308   -26.397    7.405   60.139  124.793
  226.912  310.583  348.314  376.322  325.260  259.573  130.791   51.682
   63.109   94.350    -5.680  -376.171  -764.009  -759.335  -411.938   -74.731
   47.040  126.463  192.077  204.810  156.113  101.501   38.124   -41.753
CT1966:045           -10.260   -22.255   -22.855   15.132   81.035  171.496
  348.915  518.785  593.686  711.659  747.457  580.381  240.644  108.164
   86.888   66.489   37.298   39.098   65.097   62.444   25.108   17.517
   62.431  124.686  177.410  175.116  122.304   64.979   15.854   -32.621
CT1966:040           -19.273   -11.614    -5.852   28.493   87.703  162.129
  369.589  601.187  589.236  335.382   76.655   16.629   47.783   36.014
   41.965   57.140   62.256  143.042  221.468  230.153  182.335   97.153
   92.998  113.871  127.738  109.531   54.388   20.676    7.090    2.817
CT1966:035           -37.683    -2.565   34.462   58.696   48.045   81.604
  229.887  433.331  351.563  -124.751  -486.924  -478.645  -191.098   -30.035
    -2.295   10.031   29.151   67.574  131.763  163.904  193.886  209.633
  212.410  146.849   74.727   66.569   81.991   95.156  119.505  168.071
CT1966:030           -44.314    -1.010   30.840   29.432   -11.050   -15.998
   65.661  188.961   83.014  -450.925  -860.774  -834.205  -375.390   -53.240
   -52.100  -197.755  -215.894  -157.194   -61.869    -9.630   99.371  253.982
  266.614  172.064   63.437   69.918  124.950  164.519  178.188  164.004
CT1966:025           -51.318   -36.360   -16.580   -27.282  -103.979  -141.763
  -117.625   -12.493   -39.631  -277.501  -562.748  -541.136  -246.124    4.568
   43.342   -45.632   -63.549   -68.491   -72.948   -50.083    -1.832   63.446
   69.962   35.096    -3.810   19.988  113.556  218.706  130.506    6.696
CT1966:020           96.496   92.155   73.510   22.941   -95.728  -171.408
  -146.526   -71.788   -28.458    2.903   19.185   54.669  104.582  134.687
  230.908  425.291  510.945  544.436  587.984  592.373  433.412  146.372
   65.299   60.854   75.545  196.951  407.939   79.013   61.987   42.329
CT1966:015          117.344   95.484   74.636   43.134   -52.769  -133.586
  -106.808    5.687   60.325   31.607   -41.471   -56.593    -6.987   72.908
   85.236   50.689   42.289  110.152  241.670  288.171  209.463   62.650
   11.840   35.864   76.028  105.933   74.339  101.343   76.639   -36.161
CT1966:010          135.702   80.260   21.186   -19.032   -60.245   -87.643
   -18.244  120.297  188.272  155.588  106.223   95.213   44.292   16.542
    -9.631   -26.826   -15.366  137.213  497.142  621.233  529.566  286.330
  176.598  131.256   84.159   79.151  113.830  118.576   71.566   -12.976
CT1966:005          154.561  101.953   27.495   -18.552   -29.953   -16.979
   76.954  218.797  379.212  685.825  938.744  922.296  686.644  471.991
  305.195  140.210   66.808  215.330  522.548  621.850  538.302  335.906
  242.410  178.507  108.689   82.400   94.836   84.851   54.276   35.231
CT1967:360           18.983    -7.757   -13.301   -13.290   -60.349   -75.226
   32.922  190.887  361.357  750.439 1119.251 1243.124 1124.220  899.395
  712.937  346.493  127.673  150.041  346.666  424.697  362.737  234.226
  179.284  164.670  154.873  101.579    8.442   -75.496   -95.939   -45.963
