
filled_synop: 30 data points in equal steps of sine latitude from +14.5/15 to  -14.5/15

CT2048:360           -92.602   -64.595   -35.043    -2.914   35.019   45.562
   21.871    -8.873   -37.059   -66.451   -98.343  -138.308  -177.824  -197.849
  -220.323  -234.781  -225.135  -194.404  -148.906   -99.719   -10.777   62.307
   81.353   49.354   17.967   14.505   26.217   37.791   45.170   51.173
CT2048:355           -96.707   -63.264   -29.198    6.368   51.569   64.278
   37.844    7.190   -23.814   -68.107  -104.937  -153.542  -213.083  -231.152
  -244.265  -253.838  -251.558  -255.428  -232.907  -192.255   -77.566   25.862
   51.848   30.744   13.598   15.619   26.158   37.465   50.382   65.105
CT2048:350           -93.870   -66.795   -38.509    -6.620   31.206   44.315
   31.452   10.288   -20.385   -70.933  -110.528  -151.744  -211.051  -213.161
  -155.039   -89.527   -84.425  -172.267  -263.131  -251.588  -127.676   -12.660
   13.598    1.557    -8.462    -3.827    6.523   17.814   29.829   43.029
CT2048:345           -89.310   -69.909   -50.285   -19.296   18.733   31.741
   20.743    8.711   -18.530   -65.193   -88.688  -117.292  -169.333  -143.020
   54.962  269.620  278.455   64.090  -156.341  -179.969   -97.106   -41.725
   -33.974   -28.041   -19.038    -8.278    2.912   15.430   29.262   44.640
CT2048:340           -90.221   -77.874   -65.456   -36.227   10.013   22.730
    -2.265   -33.848   -51.938   -81.553   -99.146   -62.766    -1.311   64.699
  272.373  530.837  541.902  348.865  198.362  123.300    5.848   -76.052
   -79.849   -42.860   -13.469    -0.651    8.062   19.812   37.266   59.117
CT2048:335           -91.473   -71.579   -46.630    -9.597   35.858   47.150
   12.388   -21.789   -37.448   -48.217   -47.820   -16.303   59.620  119.991
  177.614  210.645  240.963  310.084  322.639  245.283   71.939   -49.974
   -67.075   -38.767   -10.778    6.333   21.470   36.128   51.917   67.267
CT2048:330           -83.750   -62.221   -38.573    -7.752   33.681   44.319
   12.093   -25.276   -39.124   -45.431   -48.738   -56.359   -96.784   -83.994
   12.151  102.972  114.353   57.922   -20.812   -47.160   -46.133   -51.279
   -49.286   -29.423    -9.201    9.522   33.630   52.412   64.317   71.535
CT2048:325           -84.300   -59.765   -36.471    -7.216   30.529   40.317
    9.361   -24.471   -32.998   -27.927   -26.648   -40.484   -60.070   -51.243
   -19.837   32.642   21.559  -103.926  -222.845  -228.292  -134.954   -47.801
   -26.886   -21.951   -16.864    -2.114   24.779   48.739   62.957   71.183
CT2048:320           -90.793   -66.004   -40.922   -12.848   21.250   30.908
    1.156   -30.876   -34.666   -21.078   -14.594   -19.418   -25.409   -21.778
   -21.726   -20.341   -36.109  -107.543  -170.424  -167.144   -88.372   -14.190
    1.549   -14.455   -28.674   -19.355    9.360   37.960   56.394   69.339
CT2048:315           -96.986   -72.923   -46.693   -29.818   -15.186    -9.841
   -18.780   -28.259   -30.111   -26.547   -23.159   -18.816   -20.105   -18.409
   -14.806   -17.714   -19.879    -6.966   14.577   17.073   33.062   53.971
   48.400    1.342   -31.954   -28.378    -6.830   15.766   37.572   60.865
CT2048:310           -89.811   -68.323   -47.945   -30.222    -6.692    2.790
   -11.085   -24.730   -23.617   -12.171    -2.881    6.361   17.456   22.993
   23.248   20.502   26.131   52.656   72.258   71.449   56.500   36.575
   23.649    -0.880   -21.634   -20.066    -2.388   16.278   36.242   60.099
CT2048:305          -103.702   -78.317   -49.574   -24.009    1.202   12.277
    3.435    -7.294    -2.764   11.114   20.800   31.734   44.927   54.024
   69.741   92.038  100.229  101.175   99.436   89.153   53.124   16.988
    -1.071   -16.948   -28.104   -24.220    -4.170   20.189   45.199   72.462
CT2048:300          -108.883   -68.054   -24.188    -1.375   11.237   22.426
   20.394   18.344   24.110   37.677   47.317   48.619   44.688   50.743
   77.137  103.925  115.021  117.115  111.676  100.952   64.551   27.031
    8.489    -8.738   -23.011   -18.534    5.834   31.900   55.933   84.439
CT2048:295           -89.974   -58.396   -30.107   -13.267    -2.797    7.285
   15.693   22.585   29.774   41.907   49.611   47.028   38.603   41.628
   54.545   69.297   81.931  101.590  113.515  110.515   98.122   82.849
   59.159   17.155   -15.740   -13.471   14.472   41.077   59.367   73.641
CT2048:290           -77.970   -55.068   -33.344   -17.352    -4.988    5.679
    9.861   11.691   18.429   30.604   34.685   31.687   21.232   20.496
   30.343   44.883   58.859   86.513  113.504  115.078  104.293   92.328
   70.149   26.688    -8.771    -6.705   22.100   48.149   64.252   75.071
CT2048:285           -69.490   -47.783   -26.563    -8.306    9.723   21.637
   25.276   28.700   31.796   34.304   33.886   25.864    7.217    3.756
    8.841   15.166   30.207   70.560  102.404  104.593   77.936   44.311
   33.161   28.426   19.118   19.914   36.688   53.548   68.997   86.910
CT2048:280           -77.757   -50.386   -25.312    -0.792   24.452   39.155
   42.117   43.868   46.258   49.263   50.346   35.113    6.981    -0.114
    7.729   16.687   28.874   62.696   91.149   94.339   82.447   69.114
   53.794   25.211    0.932    1.925   21.622   41.767   58.498   74.227
CT2048:275           -92.758   -59.071   -27.658    -1.488   25.128   40.902
   41.409   38.860   39.705   38.410   35.071   29.539   19.996   17.988
   26.463   45.296   50.623   50.064   61.136   60.288   54.154   54.093
   45.234   20.444    -0.726    0.391   16.729   31.992   44.920   57.241
CT2048:270           -95.902   -70.166   -44.512   -20.898    6.008   21.473
   30.388   37.043   36.524   29.660   25.537   23.085   22.208   21.928
   21.671   13.148    9.892   -10.296   -45.004   -41.359    -5.914   17.793
   14.282    -4.441   -17.212   -10.069   16.406   37.594   45.467   48.081
CT2048:265           -92.577   -49.291   -11.787    4.756   10.556   18.379
   22.285   21.923   20.435   12.837    6.033    8.124   19.366   21.990
   20.520   28.317   25.322    -6.891   -31.323   -31.900   -26.442   -22.545
   -22.188   -23.225   -24.104   -15.847    7.501   32.064   49.488   63.271
CT2048:260          -101.029   -57.321   -11.630    6.380   12.336   20.461
   32.762   47.367   42.327   18.518    6.373    -1.996   -17.129   -24.028
   -21.046   -23.427   -18.751    5.595   31.167   32.979   19.625   13.415
    7.316    -5.892   -12.045    -7.994    6.420   24.029   44.350   67.791
CT2048:255           -82.892   -38.673    -2.931    6.153    -3.331    -0.387
   10.418   18.792   19.792   15.772    9.513    -2.584   -18.829   -25.072
   -32.961   -38.832   -28.934    8.698   47.142   57.752   61.481   62.649
   50.532   15.066   -14.409   -15.598    -0.479   17.178   35.131   54.492
CT2048:250           -79.674   -40.570   -10.098    -6.193   -22.812   -22.567
    -4.202   14.585   16.001    4.947    -4.954   -11.495   -15.064   -16.036
   -24.454   -32.994   -21.804   11.201   38.974   53.318   69.831   74.171
   61.429   26.309    -6.971   -11.691    3.005   15.269   25.328   36.529
CT2048:245           -80.536   -53.836   -23.670   -22.080   -45.659   -44.897
   -10.062   29.540   28.580    -3.535   -20.624   -25.070   -29.318   -26.875
    -7.100   20.062   36.482   56.734   79.752   85.924   87.551   90.163
   73.511   28.918    -5.803   -10.315    5.361   18.219   22.915   24.912
CT2048:240           -82.155   -52.233   -28.169   -30.381   -50.895   -49.208
   -15.472   18.931   18.950    -7.817   -23.521   -26.793   -26.016   -18.104
    6.210   40.514   58.368   70.317   75.972   78.236   68.586   51.423
   37.991   14.174   -10.362   -14.648    0.062   14.518   22.875   28.190
CT2048:235           -97.755   -61.783   -28.126   -19.738   -32.301   -31.379
   -13.704    1.837    2.002   -10.684   -16.700   -15.126   -12.358    -4.664
   15.446   40.220   54.455   67.565   77.051   76.873   65.844   55.115
   41.509   13.967   -13.496   -19.893    -8.165    3.365   10.570   16.172
CT2048:230          -106.346   -72.308   -32.466   -16.811   -18.943   -16.554
   -16.065   -19.430   -19.472   -15.158    -7.530    1.409   16.314   28.823
   35.872   40.669   44.438   44.663   41.338   41.141   50.677   61.274
   52.646   21.582    -9.958   -19.312   -14.971    -9.806    -5.752    -2.568
CT2048:225           -99.770   -64.416   -28.592   -11.491    -9.549    -6.666
   -16.011   -35.487   -35.268   -17.214    1.086   16.201   36.749   48.418
   53.061   49.570   45.395   31.725   11.742    9.873   31.548   56.865
   53.718   29.366    2.824    -8.063   -12.633   -14.474   -11.479    -4.496
CT2048:220           -89.355   -53.162   -21.353    -5.612    -0.052    1.990
   -13.105   -34.344   -33.270    -9.455   14.932   32.775   57.549   70.339
   68.597   57.201   50.446   37.337   18.893   14.138   21.278   29.771
   27.552   17.000    4.084    -2.530    -7.868   -10.625    -8.415    -2.657
CT2048:215           -86.629   -55.649   -27.752   -10.641    1.532    9.260
    -0.051   -19.588   -18.587    2.931   21.889   29.801   38.116   45.074
   38.271   31.602   29.720   28.340   24.203   17.699    6.984    -7.637
    -9.952    -3.633    1.510    2.707    6.059    7.351    7.091    8.408
CT2048:210           -93.182   -64.560   -32.642   -12.465    -0.948    5.430
    2.933    -3.409    -1.974    9.730   19.247   14.388   -10.981   -23.294
    -8.997   10.376   10.765   11.884   10.697    4.939    -7.866   -23.136
   -22.956   -16.030    -7.987    -1.619    8.281   16.458   18.941   18.502
CT2048:205           -86.780   -57.900   -32.448   -11.646   13.376   26.706
   18.959    7.518    2.240    -3.375    -5.580    -4.177    0.062    0.787
    7.092   13.661    4.407    -8.884   -37.694   -43.549   -32.886   -30.913
   -20.090   -14.968   -11.946    -7.375    -5.447    -0.104   11.787   28.686
CT2048:200           -80.272   -54.184   -30.200    -1.672   29.139   42.661
   28.638    5.865    -3.773   -16.994   -28.423   -19.770   15.509   24.459
   20.321   11.194   -19.154   -75.849   -91.550  -100.392   -93.908   -42.654
   -11.513    -9.349   -14.848    -6.871    -0.467    6.361   19.681   35.485
CT2048:195           -81.935   -59.142   -37.796   -11.067   26.887   43.934
   34.588   21.049   11.725    -7.809   -23.697   -31.956   -35.278   -45.275
   -37.777    3.684   -36.635  -283.480  -561.213  -529.614  -241.015   -22.425
   17.689    -1.331    -3.450    8.198   27.115   41.789   44.776   40.620
CT2048:190           -92.071   -76.811   -56.959   -28.705    5.847   22.447
   18.505    7.352    3.843    9.218    7.034   -30.077  -100.735  -141.572
  -165.973  -214.641  -255.360  -291.621  -291.150  -275.061  -218.988  -137.849
   -79.902   -43.301   -29.793   -17.665    1.740   23.011   38.369   49.649
CT2048:185           -88.782   -77.275   -64.468   -46.592   -20.518    -2.009
    8.906   17.724   16.387    5.149   -10.635   -28.428   -45.819   -70.142
  -158.099  -282.779  -326.638  -259.531  -154.224  -113.888   -61.785   23.192
   51.201   10.042   -26.254   -25.735   -11.303    7.926   33.441   66.089
CT2048:180           -92.254   -77.345   -59.900   -45.415   -35.570   -23.441
    -5.664   14.647   19.665   17.912   13.298    -1.916   -23.553   -44.661
   -73.052   -92.009  -111.591  -163.582  -218.605  -193.997   -66.659   38.033
   62.491   18.756   -24.517   -22.265    -1.074   22.832   45.320   68.786
CT2048:175           -87.209   -69.446   -52.928   -43.469   -43.942   -37.617
   -22.174    -2.322    6.900   16.326   21.589   10.029   -24.630   -39.545
    -6.235   70.991   80.594    -9.218  -118.840  -140.961   -91.012   -28.432
    -6.074   -11.847   -24.096   -13.180   12.319   36.276   55.855   73.058
CT2048:170           -86.049   -71.794   -57.778   -45.286   -33.723   -23.058
   -17.949   -13.723    -9.217    -5.535    -1.512    -3.626   -16.055    -7.294
   38.344  108.868  115.266   26.528  -108.822  -161.247  -138.893   -77.525
   -55.352   -41.403   -28.065   -11.000   13.225   38.249   60.858   83.294
CT2048:165           -87.835   -77.521   -66.532   -51.893   -32.427   -16.914
    -6.552    2.887    5.821    -9.965   -21.451   -14.486    -8.313   21.375
  106.523  244.177  270.381  139.879   -76.439  -151.047  -125.551   -86.083
   -78.892   -61.669   -39.781   -18.281   10.460   38.053   62.019   84.928
CT2048:160           -99.748   -83.287   -65.455   -47.205   -24.801    -7.300
    9.485   27.058   32.451   16.666   11.678   22.007   17.802   45.986
  183.124  391.544  436.762  357.308  238.537  155.647   44.619   -48.077
   -74.931   -63.355   -44.289   -26.512    -0.533   28.653   57.182   85.614
CT2048:155          -108.145   -81.926   -53.221   -30.198    -7.030   10.965
   16.484   16.518   27.494   42.449   59.615   91.702  130.574  160.781
  255.147  365.027  385.361  380.773  338.232  269.815  114.952   -36.037
   -71.294   -57.967   -44.159   -29.075    -6.103   21.086   48.024   81.306
CT2048:150          -104.893   -83.663   -62.036   -38.945    -8.214   12.989
   15.880   11.756   23.472   46.073   67.466  121.462  233.385  276.646
  270.780  266.665  256.441  218.724  177.090  142.587   72.355   -12.907
   -36.183   -27.680   -15.650    -2.721   14.389   32.505   51.790   72.813
CT2048:145          -107.613   -84.125   -60.270   -37.155   -12.379    6.066
   12.542   14.957   25.984   44.184   63.665  111.398  232.245  263.090
  128.320   -68.105  -123.768   -99.188   -49.790   -38.652   -33.300   -39.815
   -26.856    -5.929   11.212   25.596   38.110   48.408   59.031   69.424
CT2048:140          -107.979   -80.498   -51.505   -30.122   -15.494    0.120
   11.572   19.197   26.823   35.670   45.821   50.669   65.027   37.047
  -126.061  -408.680  -492.078  -391.655  -255.748  -215.446  -146.582   -54.711
   -12.249    6.424   22.234   39.509   54.002   64.118   68.071   67.876
CT2048:135           -98.760   -75.290   -53.099   -33.483   -15.198    2.084
   19.849   38.004   41.085   24.298    8.295   -11.634   -56.885  -104.296
  -190.820  -305.190  -362.183  -436.501  -428.780  -393.185  -284.944  -116.955
   -56.667   -22.655   11.614   32.748   45.067   56.598   68.400   79.129
CT2048:130           -96.483   -78.319   -59.325   -41.098   -23.872    -6.526
   18.150   46.275   48.337   36.679   30.412    -1.622   -54.032   -78.999
   -89.205   -81.571  -105.538  -315.179  -650.048  -635.173  -336.479  -134.625
   -92.951   -59.826   -23.263    0.842   30.990   59.928   82.360  102.442
CT2048:125           -95.239   -82.126   -67.216   -48.799   -24.855    -4.397
   16.706   37.959   35.619    5.990   -17.736   -27.739   -37.049   -34.172
   33.297  158.578  204.269  256.097  393.579  380.407  171.344   25.984
    -6.962   -26.152   -40.990   -30.530    7.702   46.148   75.517  101.672
CT2048:120           -94.680   -82.580   -67.239   -45.650   -16.765    4.883
   19.437   30.584   24.179   -16.970   -51.051   -44.742   -18.556    2.226
   49.245  104.899  170.674  407.444  671.168  682.473  466.925  224.475
  139.388   55.113   -33.957   -52.734   -14.028   32.046   69.862  105.715
CT2048:115           -91.957   -74.936   -57.590   -37.325   -12.802    4.335
   22.347   40.172   35.758    1.348   -15.711   -13.664    7.696   28.388
   35.314   39.645   88.186  210.985  320.895  352.596  370.724  345.948
  273.839  106.575   -39.730   -63.828   -17.257   28.642   65.173  107.758
CT2048:110           -91.963   -78.613   -62.117   -37.713    -3.272   20.137
   29.030   32.040   27.771    3.669   -15.448   -11.305    2.598   12.588
    8.447   -22.405    0.153   62.920  108.731  137.512  194.123  215.373
  171.327   73.891   -26.008   -50.856   -18.984   20.371   53.046   85.916
CT2048:105           -80.186   -72.684   -63.957   -40.199    -2.065   22.573
   27.387   24.054   21.741    8.518    -2.875    1.301   13.736   22.773
   27.004   22.874   41.648   81.517  133.418  143.617  112.804   77.802
   46.347    3.197   -38.675   -41.819   -11.438   21.809   48.414   73.730
CT2048:100           -69.899   -66.892   -69.703   -54.317   -18.592    2.414
   15.426   27.280   28.579   17.940   16.945   18.775   28.214   40.637
   57.078   90.444  112.491  120.443  143.527  133.891   59.282    -9.882
   -34.688   -34.817   -29.234   -22.227    4.326   31.304   53.866   77.052
CT2048:095           -76.410   -73.271   -67.113   -53.484   -33.374   -16.823
    -4.870    5.046    8.050    1.007    -5.658    1.553   14.577   23.969
   44.206   68.217   80.328   88.014   85.910   68.201   12.681   -44.438
   -64.170   -52.350   -29.592   -14.089    9.937   35.170   57.314   77.302
CT2048:090           -82.665   -72.455   -62.110   -50.121   -36.063   -22.240
   -11.234    0.185    5.651    5.557    6.058   10.170   17.349   22.927
   33.121   45.684   51.856   52.634   51.316   37.105    -6.998   -52.006
   -65.145   -50.875   -28.654   -11.923   12.106   35.010   55.800   76.880
CT2048:085           -75.187   -58.749   -44.980   -32.375   -19.873    -8.113
    -2.804    -1.808    2.521   12.501   21.450   21.534   16.243   15.305
   20.710   35.479   44.579   44.414   46.795   35.598    -6.374   -54.154
   -67.750   -54.279   -34.498   -18.178    5.108   30.306   56.278   83.887
CT2048:080           -86.447   -61.785   -37.458   -21.356   -12.906    -3.916
    5.237   14.919   20.461   26.951   33.153   26.493    5.885    -4.243
    -6.060    -7.424    -4.371   14.037   39.231   38.604   13.511   -17.782
   -29.913   -35.096   -38.418   -26.502    2.496   33.536   64.251   97.453
CT2048:075          -102.376   -67.941   -27.362    -8.055    -9.881    -4.217
    9.610   23.891   26.943   19.085    8.694    1.780   -13.121   -24.809
   -27.929   -36.777   -37.377   -13.220   15.020   22.074   27.671   31.165
   22.595   -13.437   -50.355   -40.997    3.109   46.513   79.815  111.460
CT2048:070           -89.233   -53.433   -22.216    -6.910    -5.727    1.764
   17.236   36.331   38.557   19.194    1.368    -2.631    3.459    4.986
    -4.847   -13.478   -16.877   -22.447   -23.203   -16.264    8.999   37.312
   37.223    6.404   -30.044   -24.754   13.309   52.107   83.314  113.230
CT2048:065           -92.977   -56.535   -21.560    -3.622    -1.382    5.463
   19.869   39.362   41.107   18.162    -0.994    -4.886    -3.095    -6.496
   -11.221   -17.905   -26.155   -47.064   -74.001   -70.258   -27.277   19.581
   26.896    0.742   -29.960   -23.403   11.489   51.376   85.636  116.425
CT2048:060          -101.683   -62.853   -18.492    2.789    -0.107    3.560
   13.872   20.834   20.738   14.407    7.764    1.687    -0.695    -1.756
   -13.867   -30.287   -41.559   -58.814   -75.360   -72.166   -43.893    -6.821
    1.071   -14.025   -29.966   -18.525   18.481   55.839   87.988  120.737
CT2048:055           -93.952   -61.124   -32.795   -16.126    -8.495    1.423
   10.856   24.096   26.236    6.130    -8.641   -10.911    -9.704   -10.031
   -15.370   -18.014   -25.927   -49.279   -81.092   -85.051   -57.884   -26.494
   -20.014   -32.639   -45.826   -33.390    1.783   42.591   77.280  108.885
CT2048:050          -102.143   -85.580   -70.750   -51.727   -20.480    0.762
    3.213    -3.562    -0.053    9.827   17.337   19.717   12.003    1.607
   16.066   31.648   23.960    5.251   -16.609   -25.029   -25.666   -23.746
   -21.456   -21.011   -21.253   -11.443    6.881   27.624   52.828   83.282
CT2048:045          -100.083   -77.765   -56.454   -35.008   -11.608    6.609
   13.040   16.422   24.949   43.186   62.908   74.755  102.160  116.484
  101.975   84.632   71.994   48.847   28.941   17.905    7.063    -1.272
    -3.140    -6.565   -10.210    -3.318   12.633   30.532   50.546   73.674
CT2048:040          -100.818   -77.963   -53.379   -28.058    -0.366   21.452
   30.931   33.610   42.830   62.464   81.808  100.324  135.726  148.394
  123.643   65.552   33.412   27.239   16.918    6.990    4.590    -0.141
    -2.754    -7.273   -13.738    -7.175   10.336   28.488   47.752   69.542
CT2048:035           -95.912   -77.710   -59.895   -32.392   10.871   41.301
   49.884   46.789   51.877   69.397   87.299   97.662  110.941  109.930
   91.268   42.882   11.385    0.293    -7.757   -12.900    -9.086    -3.679
    -3.277    -9.390   -16.736   -10.689    9.542   32.237   52.612   73.535
CT2048:030           -94.087   -81.535   -66.534   -37.410   19.260   59.240
   64.564   52.453   50.612   58.760   61.410   59.273   55.710   45.725
   31.016    7.628    -8.975   -20.992   -36.415   -38.329   -25.898    -9.603
    -4.646   -13.185   -23.425   -16.527    8.890   34.669   55.910   77.670
CT2048:025           -91.150   -76.963   -63.294   -33.016   20.215   54.857
   58.789   47.193   40.867   45.810   52.492   31.709   -17.356   -43.934
   -46.352   -31.384   -28.164   -40.631   -58.631   -53.895   -32.433    -5.131
    4.295    -8.702   -29.836   -26.310    -1.023   30.750   57.473   82.036
CT2048:020           -92.052   -77.430   -66.607   -40.370   15.837   52.245
   50.821   32.601   17.927    -4.047   -33.197   -60.490  -107.558  -133.497
  -120.828   -78.570   -62.219   -68.479   -87.507   -74.737   -19.931   44.980
   58.053   21.863   -17.434   -16.844    9.060   36.719   57.625   79.162
CT2048:015          -113.585   -91.544   -63.654   -30.409   12.152   38.461
   38.682   30.532    7.220   -51.907  -106.985  -143.668  -189.773  -210.750
  -187.643  -126.157   -99.339   -88.829   -87.181   -63.358    -7.781   55.464
   74.698   52.458   17.035   12.413   26.096   44.547   60.106   74.943
CT2048:010          -122.608   -91.794   -60.104   -29.157   12.985   37.297
   31.415   17.567   -12.818   -94.398  -171.168  -204.474  -224.611  -232.420
  -215.414  -152.064  -117.589  -113.914  -104.611   -70.910    -2.970   73.786
   96.496   66.655   26.217   23.386   41.605   59.198   71.764   85.100
CT2048:005          -123.064   -86.478   -49.897   -16.447   24.923   48.395
   28.733   -13.770   -48.227   -96.512  -143.784  -176.218  -209.778  -229.468
  -230.653  -219.130  -201.808  -184.574  -155.188  -114.870   -38.353   50.292
   80.417   60.108   27.002   22.495   34.840   50.118   62.522   74.255
CT2049:360          -127.175   -91.833   -52.129   -15.474   25.832   46.194
   21.041   -28.364   -59.384   -77.832   -91.720  -118.999  -165.385  -184.414
  -205.308  -248.580  -254.403  -227.897  -187.496  -151.353   -76.492   16.304
   49.390   39.187   16.170   15.732   27.320   40.829   51.351   61.378
