
filled_synop: 30 data points in equal steps of sine latitude from +14.5/15 to  -14.5/15

CT1979:360           -35.114   -21.729    -9.177   -21.631   -45.641   -94.207
  -250.335  -456.411  -526.120  -491.577  -384.183  -328.255  -178.637   -55.076
  -104.928  -293.820  -369.309  -311.721  -159.973   -99.610  -112.356  -144.939
  -139.308  -121.706  -110.086   -85.332   -36.333   21.318   79.134  140.990
CT1979:355           -30.738   -12.485    9.681   -25.659  -114.785  -179.834
  -258.134  -342.966  -351.470  -253.378  -164.220  -119.150   -95.194   -92.556
   -97.288  -147.752  -175.709  -166.815  -163.634  -160.838  -135.182  -113.037
  -103.160   -89.519   -55.832   -26.105   10.351   49.697   94.250  145.822
CT1979:350            -8.270    -6.754    -7.372   -46.653  -116.102  -168.970
  -223.595  -275.450  -263.105  -135.585   -19.606    3.061   -57.144   -97.140
   -69.794   11.011   43.198    -5.300   -91.751  -115.157   -95.738   -71.225
   -67.011   -83.450   -93.557   -69.513   -13.341   50.810  117.855  194.314
CT1979:345           19.199   29.320   19.593   -24.585  -103.873  -155.216
  -168.927  -168.306  -142.560   -49.974   28.502   45.420    3.520   -30.586
   -34.491   -20.233   -17.197   12.818   74.041   92.929   22.933  -103.715
  -145.068  -138.003  -124.021   -99.913   -28.909   57.085  135.944  219.321
CT1979:340            8.036    6.071    -1.375   -31.541   -89.963  -129.234
  -131.159  -123.513   -95.266   -23.404   36.067   48.203   33.255   10.234
   -54.348  -197.119  -266.618  -183.702   -29.004   35.409   33.858   -15.935
   -46.636   -93.204  -152.814  -149.202   -64.273   51.752  151.010  251.886
CT1979:335           20.808    0.866   -18.370   -56.456  -126.242  -164.304
  -137.930   -88.030   -53.628   -17.059   12.326   16.864   11.674    -9.316
  -103.999  -266.802  -317.306  -284.551  -129.916   -28.343   40.522  124.912
  132.676   18.666  -175.570  -219.552   -99.439   58.798  175.593  282.904
CT1979:330           21.196    1.265   -21.645   -78.402  -165.296  -202.067
  -153.585   -72.234   -33.323   -26.363   -24.321    -8.978    3.161   -21.472
  -147.195  -433.545  -551.537  -455.283  -242.567  -133.969    -0.710  160.386
  180.190   42.351  -200.249  -259.313  -153.007   22.491  171.880  304.408
CT1979:325           15.580    -6.855   -20.990   -75.803  -184.539  -225.574
  -169.956   -77.869   -36.674   -11.279   26.618   47.835   73.768   74.931
   -26.987  -284.733  -391.092  -309.165  -133.795   -51.849   21.584  137.844
  146.583    9.064  -222.925  -271.096  -151.201   21.457  157.007  299.694
CT1979:320           35.617    -5.909   -52.661  -116.675  -204.884  -239.502
  -191.788  -112.617   -68.566   -44.879   -26.075   37.422  170.317  242.163
  242.722  252.079  235.179  117.307   -69.734  -112.162    -4.866  137.491
  149.307   25.918  -180.643  -239.385  -141.178   11.206  142.481  264.915
CT1979:315           33.915    -7.828   -54.838  -114.353  -199.390  -239.688
  -207.409  -147.641  -100.588   -37.291   25.270   83.278  159.953  217.814
  310.211  503.886  546.415  384.193  101.447    -7.676   31.116  135.769
  147.548   31.948  -168.493  -214.821  -110.156   35.684  144.697  242.654
CT1979:310           -15.406   -38.772   -68.420  -112.026  -181.138  -214.548
  -188.311  -138.777   -98.796   -44.828    7.288   59.819  114.082  164.194
  230.532  344.693  337.376  194.112   -76.645  -189.964  -125.822   35.730
   82.740    -6.074  -182.103  -220.690  -115.345   29.357  141.815  242.089
CT1979:305          -109.194   -99.308   -78.177  -103.317  -160.394  -185.067
  -158.570  -114.101   -91.013   -75.105   -38.640   13.200   80.707  115.839
  154.739  161.030   93.506  -104.561  -425.526  -522.944  -380.501  -105.037
   -22.074   -73.801  -204.159  -210.910  -120.991    8.405  124.673  237.700
CT1979:300          -144.868  -110.126   -61.960   -73.391  -130.535  -152.331
  -151.886  -142.386  -136.097  -168.319  -179.197   -94.230  158.135  301.795
  219.659   79.353   -14.061  -269.980  -633.724  -718.892  -531.554  -197.148
   -99.888  -119.253  -177.229  -154.507   -71.575   30.680  124.416  220.791
CT1979:295           -68.340   -75.897   -85.673  -101.952  -122.879  -135.695
  -148.707  -164.652  -165.214  -180.944  -167.672  -134.470   -32.385   39.799
    4.303   -57.966  -110.968  -272.099  -494.198  -561.266  -484.498  -307.277
  -232.150  -189.567  -150.434  -102.761   -33.711   42.073  112.017  178.649
CT1979:290           -23.387   -45.330   -67.770   -84.649  -103.292  -108.775
   -99.429   -87.413   -76.285  -103.764  -125.544  -122.466  -175.654  -230.586
  -182.335  -113.168  -110.843  -109.628   -72.563  -102.383  -220.390  -352.611
  -380.579  -289.080  -140.074   -59.606    -4.845   40.882   86.474  131.852
CT1979:285           -25.104   -43.619   -59.639   -59.117   -45.168   -29.004
    -5.027   27.399   78.802  144.801  175.545  186.077  123.415   74.008
   61.728   36.325   37.053  158.369  312.326  271.600   30.238  -349.068
  -454.485  -334.771  -106.060   -13.063   13.485   24.988   58.321   97.502
CT1979:280           29.303   -13.256   -55.423   -53.591   -32.666   -11.922
   29.440   71.121  166.511  451.091  653.922  649.167  548.090  515.241
  437.413  335.795  340.280  516.639  821.541  798.008  344.144  -288.708
  -468.212  -358.500  -126.497   -21.710   30.547   68.375  120.279  179.630
CT1979:275           77.402   20.034   -48.764   -64.959   -61.365   -54.083
    -8.633   48.336  113.317  277.329  407.876  381.422  187.186   89.922
  136.854  179.586  203.091  317.497  453.559  415.136  200.204  -129.165
  -244.938  -195.820   -84.196   -14.964   56.313  123.099  194.399  271.288
CT1979:270            4.848   -19.038   -42.300   -55.176   -65.118   -66.351
   -60.793   -55.284   -39.405   -63.052   -85.877   -46.906   -15.565   -18.010
   16.801   52.419   64.409   97.381  142.256  125.587   60.783   -20.871
   -67.385   -64.877   -37.242    9.526   82.589  156.111  228.907  301.624
CT1979:265           -60.520   -56.183   -50.181   -54.329   -67.264   -85.766
  -118.925  -144.826  -163.299  -238.815  -263.989  -197.843    8.153  130.137
   76.281    2.466   -14.500   -54.086  -138.294  -162.670  -110.351   -53.965
   -47.157   -45.570   -35.055    2.002   80.198  169.318  249.669  324.036
CT1979:260           -87.445   -80.110   -69.578   -71.752   -69.811   -82.964
  -169.762  -255.766  -269.988  -283.617  -241.723  -193.789   -63.594    6.753
   -18.176   -42.390   -53.850   -78.928   -12.692   18.593   -50.245   -71.313
   -63.953   -62.301   -78.317   -46.415   58.034  181.229  273.972  361.457
CT1979:255           -66.054   -67.645   -73.866   -82.784   -88.736  -105.763
  -190.618  -307.190  -291.631  -189.930  -120.649   -65.806   -24.140   -43.267
   -68.295  -155.398  -204.007  -207.015  -208.201  -166.989   -23.893  120.176
  139.883   72.393   -18.876   -16.541   78.873  197.185  291.636  374.492
CT1979:250           -30.790   -47.588   -65.438   -79.446   -96.498   -96.479
   -41.879   33.553  131.986  263.083  303.352  381.062  436.829  354.297
  206.733  -138.925  -271.969  -160.025    -1.028   79.692  204.407  290.310
  276.554  173.479   31.297    9.473   96.748  204.970  281.333  345.850
CT1979:245            0.582   -23.119   -44.853   -76.960  -154.153  -178.359
    2.217  324.428  485.093  810.909 1154.725 1130.910 1116.397 1164.861
  641.948   -36.124  -173.638   61.218  514.750  641.859  480.795  297.035
  239.853  158.202   44.014   25.895   96.546  183.064  250.934  318.732
CT1979:240           -34.978   -63.894   -83.463   -84.732   -72.203  -106.113
  -370.869  -696.579  -553.743  179.833  644.765  546.857   -31.507  -388.355
  -367.648  -311.459  -277.207   -76.556  215.458  317.629  296.791  195.525
  147.783   81.339    -2.596   -16.863   34.855  106.090  172.278  240.520
CT1979:235           -35.108   -65.580   -94.929   -87.046   -23.288   -50.782
  -444.892  -926.163  -841.317  -236.799    9.476   -58.589  -541.042  -806.093
  -713.040  -477.655  -385.071  -234.177   -91.003   -20.379   26.675   44.492
   40.876   26.722   12.914   19.116   67.378  126.576  168.919  207.275
CT1979:230           -48.814   -74.234   -87.236   -40.121   43.976   51.119
    0.875   -25.328    3.650  338.062  712.520  446.684  -136.287  -291.542
  -287.214  -126.883   -38.193   -70.692  -107.786   -77.993   -40.731   13.531
   29.598   19.783   15.070   20.319   37.102   61.649   94.161  133.529
CT1979:225           -28.976   -53.229   -84.210   -25.794  115.644  156.307
  185.754  207.078   82.317  -489.622  -942.786  -753.431  -335.057  -230.315
  -150.548   -58.538   -19.307   -19.076   -35.421   -18.671    -4.188   23.672
   33.406    -3.003   -59.113   -59.572   -11.206   42.036   71.261   96.916
CT1979:220           -69.276   -75.924   -70.370   -15.862   73.328  102.780
   83.333   18.103  -140.485  -621.050  -930.171  -822.693  -331.269   -98.339
   -98.657  -156.011  -149.940   -95.215   -32.882    -2.336   27.190   61.050
   70.192   33.975   -15.257   -16.054   22.585   75.844  123.518  162.975
CT1979:215           -70.408   -80.864   -80.032   -43.340   47.546   77.804
   20.737   -70.800  -201.512  -472.784  -636.303  -575.739  -273.001  -102.918
  -114.305  -216.846  -224.938  -142.694    7.353   69.496   61.671   59.287
   61.816   35.059    -4.978    0.347   54.031  111.730  157.376  202.796
CT1979:210            3.026   -39.162   -73.160   -37.445   32.531   44.490
   -21.832  -101.286  -167.896  -242.813  -261.256  -241.568  -144.018   -80.727
  -102.222  -205.004  -217.721  -173.404  -150.087  -119.960   -28.333   35.833
   43.746   20.397   -11.213    0.223   54.527  120.251  176.392  227.472
CT1979:205           67.505    1.822   -72.535   -59.264   21.311   33.227
   -48.967  -150.063  -177.364  -157.832  -150.892  -121.626   -46.549    -9.393
   -36.291   -81.756   -72.432   -41.670   22.691   45.858   29.716   13.488
    4.788    -8.183   -24.093    -6.088   62.503  137.802  193.943  245.464
CT1979:200           -36.483   -38.382   -27.484   -18.380   -11.882    -9.936
   -23.109   -33.150   -27.824   -10.221    -0.746    1.739   -10.605   -21.007
    -1.298   22.123   35.205   82.808  136.028  136.892   86.471   36.584
   13.861   -21.120   -53.358   -41.079   11.106   75.318  131.689  183.846
CT1979:195          -111.935   -58.045    1.613   10.574   -16.758    -6.232
   30.623   73.492  117.425  177.936  190.950  180.599  122.392   86.273
   83.689  110.565  117.121  110.903   83.034   62.980   11.770   -63.868
   -82.377   -56.354   -21.443    -1.710   30.051   64.184   93.651  122.587
CT1979:190           -14.044   -24.246   -37.959   -35.506   -28.726    -0.502
   74.966  162.514  244.855  401.858  490.611  403.975  185.637   84.828
   70.135  104.635  105.996   97.428   79.027   63.262   20.376   -31.907
   -48.421   -47.228   -37.164   -18.374   15.934   56.293  104.244  156.436
CT1979:185           55.302    7.047   -44.189   -47.911   -43.303   -17.204
   50.557  124.572  230.578  475.929  608.051  485.693  157.559   -10.043
   -47.278   -47.979   -61.458   -30.060   34.389   49.807   36.457   10.685
    -0.265   -30.668   -80.828   -58.875   58.800  174.221  214.008  215.813
CT1979:180            -5.641   -36.244   -56.422   -50.686   -30.586    1.208
   31.901   71.847  177.046  389.549  499.595  443.921  243.130   86.396
   -67.083  -253.991  -317.416  -209.150   -86.865   -44.227    2.233   55.422
   56.849    -0.095   -65.565   -57.499    8.640   86.131  136.423  166.998
CT1979:175           -36.081   -51.472   -61.318   -55.286   -37.802    -9.856
   10.859   43.747  160.906  438.364  633.383  564.449  349.637  170.196
   -41.807  -273.398  -358.880  -308.862  -206.737  -146.479  -101.038   -61.255
   -47.308   -55.856   -58.525   -43.611   -22.200    4.419   41.198   84.397
CT1979:170           -43.936   -49.057   -55.998   -49.602   -40.943   -15.010
    1.620   35.902  146.980  396.283  601.264  531.489  380.971  215.653
  -108.466  -440.785  -536.853  -462.953  -185.833   -77.685  -134.073  -225.293
  -218.106  -142.935   -43.343    -8.498    2.440   14.820   29.895   54.301
CT1979:165           -54.734   -63.529   -67.576   -66.739   -82.039   -51.707
    2.022   80.651  186.294  229.825  196.841  289.062  353.967  189.579
  -339.091 -1184.858 -1375.811  -818.347  -156.640   -15.641  -121.622  -238.885
  -229.480  -156.956   -73.231   -38.315   -23.497    -5.545   28.002   69.910
CT1979:160           -41.245   -77.116   -99.993   -95.719   -84.178   -38.594
   46.771  160.445  376.167  896.080 1221.142 1096.046  723.265  448.084
    1.727  -576.354  -733.620  -498.419  -150.996   -48.137    -1.475   20.259
   17.581    -4.127   -11.069    3.096   27.051   52.768   82.947  116.111
CT1979:155           -29.598   -65.467   -94.088   -79.543   -57.474    2.386
  103.573  229.865  546.530 1334.986 1805.576 1611.882  960.503  628.707
  515.272  508.971  440.357  319.691  204.782  164.740  151.971  119.857
   88.507   54.829    8.409   11.904   59.195  106.262  130.047  151.779
CT1979:150           -79.657   -95.569  -103.934   -72.034   -23.132   58.667
  178.538  320.136  616.007 1350.401 1738.599 1479.044  703.832  409.399
  734.661 1273.740 1310.065  980.144  523.755  360.161  238.738  104.530
   38.594    4.759   -22.094    -4.640   59.798  121.045  153.081  167.856
CT1979:145           -73.037   -74.204   -66.210   -37.605    1.298   78.597
  260.430  432.861  450.255  315.104  225.073  249.594  312.855  363.704
  534.179  787.821  822.728  705.722  519.737  388.959  140.574  -108.762
  -177.963  -124.267   -16.606   14.968   31.350   48.829   60.713   73.835
CT1979:140           -79.936   -61.519   -39.779    -3.103   32.816   91.790
  278.705  439.759  284.615  -342.708  -641.833  -453.132  112.186  341.572
  275.386  128.451  108.300  184.581  193.440  146.694   -43.840  -297.355
  -327.304  -153.514   17.997   37.233    -3.311   -30.661    -9.016   40.670
CT1979:135           -60.602   -47.216   -31.321    7.122   65.274  116.114
  235.300  308.798   85.215  -587.648  -875.189  -697.727  -204.499   -25.824
   18.632   -63.359   -91.634   -67.365   42.850   97.573  185.774  285.071
  281.937  172.242   60.472   23.546   24.870   32.677   33.664   31.842
CT1979:130           -50.138   -22.070    1.900   47.288  114.999  141.540
  176.044  176.819   -74.791  -836.319 -1176.600  -772.667  264.419  595.700
  182.012  -368.553  -473.261  -397.772  -118.383    9.703  255.797  589.340
  620.171  378.761  123.887   61.887   71.547   76.804   49.757    5.622
CT1979:125           -90.118   -80.363   -58.678    -1.402   89.556  115.885
   75.625    3.101  -181.020  -645.485  -853.612  -534.151  266.724  531.918
  110.338  -698.789  -885.045  -725.369  -670.024  -541.219   -56.235  398.079
  481.798  351.838  163.054   82.320   50.148   27.150    -2.756   -32.629
CT1979:120          -117.199   -98.605   -66.872    -4.524   86.395  116.589
   68.354    -7.148   -69.780  -193.771  -272.012  -178.517    5.215   95.879
  166.898  234.389  218.815   28.558  -193.966  -191.110    -0.622  179.900
  219.299  179.759  115.406   66.306   14.566   -27.769   -55.246   -70.310
CT1979:115          -139.410   -98.320   -56.703   10.489  109.487  145.882
  121.610   82.942  122.617  361.259  491.003  281.342  -199.667  -281.107
  207.801  965.589 1094.415  783.692  642.961  577.193  319.473  138.504
  121.661  141.362  140.262   97.548   42.255    -9.323   -56.742  -102.044
CT1979:110           -87.000   -71.277   -46.597    -5.642   45.147   63.865
   54.531   42.950   88.422  260.031  337.983  224.157   -55.741   -96.742
   69.283  269.190  343.081  406.899  318.946  297.682  342.590  347.358
  316.787  237.788  157.561  107.781   51.515    -3.911   -40.926   -65.468
CT1979:105            -7.914   -19.060   -25.992    -0.289   34.038   17.141
   -82.558  -176.655  -170.434  -102.731   -93.082   -58.934   -63.050   -57.670
   -35.664   -20.785   10.582   79.215  120.963  144.035  225.120  295.818
  292.896  214.417  130.556   99.414   58.305   15.579    -1.903    -6.035
CT1979:100           24.854    0.882   -25.011    3.504   75.623   57.751
  -106.761  -262.869  -280.698  -198.264  -132.643  -116.391   -64.331   -30.032
   -46.441   -54.861   -52.834   -62.412   -36.965   -19.466    8.434   33.092
   68.021  118.706  138.074  140.821  159.482  167.288  130.568   65.665
CT1979:095            -6.928   -33.810   -40.772    5.546   73.514   51.360
  -104.083  -249.275  -297.746  -332.527  -327.715  -259.730  -135.747   -80.634
   -70.243   -51.660   -84.681  -231.414  -371.404  -379.713  -265.651  -130.384
   -59.184   27.013  109.196  143.842  138.822  117.576   90.238   53.135
CT1979:090           51.154    -3.801   -64.351   -56.054    2.414   -12.116
  -121.739  -225.792  -262.246  -299.687  -292.808  -205.023  -128.532  -114.616
   -26.914   -19.977   -86.892  -302.180  -528.929  -569.694  -455.177  -315.919
  -240.520   -97.545   61.932  113.863   47.766   -16.123   -18.467    1.112
CT1979:085           21.200   -32.037   -74.536   -88.357   -90.899  -109.123
  -140.722  -178.874  -197.999  -186.423  -151.451    -0.352  352.679  468.499
  246.994   -19.442  -103.102  -180.389  -254.940  -334.887  -502.739  -627.278
  -570.453  -304.123   -17.120   82.402   74.668   42.777   35.282   48.163
CT1979:080            7.504   -45.828   -86.432   -97.106   -93.683  -100.919
  -111.885  -128.132  -145.481  -153.644  -140.505   -54.322  129.341  203.118
  108.213   -44.055   -72.078   -23.791   33.471   -51.221  -393.960  -718.081
  -723.804  -451.835  -100.439   32.845   46.241   58.418   90.150  119.127
CT1979:075            4.570   -48.151   -89.993   -97.889   -80.059   -75.760
   -65.225   -60.478  -110.013  -242.828  -343.790  -394.450  -507.122  -545.924
  -388.030  -208.116  -130.848   21.601  194.627  155.858  -220.392  -613.033
  -652.230  -421.550  -119.359    -3.824   49.305   99.172  135.652  164.525
CT1979:070           20.502   -38.361   -85.224   -92.022   -77.350   -65.193
   -17.591   22.922   -24.228  -174.612  -277.780  -353.563  -468.524  -480.874
  -401.142  -270.342  -178.036    -2.804  177.323  213.868   71.012  -152.908
  -177.763   -92.998   -44.804   -25.824   31.047   95.879  139.109  173.416
CT1979:065           39.155   -11.736   -65.210   -75.646   -81.655   -81.450
   -25.397   11.582   -17.323   -64.678   -96.625  -134.014  -143.460  -129.968
  -170.820  -189.407  -133.583    -9.299  118.001  235.885  575.599  897.265
  841.234  421.622   59.122    -5.337   20.742   55.293   96.958  155.450
CT1979:060            -2.159   -31.523   -49.693   -28.455   19.536   26.946
   -12.826   -55.926   -96.234  -153.008  -183.352  -162.732   -93.051   -63.618
   -68.707   -98.561   -72.012   -17.680   62.836  190.370  501.579  739.122
  735.220  478.645  135.402   32.375   50.438   84.159  111.016  139.454
CT1979:055           -28.898   -37.849   -38.519   -13.500   34.448   36.575
   -35.938  -112.129  -188.033  -329.672  -391.573  -293.505   -96.793   -23.846
   -13.301   -26.518   -21.148   -48.689   -73.399   11.428  229.100  433.632
  460.413  325.825  142.923   83.766  108.433  125.682  118.633  105.523
CT1979:050           -21.417   -29.204   -39.102   -18.601   24.008   36.290
   -24.580   -92.109  -162.875  -309.735  -372.041  -293.619   -73.047   25.329
   37.707   38.626   32.971   -21.418   -82.628   -43.841   91.998  250.048
  287.396  239.326  175.711  141.916  129.151  115.789   98.782   81.692
CT1979:045           -42.696   -50.666   -44.858   -13.990   27.061   52.414
   64.733   53.303   42.062   -45.087  -120.553   -77.238   45.171   89.528
   81.553   62.775   42.528   19.448    -8.644    4.428   58.289  122.793
  143.594  132.990  114.036   97.635   91.419   85.938   84.586   89.326
CT1979:040           -81.380   -76.057   -53.547    -6.356   51.430  147.260
  407.631  607.891  619.284  478.632  381.839  357.212  275.602  203.417
  143.353   59.389   13.465   33.075   72.068   68.068   26.916    7.524
   20.891   37.045   55.629   68.440   80.893   96.088  113.555  129.578
CT1979:035           -82.878   -53.804   -24.408   34.904   99.440  183.863
  573.370  980.168  969.756  821.021  828.554  683.634  470.523  381.303
  235.620   64.952   -13.599   -70.858  -105.944  -100.113   -61.400   -18.876
    -8.498   -25.709   -34.127    -3.788   74.421  146.949  184.239  204.169
CT1979:030           -55.226   -20.292   18.215   61.380  104.599  140.872
  129.433  174.625  198.155  218.116  293.886  322.173  390.210  368.534
  215.200   13.088   -80.380  -162.659  -283.544  -264.864  -118.097   -29.160
   -10.813   -10.415    -3.891   18.007   53.183   94.670  140.441  191.066
CT1979:025           -40.857    -5.986   24.098   59.773   99.064   38.024
  -432.777  -885.982  -749.336  -327.675  -186.062   75.865  426.451  443.219
  208.672   -34.057  -124.008   -39.228  116.082  120.744   38.887    -3.235
    -3.301   -14.155   -18.444    7.504   55.528  109.250  159.350  204.925
CT1979:020           -31.627   -15.008    -3.194   40.146  124.830  122.117
   -25.230   -78.314    7.239  277.514  405.331  543.559  453.451  337.145
  205.650  -107.432  -212.749  -107.949    -0.130   10.616   -11.652   -38.166
   -32.579   -37.779   -40.628    -4.505   81.012  159.729  207.047  239.746
CT1979:015           -41.118    0.748   39.374   82.030  113.719  131.143
  204.199  249.751  359.999  932.826 1360.890 1120.417 1058.583 1079.693
  526.432   -51.905  -196.324  -217.665  -230.490  -207.079  -114.860   -48.823
   -32.879   -50.041   -62.626   -31.350   34.343  108.653  173.743  231.126
CT1979:010           -84.100   -11.365   56.154   98.834  132.563  150.104
  191.158  174.304   -93.110 -1031.775 -1598.662  -983.453  -108.662   85.258
   63.222  -100.195  -176.262  -211.033  -218.775  -204.210  -135.072   -55.879
   -26.772   -32.949   -40.589   -15.539   28.070   74.958  126.736  184.725
CT1979:005           -90.390   -23.565   48.635   93.190  139.084  144.565
  146.158  101.475  -271.885 -1206.081 -1607.757 -1332.851  -613.226  -322.329
  -217.133  -138.339  -133.597  -161.871  -171.644  -161.836  -119.165   -64.655
   -34.265   -27.230   -21.316    1.394   32.036   65.813   99.025  130.709
CT1980:360           -38.337    1.992   43.117   85.919  142.258  146.993
  129.363   79.037  -126.794  -557.452  -725.836  -649.720  -345.509  -177.526
  -126.500   -76.190   -68.707  -135.397  -198.848  -196.240  -147.734   -93.266
   -65.006   -47.948   -29.336    -6.820   21.750   48.010   69.537   91.108
