
filled_synop: 30 data points in equal steps of sine latitude from +14.5/15 to  -14.5/15

CT2038:360          -144.429  -119.449   -89.209   -40.143    -3.885    0.209
    -6.509   -13.146   -35.015   -61.004   -62.410   -37.408   -14.453    2.242
   33.506   44.591   21.836   -26.012   -45.398   -48.988   -57.163   -39.862
   10.899   45.841   57.378   70.255   54.804   -17.046   -92.383  -129.269
CT2038:355          -132.828   -91.135   -51.395    -9.712   18.356   19.389
   14.061   11.710    -6.499   -23.608   -25.826   -31.626   -29.317    -2.585
   72.946  100.082   41.820   -67.923  -108.441   -96.848   -57.544   -30.371
   22.685   66.768   60.164   21.448    4.654    4.639    -0.757   -25.889
CT2038:350          -127.040   -73.488   -32.372    2.993   23.985   12.418
   -18.716   -27.163    -5.914   18.108   25.389   14.998    -8.072   13.870
   72.944   90.572   19.081  -114.773  -155.202  -141.802   -99.311   -62.603
    4.626   49.869   50.337   21.557    5.399    7.612   21.123   31.259
CT2038:345          -126.174   -89.078   -46.968    -0.254   25.643    5.987
   -43.366   -54.108   -26.106   23.859   36.703   37.747   77.491   71.703
   40.770   31.790    2.113   -93.300  -129.105   -80.562   -49.594   -21.977
   43.409   87.658   77.329   26.764   13.713   31.794   56.671   72.930
CT2038:340          -119.442  -105.365   -86.017   -49.001   -24.072   -32.952
   -52.195   -56.583   -67.488   -66.382   -63.303   -73.227   -87.192   -68.041
    3.672   35.101   53.394  100.872  116.266  104.211   94.295   97.682
  101.357  106.586  102.177   82.168   72.274   79.861   89.196   98.551
CT2038:335          -112.557   -81.994   -51.789   -24.838   -10.537    -9.839
   -12.654    3.576   -12.439   -30.527   -28.725    -7.579   14.580    1.925
    4.012    4.000   40.037  133.976  165.549  119.530   68.217   70.596
   87.387   96.484   99.401   89.249   84.528  100.301  119.250  130.463
CT2038:330          -104.646   -60.641   -14.728   44.599   84.000   70.002
    9.328   26.989  147.285  162.076  155.150  209.090  115.186   67.182
   27.762    1.000    -8.444   -27.547   -36.454    -2.247    -5.537    9.808
   62.003   91.681   91.166   70.828   71.249  104.011  136.000  155.114
CT2038:325           -79.138   -45.031   -13.848    8.160   23.884   37.715
   34.222   75.838  457.672 1178.667 1263.010  594.856  200.040  109.962
   -22.499  -106.000  -106.100   -76.628   -57.426   -37.191   18.126   41.136
   38.118   45.424   45.487   15.402   12.339   49.298  105.648  159.036
CT2038:320           -52.993   -38.722   -27.687   -16.930    -6.001    9.836
   42.636   52.145   -93.187  -487.336  -546.557  -186.910   -95.653  -111.181
  -132.009  -167.299  -198.622  -233.071  -232.672  -180.824  -112.882   -71.221
   -28.196    4.795    9.708   -12.593    -2.121   48.949  107.163  155.310
CT2038:315           -45.316   -37.437   -36.298   -35.255   -35.000   -30.669
    -0.235   -51.048  -358.846  -671.025  -698.612  -437.617  -148.002  -129.101
  -165.981  -185.135  -248.111  -379.558  -409.507  -317.280  -211.623  -148.412
   -67.127    -2.985   23.503   38.638   56.074   80.268  108.475  140.960
CT2038:310           -58.590   -40.198   -24.001    -3.092   12.284    0.461
   -25.571   -73.262  -201.614  -327.846  -351.264  -259.588  -134.850  -112.453
  -139.768  -158.057  -198.358  -234.942  -230.449  -221.723  -172.827  -112.907
   -11.480   61.712   69.041   32.086   25.866   62.133  104.297  139.969
CT2038:305           -78.695   -51.332   -23.700    2.502   20.718   33.192
   42.970   20.148   -18.920   -57.573   -80.314  -116.514  -139.783  -126.049
  -112.943  -115.841  -138.625  -176.729  -183.433  -138.169   -80.539   -36.719
   19.181   62.509   56.927   -10.380   -13.914   44.308  101.767  133.398
CT2038:300           -92.952   -70.201   -48.027   -22.728    -4.787    7.176
   21.038    8.669   -26.385   -81.212  -102.917  -120.809  -139.133  -118.991
   -59.541   -39.528   -74.122  -149.436  -171.216  -128.519   -80.425   -46.604
    -3.198   33.685   55.140   70.002   75.656   69.771   69.524   80.296
CT2038:295          -100.470   -86.817   -78.395   -67.908   -55.294   -44.257
   -23.734   -24.673   -55.970   -87.313  -100.360  -107.452  -115.875   -93.612
   -18.881    8.627   -34.269  -107.309  -122.577  -125.125  -119.682   -89.755
   -39.335    -2.100   28.517   74.951   87.558   65.369   44.531   33.568
CT2038:290          -133.021  -108.390   -94.608   -90.612   -81.003   -75.459
   -72.437   -78.102   -85.568   -90.010   -91.650   -61.907   -37.931   -43.155
   -62.908   -70.459   -92.810  -141.658  -149.356  -117.694   -81.946   -57.369
   -28.514    -1.143   17.051   33.957   41.210   32.271   19.187    8.786
CT2038:285          -214.209  -152.367   -76.846   11.137   70.927   65.156
   23.143    4.635   -28.628   -62.575   -77.443   -88.246   -95.660  -105.146
  -134.723  -147.609  -120.646   -66.725   -51.552   -42.231   -29.050    -7.997
   19.890   36.029   33.430   23.684   12.016    -5.845    -9.970    -3.363
CT2038:280          -336.041  -224.471  -118.936   -17.256   61.360   74.093
   40.836   31.922    9.488   -15.623   -29.244   -58.019   -78.578   -77.518
   -70.007   -70.076   -55.376   -22.985   -19.748   -35.375   -41.400   -10.043
   60.683   89.000   54.646    -8.845   -16.246   -12.256    -2.441   14.781
CT2038:275           -60.791  -314.255  -194.194  -106.323   -46.146   -19.715
    -7.061    0.337   11.439   26.609   20.471    -4.619   -18.313    -2.788
   58.953   70.215    -5.408  -127.097  -142.539   -95.083   -56.879   -32.793
    0.853   19.802   19.712    0.288    1.125   17.696   31.330   45.499
CT2038:270           -73.198   -44.140   -24.111   -24.476   -37.174   -35.661
   -31.295   -26.509   -10.758   32.822   68.725   87.484   52.864    -1.020
   -79.503  -185.962  -255.456  -248.897  -187.426  -140.175  -107.072   -80.160
   -47.581    -5.348   19.571   31.634   43.477   60.901   83.196   98.158
CT2038:265           -85.137   -82.691   -77.435   -58.217   -31.639   -12.292
   -11.687   -10.275   36.315  176.530  319.574  346.646  190.596   -23.439
  -123.135  -225.326  -342.639  -322.633  -300.856  -202.918  -134.164   -92.189
   -48.217    1.522   25.909   29.106   27.522   50.323   85.909  114.090
CT2038:260           -98.590   -67.871   -51.875   -35.247   -13.467   14.276
    8.827    -1.502   56.489  232.467  390.494  466.626  348.487   -41.344
  -376.456  -335.027  -231.206  -355.577  -458.796  -278.352  -140.635   -79.996
   -53.035    -5.770   35.382   45.832   31.236   42.196   75.762  116.753
CT2038:255           -99.541   -50.285   -16.205   -14.538   -38.224   -32.209
   -15.445    2.039   51.132  232.084  405.911  429.544  378.690  439.793
  549.792  526.218  357.069  159.422  -125.722  -313.761  -303.448  -192.691
   -89.552   -48.916   -24.919   -16.440   -11.524   28.777   94.482  142.318
CT2038:250          -133.556  -113.952   -87.168   -52.678   -30.398   -11.196
    -6.635    2.774   52.557  215.358  395.623  494.612  465.858  598.893
  827.538  948.189  911.303  734.880  325.977  -219.194  -412.111  -322.495
  -127.748   -36.795    1.300   21.649   23.176   28.061   66.672  115.635
CT2038:245          -138.451  -115.728   -82.089   -37.722    -2.906    -0.766
    -4.419    6.511   31.563  102.845  218.425  316.728  266.381  257.273
  340.395  574.039  759.407  704.854  478.724   80.379  -172.621  -231.571
  -155.573   -83.842   -31.821    -3.531   13.500   36.127   72.305  114.695
CT2038:240          -145.476  -114.136   -81.642   -43.833    -9.478    7.289
   24.326   34.499    -0.395   -82.781  -138.648  -193.417  -250.479  -187.523
   29.619  362.572  605.397  695.592  594.785  332.550   98.436   -37.281
   -71.357   -57.692   -30.739    -6.762    6.682   39.229   82.165  115.785
CT2038:235          -129.792   -91.275   -54.111   -22.124    8.478   42.875
   78.622   81.299    6.066  -164.998  -296.540  -336.992  -327.946  -333.582
  -250.576   87.372  437.802  569.138  545.356  414.990  261.183  126.818
   16.876   -43.896   -37.739    -9.677    4.912   23.466   56.709   92.041
CT2038:230          -146.561  -105.975   -68.010   -29.167    6.134   25.347
   43.396   49.278    -5.273  -150.792  -258.576  -312.573  -258.894  -132.150
   35.208  214.484  377.461  458.299  424.255  295.288  166.224   80.773
   15.350   -31.332   -28.989    6.035   33.465   47.683   57.169   76.984
CT2038:225           -61.806   -61.877   -14.865   34.014   64.964   58.722
    1.440   -34.000   -35.803   -15.801   -82.907  -325.661  -496.707  -407.353
   10.440  253.732  281.029  198.440  167.826  115.126   54.569   17.631
   -11.213   -23.983    -9.778   18.627   24.502   16.310    -7.422   -35.035
CT2038:220           -60.856   -44.889   -17.206   20.383   52.097   53.443
   29.422   14.876   40.097   78.835   47.741   -76.151  -202.936  -165.366
   -25.787   73.315   69.083   -16.422   -49.117   -31.136   15.515   23.428
   13.340    0.792    2.893   23.718   17.635   -18.805   -47.999   -49.409
CT2038:215           11.869   25.491   31.216   35.034   37.901   34.960
   24.604   18.149   24.063   35.874   23.066    -6.310   -38.448   -43.999
   -45.923   -43.935   -45.492   -66.026   -58.581   14.663  123.993  130.971
   41.548   -34.576   -30.335   14.359   27.713   11.584   -25.521   -76.514
CT2038:210           22.629   27.884   27.701   18.206    6.707    7.395
   17.837   19.427   24.302   35.953   32.076   13.422   -10.771   -22.764
   -35.178   -47.996   -60.953   -85.892   -80.341    -8.713  106.529  126.599
   39.741   -31.153   -21.727   39.078   45.665    1.563   -44.912   -68.190
CT2038:205            8.592   15.395   17.523   13.145    9.170   16.259
   34.417   43.314   30.564    -0.933   -11.279    0.622   17.755    8.319
   -23.957   -57.483   -74.992   -86.983   -85.240   -53.362    -1.506   20.006
   11.717    -5.254    -1.994   15.147   14.447   -17.176   -36.307   -38.588
CT2038:200           -20.803    -7.390    3.408   13.505   17.953   17.681
   17.005   22.247   18.982   22.925   29.549   30.388   35.153   23.095
    -3.549   -27.075   -60.934  -133.184  -167.466  -129.704   -40.579    -0.409
    3.759    7.098   14.438   19.039   22.126   25.482   28.832   30.960
CT2038:195           -47.155   -36.011   -22.337    -7.718    2.335    -4.589
   -41.076   -53.584   -20.777   43.401   63.571   50.726   24.026    5.530
   -12.295   -28.827   -69.254  -148.824  -189.284  -166.131  -100.403   -62.345
   -15.265   35.086   45.593   17.883    9.751   37.078   67.072   84.040
CT2038:190           -61.271   -60.835   -50.555   -21.002    6.695   15.220
   16.396   28.157   45.369   79.928  100.032   91.009   66.059   48.223
   23.162   -18.043   -49.869   -93.955  -130.835  -121.822   -96.536   -71.312
   -28.839   21.161   42.068   40.824   41.390   59.207   84.090  105.862
CT2038:185           -37.251   -18.847   -12.440    -2.664    8.808   17.818
   20.591   29.036   46.670   64.358   76.744  116.161  155.849  150.048
  102.104   52.869   24.566    -0.998   -23.437   -37.517   -54.021   -45.212
    -4.530   39.856   53.980   46.754   52.807   79.145  109.733  135.028
CT2038:180            -9.227    1.724    2.993   -13.789   -28.383   -16.166
   13.643   34.412   55.676   83.271  102.084  121.402  153.677  149.270
  111.300   64.109   37.906   15.423   -11.458   -30.303   -63.070   -59.455
    -5.375   48.854   65.692   51.380   46.429   69.811  100.529  125.297
CT2038:175           -22.224    -2.601   -11.292   -41.499   -60.333   -41.770
   20.965   61.079   74.340   79.628   80.669   88.219   87.849   67.467
   44.804   25.144    -6.628   -59.484   -98.112   -95.218   -85.021   -63.845
   -11.825   47.201   63.658   39.974   31.631   50.754   76.904  105.123
CT2038:170           -54.274   -36.100   -18.509    2.117   20.980   31.134
   33.457   46.038   64.029   95.748  104.254   70.710    5.858   -38.760
   -80.646  -121.545  -155.799  -188.514  -174.073  -166.048  -117.778   -73.957
   -32.393   11.965   33.463   26.712   27.930   47.453   70.471   86.373
CT2038:165           -80.637   -58.628   -26.303   16.551   50.067   60.861
   48.916   48.840   59.125   87.300   89.978   47.586   -10.473   -55.744
  -182.549  -349.580  -388.507  -414.764  -478.850  -377.954  -145.467   -55.085
   -29.596    -5.963   23.983   64.176   93.646  101.817  101.035  100.116
CT2038:160          -107.788   -99.392   -69.646    -3.150   54.230   71.888
   56.178   40.708   42.464   47.561   40.777    7.590   -39.018   -72.485
   -98.566  -109.119  -119.911  -118.680   -98.342   -96.753   -94.590   -76.478
   -33.890   34.558   62.665   47.133   47.252   77.578  110.585  127.746
CT2038:155          -101.360   -68.093   -29.506   12.711   49.715   72.297
   95.199  109.293   89.739   31.092    -0.544    8.284   32.025   33.218
   39.462   74.697  101.234  234.118  348.828  237.614   -51.737  -142.722
   -93.441   -30.998    3.247   49.507   84.109   96.804  100.913  106.895
CT2038:150           -78.825   -46.274   -20.591    -0.022   22.376   47.356
   88.685  109.516   95.634   65.294   56.416   35.788   12.094   11.254
   38.132   56.350   85.587  177.776  206.004  147.956   -20.792   -97.914
   -87.317   -56.472   -27.752   22.160   58.651   69.283   73.198   85.067
CT2038:145           -72.621   -40.809   -14.583    8.806   28.605   38.826
   43.027   39.829   28.317    2.607    -5.820    8.487   27.124   38.582
   54.016   67.198   71.175   66.509   46.885   15.567   -41.150   -73.297
   -51.256    -1.881   11.840    -6.668    -7.941   20.809   58.890   91.164
CT2038:140           -80.911   -42.723   -10.825   20.751   46.556   44.245
    9.150   -14.955   -22.829   -34.815   -31.836    6.318   68.836   93.166
   98.804  100.697   91.472   47.449    -2.137   -24.568   -47.454   -60.943
   -43.436    -2.038   14.457    6.320    2.587   28.158   63.753   94.599
CT2038:135           -87.450   -55.117   -26.906    3.098   26.094   20.393
    -7.540   -12.448   -22.164   -39.359   -29.251   16.817   99.187  130.082
  123.435  101.096   89.698   87.210   88.428   37.846   -70.260  -114.934
   -73.484    -6.489   17.184   21.618   23.774   40.245   62.214   86.155
CT2038:130          -105.905   -87.896   -70.759   -47.359   -26.348   -30.543
   -72.107  -103.838   -85.853   -37.266   -11.981   31.505  100.186  123.063
  110.602   90.118   79.320   61.682   33.361    7.735   -37.489   -55.796
   -49.689   -15.643    7.867   36.939   61.683   67.743   69.167   80.613
CT2038:125           -85.036   -65.548   -40.346    -6.718   18.506   16.052
   -10.416   -20.790    -7.455   32.220   56.574   59.561   49.281   45.651
   33.938   19.811   17.415   35.481   52.219   21.872   -62.793  -102.780
   -73.859   -28.495    -5.598   27.027   58.120   75.561   86.810   99.836
CT2038:120           -29.412   -40.596   -36.916    -4.292   22.800   21.576
   14.536   15.841   17.955   41.044   62.469   38.735   -17.699   -31.533
   -32.491   -33.968   -23.631   24.830   59.309   51.378   33.301   27.067
    -4.949   -35.872   -29.195    -3.801   20.784   43.535   69.419   98.540
CT2038:115           -18.803    4.451   22.767   34.570   39.298   25.251
   -34.175   -77.633   -67.625   -30.435   -19.237   -19.317   -24.947   -21.647
   -22.202   -17.324    -4.421   40.795   70.661   62.971   18.804   -12.180
   -11.715   -13.810    -9.024   16.387   44.364   69.074   93.406  117.496
CT2038:110           -20.035   16.518   33.362   27.454   16.652    2.516
   -31.284   -46.557   -58.328   -74.219   -74.008   -59.590   -35.414   -22.077
    5.465   47.424   59.150   73.087   89.474   81.449   57.375   41.336
   17.399   -16.506   -20.944    6.270   33.899   70.712  113.839  145.379
CT2038:105           -24.401   -35.327   -45.708   -49.845   -50.069   -52.215
   -53.390   -50.011   -53.413   -66.053   -59.311   -37.918    7.049   28.956
   38.550   33.947   25.677   17.447    -2.465    9.035   46.850   56.151
   24.335   -31.740   -45.734   -60.423   -59.310    -1.637   78.390  140.105
CT2038:100           -26.516   -64.932   -86.981   -89.775   -82.490   -75.222
   -57.991   -38.578   -22.575    -9.404   10.623   41.922   93.459  109.372
  113.120  124.610   75.753   -77.816  -183.151  -158.304   -33.114   28.916
   11.015   -32.789   -38.112   -43.554   -38.898    -7.085   42.666  102.375
CT2038:095            -4.022   -22.640   -42.388   -61.653   -73.980   -63.585
   -27.136    5.276   50.599  110.633  135.514  149.023  145.324  136.072
  130.768  126.357   48.288  -205.100  -380.154  -339.359  -126.892   -23.123
   -27.863   -59.016   -54.951   -24.535    4.453   27.674   57.413   95.178
CT2038:090           18.392   44.252   48.942   16.388   -22.111   -19.272
    1.603   27.694   99.240  235.798  299.383  266.421  163.169  132.130
  133.345  111.931   40.528  -152.883  -330.248  -301.994  -115.302   -33.816
   -28.642   -47.691   -43.998   -17.585   16.888   52.429   88.518  114.364
CT2038:085           18.001   30.837   28.303    9.459    -9.028   -17.974
   -33.379   -23.060   30.931  169.740  265.707  238.291  140.614  122.326
  172.814  263.307  247.130  104.069   -14.242   -30.631   30.537   70.120
   32.377   -35.550   -43.804   -11.973   18.400   38.111   53.781   70.773
CT2038:080           -35.147   -44.181   -48.873   -42.849   -37.269   -52.637
  -123.935  -173.130  -133.737   -25.042   19.223   48.968   50.776   51.764
  130.777  238.550  247.190  207.100  154.462  120.872   48.818    -2.589
    9.584   31.796   28.784   16.276   16.559   11.664    -1.565    3.228
CT2038:075           -48.039   -54.743   -50.442   -34.244   -23.617   -38.509
   -89.235  -108.610   -88.542   -29.460   19.321   40.330   64.700   84.122
   98.857  134.885  146.662  152.698  154.555  144.129  120.567  104.620
   68.867   10.613    -4.934    8.770   23.171   33.645   44.708   57.882
CT2038:070            -0.838    -3.867    -5.708    -2.395    0.008    -7.711
   -36.739   -56.799   -41.161    -3.585   22.359   36.025   31.048   16.891
   -13.158   -85.047   -95.972   -17.690   44.274   63.470   84.882   88.208
   74.116   42.500   33.718   48.436   62.202   71.886   81.679   94.865
CT2038:065           -41.540   -31.749   -22.649   -11.301    -4.426    -1.160
    7.694   19.125   29.768   44.438   64.802   72.366   75.858   59.885
   -21.913  -124.856  -136.826   -90.421   -44.784   -11.758   28.242   41.778
   44.079   42.829   36.380   23.886   20.035   38.255   65.307   86.336
CT2038:060           -66.411   -30.830    -7.317    -1.169    -2.330    -4.612
   -26.459   -45.752   -29.154    6.777   21.510   32.369   53.676   43.047
   -45.219  -142.800  -160.598  -111.666   -31.662    -0.292   31.591   60.057
   43.959    4.058    -6.212   -10.625   -10.952    6.971   38.452   71.673
CT2038:055           -40.182   -38.366   -37.791   -35.799   -34.735   -37.523
   -48.712   -52.653   -34.527   12.563   44.720   30.793   -13.679   -51.669
  -114.901  -192.597  -204.043  -189.350  -129.236   -84.781    -7.605   45.982
   44.339   24.393   13.862    -7.134   -20.538    -2.363   31.175   66.582
CT2038:050           -17.162   -36.632   -48.415   -47.201   -43.300   -48.534
   -58.268   -56.351   -40.010    -5.328   16.431   18.166   13.306    5.095
   -81.664  -284.275  -345.170  -219.608  -172.015  -135.512   -25.518   31.268
   32.940   34.111   34.314   18.662    2.558   16.185   42.296   69.097
CT2038:045           -23.145   -24.496   -29.856   -34.611   -39.347   -52.450
   -86.513  -105.029   -84.665   -21.325   18.355   22.231    -3.128   -14.144
   29.465  172.899  226.051  137.218  117.469   95.451    3.393   -41.324
   -23.445   38.317   57.111   40.580   25.182   40.721   69.241   91.588
CT2038:040           -41.517   -30.489   -30.317   -48.604   -73.761   -87.669
  -108.035  -120.885   -99.972   -22.527   31.106   33.041   -16.704   -34.314
   29.403  118.489  142.403  164.947  153.335  123.448   14.782   -61.656
   -59.281   -46.475   -38.287   10.150   50.420   70.520   91.372  111.046
CT2038:035           -53.939   -52.570   -46.703   -32.114   -21.596   -35.877
   -93.739  -128.262  -110.165   -36.136   18.619   22.225    6.179   21.673
   42.397   66.116   82.039  125.743  138.597  114.035   45.836    1.397
   -15.039    -8.308    -3.527   -18.232   -27.240    3.179   58.839  121.214
CT2038:030           -47.611   -66.249   -72.336   -59.334   -40.745   -47.435
   -85.398  -106.782   -97.497   -75.159   -64.778   -49.987   -45.473   -41.506
    5.330   88.113  119.566  105.575   97.590   80.938   37.753    4.718
   -11.155   -25.304   -33.480   -49.591   -54.763    -5.943   72.534  140.359
CT2038:025           -48.509   -46.506   -59.739   -69.006   -74.959   -75.144
   -67.693   -59.137   -44.814   -21.120    -1.014   -12.315   -41.244   -44.551
   -22.819    9.512   20.517   12.100    -7.332    -5.186   18.138   26.444
    8.234   -26.426   -37.517   -38.493   -36.285    5.699   72.885  132.489
CT2038:020           -24.725   -38.698   -49.725   -61.443   -69.699   -66.458
   -51.519   -29.236    4.895   68.990  103.141   71.284   -11.859   -46.110
   -46.933   -40.927   -35.882   -36.313   -36.733   -28.046    -0.087   19.084
   30.092   49.996   48.353   15.177   -12.406   11.611   69.066  129.823
CT2038:015            1.979   -35.468   -49.424   -55.812   -60.865   -57.950
   -50.781   -37.542    8.721  126.410  176.420  133.284   11.731   -45.424
   -48.706   -33.018   -23.588   -10.705    5.539   16.620   26.849   34.671
   47.545   57.345   55.313   38.143   20.710   55.740  107.653  142.992
CT2038:010            8.763   -30.114   -55.577   -57.825   -51.533   -50.368
   -40.905   -27.062   11.402  110.537  166.521  116.360    -9.293   -55.807
   -54.916   -48.079   -41.936    -6.182   28.694   43.528   58.081   71.143
   73.361   65.655   59.602   31.565    4.474   30.079   86.410  141.363
CT2038:005            9.692   11.256    8.491    0.200   -11.492   -14.599
   -22.979   -29.756   -40.951   -78.031   -91.899   -90.001   -74.688   -68.164
   -52.138   -25.971   -21.126   -38.903   -49.496   -33.109    8.971   39.419
   49.002   39.373   32.279   13.255    -2.754   24.604   78.191  129.286
CT2039:360           -15.854   10.656   23.548   14.428    -4.474   -12.551
   -26.027   -42.146   -65.322  -139.214  -193.274  -162.867   -50.615    -0.958
    -3.340   -30.002   -47.987   -66.740   -79.643   -67.227   -13.878   38.391
   52.129   46.210   42.430   35.521   34.884   54.966   92.778  118.032
