
filled_synop: 30 data points in equal steps of sine latitude from +14.5/15 to  -14.5/15

CT2040:360            -3.533    -2.483    -4.262    -6.421    -7.747    -8.840
   -22.900   -42.923   -44.603   -50.441   -69.167   -67.495   -27.870    9.107
   11.061    1.217   -14.492   -43.854  -123.098  -148.089   -87.325   19.603
   54.852   46.894   33.795   37.951   47.114   62.495   94.112  120.778
CT2040:355           19.543    0.735   -13.156   -19.751   -19.428   -22.491
   -41.051   -64.166   -69.230   -73.070   -80.761   -72.756   -27.428   27.937
   33.300   18.980   11.349    -9.578   -57.262   -67.279   -34.143   18.669
   38.902   31.393   19.259   25.367   44.000   52.745   55.149   60.923
CT2040:350           48.794    5.400   -29.471   -53.452   -78.700   -94.291
   -80.917   -56.163   -49.654   -53.234   -57.967   -49.577   -14.530   33.047
   34.147    -7.392   -49.514   -45.675   -16.381    -0.425   31.801   79.961
   91.399   49.612   16.345   16.282   19.891   32.417   62.382   84.750
CT2040:345           64.731   52.691   32.021    -3.308   -43.842   -63.228
   -61.494   -52.326   -38.861   -12.169   26.113   39.449   42.601   52.405
   41.361    -2.684   -35.901   -29.195   23.516   56.788   53.883   29.881
   29.027   28.845   26.325   21.431   17.656   17.911   11.406    -0.663
CT2040:340           20.698   39.209   43.188   24.691    -9.394   -17.589
   -24.678   -39.160   -28.654   20.238   80.607   88.795   54.455    -3.122
   -35.563   -48.656   -37.822   -55.838   -62.924   -52.963   -21.876   13.995
   27.061   -17.645   -58.707   -42.512    -0.820    -2.998   -53.026   -83.094
CT2040:335           13.695   -15.638   -44.511   -67.440   -88.303   -92.618
   -51.322   12.190   42.268   73.196  110.100  107.942   45.947   -40.827
   -90.040  -180.134  -287.306  -293.083  -237.499  -206.687  -152.806   -52.887
   -13.231    -5.479    4.030   16.323   34.781   34.378    -5.938   -38.134
CT2040:330            5.058   -54.390   -83.990   -88.669   -81.585   -66.667
   -19.764   44.007   69.528   75.040   72.746   61.165   28.638    6.100
   -31.865  -125.235  -194.055  -255.218  -372.670  -416.894  -332.907  -195.537
  -122.236   -46.109   14.789   44.741   65.575   77.833   79.210   70.085
CT2040:325            6.067   -39.202   -63.955   -62.484   -48.056   -32.124
    9.478   59.551   66.097   20.555   -45.703   -67.186   -56.913   -50.586
   -54.515   -21.977    -6.019  -105.497  -277.666  -328.496  -331.225  -289.703
  -228.071   -99.710    1.844   25.800   31.184   52.720   85.315  103.475
CT2040:320            -4.891   -15.103   -24.848   -25.783   -20.605   -14.812
    9.865   42.143   33.779   -45.706  -128.918  -144.272  -111.177   -78.818
   -66.103   -51.315   -63.081   -68.096   -84.063  -101.487  -144.526  -217.862
  -196.367   -57.767   23.028   25.995    9.511   24.732   58.093   93.990
CT2040:315           -46.538   33.882   13.542    5.652   -24.865   -32.187
   -25.407   -22.017   -33.199   -77.105  -112.974  -105.792   -45.268    0.405
    -2.231   -40.293   -55.069    -7.950   92.327  133.813  120.782   99.694
   88.910   48.573   26.350    9.756   -12.153    2.835   46.122   89.640
CT2040:310           -47.915   -14.145    -0.212    -8.847   -30.094   -34.914
   -33.585   -33.971   -40.029   -56.873   -66.916   -53.385   11.371   51.477
   30.008   -56.274   -86.428    -5.649  125.132  168.253  165.463  137.149
  118.429   65.420   30.509    8.959   -20.381    -7.672   37.955   77.219
CT2040:305           -76.050   -87.475   -93.070   -81.381   -55.484   -46.307
   -46.565   -47.876   -49.184   -45.777   -41.945   -37.931   -18.395    1.021
   -25.474  -101.789  -121.670   -67.046   27.746   67.504   71.533   59.629
   54.295   44.222   35.646   27.534   23.985   31.163   45.232   55.538
CT2040:300           -96.960   -98.786  -100.021   -84.455   -56.467   -41.866
   -41.620   -44.644   -47.817   -51.377   -49.643   -58.343  -102.450  -156.792
  -165.099  -138.686  -120.372  -100.330   -66.730   -42.926   -30.855   -24.181
   -15.242    -6.844    -2.696    6.650   25.485   31.808   28.361   30.666
CT2040:295          -107.705   -98.895   -90.193   -71.388   -41.252   -26.452
   -30.874   -39.230   -45.720   -60.986   -71.753   -81.067   -98.713  -112.480
  -122.640  -126.132  -122.737  -113.289   -97.785   -84.909   -73.366   -48.848
   -30.039   -18.922    -4.233    6.610   15.614   23.524   26.347   34.541
CT2040:290          -110.573   -89.422   -68.939   -48.498   -30.015   -23.085
   -28.922   -43.678   -51.822   -63.476   -80.182   -90.442   -82.362   -54.962
   -61.777   -90.829   -92.225  -102.412  -132.966  -137.155  -117.380   -86.120
   -58.582   -12.390   28.468   39.043   27.193   28.259   54.850   89.233
CT2040:285          -108.233   -71.666   -40.013   -11.649   17.383   29.779
    8.432   -31.031   -36.663   -43.883   -43.657   -45.149   -63.638   -90.260
  -107.475  -114.273  -136.180  -145.235  -151.443  -150.865  -127.525   -78.937
   -43.530   23.620   86.788   80.669   10.277   19.806  104.172  167.777
CT2040:280          -121.228   -82.543   -49.942   -24.591    -7.914    -0.265
    -7.302   -32.543   -21.466   24.008   76.981   82.998   57.663   10.528
   -11.408    -6.457    2.689   -18.572   -62.024   -93.135   -86.816   -58.986
   -39.461   -14.250    4.688   20.556   21.591   38.077   81.574  131.921
CT2040:275          -173.044  -111.458   -57.838    -5.491   52.959   84.710
   56.500   -22.137    -9.930  126.888  338.548  397.929  295.421  148.614
  112.414  154.628  186.954  143.828   46.477   -15.553   -43.408   -36.551
   -25.970   -14.502    2.363   30.911   64.114   95.098  136.911  168.027
CT2040:270          -128.000  -108.874   -82.901   -48.161   -15.264    3.076
    6.202    -3.348   48.232  208.549  425.921  481.911  390.054  226.913
  186.957  244.541  271.670  201.982   12.803  -114.789  -139.418  -126.417
  -112.295   -56.203    -2.424   23.363   39.381   68.911  105.852  138.275
CT2040:265           -68.059   -59.778   -49.895   -36.144   -18.174    -3.826
    1.826    -2.843   56.792  245.517  515.297  586.781  481.300  324.730
  291.617  344.443  385.861  297.477   21.639  -150.782  -187.998  -168.234
  -149.538   -68.253   14.399   43.341   47.007   62.709   95.091  131.802
CT2040:260           -15.276   -19.841   -20.801   -15.356    -5.626    4.865
    7.490   -11.292   26.466  222.293  486.454  538.687  415.664  207.437
  178.042  309.952  454.476  373.146   38.206  -173.546  -195.415  -153.412
  -139.444   -85.114   -28.664   10.920   53.655   87.458  127.840  161.004
CT2040:255            -1.777    6.134    7.696    -4.141   -24.560   -23.910
    0.916   33.950   77.930  200.327  383.408  413.547  207.485   -90.788
  -102.615  142.792  321.854  297.169  115.582   -17.649   -83.918  -121.725
  -129.149   -79.764   -23.416    9.469   32.683   61.052   97.480  134.894
CT2040:250            7.358   11.095    8.631    -2.545   -20.470   -18.134
   18.352   69.353   77.379   64.533   60.590   49.917   -63.339  -174.079
  -119.803  125.314  344.544  349.906  215.837  112.111   22.477   -82.669
  -116.582   -61.855    -0.725   23.360   31.967   44.495   58.364   75.622
CT2040:245            9.747   11.625   10.506    4.308    -9.656    -9.051
   27.015   99.211   86.975  -117.905  -445.830  -539.084  -422.146  -256.627
  -136.633  126.465  384.535  413.478  315.875  243.373  131.585   -52.203
  -112.572   -47.196   24.645   42.471   54.786   56.633   26.780   10.061
CT2040:240           10.546    1.691    -8.797   -23.194   -38.145   -36.638
    5.840   77.546   32.023  -239.969  -660.541  -765.927  -551.302  -217.946
   -60.290   98.528  229.781  296.160  338.413  322.635  205.026   -18.036
   -99.270   -61.574   -15.994    9.480   46.566   68.497   70.113   70.390
CT2040:235            -2.856    -1.812    -1.345    0.167    3.294   10.346
   31.137   73.627   38.433  -155.322  -431.446  -493.693  -364.238  -125.399
    -1.075  104.884  210.034  270.231  336.357  359.318  260.495   70.242
    -5.103   -37.927   -53.516   -18.115   83.996  116.194   93.104   79.087
CT2040:230           -16.074   -10.435    -8.180    -9.687   -15.741   -16.041
    3.926   41.129   12.763   -96.505  -241.720  -272.441  -204.573   -88.059
   -12.535   47.157   98.782  148.480  214.976  236.478  182.672   70.312
   14.334    -6.175   -15.585    -6.147   16.398   41.664   65.066   86.954
CT2040:225            -7.144   -12.753   -19.490   -24.120   -29.639   -35.547
   -35.319   -22.818   -35.258   -84.957  -149.133  -161.794  -120.849   -74.815
   -42.794   -33.686   -23.003   10.783   67.556   92.786   78.095   31.584
    4.915    6.552   20.960   25.261   23.447   36.996   65.950   98.596
CT2040:220           22.688    -1.515   -20.059   -24.303   -14.146   -16.383
   -49.762  -111.581  -143.404  -119.763   -80.099   -68.775   -66.208   -60.131
   -54.273   -88.301  -116.681   -91.679   -18.917   23.955   19.455    -3.182
   -12.898   -27.722   -40.917    -8.433   71.048  102.017  110.574  119.102
CT2040:215           -20.478   18.071   34.608   14.249   -25.521   -45.001
   -45.834   -35.914   -35.742   -50.067   -64.164   -65.921   -49.197   -36.231
   -42.089   -88.781  -117.877  -101.821   -33.172   14.071   12.647    -6.629
   -13.707   -14.958    -7.445    1.800   15.526   34.534   59.487   90.547
CT2040:210           -66.194   -24.362    4.793   10.434    0.416    -3.263
    -8.219   -13.864   -17.877   -22.940   -26.308   -22.391   -16.327   -14.355
   -25.855   -69.070  -105.809   -92.890   -28.797   11.156   15.468    7.372
    2.191    -7.843   -13.790   -20.118   -34.684   -19.743   15.696   58.709
CT2040:205           -81.122   -87.844   -96.068   -68.257   -14.046    9.835
    2.437   -13.632   -16.093   -13.412   -13.416    -8.857   15.058   34.235
   22.337   -21.703   -50.481   -52.472   -36.214   -21.350    4.215   27.464
   21.401   -16.637   -41.365   -35.004   -16.338    9.824   39.699   67.066
CT2040:200           -85.134  -102.992   -98.879   -68.640   -28.033    -7.765
    1.860    6.783   11.545   20.102   30.859   37.957   57.512   75.305
   64.539   24.522    -9.852   -25.153   -36.155   -32.825    -2.364   36.409
   31.330   -38.091   -80.820   -54.812    8.623   42.956   60.788   72.844
CT2040:195           -85.289   -64.444   -43.159   -23.831    -5.293   11.745
   29.657   45.429   57.857   66.685   66.527   63.899   65.221   66.753
   57.161   38.873   16.752   -14.121   -60.460   -73.229   -39.393    3.582
    6.842   -31.480   -59.939   -29.162   44.995   77.968   66.903   57.125
CT2040:190          -103.283   -71.659   -13.756    -5.548    2.076   18.331
   42.238   72.469   90.957   88.841   76.836   68.801   49.571   22.623
    8.847   14.570    9.635   -20.094   -76.078   -98.647   -60.655    -6.681
    5.437   -24.669   -45.067   -29.350   10.991   36.231   45.165   58.453
CT2040:185           -86.014   -77.815   -54.235   -61.048   -84.877   -81.671
   -37.483   23.463   53.239   82.849  111.022  107.509   66.717   22.628
    0.225    -8.132   -11.136   -38.867   -81.469   -93.547   -72.383   -18.696
    2.611   -13.889   -30.385   -20.153    -4.333   18.048   44.195   70.410
CT2040:180          -111.591  -109.352   -91.772   -64.381   -16.741   15.243
   20.179   18.501   29.975   67.231  124.817  133.542   76.798   17.512
    -8.747   -42.185   -68.381  -104.748  -161.261  -185.432  -142.274   -50.470
   -17.137   -31.304   -48.363   -22.283   36.340   69.084   84.731   97.453
CT2040:175          -145.965  -117.435   -70.105   -10.180   50.657   84.583
   72.160   41.956   44.141   53.872   78.471   85.521   63.727   13.172
   -15.529   -39.304   -99.301  -133.012  -163.736  -183.174  -158.691   -76.017
   -42.703   -53.257   -66.296   -32.788   38.238   88.848  114.658  127.216
CT2040:170          -158.804  -106.396   -60.393   -11.847   41.103   76.490
   75.592   35.499   17.691   32.627   38.258   39.952   83.595  150.246
  153.173  113.369   79.920   28.304  -100.823  -179.557  -156.809   -84.222
   -58.495   -54.486   -44.607   -12.755   47.642   85.077   97.350  110.471
CT2040:165          -122.572   -86.477   -60.680   -31.017   -10.422   10.714
   57.236  134.941  161.648  111.657   33.320   19.530   77.435  178.262
  196.458  153.542  126.854   90.127    6.950   -40.202   -64.732   -79.226
   -75.351   -62.447   -52.387   -28.305    5.884   41.055   71.070  110.230
CT2040:160           -94.520   -70.981   -44.939   -18.115    7.510   29.093
   51.643   77.351   86.068   72.390   50.498   44.317   14.644   -46.643
   -49.370   29.831   64.704   56.071   27.793    -2.464   -20.714   -31.245
   -31.505   -23.604   -11.819    -1.497    -3.599   15.350   70.616  140.872
CT2040:155           -73.327   -88.868   -87.653   -54.532   10.305   40.564
   30.038    -7.619   -20.024    4.693   40.249   45.528   16.234   -13.381
    -6.248   43.493   99.720   96.966   50.836    9.398    -9.256   -37.858
   -43.534   -13.787   15.381   21.495    -5.762   18.188  119.624  203.912
CT2040:150          -107.696   -72.779   -43.300   -25.904   -16.650    -7.008
    3.961   18.725   26.126   14.044    4.218    0.962    2.268    0.344
    8.526   68.429  108.494  107.021   61.223   20.417    -4.605   -54.508
   -60.895    1.391   59.459   67.091   48.015   57.332  115.079  178.227
CT2040:145          -125.237   -68.351   -25.568    -6.194    -1.333    6.949
    9.235    4.829    1.941    3.285    2.497    -3.235    3.201   12.238
    7.825   29.774   70.744   65.113   32.725   24.500   14.260   -13.555
   -16.466    2.628   26.160   39.579   40.584   57.474   98.285  142.708
CT2040:140           -97.051   -97.338   -85.045   -49.500    3.602   30.795
   21.048    0.267    -1.924   14.565   49.729   52.271   16.969   -18.772
   -75.867  -224.296  -296.981  -261.003  -100.036    3.495    -1.356   -28.029
   -28.697   -27.769   -26.073   -16.320    -4.235   21.226   66.865  111.191
CT2040:135           -71.162   -73.281   -63.222   -31.402   14.662   32.477
   23.360    2.623    -2.949    5.499   20.859   15.477    -3.547   -22.652
   -94.631  -423.121  -714.529  -625.122  -237.044   -42.515   -31.762   -52.921
   -60.314   -57.748   -45.529   -39.392   -37.580   -27.718    -8.497   19.416
CT2040:130           -39.268   -14.674   10.901   39.249   73.512   90.154
   70.286   29.828   22.014   21.452   10.617    -2.876   -12.877   -42.844
   -59.712  -130.408  -303.234  -280.760   -85.993   -27.588   -20.943    -7.548
   -15.152   -63.458  -111.897   -94.746   -22.744    -8.571   -57.526   -86.403
CT2040:125           -87.095   -44.518   -10.720    7.303   10.378   16.428
   30.501   48.270   54.589   61.383   74.637   80.698   58.048   50.199
  118.025  432.235  810.366  730.746  305.526  130.529   72.090   23.545
    -0.980   -34.034   -56.809   -50.505   -23.679    -5.626   -15.363   -22.858
CT2040:120           -59.776  -133.220   -82.761   -35.660    1.459   21.106
   20.654   18.901   21.834   27.653   29.629   34.823   28.849   27.609
   91.742  258.069  311.445  290.465  168.725   60.332   15.385   -18.912
   -43.901   -54.676   -52.333   -27.879    -1.724    5.514   16.751   31.699
CT2040:115          -127.046  -196.557  -133.430   -67.611    -7.258   20.648
    4.199   -16.077   -21.342   -28.599   -34.467   -17.809   26.936   66.725
   92.378  106.502  103.147   58.042   -20.889   -59.107   -53.540   -37.904
   -45.757   -48.246   -32.751   -10.122    -4.597    -1.722   22.610   45.878
CT2040:110          -128.945  -120.493  -148.601   -88.570   -12.266   28.600
    8.087   -24.623   -28.113   -29.017   -25.173    -3.820   52.380  106.800
  109.532   79.935   58.188    8.530   -58.973   -87.183   -79.264   -55.088
   -40.847   -13.884    1.191    1.576   -14.580    0.095   41.309   77.680
CT2040:105          -142.548  -115.014   -82.601   -77.944   -18.186   13.456
    4.776    -6.912    -5.900    -2.335   13.120   30.484   41.542   48.971
   50.578   48.215   30.963    0.823   -25.819   -42.058   -45.277   -34.517
   -24.629    -3.655   12.796   17.809   13.732   27.512   60.783   90.892
CT2040:100          -136.034  -109.188   -83.318   -75.822   -21.701    9.770
   12.077    6.501   11.177   13.500   18.545   39.865   96.144  144.770
  135.407   76.402   33.101    1.958   -41.951   -69.442   -55.376   -18.417
    -8.129    -1.878    6.856   14.187    9.894   22.220   46.562   81.184
CT2040:095          -121.976   -77.195   -41.034   -20.396   -10.451    9.012
   31.496   54.692   73.793   87.907   99.446  121.829  180.251  230.539
  222.016  158.955   91.844   57.554   27.337    6.251   -20.829   -58.380
   -62.456   -32.090    -8.815    4.761   14.565   30.993   64.883  102.848
CT2040:090           -96.883   -68.759   -42.202   -25.647   -14.947    6.004
   46.569  100.734  133.814  160.705  181.649  196.471  232.681  259.657
  240.191  175.653  116.572   89.953   60.231   34.361   15.456    -6.398
   -15.079    -9.115    5.535   14.607   18.980   38.015   79.870  115.233
CT2040:085           -78.283   -70.241   -55.841   -31.530    -3.758   22.368
   63.084  104.772  133.390  180.119  233.146  237.628  196.329  134.096
  103.520   80.671   54.771   55.028   63.964   53.138   41.081    -5.976
   -29.702   -24.724   -17.778    -5.455   11.067   30.742   62.213   94.025
CT2040:080           -64.987   -42.766   -18.165   14.119   47.971   75.456
   97.621  114.326  131.926  154.901  180.463  162.730   88.399    3.788
   -33.760   -56.291   -57.245   -27.446   82.614  156.163  111.070    4.464
   -26.925   -28.905   -20.195    -9.385    7.056   27.091   48.875   75.240
CT2040:075           -23.042    -1.790   13.239   19.878   18.497   29.876
   55.486   90.507  110.405  111.580  111.803   78.076   -49.117  -202.996
  -251.434  -226.923  -155.306  -116.266   -36.618   11.429   15.516   -39.503
   -58.798   -51.198   -39.671   -22.684    6.456   31.014   52.195   77.571
CT2040:070           -31.498   -19.114   -14.735   -23.852   -39.982   -41.019
   -10.723   37.806   52.251   30.309    -4.332   -37.699  -114.008  -210.004
  -250.134  -275.341  -286.919  -256.585  -131.811   -38.605   -30.035   -43.882
   -39.576   -39.198   -40.506   -23.655   14.804   47.629   71.240   89.117
CT2040:065           -60.801   -50.648   -37.253   -14.833   23.958   43.879
   20.050   -22.497   -32.759   -18.550   12.509   15.979    -2.039   -32.088
   -60.040  -121.660  -198.935  -201.883  -170.080  -145.643   -90.220   16.737
   47.457   10.023   -30.606   -13.664   39.532   70.255   92.034  109.258
CT2040:060           -84.288   -64.798   -46.370   -29.563   -16.384   -12.384
   -18.348   -35.966   -39.813   -20.115   16.332   29.386   70.066  137.399
  139.531   67.068   15.987   -11.577   -85.652  -115.351   -54.121   85.097
  121.522   52.867   -18.726   -14.195   22.291   56.280   84.231  107.160
CT2040:055          -103.096   -76.837   -46.558    -9.569   29.454   43.822
   22.451    -8.512   -13.265    1.899   30.147   46.324   66.616   73.176
   79.644  130.102  165.337  135.509   39.469    -0.528   12.568   46.930
   52.301   11.672   -34.207   -23.293   18.141   44.606   55.133   60.395
CT2040:050          -100.275   -80.680   -54.472   -13.325   34.600   55.391
   43.371   16.468    8.763   12.480   14.611   20.749   28.138   29.100
   44.716   87.384  106.248  105.386   85.823   68.148   52.164   31.017
   16.972   -16.429   -38.782   -17.103   52.088   79.472   45.900   26.302
CT2040:045           -95.395   -69.778   -47.544   -24.878    -0.445   13.725
   21.372   26.177   24.065    5.005   -17.362   -18.621   -14.380    -8.150
    5.538   30.086   47.205   60.971   76.770   80.727   73.276   47.244
   28.272    -0.512   -30.295    -7.544   65.191   83.828   59.772   33.032
CT2040:040          -117.712   -88.829   -56.962   -26.165    -0.237   15.697
    8.259   -17.082   -31.884   -45.319   -69.390   -74.157   -46.592    4.510
   27.565   20.003   19.361   35.378   74.895   96.771  100.486   95.949
   79.516   25.165   -39.648   -38.288    -2.302   20.741   24.675   23.208
CT2040:035          -140.138  -142.384  -126.999   -87.842   -22.613    4.921
    1.318   -10.252   -15.221   -39.457   -64.611   -66.282   -55.410   -49.534
   -39.483   -10.419    2.239   18.106   52.668   75.272   83.010  106.868
  108.065   79.413   65.811   58.926   63.221   60.032   26.329    -1.808
CT2040:030          -102.463   -94.548   -77.159   -50.813   -23.107    -8.838
   -19.232   -45.376   -56.951   -54.650   -45.897   -40.378   -25.458    -1.082
   10.750   18.187   34.461   39.342   26.937   22.002   22.876    5.308
    -1.197   15.255   11.636   14.417   31.183   38.083   29.653   17.140
CT2040:025           -54.293   -45.121   -38.196   -33.308   -27.134   -21.457
   -24.881   -31.615   -28.996   -22.680    -8.947    -6.077   -11.306   -15.146
   -11.677    -0.583    9.840   12.657    6.184    1.895    1.833   23.549
   36.305   29.706   21.331   20.322   27.582   29.341   18.263    8.223
CT2040:020           -23.544   -21.465   -11.958   -25.182   -56.323   -65.867
   -48.707   -25.269    -9.996   12.563   38.909   41.711   14.098    -6.011
   -16.562   -41.731   -61.248   -49.898   -18.112    -2.496    -1.311    6.828
   19.033   30.383   39.442   39.067   35.414   31.032    6.670   -18.971
CT2040:015           -43.573   -44.391   -52.269   -70.065   -85.770   -81.439
   -42.519    6.119   26.870   52.275   46.936   28.308   18.759   -29.437
   -49.675   -35.046   -22.561   -22.068   -29.365   -36.156   -26.721   -11.631
    6.318   35.422   54.951   58.671   56.353   45.795   15.920   -28.525
CT2040:010           -96.117  -101.616  -101.323   -76.127   -36.348   -11.984
   22.300   74.673   98.442  112.319  174.365  200.318  121.537   49.496
   32.858   22.123    4.455    -6.505   -28.236   -34.078   -34.935   -22.583
    -0.613   61.021  126.346  126.348   96.845   70.203   10.159   -51.376
CT2040:005          -125.156   -96.350   -59.265    -9.425   43.088   72.667
   62.964   19.550    1.992    -9.022   -65.187   -93.303   -27.455   65.258
   78.322   27.029    7.174    -6.525   -69.787  -110.170   -88.967   -51.147
   -28.496    7.786   36.282   58.215   87.965   87.010   33.468   -28.085
CT2041:360           -98.968   -65.722   -39.509   -18.588    0.408   13.337
   17.803   19.775   12.313   -41.604  -103.741  -124.504  -151.907  -206.392
  -201.014   -90.350   -28.154   -21.971   -38.870   -44.339   -45.087   -29.590
   -17.225   -17.452   -13.915    9.660   63.950   80.733   60.844   21.964
