
filled_synop: 30 data points in equal steps of sine latitude from +14.5/15 to  -14.5/15

CT2055:360           -84.753   -48.920   -16.583   14.592   41.562   49.347
   28.200    1.484    -1.710    7.481   17.076   15.779   12.661    2.637
   -26.407   -80.491  -105.073   -88.962   -17.667   29.541   49.973   57.172
   49.589    2.651   -39.697   -37.581   -11.579   15.217   48.749   86.082
CT2055:355           -59.994   -43.216   -27.036    -4.946   17.521   21.705
    -0.863   -30.128   -32.706    -9.058   25.085   28.645    4.447   -11.242
   -29.801   -58.811   -70.901   -55.126   -10.669   18.236   57.703  103.794
  100.878   21.121   -46.344   -40.644    -3.594   21.009   51.481   83.022
CT2055:350           -65.577   -53.992   -40.974   -24.404    -8.371    -6.185
   -24.595   -45.019   -44.499   -24.069    4.792   11.861   -16.144   -43.149
   -56.336   -60.144   -60.044   -50.096   -15.290   10.694   45.644   87.257
   84.887   28.617   -21.977   -25.192    -6.948   15.550   46.274   79.221
CT2055:345           -71.937   -64.254   -54.006   -37.809   -18.417   -15.076
   -31.537   -46.149   -41.552   -29.850    -9.077   12.565   30.936   22.382
    8.043   -17.606   -45.500   -47.012   -19.492    0.155   27.019   58.690
   57.186   17.078   -18.343   -16.113    3.285   22.150   49.881   79.687
CT2055:340           -80.659   -66.276   -51.850   -33.008   -14.049   -10.507
   -32.586   -56.427   -45.630   -17.044   13.432   56.636  171.159  233.085
  205.917   77.207   -27.934   -39.421   -12.159    0.492   11.859   25.079
   23.848    6.010    -7.270    -2.650   12.482   28.634   49.301   67.841
CT2055:335           -69.158   -58.781   -47.570   -33.748   -19.932   -18.912
   -42.641   -65.810   -40.651   53.998  139.978  192.135  337.112  467.449
  420.848  174.135   26.072    7.216   11.092    9.318   11.054   16.103
   11.450    -7.849   -20.451   -12.469    8.027   26.818   50.214   74.697
CT2055:330           -59.053   -50.980   -42.501   -32.212   -21.640   -21.531
   -40.165   -55.054   -29.656   90.423  224.283  228.444  112.389   34.918
   35.838   55.784   66.065   63.175   43.315   31.791   20.096    3.932
    -4.807   -10.451   -13.856    -7.720    5.811   23.280   47.916   72.638
CT2055:325           -52.483   -44.738   -37.835   -31.690   -25.490   -25.230
   -36.979   -45.403   -34.558   14.149   48.965    4.733  -217.034  -440.706
  -399.424  -110.920   57.500   82.293   71.411   66.943   44.105   14.956
    3.320    -5.173    -9.014    -3.075    9.544   24.574   46.145   67.387
CT2055:320           -54.195   -39.972   -24.311    -5.390   11.678   14.022
    -3.968   -21.370   -31.823   -50.361   -77.984  -137.782  -311.682  -431.218
  -379.379  -123.943   48.641   79.046   63.345   59.594   43.890   20.934
    9.446    -3.978   -12.883    -7.858    4.489   21.324   46.099   73.453
CT2055:315           -43.373   -29.131   -16.821    -2.241    9.964   12.212
    7.876    1.558    -8.938   -22.899   -38.048   -65.939  -115.108  -134.939
  -114.815   -43.165   16.293   32.757   14.222   11.101   17.819   30.189
   26.285    -2.284   -24.312   -14.846   10.545   31.345   60.122   87.061
CT2055:310           -43.349   -25.948   -10.030    5.368   18.418   21.029
   11.396    0.469    -6.345    -2.867    1.143    -9.197   -23.634   -28.534
   -19.779   -13.989    -8.744    -4.983   -26.483   -31.625    -6.331   32.909
   34.462    5.485   -14.996    -9.786    7.659   28.179   54.318   80.105
CT2055:305           -54.271   -31.198   -11.834    4.295   18.362   20.793
    5.955    -9.404   -14.659   -11.449   -14.109   -14.302    1.265    7.793
   10.873    2.857    -1.662   -10.682   -30.853   -30.929    -8.851   23.793
   27.860    9.701    -5.036    -1.160   11.176   26.873   50.195   74.222
CT2055:300           -66.678   -46.558   -24.599    -4.267   12.316   16.098
    3.988    -8.644   -13.434   -12.660   -12.627    -9.279    2.473    7.067
    8.590    4.759    3.011    -0.924   -10.322   -10.410    2.016   20.837
   22.662   11.078    3.007    6.038   13.938   29.756   54.896   76.545
CT2055:295           -64.524   -48.002   -31.258    -9.621   13.392   21.359
   14.785    7.577    2.393    -5.609   -12.502   -11.265    -3.855    2.606
    6.881   10.562   14.081   15.958   15.213   15.761   17.317   18.637
   16.777    9.301    4.074   11.642   28.977   43.940   60.909   76.728
CT2055:290           -71.861   -54.925   -35.086   -12.779    6.980   15.396
   13.624   10.048    5.895    -0.993    -5.035    -5.274    -5.499    -4.581
    0.893   12.649   21.988   33.337   41.990   42.824   37.769   31.062
   24.548   14.549    8.682   14.289   28.126   40.673   52.694   65.068
CT2055:285           -75.973   -58.152   -38.932   -14.386   11.937   23.011
   19.478   14.162    8.316    -7.085   -19.880   -19.432    -7.567    3.300
   12.251   29.107   44.493   54.211   62.465   66.061   55.487   43.461
   31.026    8.637    -7.530    -4.619    8.391   22.737   41.632   63.157
CT2055:280           -70.257   -57.042   -38.858   -14.797    7.924   20.389
   24.325   25.950   22.645    0.468   -25.543   -26.039    -1.122   20.711
   26.691   28.905   40.016   53.129   64.986   66.612   61.467   49.336
   33.549    -0.811   -24.588   -20.956    0.052   21.171   44.273   68.793
CT2055:275           -52.009   -49.519   -42.867   -27.394    -8.413    2.758
   17.528   32.262   33.755   20.943   10.197    9.747   12.303   17.796
   21.684   12.467    8.245   40.047   98.995  114.240   96.502   50.393
   30.805   12.934    -3.665    -0.566   18.656   34.369   56.121   77.049
CT2055:270           -30.241   -20.746   -13.743   -12.741   -11.311    -5.010
    5.573   15.420   18.318   18.657   21.293   23.839   22.584   23.397
   26.654   29.493   37.689   60.728  133.224  165.576  135.432  107.623
   89.685   50.328   23.711   18.419   19.169   28.932   52.844   78.034
CT2055:265           -27.500   -17.148   -10.115    -7.485    -4.913    -1.187
    1.809    5.217    8.169    6.742    5.188   16.078   42.948   55.711
   58.299   52.223   44.891   29.409   -15.564   -28.431   29.181   77.577
   76.122   47.992   25.208   18.771   14.917   25.964   56.753   87.877
CT2055:260           -42.208   -31.462   -20.858    -9.098    1.742    8.403
   11.776   14.487   19.214   26.400   35.889   50.169   83.496  105.908
  104.971   90.518   78.926   41.481   -22.550   -35.650    -0.639   45.851
   51.033   33.403   20.701   13.160    1.274   12.961   52.651   89.412
CT2055:255           -54.768   -41.977   -27.584    -9.408    8.070   17.238
   16.052   14.558   20.786   38.390   51.686   54.552   55.252   56.146
   57.932   64.745   62.285   41.093    -0.437   -11.861    -0.641   14.532
   20.759   25.965   27.869   17.574    -2.790    2.664   35.001   74.074
CT2055:250           -49.748   -43.615   -34.916   -23.393   -11.739    -2.359
    8.701   21.684   26.817   25.006   17.297    -0.330   -45.964   -83.065
   -76.796   -23.100    4.000    1.495   -13.938   -13.849    -3.936    7.761
   13.280    8.065    3.873    2.526    -0.335   10.679   42.105   70.595
CT2055:245           -46.869   -38.611   -29.656   -19.068    -7.893    1.911
   12.618   23.246   26.104   24.739   18.605   -10.432   -85.703  -141.258
  -140.910   -81.794   -42.446   -38.980   -34.120   -18.335    -0.519   19.787
   25.552   12.003    2.854    -2.770   -10.012    1.097   33.879   74.963
CT2055:240           -39.637   -31.428   -24.267   -17.211    -8.330    1.737
   14.335   27.566   31.205   32.338   24.526    -6.169   -83.830  -144.214
  -164.996  -168.872  -161.327  -133.082   -72.948   -36.744    -4.614   25.285
   35.721   23.062   10.120    3.835    -5.778    3.291   41.313   87.609
CT2055:235           -34.026   -23.140   -15.826   -17.749   -21.681   -12.430
   13.814   35.059   40.015   49.887   57.093   30.777   -43.979  -103.045
  -131.856  -184.892  -216.067  -174.782   -88.231   -44.581    -1.202   54.446
   68.338   44.263   27.432   20.095    2.805   15.685   66.642  108.182
CT2055:230           -37.550   -27.358   -19.221   -12.682    -4.855    7.552
   30.749   52.926   55.274   37.142   16.026    1.865    -5.402   -12.106
   -36.144   -75.239   -86.457   -89.653   -86.653   -67.015   -16.217   41.943
   59.669   53.714   45.383   32.133    5.289    4.460   38.434   83.548
CT2055:225           -42.097   -31.817   -22.242   -14.626    -7.678    3.168
   23.693   40.811   40.633   16.702    -7.916   -13.714    -0.595    2.390
    -3.160    -0.792    1.460   -19.936   -55.398   -50.613   -13.207   33.538
   49.891   47.452   41.775   29.081    1.585    6.902   46.834   84.185
CT2055:220           -43.447   -40.851   -35.399   -27.234   -18.345    -8.792
    6.139   18.565   18.718    3.121    -9.295    -9.966    2.742    9.818
   10.031    6.602    -3.441   -12.165   -33.373   -33.786    -5.663   28.875
   39.988   30.349   21.553   14.300    0.344    8.940   46.900   83.578
CT2055:215           -41.450   -43.732   -42.364   -35.242   -25.144   -17.201
    -7.393    2.082    4.978    1.834    -1.029    2.836   16.373   25.247
   25.849   18.773    9.876    2.695    -9.139   -10.023    5.433   26.546
   35.619   37.084   36.148   26.886    7.000   10.826   38.826   72.578
CT2055:210           -38.526   -36.119   -32.359   -29.429   -26.338   -20.379
    -9.756    0.339    4.768    8.118   11.309   14.913   20.319   27.931
   33.754   44.333   46.759   29.545    -1.726   -10.165    1.591   17.577
   26.264   39.092   47.334   43.342   30.512   32.900   51.894   70.692
CT2055:205           -35.830   -34.104   -32.636   -31.572   -28.570   -22.318
   -10.593    -2.548    0.023    1.539    1.016    2.903    0.292    -4.079
   12.886   48.475   61.350   44.076    4.823    -9.392    -4.267    -0.412
    5.211   21.154   32.303   33.657   29.402   35.084   52.579   72.319
CT2055:200           -36.789   -34.070   -31.098   -28.644   -25.523   -20.091
    -3.901   10.314    7.730   -13.678   -26.883   -23.494    0.404   28.373
   31.839   29.023   27.525   32.307   38.400   37.106   13.336   -13.956
   -12.343    5.855   18.395   18.741   10.952   23.401   57.780   86.496
CT2055:195           -40.312   -31.296   -23.774   -17.088   -11.097    -7.581
    -5.216    -5.131   -11.932   -38.598   -59.697   -53.683   -25.983   -13.734
    -6.735    2.708    6.133    7.254   13.655   15.815   10.456    3.340
    4.492    4.962    6.479    8.774   10.948   24.958   52.680   80.286
CT2055:190           -49.155   -32.971   -19.166    -6.544    3.393    4.214
    -5.132   -12.421   -20.163   -37.469   -44.716   -39.208   -16.505    -4.134
   -11.447   -31.802   -41.718   -42.465   -38.044   -31.626   -11.784    6.355
   11.911    5.658    3.748    6.907   11.131   24.837   50.828   80.624
CT2055:185           -69.164   -45.999   -25.957    -6.143   10.430   11.998
   -11.401   -33.033   -36.821   -30.217   -23.517   -18.658    -0.347    8.051
   -13.049   -66.408   -96.587   -93.619   -79.246   -68.478   -41.796   -16.018
    -4.136    -5.684    -3.578    3.108    9.220   26.858   60.728   90.987
CT2055:180           -81.924   -62.516   -40.854   -13.571    9.835   13.117
    -7.399   -25.287   -27.077   -16.087    -6.421    -3.357    6.158    6.801
   -17.960   -67.507   -95.111  -106.058  -103.711   -92.730   -63.045   -27.532
   -10.498    -3.045    5.217    7.244    2.113   16.323   50.174   83.456
CT2055:175           -78.612   -59.687   -39.747   -14.873    8.148   14.222
    4.919    0.755    2.916   12.227   20.051   18.955   14.584    3.843
   -26.266   -73.570  -103.718  -134.672  -162.547  -156.283  -106.046   -51.929
   -26.770    -9.644    2.731    6.062    4.650   17.536   45.789   77.783
CT2055:170           -70.199   -51.439   -33.847   -15.512    0.590    6.516
    0.566    -2.171    3.418   19.473   29.279   25.840   16.409    3.171
   -27.144   -73.904  -105.541  -149.724  -199.526  -196.648  -125.795   -49.632
   -20.495    -5.166    8.074   12.155    9.142   24.250   55.801   83.096
CT2055:165           -73.191   -53.136   -34.961   -17.308    -0.307    8.382
    9.348   11.212   17.621   29.264   34.149   29.880   20.549   12.679
    -6.021   -36.232   -63.252   -96.164  -152.836  -162.556  -101.130   -34.203
    -8.725   10.777   25.948   25.857   15.020   26.135   52.811   81.545
CT2055:160           -86.253   -61.738   -36.794   -11.387   10.007   25.014
   36.322   45.554   52.199   57.437   60.232   51.524   20.376    -2.724
    9.598   55.545   63.391   30.533   -22.321   -41.185   -42.821   -37.842
   -23.883    7.953   30.435   33.603   23.799   30.634   54.050   80.892
CT2055:155          -106.036   -75.765   -44.949    -6.844   28.514   46.260
   48.305   52.099   60.865   72.758   76.713   69.324   42.726   29.391
   41.021  101.518  125.729   96.889   52.318   29.096   -13.063   -57.885
   -51.745   -12.515   12.938   19.491   14.205   29.205   61.060   88.336
CT2055:150          -101.082   -78.792   -52.796   -23.426    1.954   17.947
   25.616   33.346   45.719   71.354   85.876   77.967   41.994   19.552
   23.162   39.418   36.915   34.795   35.839   21.229   -30.064   -71.369
   -68.415   -34.210    -8.864    2.882   10.501   24.411   45.192   68.252
CT2055:145           -92.552   -75.374   -55.213   -27.736    -0.161   15.468
   19.386   24.528   36.652   67.098   86.814   78.317   39.368   18.614
   20.024   32.987   34.207    -5.841   -95.207  -127.597   -92.134   -64.624
   -60.607   -36.990   -17.808    -5.981    5.473   20.683   37.445   56.935
CT2055:140           -87.898   -72.490   -54.588   -32.164    -9.766    6.678
   21.471   34.086   41.760   54.146   63.763   56.459   31.831   23.800
   27.719   43.457   47.965   14.138   -70.442  -100.563   -67.483   -47.310
   -49.505   -40.221   -30.792   -15.853    4.384   27.638   57.110   84.271
CT2055:135           -71.481   -50.822   -30.437   -10.919    6.873   21.291
   36.445   48.010   44.231   16.559    -3.666    -2.024   10.823   20.680
   44.590  100.125  128.181  122.144  133.467  127.517   64.866   18.355
    -5.858   -42.675   -60.010   -38.903    4.767   36.603   65.290   89.527
CT2055:130           -65.172   -40.591   -19.109    1.632   20.119   30.218
   33.688   33.642   25.064    -8.270   -31.672   -25.229    2.858   22.932
   52.079   98.609  118.973  135.904  133.953  119.387   89.648   38.598
    4.400   -52.676   -84.445   -59.818    -7.365   25.368   60.871   92.317
CT2055:125           -59.665   -41.266   -24.078    -8.357    5.201   15.178
   26.678   33.295   25.762    1.116   -12.373    -8.437   11.593   29.933
   43.644   54.557   70.101  105.389  151.500  155.213  125.599   90.418
   48.933   -25.585   -66.802   -53.958   -16.846   14.814   49.533   83.004
CT2055:120           -59.583   -44.082   -27.768    -8.589    9.446   17.700
   20.263   21.634   17.125    5.431    -0.514    0.893    9.124   18.220
   22.386   15.675   26.637   66.829  118.818  128.812  114.750   90.160
   52.462   -20.013   -62.924   -53.821   -23.755    4.590   43.853   83.185
CT2055:115           -63.679   -53.883   -41.166   -21.607    -3.451    2.068
    -1.990    -7.239    -8.994    -9.820   -13.994   -12.023    -5.953    0.232
    4.673    5.784   19.485   52.554   97.955  108.135   96.672   76.103
   44.953   -15.733   -50.049   -49.568   -38.272    -7.222   52.552  102.617
CT2055:110           -65.196   -51.547   -35.681   -16.062    0.872    4.735
    -1.626    -4.817    -7.666   -10.034   -10.508   -15.983   -29.884   -32.217
   -18.134    7.355   27.611   49.022   80.111   88.216   73.529   55.830
   30.749   -13.287   -39.220   -38.121   -28.285    -5.557   38.152   84.771
CT2055:105           -63.111   -46.167   -30.133   -11.620    5.093    6.796
    -3.471    -9.322   -10.996    -9.991   -10.772   -18.215   -33.766   -33.032
    -9.200   27.174   42.638   43.830   35.173   35.358   48.905   53.337
   32.132    -8.204   -29.584   -25.002   -13.581    5.646   38.670   75.276
CT2055:100           -59.582   -41.926   -23.727    -4.003   10.986   10.413
    -7.548   -17.492   -15.969    -8.620    -7.168   -12.161   -22.487   -18.653
   12.138   62.937   80.861   61.233   39.375   37.607   45.619   49.156
   31.736    -4.712   -19.734   -11.406    1.692   20.651   49.235   73.165
CT2055:095           -51.294   -36.062   -20.984    -4.129    9.649    7.121
   -13.709   -23.750   -15.941    8.076   18.637   11.353    -7.438    -8.896
   12.071   42.091   48.584   33.438   15.295   18.010   40.061   51.637
   38.624    7.960    -5.901    -5.173    0.571   16.110   42.119   66.815
CT2055:090           -47.760   -33.307   -17.967    -1.577   10.995    9.040
    -8.157   -15.471    -7.517   13.891   24.348   21.950   12.934   11.844
   15.343   17.717   15.542    5.551    -3.277    1.988   24.690   38.601
   33.111   14.437    3.733    -2.953    -6.460    8.240   36.689   63.138
CT2055:085           -41.321   -28.293   -15.111    -0.641   10.743   11.106
    -0.218    -5.344    -0.471    8.521   15.979   26.443   41.638   44.073
   34.806   18.397    7.186    -2.778   -10.832    -3.871   17.748   32.326
   34.004   28.497   22.808    6.560   -12.262    0.222   33.498   66.907
CT2055:080           -34.964   -20.078    -8.500    -0.084    5.749    7.375
    2.938    1.859    5.257   10.151   18.981   37.466   68.605   71.107
   44.159    1.754   -19.146   -26.956   -24.834   -13.626    7.710   23.185
   31.588   38.486   38.084   16.903   -11.240    2.770   43.418   79.027
CT2055:075           -40.592   -22.841   -10.767    -4.783    -0.328    2.348
    0.752    0.450    4.741   11.128   19.867   39.820   82.160   87.588
   24.752   -70.386  -100.575   -93.467   -56.395   -39.093   -22.570    -4.637
   10.724   28.073   34.398   19.008    -2.956    8.249   42.751   80.346
CT2055:070           -54.318   -39.999   -27.380   -14.948    -2.699    6.835
   15.299   21.244   22.878   16.071   14.851   26.581   55.717   58.364
    -8.416  -140.786  -189.532  -157.227  -103.766   -87.863   -56.068   -23.708
    -5.044   15.105   26.059   20.756    5.883   16.499   51.016   87.597
CT2055:065           -76.208   -60.697   -42.450   -18.633    2.553   17.031
   34.190   46.134   47.118   33.403   27.162   30.698   35.815   35.345
   26.653    -3.792   -30.663   -49.437   -90.661   -99.262   -55.852   -11.188
    0.880    9.215   17.697   19.201   14.706   29.727   63.032   90.570
CT2055:060           -88.867   -69.475   -46.197   -18.634    3.918   15.800
   21.036   25.110   31.922   42.597   47.321   48.505   41.508   44.800
  104.132  231.900  258.971  157.824   17.128   -19.837   -30.409   -38.082
   -27.718    -1.652   12.543   12.570    4.274   15.842   47.434   86.802
CT2055:055          -103.381   -82.494   -57.441   -20.520   10.483   18.934
    9.013    5.881   12.260   31.585   42.665   36.353   17.759   22.788
   88.138  246.145  288.834  190.620   72.657   36.559    -9.467   -43.970
   -34.118    2.201   20.170   15.625    0.773   17.657   57.505   93.965
CT2055:050           -93.330   -71.344   -47.445   -20.855    -0.188    6.562
    1.958    0.926    0.766    -0.812    -5.318   -17.813   -48.684   -62.653
   -48.818   -39.012   -46.066   -24.704   -18.093   -23.946   -28.626   -29.426
   -16.620    6.256   19.040   13.180    -3.753    8.598   46.586   84.505
CT2055:045           -80.172   -61.950   -43.061   -20.422    -1.420    0.557
   -10.220   -13.959   -15.973   -17.830   -22.086   -38.200   -71.830   -93.760
  -119.253  -159.869  -177.307  -164.246  -142.096  -126.934   -76.667   -30.830
    -7.745   11.952   25.531   16.448    -7.304    1.867   34.438   74.362
CT2055:040           -68.730   -52.795   -39.850   -28.717   -19.019   -16.956
   -20.962   -23.669   -23.263   -13.875    -5.590   -13.317   -18.736   -30.130
   -77.322  -146.928  -177.638  -196.809  -209.828  -197.014  -127.348   -63.114
   -33.210    0.052   23.528   23.307    6.812   19.389   52.680   85.577
CT2055:035           -67.610   -52.276   -39.317   -27.784   -18.573   -17.386
   -23.215   -25.279   -25.650   -27.431   -28.265   -20.301    1.478    -2.212
   -42.713  -103.384  -134.061  -155.974  -169.922  -167.301  -147.507  -123.983
   -84.312    -9.335   30.094   27.778    8.419   25.556   67.499  103.672
CT2055:030           -65.990   -47.766   -28.821    -6.207   10.567   11.537
    -1.024    -5.524    -3.634    -0.944    5.730   24.334   65.019   66.356
   24.947   -37.333   -73.243  -105.718  -130.299  -141.607  -166.203  -172.735
  -129.909   -41.456    8.694   15.101    7.084   23.305   58.449   94.964
CT2055:025           -63.982   -43.440   -23.728    -2.664   12.795   15.917
    7.127    4.775   13.561   30.048   44.376   65.645  103.254  101.902
   50.930   -32.849   -78.667   -99.861  -121.006  -135.253  -159.410  -166.580
  -129.223   -52.684    -7.339    1.613    1.729   21.371   51.851   84.207
CT2055:020           -71.735   -50.819   -30.047    -6.254   11.922   14.157
    0.595    -1.948   13.929   43.429   61.274   77.760  102.741   94.698
   44.070   -26.951   -68.285  -108.414  -137.514  -142.889  -140.039  -132.262
  -100.950   -48.899   -16.059    -5.658    -0.876   19.619   50.785   81.283
CT2055:015           -82.514   -59.557   -35.456    -8.830   11.539   15.088
    3.337    1.751   19.502   53.043   66.925   71.927   75.220   56.648
    2.179   -80.115  -121.927  -143.448  -166.027  -157.944  -103.331   -59.860
   -45.097   -38.534   -24.737   -12.292    -3.559   15.152   43.303   75.634
CT2055:010           -86.840   -63.338   -41.114   -15.863    4.831   14.203
   18.636   27.194   40.078   71.946   89.400   71.098   36.324   11.130
   -46.357  -111.181  -137.121  -137.536  -121.410  -105.940   -70.486   -42.242
   -28.787   -25.808   -16.854    -3.469   10.266   30.128   57.741   82.625
CT2055:005           -73.532   -55.748   -35.144   -10.041    9.596   15.211
    9.653    9.972   20.095   37.763   40.227   22.847   -15.434   -48.225
   -86.248  -136.895  -152.950  -115.727   -64.450   -46.909   -37.880   -27.330
   -18.851   -16.895   -11.585    -4.291    2.421   21.228   51.937   79.324
CT2056:360           -68.709   -52.422   -34.539   -11.653    7.379   13.284
   14.188   19.635   23.796   31.077   32.346   16.797    -6.876   -26.276
   -62.634  -104.877  -115.844   -84.930   -44.248   -27.018   -15.685    -7.470
    -5.755   -10.646   -10.264    -7.471    -3.240   12.400   36.650   63.748
