
filled_synop: 30 data points in equal steps of sine latitude from +14.5/15 to  -14.5/15

CT1947:360           -44.219   -63.533   -66.230   -50.226   -28.104   23.861
  180.505  457.866  552.820  405.887  143.976   47.530   25.441   13.475
    5.612   35.115   54.452   73.001  127.112  161.466  265.141  523.471
  569.305  356.388  113.846   67.076   21.253    -8.177   -13.563   -31.907
CT1947:355           -73.156   -57.237   -38.453   -21.065   -10.150   28.049
  140.080  290.013  330.208  268.413  127.333   60.566   18.912   -25.449
   -40.306   16.980   70.732   81.183   76.051   89.073  172.308  319.541
  325.123  201.037    8.654    -5.163   77.716   89.454   10.316   -65.168
CT1947:350          -111.203   -74.473   -35.749    8.341   56.402  100.733
  136.945  165.585  175.704  161.567  109.904   67.136   56.548   36.132
   21.764   15.302   14.461   16.141    -3.613   -17.705   -10.142    -4.786
   -24.656   -99.354  -182.221  -145.097    8.589   74.142   35.653   -34.938
CT1947:345          -105.539   -73.217   -35.654   23.617   88.367  114.658
  102.084   74.774   72.244  129.939  250.025  274.637  158.883   50.448
   25.492   13.438    7.493    4.506    8.490    7.021   -56.010  -159.063
  -212.407  -260.827  -271.005  -202.114   -36.157   29.843   -26.834   -82.030
CT1947:340           -86.112   -62.209   -22.004   32.816   91.791  102.463
   40.893   -46.304   -72.385   -70.998   -68.498   -54.034   10.102   35.834
   28.954    -0.422   -20.884    -6.984   49.207   65.585    -6.763  -134.601
  -207.433  -283.410  -314.294  -225.800   -20.798   49.114   -17.525   -80.182
CT1947:335           -73.261   -44.458    -3.141   35.852   81.217   72.798
   -43.488  -179.769  -219.556  -219.720  -192.242  -160.935   -72.638   14.588
   26.753    3.546    -7.541    5.793   52.095   70.285   48.080    9.966
   -43.860  -180.343  -266.453  -192.242    -3.674   72.702   38.201   -22.682
CT1947:330           -92.940   -33.485   14.798   51.019   83.485   67.788
   -67.900  -225.939  -264.716  -213.976  -119.763   -70.628   -11.814   47.745
   53.795   24.037    7.475    8.514   20.724   27.887   50.175   72.754
   39.095   -84.611  -168.814  -112.665   26.668   60.043   10.690   -36.213
CT1947:325           -75.292   -32.936    1.997   28.120   60.925   58.451
   -14.597  -101.179  -128.488  -104.978   -42.923    -0.685   48.279   83.545
   79.964   40.175   10.353    0.633    2.481   11.107   51.039  100.545
   90.874   12.084   -46.361   -26.509   47.519   64.818   21.869   -39.523
CT1947:320           -69.001   -52.269   -30.928    -7.565   17.191   18.397
    3.653   -17.569   -28.063   -22.381    4.818   40.442  117.010  170.125
  147.693   46.540   -21.479   -28.359    -3.082   15.727   57.659  111.995
  124.303   85.105   40.470   41.852   78.296   64.447   -21.784   -95.881
CT1947:315          -112.068   -77.958   -31.034   45.589  151.639  194.753
  150.332   76.020   54.206   71.690   98.818  120.186  151.568  184.779
  158.594   64.670   -15.226   -31.069   -19.171   -15.957   27.024   96.613
  124.232  119.587   86.429   80.178   87.444   63.713   -14.436   -99.126
CT1947:310          -159.646   -62.457   38.177  151.632  260.577  310.319
  275.193  205.692  195.831  184.265  143.691  124.332  143.069  158.515
  133.338   83.847   46.078   15.105   -21.212   -55.922   -49.101   20.996
   71.224  102.025  104.458  118.613  101.909   62.695    -5.615   -85.632
CT1947:305          -135.207   -27.523   66.067  137.742  187.800  214.224
  219.429  178.071  171.896  222.811  299.497  313.363  212.147   92.603
   43.740   65.417   84.151   35.122   -64.527  -144.729  -209.509  -236.590
  -178.851   17.040  267.231  271.372  128.481   52.636   -21.091   -94.857
CT1947:300           -65.700   -35.681   11.485   70.137  134.340  162.761
  148.775  110.680  139.697  226.229  327.653  346.063  261.239  146.316
   80.997   70.263   72.134    6.537  -114.555  -214.926  -433.582  -894.147
  -920.190  -385.079  169.674  246.489  134.547   55.580   -26.393  -112.660
CT1947:295           -24.943    -3.911   20.762   56.906   93.290   91.789
   36.777    -7.064   87.235  245.172  503.472  572.923  450.888  216.625
  102.325   91.132   75.610   11.419   -86.760  -159.462  -290.689  -603.490
  -601.725  -142.716  283.886  314.264  193.836   71.531   -58.703  -176.857
CT1947:290           12.293   37.962   55.886   64.015   74.023   67.823
   -85.502  -399.926  -375.532  141.840  920.992 1095.098  833.260  363.939
  181.084  149.067  158.251   85.499   -72.091  -158.216   -23.838  350.661
  516.149  555.849  609.976  533.550  246.249   74.461   -48.847  -179.969
CT1947:285           70.638   52.607   33.161    9.268   -20.232   -41.565
   -92.127  -218.703  -127.606  500.428 1444.169 1660.231 1153.039  391.248
  151.562  103.155   61.062    2.407   -86.542  -114.730   96.072  571.591
  751.798  736.777  659.841  559.760  313.617   95.719   -55.390  -188.066
CT1947:280          123.817   62.749   12.524   -31.093   -75.366   -68.345
  134.011  488.448  733.183  940.107 1244.924 1312.639  874.251  257.853
   67.242   52.965   37.896   -24.270  -161.921  -217.692   -47.872  221.540
  364.837  504.878  551.829  451.785  220.168   71.047   -48.459  -172.289
CT1947:275          144.588   85.581   27.032   -37.689  -108.241  -151.122
  -123.644   -50.346   25.753   78.152   -46.952   -91.893   43.002  100.715
   66.316   57.201   46.482   -12.335  -137.011  -185.223   -84.771   96.159
  209.363  305.419  358.078  324.367  202.052   76.909   -47.613  -157.951
CT1947:270          134.335   94.609   50.319    -5.810   -55.580  -104.545
  -304.316  -572.311  -683.981  -743.726  -744.167  -678.713  -370.841   14.058
   97.121   92.295   81.443   24.890   -65.875  -125.558  -130.494   -63.934
   33.968  157.263  269.849  252.913  152.013   77.098   -31.039  -139.452
CT1947:265          105.267   75.194   40.721    4.819   -21.200   -61.158
  -164.934  -292.015  -401.912  -621.407  -796.531  -757.149  -403.807   -33.054
   70.352   70.328   51.862   -44.125  -203.024  -305.796  -496.567  -678.098
  -585.661  -171.087  224.131  270.280  180.461  103.661    -0.934  -102.240
CT1947:260           67.830   50.802   39.616   36.270   32.621   43.225
  191.519  377.552  280.358  -226.492  -684.411  -700.229  -378.501   -64.884
   22.232   37.826   24.440  -116.698  -389.833  -563.535  -865.799 -1214.687
-1061.649  -276.032  253.379  289.846  190.875  108.270    3.248  -103.656
CT1947:255           19.939   52.390   80.162  107.452  125.878  151.068
  232.521  298.970  227.224  -115.706  -433.262  -444.478  -221.516   -31.256
    8.773   14.133    0.474   -88.782  -234.918  -322.009  -473.953  -644.291
  -527.768    -5.360  347.050  339.682  190.974   96.552   -21.901  -142.329
CT1947:250           -71.217   16.078   74.699  119.312  145.374  156.563
  119.467   55.882   46.113  128.341  220.377  232.884  160.079   71.982
   32.248   10.689    -5.246   -27.194   -60.860   -59.224  108.848  358.446
  438.715  420.959  401.310  327.990  192.520   71.345   -62.125  -179.695
CT1947:245           -48.994    -9.614   27.698   72.526  120.374  144.169
   79.664    0.291   68.910  478.957  910.917  958.476  642.727  194.677
   67.792   27.798    -7.778    -2.240   40.453   93.517  304.592  535.927
  598.072  478.653  345.994  294.238  210.203  107.381   -13.304  -124.035
CT1947:240           74.941   15.474   11.002    -6.591   -30.056   -31.059
    -1.223   46.210  134.972  484.245 1070.390 1186.978  620.792  183.555
   88.411   28.184   -25.383   -27.950   40.110   85.662  169.946  304.355
  352.668  313.314  229.305  198.041  168.238  119.176   26.498   -71.617
CT1947:235          108.047   71.744   35.389   10.645   -25.372   -18.219
   53.812  147.262  144.440  -131.876  -703.082  -861.959  -391.588   20.153
   54.686    7.562   -34.164   -71.743  -110.005  -154.815  -225.079  -266.176
  -213.600   -80.186  131.126  161.719  116.267   85.814   23.822   -57.110
CT1947:230           91.464   74.283   55.603   31.875    7.103   23.390
  132.852  275.817  271.527   31.137  -325.838  -401.642  -251.844   23.067
   78.018   17.407   -64.336  -113.075  -174.366  -237.707  -484.205 -1066.942
-1134.311  -541.739   50.280  158.072  129.898   96.023   21.189   -69.729
CT1947:225           84.670   57.616   36.000   28.053   21.546   35.100
  129.340  285.734  295.239  172.911  106.838  135.001   16.924   16.741
   47.291   67.908   76.677    4.388  -166.850  -269.000  -360.668  -494.936
  -462.530  -218.173   75.643  126.778   93.731   68.158   -20.148   -95.377
CT1947:220          121.204   68.548   22.026   -26.069   -74.021   -85.891
   -43.874   18.071    4.735  -151.407  -500.620  -607.367  -293.052   15.779
   71.887   45.066    -6.810   -63.855  -199.291  -280.309  -179.036  121.809
  228.327  147.020   77.212  100.587  110.318   89.651   20.402   -63.343
CT1947:215          170.295   95.286   28.432   -32.443   -86.949  -125.998
  -189.124  -273.314  -308.529  -275.387  -189.029  -143.381   -97.558   23.586
   52.124   34.297    7.489   -58.895  -239.302  -313.673   -97.709  359.175
  486.952  319.470  102.436   69.032  102.097   92.858   40.432   -30.943
CT1947:210          213.697  145.543   80.981   13.077   -50.206   -83.326
  -109.959  -131.430  -114.783    0.517  192.570  247.035  166.054   92.430
   71.659   17.874   -45.606   -96.164  -218.372  -258.541   -72.610  274.991
  372.887  189.200    -1.467    -6.116   57.546   65.890    1.397   -57.628
CT1947:205          245.488  187.845  124.508   47.533   -46.580   -85.069
   -27.933   70.766  129.845  220.675  311.745  322.707  214.021   57.178
   17.352   29.417   30.117    -1.338   -36.324   -40.170    4.834   94.835
  114.904   53.749    -4.374    -2.125   58.560   73.741   28.234   -38.302
CT1947:200          222.723  216.484  182.798  100.746   -13.358   -46.991
   10.910   75.050  108.335  159.044  212.908  213.060  134.477   49.154
   18.418   20.998   19.227   19.663   39.209   52.277    6.218   -35.609
   -40.168   -55.116   -52.004   -17.122   56.391   71.139    9.910   -62.794
CT1947:195          174.991  170.213  147.061   81.047    -7.282   -10.587
   42.098   98.342  119.135   81.903   48.484   28.850   31.504   39.866
   32.450   22.876   18.037   11.411   -24.246   -56.531  -120.645  -221.208
  -226.381  -136.615   -70.601   -29.366   50.642   49.367   -34.755   -88.563
CT1947:190          170.164   52.711   -35.698   -82.062  -104.651   -76.599
   97.746  296.681  308.800  129.188   -34.330   -71.443    -6.494   42.407
   43.180   41.578   57.189   91.157  141.867  146.498   62.154   -36.323
   -69.595   -30.008   10.561   29.212   57.995   56.834   16.489   -35.139
CT1947:185          200.852   57.118   -37.081   -82.439   -98.027   -27.309
  233.356  472.620  505.248  386.169  268.597  181.329   47.845   -20.888
    -6.940   48.016   85.699  176.246  321.208  349.633  284.400  193.525
  127.810   45.079    -8.733    8.497   54.468   60.836   40.464   11.592
CT1947:180          188.687  125.357   87.122   43.840   -12.294   18.991
  251.213  470.341  499.534  394.896  270.553  191.983   74.221    0.983
   10.810   47.425   91.669  189.548  309.967  387.357  478.128  507.620
  387.980   51.687   -88.286   -49.025   32.396   43.804   37.465   31.391
CT1947:175           22.936   95.819  109.416   40.438   -45.937    4.206
  226.600  403.475  393.449  206.528   85.809   44.089    8.227    -6.727
   20.095   49.830   79.613  125.530  171.205  228.525  367.597  453.459
  346.051   97.724   -26.570    -7.258   39.778   48.534   46.246   43.508
CT1947:170            5.025  167.456   44.222   -83.313  -141.579   -95.487
   94.873  256.524  237.986   -18.322  -186.025  -158.536   -38.728    -1.116
   29.229   61.647   86.967   73.091   74.078  147.982  292.167  344.486
  254.569   63.627    4.501   33.915   55.272   51.731   49.469   62.022
CT1947:165            -9.133   22.464   53.970   88.309  144.650  176.552
  157.958   90.549    -3.667  -256.225  -529.933  -564.820  -339.902   -85.132
   -11.211   11.322   24.967   57.009   99.682  138.288  173.141  201.056
  180.415   93.155   23.353   12.008   26.675   13.089   -14.638   -37.646
CT1947:160           -15.225   20.534   64.993  122.765  178.022  161.910
   25.694  -187.664  -301.163  -425.129  -547.957  -538.652  -306.884   -47.578
   30.364   40.471   46.739   48.749   49.530   69.165  112.768  174.336
  164.098   66.447    0.396    -3.484   11.814    4.542   -21.202   -51.477
CT1947:155            -2.428   18.498   37.132   76.633  161.693  135.252
   -96.499  -456.868  -552.877  -430.719  -163.522   -31.673    -1.892   39.058
   63.042   49.604   23.845    -2.899   -19.793    -6.484   23.543   36.511
   27.083   10.738    6.074    5.984   24.534   16.383   -20.835   -59.703
CT1947:150           31.321   26.060   33.992   57.382   71.711    3.816
   -35.088   -60.147   -16.032  117.822  198.810  191.110  104.674   57.568
   33.308   16.261    6.272   20.352   34.311   50.670   87.740   99.369
   91.927   73.456   54.789   27.042    1.770   -39.576   -81.540  -100.597
CT1947:145           75.932   58.435   43.006   37.601   46.188   23.287
  -160.980  -268.155  -124.583  310.277  519.000  472.288  220.843   97.669
   55.832   25.454    6.244   -10.924   -29.039   -28.880   -17.108   -11.132
    2.095   38.039   57.731   66.063   60.417   19.448   -46.282  -109.149
CT1947:140           98.504   89.433   74.995   60.317   44.293  139.131
  -164.834  -409.287  -315.013  121.139  423.308  414.231  220.914  103.248
   49.694   16.951   -10.221   -21.068   -23.660   -35.720   -81.204  -101.560
   -76.683    1.892   32.834   44.445   58.276   27.869   -30.254   -92.329
CT1947:135           93.579  166.502  185.673  261.401  280.203  136.178
  -184.767  -451.899  -396.503   12.809  313.072  316.856  166.066   95.414
   41.463   -10.487   -38.779   -30.611   -12.498   -58.954  -182.327  -230.583
  -179.386   -46.240    -0.754   -15.394   -24.363   -39.109   -55.653   -66.344
CT1947:130          202.426  151.525  126.804  134.897  153.826   59.254
  -213.110  -432.737  -367.609   -17.620  210.118  238.601  161.932  104.824
   55.121    3.556   -30.466   -62.901  -101.634  -117.343  -110.859   -91.849
   -54.193   -10.428    7.568   14.706   19.027    -7.705   -60.583  -108.765
CT1947:125           58.378   56.226   63.022   73.875   73.886   33.219
  -128.619  -288.117  -245.842    -0.662  194.736  224.181  160.732  105.740
   64.723   28.393    5.363    8.619   34.211   44.991   53.908   62.336
   70.957   66.924   66.910   69.960   68.091   25.284   -57.612  -124.214
CT1947:120           -10.280   -10.407    0.848   39.836   92.055   90.474
   48.080   26.131   59.026  159.330  237.449  234.278  152.832   85.904
   50.314   33.341   15.188   15.291   25.122   15.698   17.580   12.663
   26.665   57.958   73.682   60.432   32.967    5.985   -43.599   -92.091
CT1947:115           -22.739   -24.834   -14.077   20.701   64.102   90.248
  102.657  113.844  149.514  223.513  268.564  247.908  136.207   37.429
    8.267   13.750    0.417   -31.161   -81.748  -112.856  -112.066  -105.415
   -75.470    -1.587   50.533   45.524    1.745   -18.421   -34.060   -51.959
CT1947:110           31.448    7.625   -12.585   -33.188   -47.163   -28.350
   47.797  133.432  166.812  182.420  186.498  163.072   94.878   37.679
   15.677   18.458    -1.709   -61.326  -170.890  -233.340  -243.688  -238.452
  -189.758   -60.216   40.911   51.284   20.887    0.617   -17.007   -36.003
CT1947:105           84.877   44.447    3.745   -48.226  -101.841   -83.825
   42.595  157.420  178.295  138.802   38.274    -0.615    6.076   22.305
   12.814   17.412   13.532   -80.152  -248.384  -320.277  -356.558  -341.161
  -276.118  -118.296   37.938   65.885   34.565   16.235    -8.983   -39.139
CT1947:100           99.150   67.185   24.514   -37.919  -109.647  -114.129
   57.173  283.018  325.102  152.043   -48.240   -84.024   -80.140   -56.721
   -53.304   -41.423   -54.125  -147.185  -390.766  -521.187  -493.741  -403.455
  -321.871  -127.093   58.068   80.142   32.027    -3.375   -39.090   -72.561
CT1947:095           85.282   65.965   39.745    7.359   -32.843   -62.751
   -87.825  -106.148  -101.434  -151.916  -212.407  -201.740  -125.500   -44.799
   -32.101   -32.382   -41.573   -88.072  -212.106  -270.935  -275.855  -287.787
  -245.870   -52.000  102.537   95.152   12.570   -30.601   -59.365   -88.662
CT1947:090          115.819   60.809   15.220   -14.677   -40.118  -101.158
  -290.609  -502.144  -519.248  -391.208  -198.799  -116.420   -43.008   11.684
   22.575   34.437   42.652   34.011    4.891   -11.473   24.181   78.518
  105.918  126.489  138.456  105.859   15.110   -40.835   -69.504   -95.875
CT1947:085          162.654   97.115   33.981   -25.489   -84.003  -187.682
  -497.290  -862.042  -876.205  -479.195    -3.006  127.976  125.105   67.651
   57.317   67.084   74.498  106.972  209.166  264.535  295.922  347.275
  346.079  254.891  160.883   99.686   13.461   -51.789   -92.533  -121.027
CT1947:080          209.893  132.992   42.514   -80.315  -212.178  -301.812
  -440.588  -593.291  -544.427  -123.490  438.179  575.288  360.025  104.558
   62.906   69.518   87.293  121.412  236.148  305.783  325.471  336.515
  321.473  211.441   89.335   45.099    5.970   -37.428   -78.376  -116.229
CT1947:075          233.285  106.130   -23.400  -161.290  -291.669  -349.595
  -260.087  -103.800    -5.501  169.313  414.929  480.508  270.393   47.717
   12.211    2.862   -15.326    3.936   27.356   31.156   94.690  152.217
  153.527  121.399   72.174   34.402    6.344   -23.898   -64.843  -107.454
CT1947:070          207.250   78.851   -42.439  -169.266  -292.698  -315.251
  -161.287   24.634   72.072   -65.391  -294.078  -305.074  -127.482    -4.831
    9.930    -4.250    -7.996   -23.850   -60.667   -64.481   -41.731    1.793
   25.274   48.309   66.227   55.134   26.965    -5.905   -48.004   -91.446
CT1947:065          152.612   76.260    -1.208   -98.710  -196.096  -224.193
  -173.666  -104.573  -117.044  -310.249  -530.256  -528.821  -289.250   -24.020
   27.430    -6.831   -36.683   -59.239  -109.628  -126.992  -114.997   -88.512
   -56.865   21.733   77.952   73.099   44.165   11.220   -24.045   -63.265
CT1947:060          100.555   56.282    2.904   -70.175  -146.760  -167.152
  -143.346  -141.176  -178.271  -290.481  -394.337  -377.645  -192.609    3.259
   51.239   32.530   19.075   -11.566   -70.699   -97.548  -102.684   -75.530
   -39.831   38.223  103.823   92.457   36.399    -6.835   -44.129   -81.981
CT1947:055           74.176   32.994   -13.522   -72.415  -142.243  -135.529
    -7.634  114.456  115.797   -28.930  -147.683  -135.031   -41.187   40.275
   66.649   58.599   47.435   24.727   -13.451   -42.152   -80.504  -123.807
  -100.064   12.481   97.350   84.126   24.152   -16.348   -57.940  -100.080
CT1947:050           80.165   21.192   -31.684   -91.174  -157.597  -151.033
   -36.954   62.529   84.853   53.565   11.678   18.107   42.982   58.835
   65.864   58.408   51.335   52.337   54.025   35.806   -20.590   -81.278
   -63.593   34.800   91.474   69.425    6.521   -37.802   -76.547  -106.525
CT1947:045          126.988   34.009   -33.034  -114.832  -180.004  -183.432
  -108.782   -21.383   32.815   69.233   97.656  107.875   93.335   79.009
   75.574   67.915   59.000   61.453   69.061   52.856    0.581   -56.528
   -44.137   30.631   74.951   53.362    -2.779   -38.534   -68.394   -92.612
CT1947:040          238.147  113.245   -35.080  -186.269  -326.065  -353.037
  -267.141  -166.289   -86.744   34.043  131.039  144.258  108.939   83.736
   73.952   70.153   54.656   35.984   14.054    -7.060   -29.066   -62.287
   -47.275    8.796   44.908   39.290   18.950    -5.975   -40.794   -74.543
CT1947:035          338.248  165.629   -27.223  -249.374  -448.989  -480.027
  -316.161  -132.725   -38.991   60.449  124.645  125.262   80.999   42.086
   32.761   57.653   52.922   -14.544  -106.375  -129.317  -112.940   -55.092
   -17.686    5.564   18.613   23.178   18.216    2.424   -23.353   -53.120
CT1947:030          361.831  207.414   43.799  -186.368  -413.309  -432.226
  -183.508  140.809  257.025  220.639  168.968  147.348   72.512    6.883
    -6.063   36.544   34.283   -92.175  -411.582  -549.134  -393.367  -117.995
   -39.654    -4.417   31.242   24.744   -26.719   -40.354   -41.271   -45.953
CT1947:025          363.852  207.637   33.521  -190.456  -417.702  -421.487
  -138.193  157.785  256.974  222.109  150.523  118.997   68.734   36.899
   24.929   54.500   57.293   -82.543  -401.643  -528.230  -399.077  -203.736
  -139.577   -93.224   -55.290   -31.727   -19.398   -19.929   -39.661   -62.361
CT1947:020          332.543  161.240   -20.276  -227.189  -408.356  -400.908
  -115.756  217.653  319.180  218.703  101.017   65.906   32.249    -0.467
    -5.947   30.247   27.480   -27.974  -145.709  -218.787  -215.882  -182.335
  -168.098  -120.716   -75.125   -45.860   -33.356   -30.908   -48.411   -71.142
CT1947:015          266.631  111.891   -21.462  -162.906  -300.575  -301.871
  -153.866    0.609   61.050   84.717   57.899   35.160   34.725   46.107
   40.236   47.602   54.173   64.470  159.298  176.292    -0.566  -197.548
  -223.099  -153.903   -79.218   -48.196   -51.925   -48.361   -65.484   -76.473
CT1947:010          220.014  111.024    6.702  -109.864  -211.032  -202.509
   -65.974   89.864  150.026  155.823  166.479  143.759   56.603   -15.077
   -15.220   44.890   75.333   86.112  129.049   66.088  -216.308  -623.629
  -665.069  -359.037  -102.321   -32.335    -0.435   15.438   -15.619   -57.316
CT1947:005          170.117   94.377   19.404   -73.288  -157.522  -139.790
    7.027  163.650  211.718  178.156  135.757  104.907   56.404   17.596
   11.410   45.482   68.286   58.093   46.038   -24.435  -332.831  -759.996
  -791.418  -456.218  -131.804   -28.481   39.525   53.176   -15.098   -85.907
CT1948:360          101.978   56.537   17.849   -36.564   -94.186   -67.028
   68.314  202.942  236.938  183.026  103.245   67.234   45.691   21.611
   11.908   27.770   38.729   31.705   22.518    3.093  -167.974  -450.549
  -473.452  -247.744   -59.802    -4.540   93.287   94.289   -27.446  -138.126
