
filled_synop: 30 data points in equal steps of sine latitude from +14.5/15 to  -14.5/15

CT2076:360           -76.151   -54.880   -31.755   -14.818    -3.989    5.482
   11.163   14.050   16.475   17.122   18.487   18.114   28.169   41.587
   24.654   -10.825   -24.506   -20.584   -13.384   -12.760   -16.780   -26.423
   -24.334   -16.723   -10.505    1.235   21.509   42.705   57.571   70.314
CT2076:355           -73.228   -54.590   -36.796   -23.107   -13.242    -4.668
    1.090    3.875    5.975   10.027   12.166    9.761    -2.944   -17.757
   -15.006    -1.676    3.919    -2.751    -9.336    -9.413    -5.842    0.078
    3.174    4.477    8.229   16.245   28.102   41.235   53.022   63.212
CT2076:350           -74.415   -65.452   -57.244   -47.441   -31.652   -18.931
   -10.034    6.657   13.359    4.850    -2.910    -5.560   -10.542   -12.432
   -18.520   -30.352   -35.902   -23.245    -6.023    -0.822    -0.698    -3.363
    -2.134    0.322    4.042   12.284   29.175   45.992   56.283   63.278
CT2076:345           -78.254   -59.445   -41.159   -28.526   -20.665   -13.614
   -15.298   -25.308   -26.842   -21.624   -17.124   -16.461   -16.257   -18.111
   -22.888   -30.441   -30.478   -19.033    6.276   15.714    9.441    -4.468
    -7.209    -7.062    -7.784    -0.781   14.907   33.034   49.744   65.486
CT2076:340           -92.888   -68.342   -41.162   -24.894   -19.010   -15.217
   -24.284   -46.384   -49.902   -31.622    -5.281    -1.583   -11.030   -19.947
   -25.907   -39.539   -45.343   -26.969   11.181   24.823   16.551    -2.022
    -5.416    -6.012    -9.097    -2.028   14.254   33.330   50.924   68.142
CT2076:335          -103.218   -75.868   -44.805   -25.782   -19.712   -14.864
   -25.338   -57.235   -63.853   -32.266   11.722   16.210    0.694    -8.314
   -16.326   -26.848   -30.238   -25.875   -15.171    -9.022    -0.632    7.151
   11.319    8.124    1.722    9.227   28.761   49.283   62.998   73.802
CT2076:330           -90.040   -47.743   -11.091    6.745    1.508    -2.201
    -6.876   -18.680   -21.903   -14.658    -7.515    -7.250    -8.625   -17.088
   -22.008   -25.643   -30.550   -40.344   -54.534   -54.997   -39.934   -17.270
    -4.184    8.111   23.112   33.186   39.311   44.696   50.703   56.109
CT2076:325           -99.006   -56.181   -13.437   10.679   12.113   12.949
   18.046   25.157   26.066   15.116    1.406    -3.698    -1.900    0.786
   -13.531   -42.507   -59.493   -69.448   -82.553   -84.629   -74.615   -66.542
   -52.189   -16.446   24.962   42.973   46.370   44.997   45.355   46.541
CT2076:320          -112.045   -69.289   -17.305   13.468   12.686   12.786
   23.212   46.877   52.674   29.726    -3.830   -12.884    -6.958    -6.193
   -23.659   -63.186   -86.104   -87.078   -75.439   -69.291   -64.176   -51.461
   -34.604   -10.762   20.302   38.649   43.990   45.800   49.962   52.842
CT2076:315          -105.383   -57.608   -14.667    6.686    2.225    -0.767
    8.108   24.043   25.914   15.376    -1.063    -8.890   -13.214   -21.043
   -35.215   -65.114   -84.959   -85.409   -70.423   -63.645   -60.876   -57.979
   -44.613   -17.605   16.175   35.194   40.956   42.370   44.285   44.775
CT2076:310          -115.264   -72.615   -22.916    6.510    3.127    -1.088
    -1.103    -2.474    -4.271    -5.919    -9.938   -13.107   -10.612    -8.947
   -23.712   -51.724   -65.439   -72.722   -72.328   -70.593   -69.749   -71.378
   -60.517   -29.464    9.410   28.605   31.779   30.536   30.362   29.138
CT2076:305          -111.508   -67.619   -16.424   11.563    3.978    -6.701
   -15.137   -25.129   -27.764   -21.411    -4.092    -0.958   -15.288   -31.358
   -36.657   -50.145   -65.992   -66.895   -66.620   -70.023   -67.850   -64.258
   -53.848   -25.355   13.349   28.792   20.019    8.474    9.138   15.327
CT2076:300           -89.646   -38.265    6.501   21.896    0.190   -18.876
   -32.469   -54.876   -65.765   -51.799   -26.794   -19.598   -14.714    -7.366
    -4.980    0.032    0.110    -8.224   -25.300   -34.377   -42.994   -54.687
   -51.170   -23.566   14.895   31.573   28.696   19.476   17.484   20.108
CT2076:295           -84.466   -40.427   15.103   42.861   19.641    -2.388
   -15.748   -36.271   -46.329   -49.511   -50.486   -45.499   -22.095    -3.938
    7.010   36.179   53.249   35.618    -1.624   -19.092   -27.494   -36.042
   -33.283   -20.309    -0.252   15.330   31.171   43.854   48.389   46.389
CT2076:290           -75.996   -28.763   15.993   37.612   36.113   31.837
   19.372    -3.672   -15.641   -26.354   -37.586   -37.566   -24.920   -11.108
    -3.707    5.254    6.534    6.836    -0.509   -10.160   -27.302   -56.352
   -60.571   -36.760    -2.922   16.271   31.349   45.477   56.223   62.768
CT2076:285           -75.134   -31.560    7.262   29.158   32.335   31.784
   26.055   10.544    -1.654   -12.035   -23.950   -28.241   -29.859   -25.658
   -21.243   -15.445   -11.335    -9.752    -8.200   -12.259   -27.961   -51.964
   -56.272   -38.953   -11.399    5.232   20.547   35.884   49.208   61.170
CT2076:280           -81.266   -47.658    -9.852   15.608   21.041   23.712
   23.903   21.718   17.547    3.731   -10.740   -17.838   -36.677   -52.758
   -43.762   -12.299    7.586    1.152   -11.787   -18.664   -24.751   -27.532
   -28.104   -26.183   -21.263   -11.927    1.932   17.232   33.265   50.792
CT2076:275           -61.524   -40.491   -18.727    -3.813    3.993   10.090
   12.510   12.784   10.212    3.922    -6.645   -12.001   -17.090   -20.433
   -14.672    -0.243    7.590    6.887    -5.670   -14.894   -14.825    -9.717
   -10.742   -15.002   -22.537   -16.815    -0.544   18.230   37.388   58.328
CT2076:270           -42.677   -31.323   -25.727   -19.984    -8.078    4.940
    8.345    5.306    2.876    4.931    7.169    6.764   10.816   18.269
   22.575   35.849   48.167   42.343   25.214   14.309    2.281   -11.121
   -17.592   -18.833   -20.748   -13.399    3.161   21.628   39.569   58.509
CT2076:265           -42.318   -34.766   -30.917   -25.057   -14.214    -1.134
    4.037    5.790    7.453    9.314   13.785   13.920    3.071   -10.243
    -2.244   26.517   42.938   42.585   30.031   16.380    -1.416   -33.414
   -46.976   -36.414   -15.703    -2.976   12.200   27.483   41.125   55.099
CT2076:260           -64.171   -51.662   -34.574   -21.484   -18.652   -17.858
   -13.675    -5.712    -1.665    -2.454    -4.197    -6.107   -11.115   -16.239
    -8.437   19.141   39.769   40.986   35.111   26.024    2.161   -42.973
   -61.022   -45.271   -13.516    5.974   24.281   40.888   54.308   65.285
CT2076:255           -72.929   -55.524   -29.033    -7.090    1.538    9.238
    9.737    -3.550   -10.917   -11.500   -10.418   -10.243   -11.072   -10.369
    -4.390   11.756   26.041   27.213   20.254    9.823    -6.109   -28.023
   -37.134   -29.449    -9.424    4.024   22.241   38.321   48.206   55.189
CT2076:250           -64.493   -40.077   -14.906    2.091   11.205   19.222
   20.034    8.393    2.048    1.759    1.704    0.556    -1.775    -5.223
    -2.207    9.350   20.811   21.589   11.894    3.465    -5.045   -14.905
   -20.804   -21.847   -22.469   -15.230    -0.589   15.507   28.885   38.157
CT2076:245           -51.492   -30.737   -12.487    0.648    0.426    -7.372
    -5.608    5.757   16.017   17.280   16.375   14.737    8.005    -2.130
    -3.852    5.696   18.985   19.654    9.374    2.428    -2.468    -7.365
   -13.816   -20.823   -29.306   -28.507   -18.851    -3.756   16.974   42.701
CT2076:240           -45.715   -31.163   -17.189    -6.634    -9.551   -18.577
   -14.161    4.954   20.505   22.872   19.327   16.337    6.464   -12.355
   -16.180    -9.480    -2.048    1.488   12.370   21.393   15.971    3.450
    -5.445   -15.850   -30.347   -31.736   -21.573    -7.555   13.166   41.337
CT2076:235           -40.363   -19.351    1.066   12.598    -4.539   -40.192
   -37.769    7.884   41.107   39.566   16.603    1.463    -7.036   -10.028
   -11.428   -16.552   -17.530   -13.260    0.865   11.893    7.587    -8.284
   -17.623   -18.337   -13.673    -9.354    -3.232    6.407   21.890   43.026
CT2076:230           -74.155   -42.089   -11.454   11.628   16.292    0.454
    -1.676    3.580    4.631    4.426    6.792   11.997   19.694   34.589
   39.722   31.957   11.458    6.860   17.734   31.121   25.068    2.541
   -10.945   -13.036   -11.968   -11.111    -8.668    -7.326    -9.615   -16.751
CT2076:225           -81.917   -57.049   -25.858    6.477    9.393   -17.609
   -21.483    -9.694    3.192    5.802    1.270    0.735   12.324   38.162
   49.067   50.966   48.988   44.057   28.665   13.930    8.838    9.551
    7.657    4.950    4.514    4.774    5.102    4.077    2.494    -2.072
CT2076:220           -90.842   -68.087   -43.230   -20.464   -12.945   -13.421
    -7.671   13.282   34.950   37.123   22.462   13.285   20.003   37.361
   46.375   52.061   58.920   55.286   33.438   11.736    3.741    3.709
    4.296    7.026   14.060   18.208   18.471   16.431   16.331   19.508
CT2076:215           -90.994   -70.082   -46.619   -25.209   -17.169   -13.716
    -1.995   23.229   45.068   47.229   33.635   25.520   23.243   19.380
   21.171   29.756   37.175   34.827   23.890    9.945    0.580   -11.745
   -18.777   -13.588    0.626    8.374   16.793   25.561   35.101   46.829
CT2076:210           -91.009   -70.325   -46.302   -24.700   -16.345   -11.109
    0.453   24.281   45.582   46.788   34.558   28.503   22.303   12.277
   13.447   28.998   48.004   45.946   27.823   15.609    8.775    3.652
    1.181    -0.292    -2.231    2.356   17.180   36.713   56.149   74.570
CT2076:205           -87.164   -61.787   -36.137   -18.337   -16.981   -17.554
    -6.990   16.207   32.496   31.799   16.822    8.599    9.201   11.553
   15.906   27.105   37.628   35.032   14.605    -3.220    -4.016    8.816
   12.928    7.660    -8.047    -6.043   21.940   55.232   76.596   95.579
CT2076:200           -86.379   -62.118   -33.152    -9.019    -5.307   -10.750
    -6.052    9.201   19.558   17.197    5.801    1.159    3.066    8.219
   15.511   31.151   42.964   39.807   21.420    7.024    3.335   10.004
   13.000    7.842    -6.841    -5.948   17.269   49.400   77.368  102.151
CT2076:195           -80.238   -56.467   -32.896   -13.329    3.746   19.957
   24.048   10.929    1.164    -0.676    -2.335    -2.771    0.819    2.383
    8.073   31.692   53.532   49.643   21.844    6.291    1.263    -2.796
    -5.126    -4.208    -6.101    -0.440   24.286   52.920   74.471   96.226
CT2076:190           -75.628   -55.648   -36.238   -16.834    3.181   21.577
   24.323    9.206    -4.912    -7.728    -7.562    -8.454    -0.756   12.481
   17.613   12.133   11.642   15.226   12.355    7.179    9.084   10.307
    8.848    9.151   13.857   20.291   33.133   49.887   67.690   87.559
CT2076:185           -75.315   -60.462   -47.608   -31.288    1.504   37.729
   38.330   12.240    -7.905   -14.300   -14.010   -12.829   -16.561   -23.301
   -20.239   -15.368   -11.284    1.924   33.100   48.812   47.666   32.847
   22.637   16.427    6.344    7.147   25.155   45.517   64.158   86.100
CT2076:180           -81.980   -67.642   -48.663   -24.309   18.669   55.601
   46.549    -6.854   -36.298   -48.486   -42.097   -31.198   -35.934   -35.969
   -30.858   -22.566   -11.447    2.488   43.834   72.427   63.517   35.072
   23.440   15.446    2.705    2.878   21.130   45.927   67.601   87.035
CT2076:175           -82.010   -61.741   -40.817   -20.764   14.047   53.019
   38.656   -59.427  -123.095  -115.756   -98.878   -97.952   -51.126   -10.283
    -4.279   -19.188   -27.338   -16.300   10.698   26.000   26.226   14.979
    8.000    6.724    7.002   10.716   29.803   54.345   70.586   84.782
CT2076:170           -80.326   -53.791   -26.029    -3.057   15.593   25.291
    8.289   -54.740   -89.264   -69.244   20.463   61.321   30.994    3.769
    2.688    -3.843   -11.321    -6.358    -3.528    -4.987    4.348   20.444
   24.306   12.054    -8.779   -11.182    6.933   33.370   58.058   82.818
CT2076:165           -80.206   -51.769   -23.227    -3.907    1.689    3.076
    -9.858   -45.572   -63.664   -41.863   11.139   29.590   27.181    8.027
    7.310   22.232   43.497   41.715   31.655   36.689   32.809   27.345
   24.089   11.108   -13.053   -19.860    -2.504   22.848   49.812   85.014
CT2076:160           -84.679   -56.715   -26.879    -6.116    -8.874   -16.334
   -20.279   -32.489   -37.026   -26.204    -6.968    1.808    3.023    -5.704
    -4.702    5.589    6.570   12.318   17.182   15.037   25.759   44.156
   46.659   27.822   -10.964   -21.207    -2.656   30.833   61.848   90.737
CT2076:155           -92.658   -65.253   -37.025   -19.051   -21.860   -29.137
   -27.423   -19.441   -14.595   -12.545   -13.188   -10.797    -5.354    4.235
    8.157    7.498   11.250   13.242   13.545   17.887   33.504   67.056
   75.884   52.381    -6.951   -27.071    8.046   53.456   75.223   90.767
CT2076:150          -101.045   -84.081   -62.297   -42.228   -26.378    -4.586
    3.251    2.217    3.057    2.220    -5.479    -5.732    -0.112    7.842
   10.162    7.409    2.640    3.344    8.990   14.156   24.971   58.046
   71.000   50.093    -3.539   -20.974    -3.773   24.801   49.793   72.083
CT2076:145           -98.555   -78.892   -55.581   -35.009   -17.532    -1.265
    5.394    3.243    2.374    5.361    6.655    8.879   14.959   20.329
   19.793   14.190    3.980    1.036    -1.788    -7.070   -12.820   -34.821
   -49.571   -34.510    1.250   13.749   13.594   13.476   24.376   42.907
CT2076:140           -90.327   -70.384   -48.252   -28.970   -20.018   -14.372
    -9.694    -9.003    -9.528    -0.733   19.048   27.620   29.061   29.804
   25.128   14.520   10.992    6.293    -3.620    -7.524   -17.865   -51.857
   -66.670   -48.968    -4.954   19.536   23.338   21.185   19.866   18.862
CT2076:135           -81.931   -61.554   -37.793   -16.409   -10.148   -11.431
   -10.566   -15.412   -19.168    -6.086   27.235   43.559   30.434    -7.022
   -21.063   -29.115   -42.383   -44.059   -25.612   -12.110   -17.266   -33.755
   -38.587   -25.333    8.610   23.393   23.060   18.954   12.486    0.864
CT2076:130           -64.624   -43.850   -22.897    -6.800    -5.877   -20.450
   -30.171   -35.666   -31.804   -20.266    5.431   22.171   15.113    -4.003
   -14.233   -22.971   -30.044   -31.084   -23.145   -11.489    -7.429   -10.255
   -11.768    -6.003    2.105    7.882    9.373    6.520    -1.586   -19.989
CT2076:125           -50.818   -40.459   -29.312   -15.076   -13.746   -32.672
   -44.471   -53.381   -55.797   -45.980   -19.076    -0.430    2.796    -0.991
    -5.439   -17.277   -33.866   -39.860   -25.824    -5.725    -1.543    -6.438
   -10.328    -9.489    -4.398    -2.994    -5.978    -9.867   -19.398   -30.429
CT2076:120           -36.358   -27.217   -20.263   -18.215   -15.035    0.157
    2.635   -26.113   -58.700   -58.657   -38.994   -19.528    -7.378   17.334
   23.608    -5.239   -66.827   -80.282   -54.317   -17.857   -11.847   -23.216
   -29.421   -27.546   -21.062   -19.202   -21.917   -26.384   -33.303   -39.241
CT2076:115           -25.893   -21.520   -14.267   -12.751   10.379   82.730
  104.385   55.074   -27.247   -47.129   -29.851   -14.621   -10.165    -2.179
    3.311    6.880   13.160   15.643   16.922   15.360   15.616   20.158
   21.703   15.086    -7.315   -13.027    3.121   27.839   55.703   80.821
CT2076:110           -65.723   -51.324   -36.066   -16.488   25.782  131.644
  181.670  130.484    1.810   -46.333   -33.816   -16.270   -14.784   -17.690
   -16.440    -1.712   24.768   34.625   32.346   22.571   18.642    7.954
    -5.694    -9.647   -12.605    -9.252    7.258   29.773   51.007   74.785
CT2076:105           -91.300   -62.277   -28.605    5.848   51.045  121.515
  149.765  100.906   19.268   -12.327   -20.790   -22.483   -25.307   -30.404
   -31.101   -20.193    7.173   21.162   20.583   14.159    9.488    -2.995
   -14.144   -13.001    -4.947    3.404   19.172   40.407   58.431   72.035
CT2076:100           -98.932   -64.933   -28.853    6.423   42.776   94.366
  114.773   79.059   14.205   -13.958   -15.309   -12.723   -18.451   -37.197
   -47.219   -41.797   -25.181   -16.831   -10.061    -1.578    3.689   11.293
   17.484   13.714    -2.666    -6.883   11.526   37.753   57.935   70.591
CT2076:095           -99.088   -65.896   -28.345    9.939   34.643   53.157
   59.383   37.035    -0.650   -14.428    -9.204    -4.743    -7.664   -13.389
   -17.736   -20.512   -22.571   -20.747   -19.723   -17.439   -12.820    0.481
   14.844   14.681    2.810    -2.566   10.851   31.001   50.370   71.302
CT2076:090           -93.559   -61.950   -26.242    8.517   28.100   42.010
   45.150   22.534    -5.411   -12.596    0.857   10.857    8.719    4.137
    -0.088    -5.248   -11.757   -14.339   -18.883   -24.458   -19.759    -1.670
   12.990   12.916    -1.020    -3.943   10.406   31.067   51.628   74.068
CT2076:085           -79.889   -53.811   -26.218    -0.319   15.958   31.953
   36.401   25.864   14.661    9.721   10.506   11.422    7.422    -0.724
    -5.852   -10.305   -14.385   -14.559    -9.919    -4.791    -4.381    -4.521
    -1.811    -0.724    -4.237    -2.488   15.519   40.351   61.874   84.255
CT2076:080           -76.995   -44.440   -12.653   12.737   23.580   28.311
   29.132   20.402    9.706    6.951    7.356    5.431    -0.257   -11.760
   -18.093   -18.896   -16.562   -16.040   -12.082    -7.202    -8.400   -18.253
   -24.227   -20.691   -15.046    -5.925   15.068   42.903   68.582   93.564
CT2076:075           -84.268   -43.963    1.520   36.030   36.028   23.105
   20.863   12.920    5.801    7.117   14.426   16.711    7.440   -11.165
   -18.845   -15.603   -13.649   -14.049   -11.680   -13.112   -16.581   -27.167
   -31.404   -26.441   -14.008    0.671   22.857   51.670   76.706   98.867
CT2076:070           -79.317   -41.816    -2.189   25.040   17.068   -11.268
   -16.565    -3.682    7.961   13.766   20.772   21.910   16.465    3.099
    -3.961    -4.838    -0.850    -1.391    -4.037    -3.626    -6.981   -22.085
   -31.102   -25.975   -15.257    -3.058   18.905   47.111   70.845   92.559
CT2076:065           -73.474   -37.327    -1.014   19.109    -1.732   -38.926
   -44.623   -16.537   12.989   21.714   30.855   39.076   26.989    3.842
    -5.970   -11.375   -10.503   -11.120   -17.391   -19.056   -16.459   -12.016
    -8.318    -5.415    -0.982    7.849   26.951   51.439   70.984   87.289
CT2076:060           -74.735   -46.683   -14.001    9.992    -6.998   -47.558
   -54.130   -25.837    6.812   11.385    -5.100   -13.811    -8.004    -3.110
    -9.017   -25.947   -61.768   -64.702   -30.442    -4.769    -2.018    -9.151
   -12.691    -5.861    9.418   20.860   35.054   51.232   64.548   76.460
CT2076:055           -88.488   -52.694   -16.650    3.222   -10.969   -38.903
   -44.033   -36.966   -27.225   -21.441   -24.934   -27.197   -10.861   28.530
   38.125    7.528   -27.289   -30.005    -6.923   18.296   20.530    6.453
    -1.468    0.955    6.786   14.634   28.359   44.196   56.720   67.429
CT2076:050          -103.018   -72.749   -35.179   -10.180   -24.699   -50.973
   -54.716   -45.228   -35.043   -27.254   -15.266    -3.939    3.286   18.874
   21.812    7.913   -16.864   -18.050    9.019   37.166   38.247   15.364
    0.255    4.035   13.234   18.847   28.625   40.784   49.833   58.126
CT2076:045          -107.286   -81.634   -47.902   -20.697   -34.046   -66.772
   -70.005   -42.889   -11.689    -3.882    -7.491    -9.716    -0.715   16.480
   20.917    7.650    -8.269    -7.699    7.020   20.964   25.333   21.004
   16.631   21.002   37.609   46.987   45.682   40.586   41.571   46.159
CT2076:040           -92.165   -56.447   -21.842    -2.416   -22.415   -60.976
   -64.947   -27.937   12.248   17.316    8.252    7.434    4.978    -1.992
    -4.133    -3.744    -8.279    -7.793    0.560    8.615   13.518   22.729
   28.941   25.650   11.168    5.309   10.378   18.523   27.469   36.879
CT2076:035           -90.766   -63.350   -31.054    -3.908    -1.963   -11.952
   -12.191    -6.963    -0.681    -1.634    -9.208   -12.370    -9.933    -3.920
    -0.434    -1.502    -7.443    -7.855    0.048    6.642    8.064    3.652
    0.531    4.300    9.058   13.510   17.941   20.592   23.938   30.522
CT2076:030          -107.315   -77.342   -40.511    -7.437    6.016   13.968
   17.247   14.132    9.115    -0.286   -30.122   -49.500   -39.010    -9.948
    1.163    2.854    8.939   10.877    7.531    8.978    6.892    -7.944
   -14.452    -2.303   34.109   54.135   50.561   37.340   32.564   31.870
CT2076:025          -100.949   -65.131   -27.231    5.406   32.965   62.550
   69.247   38.690    3.109   -11.479   -29.845   -39.016   -31.996    -9.220
    0.010    3.930    3.990    0.058   -13.555   -29.563   -28.332   -15.620
    -4.212    4.686   15.076   22.883   31.192   40.113   46.255   50.908
CT2076:020          -113.198   -78.997   -25.740   20.808   40.303   52.270
   54.441   30.073    -6.518   -16.288   -10.050    -7.736    -5.393    6.003
   10.278    0.383   -11.908   -17.941   -30.552   -36.411   -29.407    0.456
   24.050   26.593    7.949    1.080    9.106   20.666   34.952   54.308
CT2076:015           -95.184   -55.435   -13.807   19.551   31.135   30.219
   31.159   34.455   38.471   32.680   19.600   12.336    6.992    -0.625
    -6.248   -15.694   -35.677   -43.400   -42.694   -43.840   -35.473    0.577
   31.300   32.338   10.699    0.551    7.830   22.814   39.076   56.805
CT2076:010           -79.883   -45.326    -9.815   19.569   26.209   20.303
   21.764   32.646   44.030   41.748   27.732   13.235    7.278    0.353
    -5.162    -6.754    -4.236    -5.726   -18.178   -30.031   -26.802    -7.052
   11.685   13.829    0.008    -5.044    6.806   25.731   41.166   56.596
CT2076:005           -78.680   -49.342   -13.237   19.588   24.817   11.747
   11.817   24.511   41.784   42.834   32.745   22.333   13.609    1.626
    -4.496    5.029   24.292   27.134   14.436    -3.737    -7.763    -7.276
    -5.366    -1.669    -0.576    0.639    8.403   21.381   35.556   50.626
CT2077:360           -83.144   -52.944   -17.197   13.702   14.837    -1.226
    -2.157   12.823   32.958   34.130   20.992    7.175    -0.549    -3.012
    -1.371    6.046   22.208   26.620   19.569    4.797    1.023    2.030
    5.440    8.774   10.236   13.179   20.077   28.040   36.043   45.185
