
filled_synop: 30 data points in equal steps of sine latitude from +14.5/15 to  -14.5/15

CT2073:360           -97.506   -69.658   -45.016   -29.815   -20.698   -12.203
    -3.773    7.997   12.395   12.039   13.264   10.089    -0.153    -7.683
   -16.088   -32.806   -39.630   -33.429   -26.641   -22.305   -13.444    -1.640
    6.735   18.444   32.405   36.317   28.674   17.687   13.100   13.284
CT2073:355          -103.560   -73.954   -46.794   -27.526   -11.872    -0.666
    2.779    3.410    3.770    -0.347    -4.854    -4.704    0.894    3.369
    -2.400    -5.825    -5.563    -4.064    1.746    4.919    4.132    4.397
    8.921   17.218   28.221   31.847   26.133   17.236   13.254   11.945
CT2073:350          -109.059   -84.075   -58.359   -33.880    -2.781   13.955
   11.005    4.922    2.917    -5.365   -10.303   -12.453   -15.627   -18.551
   -10.264    4.253    7.990    6.427    6.353    7.093    0.143    -9.109
    -6.760    2.925   12.587   16.866   20.087   22.800   22.118   19.367
CT2073:345          -114.098   -89.182   -64.016   -38.616   -10.809    4.685
    5.543    1.267    0.257    -2.100    -7.058   -10.576   -13.979   -15.687
   -10.912    -2.480    -0.200    -4.671   -17.575   -19.831   -11.244    -3.593
    -0.344    0.893    3.673    7.868   11.924   17.378   22.822   27.183
CT2073:340          -114.529   -88.439   -60.564   -36.636   -11.095    6.717
   17.743   27.011   26.417   16.149    8.119    0.328    -5.037    -5.422
    -8.355   -14.641   -16.789   -12.096    -8.845    -7.344    -3.650    3.575
    6.587    2.854    -1.302    2.237    8.411   16.137   24.601   32.896
CT2073:335          -111.425   -85.161   -57.904   -33.697    -4.930   13.505
   29.523   43.610   40.782   13.515    -7.828   -13.068    -9.706    -8.252
   -10.022    -4.849    -2.785    -6.648    -4.454    -2.032    -4.627    -8.256
    -5.495    -1.737    -1.521    3.616   18.738   35.579   41.945   41.952
CT2073:330           -93.584   -59.390   -30.535   -13.223    -4.585    7.357
   24.376   41.818   39.918    9.073   -14.183   -19.498   -23.209   -28.836
   -25.452   -20.486   -21.549   -23.571   -29.305   -27.718   -16.631    -5.403
    1.424    8.332   16.175   21.247   26.101   30.251   30.673   28.155
CT2073:325           -89.142   -56.385   -28.254   -16.179   -16.567   -11.678
    -3.582    3.445    7.207   13.193   16.067    8.332    -5.273   -14.247
   -21.815   -26.668   -30.990   -36.031   -43.652   -41.403   -25.568    -4.377
    6.718   14.235   20.154   23.026   20.685   16.904   16.723   18.744
CT2073:320           -87.920   -61.090   -34.021   -25.435   -33.940   -32.596
   -26.801   -19.655   -11.116   12.290   30.775   22.839    -5.526   -26.411
   -34.650   -39.031   -44.183   -51.673   -61.326   -57.989   -39.028   -13.371
    0.508    7.206   11.718   16.088   16.759   16.722   20.060   26.211
CT2073:315           -84.614   -63.013   -43.652   -37.506   -39.158   -35.314
   -31.624   -26.698   -18.713    1.864   15.288   10.449    -5.827   -22.463
   -42.403   -67.672   -79.996   -80.649   -71.685   -61.306   -45.594   -25.535
   -12.197    -5.946    -0.072    8.319   16.438   25.862   36.361   46.195
CT2073:310           -90.997   -73.510   -56.367   -42.638   -28.981   -19.034
   -16.175   -15.744   -11.984    1.631    8.429    2.047    -3.494   -14.374
   -52.754  -115.030  -135.928  -112.092   -76.210   -60.729   -52.106   -47.169
   -35.151   -21.273   -11.597    0.419   19.377   39.193   53.691   66.319
CT2073:305           -91.939   -69.883   -45.861   -20.871    5.016   17.584
   21.542   28.287   23.060    -0.830   -15.811   -23.334   -32.397   -43.498
   -61.965   -85.231   -97.635  -101.922   -92.254   -80.679   -59.916   -29.569
   -13.470   -11.113   -10.025    1.656   20.269   41.285   59.549   76.327
CT2073:300           -88.099   -63.036   -39.619   -11.720   27.654   41.405
   17.429   -15.646   -22.728   -16.453   -16.505   -27.994   -48.859   -60.931
   -62.112   -63.075   -72.239   -95.218  -130.849  -129.414   -90.440   -49.794
   -31.159   -18.216    -7.091    6.328   21.132   36.926   53.906   71.614
CT2073:295           -83.299   -50.695   -20.314    5.378   28.019   34.159
    8.469   -23.747   -33.350   -30.730   -31.361   -33.003   -31.054   -31.521
   -36.085   -40.821   -48.995   -63.677   -79.603   -80.815   -69.826   -50.714
   -35.317   -18.624    -2.316   10.754   22.503   34.334   47.741   62.656
CT2073:290           -92.962   -54.731   -17.332   10.415   34.050   40.192
   11.894   -23.788   -34.624   -31.590   -29.644   -26.816   -15.906   -10.664
   -10.636   -10.718   -16.811   -31.574   -50.100   -54.627   -46.011   -33.175
   -22.349   -11.142    0.964   13.180   25.245   37.429   50.170   63.428
CT2073:285          -100.801   -65.378   -27.957    0.742   32.002   41.896
   17.794   -10.537   -19.588   -19.390   -18.172   -15.310    -8.447    -4.339
    3.484   12.368    8.249    -5.350   -21.544   -28.401   -31.410   -30.102
   -22.181   -13.224    -5.310    7.509   25.081   42.174   54.794   64.656
CT2073:280           -97.099   -68.629   -40.071   -10.956   24.219   36.000
   16.929    -8.827   -17.570   -15.917   -15.651   -18.137   -21.535   -20.436
   -10.251    6.550    5.376   -17.323   -46.924   -55.386   -52.193   -46.447
   -36.150   -17.292    2.603   16.308   25.235   34.271   45.248   56.728
CT2073:275           -98.190   -71.251   -42.659   -12.593   21.358   34.339
   18.425    -1.633   -10.396   -18.953   -28.048   -30.884   -34.834   -34.348
   -27.659   -13.228   -14.098   -36.079   -66.596   -74.883   -66.384   -54.859
   -42.006   -14.376   16.057   30.200   32.684   31.750   35.914   44.516
CT2073:270          -104.970   -77.960   -50.223   -23.750   10.059   22.818
   12.066    -3.031    -8.938    -6.731    -5.628   -16.771   -40.146   -45.923
   -34.048   -19.195   -20.120   -35.226   -56.267   -63.682   -58.730   -47.362
   -35.809   -13.007   13.938   27.954   30.200   29.740   34.362   41.001
CT2073:265           -94.624   -62.592   -31.887    -4.878   21.912   31.278
   12.600    -9.485   -16.385   -18.945   -22.240   -19.970   -15.049   -10.199
    -2.944    7.661    6.645   -11.040   -30.124   -40.688   -51.731   -57.225
   -49.500   -23.855    5.719   22.618   30.154   36.152   46.972   59.854
CT2073:260           -95.098   -62.889   -31.397    -6.356   21.816   31.108
   12.067    -7.230   -14.541   -18.652   -17.874   -11.933    3.368   15.585
   28.184   46.823   48.518   21.462   -16.699   -33.113   -44.240   -54.903
   -51.858   -32.931   -10.311    9.528   35.172   59.322   74.493   84.743
CT2073:255           -93.326   -60.876   -30.922    -7.727   12.785   18.535
    -2.344   -26.097   -30.692   -23.044   -18.684   -16.023   -14.428    -6.173
   21.846   58.685   68.571   58.540   42.897   25.470   -11.575   -46.996
   -50.486   -25.293    8.112   28.468   46.377   61.833   72.725   79.560
CT2073:250          -109.512   -71.856   -34.098    -9.083   14.132   22.284
    2.944   -18.052   -22.227   -17.108   -15.997   -17.554   -27.422   -23.574
   12.828   61.417   77.116   76.310   67.653   51.653    9.827   -35.006
   -42.564   -15.830   18.532   34.372   48.052   60.500   70.336   77.348
CT2073:245          -117.998   -78.094   -37.422    -8.618   23.526   36.211
   19.782    0.636    -1.493    9.420   13.264    3.683   -12.287    -7.818
   17.123   57.485   74.558   77.759   72.067   60.720   30.066    -2.892
   -12.702    -6.905    3.666   15.059   32.122   48.465   64.443   81.833
CT2073:240           -98.728   -54.734   -17.469    8.097   28.084   38.035
   32.834   26.941   24.260   24.450   22.169    7.761   -22.623   -28.163
    -1.989   37.119   56.002   69.633   78.899   74.847   52.128   25.403
   12.450    2.692    -5.382    0.305   19.155   40.732   61.313   82.165
CT2073:235          -104.444   -58.511   -16.192    8.706   25.883   35.866
   32.081   26.334   25.509   26.862   21.145    5.595   -24.976   -35.604
   -21.787    0.668   17.091   45.489   72.972   78.492   66.593   46.717
   33.703   16.619    -1.833    -1.175   19.024   43.265   64.258   84.743
CT2073:230          -118.656   -68.371   -17.992    8.163   24.553   36.646
   34.550   29.916   31.090   38.820   36.761   15.745   -20.654   -33.953
   -34.010   -24.502   -10.427   24.703   66.990   79.482   76.730   72.259
   61.894   28.095    -7.482    -7.230   22.055   53.442   73.569   90.334
CT2073:225           -99.398   -60.342   -25.151    -1.260   18.828   32.732
   34.274   33.257   38.155   50.581   51.159   23.833   -26.102   -48.172
   -54.272   -53.158   -44.968   -21.324    6.017   20.740   37.272   47.204
   42.147   15.957   -14.204   -15.485    7.945   36.352   56.713   74.015
CT2073:220          -100.914   -70.836   -38.974   -21.407    -8.745    4.986
   31.320   58.284   60.917   46.135   35.330   19.206   -15.828   -34.549
   -42.388   -55.122   -54.796   -29.578    -1.722    8.206   15.176   23.560
   23.104   14.406    6.050    5.519   10.885   18.920   32.088   49.282
CT2073:215           -78.477   -48.179   -22.344    -8.991    -1.925    9.088
   20.123   30.988   39.249   45.778   46.555   44.255   43.605   38.973
   25.809   16.059    9.962    0.682    -2.421    0.382    6.514   15.139
   17.508   14.558    8.944    8.179   12.629   18.012   26.956   40.435
CT2073:210           -73.573   -43.891   -18.831    -9.874    -9.811    -3.476
    2.656   10.228   24.446   51.454   66.199   68.035   69.166   67.622
   69.249   73.644   63.340   20.706   -28.082   -33.585    -8.196   16.544
   20.736   12.713    1.304    1.003    8.727   18.029   30.206   46.047
CT2073:205           -83.039   -51.778   -20.990   -15.235   -23.039   -16.608
    -0.561   16.012   30.280   54.283   67.762   67.644   60.697   58.869
   66.982   76.335   65.978   21.258   -29.887   -37.257    -2.095   39.197
   41.465   16.306    -7.548    -6.199   10.200   28.856   45.174   62.409
CT2073:200           -75.243   -46.021   -22.920   -16.046   -20.092   -12.912
    6.856   28.228   38.487   47.140   54.044   54.248   44.924   41.907
   46.079   48.030   40.722   17.614    -9.963   -17.666    -3.590   14.143
   14.104    -1.745   -21.082   -16.968    9.450   37.419   57.319   73.568
CT2073:195           -76.411   -52.434   -31.722   -17.483    -7.989    1.434
   10.155   14.879   19.672   26.338   30.966   33.555   39.319   44.439
   39.673   28.653   24.272   24.578   20.059   12.577    7.097    2.163
    -4.050   -17.019   -30.021   -22.686    4.315   34.487   57.145   75.812
CT2073:190           -70.670   -55.784   -41.108   -17.438   17.763   32.632
   27.992   23.984   19.492    -1.289    -9.946    0.232   20.281   30.674
   37.236   48.651   51.329   51.589   54.278   43.263   11.445   -19.241
   -27.986   -27.240   -25.156   -16.851    2.740   25.113   48.512   74.279
CT2073:185           -77.252   -61.850   -44.493   -21.530    2.899   14.041
   11.922    7.266    0.660   -15.603   -20.603   -16.521   -10.189    -1.252
   28.317   61.095   68.552   60.794   47.072   34.261    9.267   -17.639
   -28.510   -31.211   -30.454   -20.228    2.730   28.158   50.979   72.737
CT2073:180           -81.240   -67.472   -53.492   -32.863    -4.449    5.799
    -7.123   -23.332   -29.384   -33.923   -34.371   -22.622    6.327   23.893
   32.964   46.283   51.622   45.856   38.450   27.403    4.674   -17.154
   -26.719   -31.089   -32.635   -20.893   10.992   42.590   62.126   75.588
CT2073:175           -78.263   -58.425   -39.842   -20.142    2.291   11.436
    2.647    -7.266   -18.643   -40.400   -49.184   -37.151   -14.051    -1.699
    6.900    9.527   14.173   22.996   28.205   21.169    3.321   -15.587
   -24.137   -26.564   -26.965   -17.999    2.450   24.420   43.008   60.504
CT2073:170           -79.148   -57.796   -36.327   -14.905    8.505   17.490
    7.735    -4.161   -15.842   -38.904   -50.366   -40.403   -17.618    -6.744
    -5.325    -7.303    -3.420    7.819   18.272   14.059    -0.421   -13.496
   -19.885   -22.114   -21.147   -14.478    -3.073    9.611   25.028   43.787
CT2073:165           -74.304   -53.011   -32.759    -9.518   18.419   27.468
   13.185    -4.683   -12.727   -20.810   -24.237   -20.331    -5.045    3.409
    1.941    4.774    7.212    2.986    1.224    -4.029   -20.348   -36.630
   -39.826   -30.296   -20.840   -14.477    -7.569    1.259   15.355   33.301
CT2073:160           -77.883   -53.818   -29.074    -1.317   27.594   36.991
   22.731    9.639    2.747    -4.792    -9.082    -9.444   -15.053   -14.794
    -2.183    7.438   10.037    8.386    2.298    -3.779   -18.872   -34.744
   -39.286   -34.318   -27.073   -19.731    -9.238    2.116   15.537   31.931
CT2073:155           -74.350   -56.251   -38.077   -16.238   11.819   22.739
    8.901    -7.644    -9.637    -0.537    2.643    0.060    0.291    2.524
    2.498    5.356    9.022   16.705   28.150   25.621    6.532   -12.061
   -19.120   -23.639   -26.946   -22.204   -10.169    4.179   19.857   38.112
CT2073:150           -70.155   -58.652   -46.196   -27.008    1.030   16.441
    8.334    -6.480   -12.837   -16.446   -17.636   -15.894   -15.407   -16.540
   -16.773   -20.942   -20.060    -8.678    6.005    9.681    5.267    -3.158
    -8.522   -16.804   -25.123   -20.720    -6.754    9.070   24.968   40.645
CT2073:145           -69.683   -59.021   -48.950   -28.973    5.685   23.760
   15.638    -4.768   -15.720   -23.889   -23.698   -21.348   -15.232   -14.371
   -20.869   -31.063   -32.456   -23.317    -5.830    1.195    -1.759    -8.962
   -13.025   -15.065   -15.372    -9.520    5.150   19.801   29.326   35.315
CT2073:140           -74.382   -62.988   -50.256   -29.812    3.183   23.466
   14.974    -4.929   -11.271    -8.683    -6.488    -2.293    3.095    0.690
    -6.681   -18.860   -22.295   -16.513    -4.624    0.775    -3.589   -13.502
   -15.963   -13.169    -8.732    -2.277   10.798   24.436   31.604   30.274
CT2073:135           -85.775   -70.215   -50.604   -23.978   13.036   33.922
   33.535   25.099   21.581   24.661   27.029   25.476   27.362   27.642
   15.222    -5.649   -11.636    -2.090   15.900   19.835    7.422    -7.553
   -10.261    -5.476    1.024    6.643   14.681   21.756   27.718   32.528
CT2073:130           -91.295   -68.407   -42.460   -10.674   26.450   46.023
   49.707   46.335   37.939   18.711    7.808   11.479   21.567   22.268
    9.775    -9.793   -15.546    -7.347    1.710    5.217    5.793    3.321
    3.902    8.993   14.177   16.671   19.044   22.118   28.555   36.890
CT2073:125           -86.891   -60.703   -34.994    0.927   46.084   62.666
   50.591   32.777   23.470    8.135    1.824    2.484    3.734    1.435
    -3.473   -19.833   -22.060    -7.198    5.514   11.038   18.788   27.247
   26.205   13.889    3.446    5.809   13.901   22.489   32.441   44.674
CT2073:120           -82.167   -58.648   -33.875    -0.416   41.857   55.718
   25.800    -8.479   -18.543   -22.727   -22.305    -9.888   17.735   26.795
   13.056    -3.013    -5.832    -0.445   10.963   17.262   19.351   20.116
   21.098   15.511    5.457    6.660   16.757   28.148   37.612   46.798
CT2073:115           -77.727   -55.008   -33.414   -10.458   15.439   25.204
    6.840   -16.409   -25.830   -30.165   -30.393   -22.180    -5.594    0.854
    -0.908   -10.679   -11.221    -1.014    4.484   10.936   23.718   31.255
   31.997   28.181   23.380   23.933   30.406   37.831   45.822   54.565
CT2073:110           -73.827   -51.195   -30.547   -16.773    -9.346    -2.910
    -2.310    -5.727   -11.449   -18.903   -22.036   -21.120   -15.874   -13.151
    -8.321    0.897    4.897   10.016   21.456   27.025   29.234   34.729
   35.526   26.558   17.347   20.598   33.261   44.337   53.213   61.900
CT2073:105           -82.892   -63.941   -47.158   -34.210   -20.758    -8.842
    4.417   12.221    7.324   -10.538   -21.595   -23.324   -22.521   -23.061
   -24.354   -26.074   -24.009   -16.179    -6.188    -1.124    -1.070    0.039
    3.864    4.691    4.723   12.370   28.407   46.241   60.266   71.467
CT2073:100           -86.341   -72.445   -57.375   -39.320   -15.802    -2.501
   15.940   31.946   24.161    -2.383   -14.210   -19.788   -21.321   -23.878
   -34.635   -48.607   -48.890   -45.444   -46.834   -38.972   -21.291    -8.331
    -2.881    -1.048    1.922   11.277   28.926   46.991   62.005   76.414
CT2073:095           -79.848   -58.187   -39.206   -20.961    -1.184    9.628
    8.075    4.312    1.436    -9.220   -18.297   -20.181   -20.505   -22.729
   -25.514   -24.966   -25.500   -29.581   -30.869   -24.621    -7.266   10.033
   14.818   10.215    7.402   14.477   29.020   44.534   58.904   72.788
CT2073:090           -81.180   -55.073   -30.420   -14.141    -0.084    6.227
    2.024    -2.417    -2.839    -0.394    -0.449    -7.116   -20.378   -25.429
   -18.489   -11.903   -12.300   -12.790    -7.300    -2.956    2.204    9.299
   14.847   15.084   14.527   20.220   30.927   42.372   53.775   66.305
CT2073:085           -79.354   -48.868   -20.433   -10.584    -5.308    -1.930
    -6.406   -10.716    -9.003    -2.839    -0.977    -0.644    3.816    4.198
    -6.432   -16.016   -18.835   -19.596   -21.736   -16.408    0.920   16.855
   22.529   17.323   13.561   19.301   27.712   36.889   48.785   62.948
CT2073:080           -61.058   -27.219    -1.044    -3.061   -17.480   -20.771
   -15.924    -9.684   -12.930   -20.074   -22.207   -20.670   -17.754   -16.976
   -18.525   -20.214   -24.355   -36.109   -44.967   -41.035   -24.947    -8.948
    1.798   11.780   19.823   26.289   31.825   38.030   44.506   51.119
CT2073:075           -58.055   -20.520   14.726   13.172    -8.958   -16.623
   -25.392   -34.457   -36.496   -30.237   -25.043   -27.178   -29.053   -28.338
   -18.826   -12.293   -16.944   -34.049   -50.310   -47.445   -30.513   -13.856
    -2.653    9.116   20.479   27.608   30.227   32.972   36.604   39.943
CT2073:070           -53.965   -17.197   10.368   17.456   15.130   10.335
    -8.399   -23.695   -27.105   -27.664   -25.970   -14.129    6.093    9.797
    1.892    -7.104   -13.005   -18.091   -18.200   -17.969   -18.286   -13.505
    -2.595   16.457   35.444   44.054   48.015   48.681   45.298   38.629
CT2073:065           -57.283   -18.524   12.122   23.933   26.268   26.054
   17.954    8.256    4.584    -6.631   -13.324    5.480   28.056   28.873
   12.510    -6.630   -13.888   -18.489   -19.436   -17.218   -13.241    -8.408
    2.539   25.268   45.850   53.256   54.681   52.863   46.168   34.761
CT2073:060           -65.598   -31.351    2.707   22.334   41.321   45.630
   36.979   30.612   31.531   49.476   62.504   48.045   33.568   28.388
    5.559   -25.357   -29.858   -20.256   -18.443   -14.252    -4.375    2.418
   11.788   32.042   49.055   52.080   45.666   37.653   28.962   17.695
CT2073:055           -54.478   -16.191   14.328   28.872   34.956   32.477
    8.868   -14.797   -12.845    3.092    8.314   11.712    9.781    8.037
    5.253    1.102    0.035    6.158   16.501   16.561    8.581    5.528
   11.569   25.365   38.063   38.863   25.895   11.890    3.964    -0.425
CT2073:050           -53.546   -15.213   14.956   27.220   32.171   26.411
    -4.863   -31.225   -35.702   -30.600   -27.340   -18.759    -8.434    -4.354
    2.335   10.749   12.854   11.281    8.287    8.233    4.587    0.721
    5.629   20.332   33.499   33.321   19.399    6.160    0.710    0.472
CT2073:045           -71.184   -36.687    -0.627   10.452   13.841    9.910
   -16.093   -37.220   -42.867   -37.868   -33.797   -27.987   -17.118   -11.263
    -5.622    2.659    6.795   10.193   12.295   11.751    3.829    -1.409
    3.074   19.447   33.984   34.118   19.477    8.174    6.737   10.160
CT2073:040           -65.684   -38.452   -14.451    -2.113    8.705    7.611
   -14.984   -34.983   -37.046   -26.066   -21.224   -23.127   -26.506   -24.544
   -20.402   -17.339   -12.150    2.644   16.107   16.691    8.341    2.099
    4.598   13.614   22.006   25.350   25.283   25.167   26.818   29.699
CT2073:035           -70.078   -44.246   -17.155    -3.017    8.119   12.458
    8.147    4.881    -0.892   -11.834   -16.505   -15.041   -11.341    -8.505
    -8.147    -6.017    -3.367    -0.138    2.055    3.317    6.273    8.027
    8.385    3.201    0.194    8.981   30.626   49.157   56.938   58.724
CT2073:030           -55.375   -36.203   -18.249    -0.972   20.895   27.919
   19.419   12.823    4.490   -12.378   -17.955   -16.415   -12.683    -8.469
    2.448   12.314   13.113    4.696    -4.530    -4.287    1.332    3.460
    3.668    -2.572    -6.766    3.259   28.755   51.274   62.625   68.340
CT2073:025           -54.106   -31.758   -11.681    1.067   10.117   14.988
   14.401   10.944    5.544   -11.809   -19.739    -8.211    7.158   12.843
   24.803   34.897   30.563   10.884    -6.749   -10.355    -7.052    -2.056
    1.361    3.465    7.875   14.230   22.532   31.307   39.376   47.186
CT2073:020           -61.757   -33.595    -5.485    4.421    1.901    4.724
   11.775   17.214   15.695   15.139   18.362   24.433   35.448   37.202
   30.469   23.487   12.749   -12.097   -26.712   -29.801   -24.821   -16.058
    -6.707    5.177   14.390   18.365   16.924   17.684   23.197   32.267
CT2073:015           -67.768   -48.690   -27.337    -3.154   23.092   28.506
    1.478   -21.472   -13.385   17.243   29.390   28.964   26.856   23.566
    7.586   -10.395   -21.615   -49.500   -80.888   -75.850   -36.422    -4.824
    5.451    9.399   13.695   18.529   23.544   28.625   33.303   38.003
CT2073:010           -72.983   -55.661   -37.419   -14.349   17.919   24.855
    -3.803   -28.546   -21.209   12.857   29.361   16.783   -18.316   -31.174
   -20.593    -9.196   -14.020   -33.592   -46.895   -43.434   -16.496   12.960
   22.355   17.825   12.958   17.298   27.215   35.954   41.058   43.751
CT2073:005           -76.955   -54.636   -32.334   -10.962   10.813   16.112
    -5.724   -26.731   -20.172    9.713   23.889   13.639    -9.579   -17.040
   -12.543    -1.600    -1.982   -12.983   -23.244   -20.096    -0.388   19.166
   25.172   21.080   17.015   21.683   32.696   42.746   49.119   52.719
CT2074:360           -90.592   -63.286   -37.289   -16.066    4.429   10.778
    -3.717   -14.349   -10.097    8.210   16.507   10.690    -1.054    -5.010
    -5.354    -1.097    0.891    0.131    -4.139    -2.372    1.684    2.524
    8.349   16.540   20.913   27.314   37.658   47.388   54.839   61.800
