
filled_synop: 30 data points in equal steps of sine latitude from +14.5/15 to  -14.5/15

CT1965:360           39.336   10.888   -13.586    -3.891   24.949   23.472
  -105.142  -434.661  -512.814  -161.267  413.080  560.257  425.591  195.090
  109.884   18.807   -53.116   -89.320  -148.118  -173.191  -103.296   83.541
  186.455  195.545  139.226   99.103   85.973   77.839   69.181   60.980
CT1965:355           73.078   45.154    3.518    9.046    7.345    3.977
    -2.974   -47.645   -32.195  214.682  726.769  850.395  511.294  211.298
  123.678   13.067   -88.589  -167.999  -312.087  -377.421  -298.006    -8.483
  168.916  194.592  149.745  129.464  109.384   71.571   42.549   16.497
CT1965:350           30.698   21.443    9.412    -7.429   -12.179    -4.277
   79.604  288.585  370.991  214.758  -144.686  -218.929   -25.280  112.989
   89.663   14.539   -57.750  -145.132  -303.803  -394.768  -351.922  -187.607
   -77.922    0.829   85.503  135.640  128.619   86.261   53.303   24.367
CT1965:345           -17.554    -6.015   12.041    8.624    -2.220   13.122
  146.280  415.804  493.720  191.497  -349.009  -463.496  -196.186  106.722
  128.153   50.945   -36.646  -101.487  -158.500  -198.601  -241.134  -286.738
  -280.545  -188.777    -9.473  117.384  137.126   93.394   64.569   39.411
CT1965:340           -53.865   -15.468   32.329   52.741   30.791   33.544
  136.744  367.629  438.352  216.960  -173.620  -244.373   -18.843  242.400
  252.177  129.973   14.151   -40.618   -54.191   -77.100  -175.419  -376.498
  -448.310  -338.567   -56.305  114.009  140.690  106.838   89.799   70.386
CT1965:335           -19.941    -7.375    -0.369    7.899   14.290   40.521
  114.315  245.387  308.449  306.358  302.324  296.742  284.822  291.556
  254.964  163.527   82.804   27.654   -24.992   -82.976  -224.196  -546.406
  -684.294  -559.849  -158.068  115.795  165.329  130.186  105.803   79.762
CT1965:330            -7.222    -9.847   -19.125   -10.270   10.107   37.616
   91.964  159.377  209.213  315.679  336.127  308.137  302.833  161.656
   92.607   35.887   -10.487   -29.277   -44.561   -96.388  -191.650  -454.982
  -579.827  -472.283  -115.951   88.837  118.047   91.272   91.965   94.615
CT1965:325           -25.407   -18.973    -9.548    7.456   31.790   64.500
  125.298  233.112  301.545  468.180  784.537  805.610  437.737   76.774
    8.840   -11.614   -35.409   15.389  184.224  262.025  204.303   23.066
   -86.605   -85.704    -9.748   59.640   84.123   80.528   78.582   74.636
CT1965:320           -22.499   -14.271    -3.901   17.174   39.640   66.951
  128.346  251.074  297.095  298.410  322.302  288.985  132.804   15.612
    6.863   18.692   38.915  122.329  384.476  554.613  537.758  404.307
  310.355  258.854  155.118   83.602   70.934   72.382   65.460   51.707
CT1965:315            -7.976   10.148   23.311   40.143   54.491   79.698
  112.576  150.185  117.951   -56.984  -426.763  -519.438  -251.907   -30.468
    -0.390   -30.965   -23.573   43.978  249.063  387.493  448.397  490.983
  478.685  403.298  202.291   94.733   73.448   62.098   45.587   27.760
CT1965:310           -14.267    -4.490    3.771   11.107   10.580   20.763
   45.023  108.210   81.249  -170.685  -544.756  -635.258  -428.208  -109.737
   -52.240  -199.292  -318.535  -269.683  -128.642   -37.459   75.610  258.948
  332.923  311.669  201.100  118.025   81.660   52.577   27.086    2.618
CT1965:305            -8.101    1.005    5.360    4.737    -2.033    6.879
   49.487  177.545  197.558   -66.059  -363.811  -423.040  -298.703  -102.399
   -95.453  -233.361  -332.063  -330.886  -282.757  -225.351  -153.157    3.031
  109.726  119.133   94.327   95.931   83.130   46.188    4.675   -34.586
CT1965:300            -6.588    -2.489    3.332    8.451    -2.676    4.488
   18.604   31.344    6.242  -191.293  -566.937  -636.547  -313.204   -78.469
   -80.191  -161.808  -217.941  -237.889  -243.829  -227.901  -250.719  -349.729
  -358.103  -218.661   76.041  199.421  149.919   43.616   -21.411   -76.543
CT1965:295            -3.328   -15.212   -24.059   -17.529    0.619   41.070
  114.513  227.790  249.292  215.686  227.140  183.296   54.907   13.335
    -9.711   -25.525   -37.701   -78.859  -153.081  -199.620  -243.959  -354.037
  -361.054  -250.010    7.088  154.348  136.619   52.734   -21.448   -89.966
CT1965:290           27.918   17.677    -5.746   20.688   65.801  129.413
  348.387  731.411  830.642  664.563  367.368  253.894  145.570   39.330
    2.883   51.806   67.597    9.715   -85.081  -134.723  -134.270   -84.464
   -32.866    -3.908   28.515   59.498   50.414   23.013    -7.805   -51.967
CT1965:285           -12.431   -24.070   -31.792   14.471  114.524  202.612
  405.389  796.846  923.719  675.403  250.750  141.186  173.035  119.884
   80.646   81.945   27.909   -38.239  -159.967  -235.608  -162.131   36.553
  140.793  151.786   90.641   55.872   31.163    -0.839   -32.510   -64.666
CT1965:280           -39.833   -43.737   -36.307   11.671  138.042  224.305
  243.537  229.618  273.185  418.718  593.173  606.104  565.516  553.153
  447.317  214.077   40.242   -58.080  -209.944  -292.201  -204.850   47.121
  178.618  186.468   97.642   42.682    5.571   -32.524   -49.342   -45.489
CT1965:275           -34.528   -32.302   -25.239    6.316   80.397  110.398
   -37.215  -416.885  -482.451   -26.239  700.381  856.836  579.831  273.324
  155.321   63.870    2.759   -74.800  -231.830  -319.589  -246.245    -1.410
  138.218  136.810   45.270    9.844    -1.046   -10.497    -9.312    -0.934
CT1965:270           -12.360   -17.321   -17.794    -8.935   36.033   39.710
  -147.901  -569.130  -648.440  -278.279  313.073  427.733   25.234  -406.189
  -449.724  -185.074   -20.563   -59.100  -224.074  -316.186  -283.193  -134.795
   -33.527    -4.090    8.671   25.955   41.439   59.901   58.430   37.689
CT1965:265            -1.425    -3.969    -3.939    9.466   45.670   35.488
  -100.717  -383.126  -424.457  -222.127  -119.779  -105.041  -143.403  -335.621
  -367.859  -139.474   32.957   11.365  -119.131  -196.837  -207.978  -223.367
  -213.397  -144.733    -9.743   57.800   66.061   57.330   37.952   10.025
CT1965:260            -2.780    0.995    1.227    9.230   64.446   63.243
   10.687   -57.525   -15.331  439.505 1229.865 1262.719  448.468   -39.198
   -90.453    -5.119   44.854   60.814   63.594   54.429    -1.773  -118.626
  -148.142   -88.462   44.339  102.567   62.196   -18.492   -47.641   -47.179
CT1965:255           27.752   32.185   35.154   50.458   81.663   55.116
   -43.799  -174.006  -196.216   -97.789   63.103  118.163   51.389   -13.776
   -12.999   16.853   19.154   35.139   76.157   75.507   96.343   65.099
   42.347   69.084   75.088   68.148   49.726   13.382    -8.911   -15.579
CT1965:250           51.524   38.576   21.670    2.736   20.929   -14.178
  -215.140  -588.136  -709.787  -752.062  -904.741  -804.891  -289.615   14.871
   22.703   -48.430   -92.254  -125.354   -81.278   -23.695   14.893  168.788
  260.178  217.912   67.945   20.599   33.477   47.280   40.303   26.049
CT1965:245           42.950   42.691   40.219   13.029   -23.260   -93.868
  -321.445  -692.469  -809.581  -671.184  -364.528  -249.855  -145.335    7.076
   -30.942  -288.118  -437.524  -584.725  -853.491  -930.570  -737.886  -307.522
  -106.893   -53.897   -56.571   -50.700   -26.488    6.852   36.810   58.555
CT1965:240           29.472   11.724    -4.646   -31.598   -66.632  -130.543
  -291.314  -539.535  -627.418  -527.965  -373.062  -273.308  -145.495   -43.838
   -64.629  -383.883  -693.220  -760.082 -1012.291 -1149.016 -1034.319  -658.565
  -460.606  -382.746  -237.034  -139.245   -84.416   -28.287   30.262   89.524
CT1965:235           32.462   -20.684   -78.771  -117.178  -123.545  -156.998
  -206.286  -249.354  -276.164  -318.320  -324.813  -266.895  -167.984   -63.501
   92.826  611.664 1020.114  756.108  143.069  -160.390  -243.952  -487.662
  -615.270  -541.792  -301.606  -178.541  -113.230   -38.730   36.244  107.660
CT1965:230           48.432   20.024   -16.491   -44.168   -66.238   -88.753
  -102.709  -114.056  -111.145  -145.063  -180.031  -155.945  -138.742   -85.257
   43.861  400.790  623.341  912.635 1651.305 1944.365 1360.232  275.127
  -149.815  -227.107  -216.523  -198.478  -139.631   -44.864   49.009  133.302
CT1965:225           57.980   18.333   -29.073   -54.332   -66.436   -76.242
   -76.288   -97.121   -56.315   41.944  108.629  141.636   55.254   -61.603
   -54.969   -85.415  -121.274  167.534  659.750  739.041  711.002  409.242
  193.409   43.717  -153.028  -214.434  -140.078   -19.652   58.057  104.947
CT1965:220           25.182    -5.057   -34.071   -57.286   -85.382  -102.756
   -80.584   -44.706   57.453  336.401  659.505  748.727  696.260  604.977
  431.437   26.098  -189.401  -154.448   31.062  122.376  202.692  256.443
  215.789  171.907  139.906  108.168   84.829   55.935   13.094   -28.407
CT1965:215            0.634    -9.376   -15.711   -41.573   -94.358  -126.299
  -110.265   -99.773   49.746  541.024 1063.904 1249.900 1377.660 1359.748
 1037.321  242.019  -224.303  -308.409  -207.265  -107.980   -21.047  113.173
  180.133  224.975  275.579  271.161  185.756   55.660   -47.854  -140.075
CT1965:210           -26.073   -16.792    -1.063   -22.985   -97.021  -134.011
  -125.570  -123.579   35.200  632.259 1241.774 1424.481 1532.612 1499.338
 1072.047   56.494  -478.242  -536.568  -338.185  -203.129  -114.455   26.991
  119.822  220.489  363.669  388.380  262.407   57.806   -85.363  -202.681
CT1965:205           11.188   13.126    5.963   -22.431   -80.670  -114.670
  -130.110  -164.035   -80.407  356.863  871.252  914.438  520.004  168.905
   -18.260  -444.560  -739.192  -669.433  -390.261  -273.957  -254.803  -204.363
  -112.778   30.356  277.111  387.621  285.596  100.303   -50.127  -196.520
CT1965:200           -14.574    -9.260    -2.006   -22.057   -65.613   -92.880
   -88.770   -54.390   -95.493  -307.082  -453.589  -554.304  -827.038  -917.704
  -734.795  -164.848  140.899   71.274  -208.002  -339.356  -410.517  -519.580
  -482.065  -253.402  179.966  355.202  279.000  115.891   -15.493  -155.296
CT1965:195           -47.376   -21.386    5.887    -6.457   -60.380   -88.039
   -47.334   62.812   -83.890  -945.757 -1879.147 -1963.922 -1533.305 -1190.922
  -779.294  276.603  836.661  627.999    0.068  -241.696  -312.905  -446.545
  -442.209  -188.254  211.595  354.878  272.858  123.922    0.793  -132.287
CT1965:190           -37.784    -9.739   16.783    -2.918   -57.215   -76.403
   -13.755  115.414   18.534  -575.556 -1185.445 -1235.721  -893.504  -561.598
  -340.470  121.529  359.457  312.871   31.935   -85.021   21.566  288.860
  397.559  386.035  327.371  301.890  227.523  113.424   11.949   -80.882
CT1965:185           -54.616   -18.768   26.034   17.597   -50.695   -76.225
   -26.570   57.157   35.951   -34.477   -47.984   -55.674   -80.162   -45.411
   34.559   96.848   92.874   40.389   -45.258   -47.770   81.930  383.420
  496.930  459.148  291.801  219.680  157.055   73.950    6.723   -47.319
CT1965:180            6.699   28.611   46.359   33.581   -14.941   -31.699
   10.089   80.293   90.701  125.855  192.526  262.089  351.902  288.748
  343.591  198.313   43.894   -74.518  -221.758  -242.888  -106.760  136.047
  231.186  261.700  191.706  150.208  129.358  110.501   77.809   38.756
CT1965:175            3.370   14.104   18.053    -0.066   -43.945   -62.138
   -31.067    7.924   43.019  104.072  116.688  312.032 1212.629 1929.252
 1473.362  324.822  -132.865  -224.665  -345.508  -376.350  -229.357    -5.638
   92.187  108.624  105.395  101.990   89.369   85.757   79.762   65.440
CT1965:170            -8.381    -5.330    0.249   -14.292   -54.125   -72.433
   -41.987   24.428   61.643   76.886  101.051   25.782  -484.520 -1010.097
  -743.767  -235.702  -131.141   -95.716   43.094  129.767  116.454  100.194
  125.159  114.802   67.117   56.089   62.842   81.887   92.243  100.955
CT1965:165            1.008    -0.975    -7.495   -35.237   -84.619  -113.076
  -121.116  -119.306   -88.262   26.953  112.066   -53.011  -765.778 -1227.354
-1080.319  -409.730   -88.721   -48.833   -34.867    1.288   89.471  183.967
  222.875  191.742  105.186   72.495   72.722   83.592   91.596   97.372
CT1965:160            -6.662   -17.388   -26.021   -51.137   -85.217  -106.902
  -150.681  -207.589  -172.975   86.847  360.937  262.436  -119.235  -272.057
  -336.295  -250.041  -160.358  -164.328  -235.302  -219.546   -91.556  114.139
  195.741  180.976  100.020   75.536   80.746   89.901   86.655   77.189
CT1965:155           35.869   27.826   14.855   -20.477   -87.130  -123.815
  -151.081  -181.028  -158.496   -51.136   52.367   51.443   15.720   -37.445
   -97.886  -184.579  -233.682  -280.382  -387.426  -395.873  -254.680    4.485
  122.317  135.648   86.564   67.673   61.112   57.881   57.634   59.491
CT1965:150           51.887   33.034    8.400   -24.710   -74.942   -85.422
   -46.355    -6.868   10.002   -19.608   -69.762   -59.609   28.232   37.596
    0.855   -82.913  -168.480  -265.512  -429.600  -477.315  -354.480  -117.582
    -2.610   42.078   34.352   47.182   51.547   41.552   41.303   48.581
CT1965:145           45.886   24.010    -3.092   -21.011   -55.665   -46.111
   96.790  293.149  333.322  223.575  106.683   87.973  137.853  159.324
  114.360   51.934   -12.535  -165.232  -359.424  -419.256  -382.384  -218.139
  -121.568   -62.409   17.785   69.410   85.968   86.236   84.335   75.748
CT1965:140           25.754    -3.109   -31.502   -54.433   -98.324   -86.067
  152.146  512.060  591.932  418.797  239.424  199.828  169.016  132.531
  100.429   72.215   15.849  -161.458  -453.305  -562.935  -581.996  -538.005
  -467.428  -350.205  -148.741   -30.780   20.777   61.611   93.355  115.957
CT1965:135           36.895    8.660   -21.396   -62.796  -120.615  -137.360
   -15.227  190.222  259.953  232.766  206.879  190.669  124.108   77.618
   39.171   -25.051   -75.385  -164.096  -401.633  -530.597  -547.793  -654.165
  -658.999  -520.621  -224.303   -94.840   -38.940   34.672  104.054  157.748
CT1965:130           62.220   24.856    -9.171   -74.176  -180.775  -243.553
  -353.735  -509.412  -487.034  -260.868   -50.348    -6.318    8.206   24.072
    -6.297   -96.139  -117.284   74.617  600.052  769.268  348.886  -211.571
  -333.689  -256.054  -150.053  -104.145   -48.878   31.728  102.852  165.624
CT1965:125           43.450   31.215    8.050   -70.529  -195.970  -282.665
  -416.501  -564.267  -545.673  -393.638  -255.746  -160.985   -18.464   31.708
   26.919   -44.232   -49.889   71.149  251.696  343.615  527.770  754.231
  753.682  496.467  114.940   -32.461   -17.646   38.335   68.505   96.736
CT1965:120            -8.652    -4.525    8.072   -64.242  -217.163  -296.665
  -361.764  -426.290  -376.414  -152.395   47.697  115.768  238.014  334.850
  237.829   59.485   43.691  117.746  163.220  239.696  592.951 1035.574
 1075.790  781.105  297.567   98.977   57.226   42.152   16.187    1.056
CT1965:115            1.660    -4.575    -8.910   -75.617  -210.761  -275.602
  -281.398  -270.326  -210.290   -19.955  148.571  190.714  262.287  350.695
  251.707   97.968  100.984  236.124  460.834  585.080  708.659  849.648
  838.928  651.680  310.252  142.443   87.093   49.016    4.456   -33.018
CT1965:110           43.133   37.406   18.093   -44.128  -146.439  -175.016
   -71.209   94.788  180.013  253.740  302.803  244.617   -81.099  -313.144
  -187.700   73.280  169.988  278.335  471.258  578.900  592.444  584.192
  571.152  469.602  267.556  144.556   81.256   34.794   -24.267   -82.248
CT1965:105           49.332   42.987   36.561    8.278   -69.229   -74.459
   42.811  187.249  261.512  349.382  393.354  315.697  121.367   54.928
   16.693   74.126  110.613   34.666  -149.742  -148.413   37.349  303.246
  379.716  350.070  294.963  224.186  114.094    0.281   -90.057  -171.934
CT1965:100           34.073   21.680    5.084   -15.946   -53.130   -35.792
  101.465  287.724  366.068  386.152  383.972  328.866  195.277   98.511
   58.594   30.374    7.954  -127.114  -442.716  -490.119  -233.189  149.417
  277.873  284.818  284.190  242.647  143.764   30.292   -73.050  -169.400
CT1965:095           10.026    -7.743   -25.106   -36.234   -58.849   -27.461
  111.659  279.862  353.464  368.547  345.409  286.661  156.143   54.757
   21.554   21.301   25.600   68.601  182.640  245.796  223.032  217.086
  241.184  261.208  272.439  239.841  143.103   27.163   -70.568  -160.182
CT1965:090            -4.468   -27.340   -53.125   -60.453   -76.561   -41.962
  121.860  346.196  419.664  406.638  374.044  292.247  105.584   -10.118
   -37.351   -27.687    -0.718  189.021  523.631  623.433  521.494  349.782
  317.454  323.747  344.104  308.219  194.301   54.623   -55.270  -157.571
CT1965:085            -7.844   -10.620   -12.720   -10.626   -24.721   10.317
  132.106  286.486  349.349  367.968  369.416  281.143   78.852   -35.576
   -62.915   -56.129   -32.647   93.424  281.752  347.107  334.238  244.380
  224.968  257.577  302.741  285.372  195.965   80.316   -28.541  -140.530
CT1965:080            -8.831   -10.671   -20.161   -20.838   -21.279   15.506
  110.491  234.805  276.760  262.981  280.004  191.423   23.689   -55.058
   -71.878   -32.983   -15.614    8.301   19.134   35.356   94.008  123.567
  151.013  199.885  261.747  262.794  192.646   91.833    -2.624   -99.778
CT1965:075            -9.165   -27.409   -39.656   -30.855   -29.524    8.945
   91.732  189.043  216.674   89.338   -62.695   -51.254   20.885   -19.059
   -30.115    -4.046   -25.704   -64.690   -78.482   -62.846   -40.666   10.456
   66.867  145.776  236.714  247.371  168.366   64.747    -8.088   -71.280
CT1965:070           -22.695   -63.793   -79.661   -49.782   14.116   81.851
  190.643  321.427  386.694  450.299  465.600  431.631  380.585  315.161
  168.976   -14.659  -118.143  -242.679  -384.393  -405.209  -302.389  -125.374
   -22.547   63.515  162.748  196.827  151.282   81.965   26.554   -26.763
CT1965:065           34.227    -7.782   -44.366   -18.621   52.963  137.205
  297.799  483.717  582.476  785.664  980.411  832.996  431.127  228.201
  122.521   -55.383  -200.911  -363.040  -645.635  -725.117  -554.696  -274.938
  -130.863   -37.949   75.577  122.221  109.232   88.788   58.537   12.670
CT1965:060           26.988   11.496    -4.678   29.289   91.963  160.267
  305.213  463.894  465.075  244.692   86.570   33.488   39.820   37.811
   53.058  205.174  204.135   -84.219  -501.903  -611.629  -465.372  -205.619
   -76.391    -8.438   25.370   49.631   46.331   43.387   40.462   32.071
CT1965:055           27.604    5.558   -16.759   27.697  107.245  159.021
  234.060  336.281  320.732  -165.581  -622.072  -517.333  -163.474   -82.742
   -33.831  146.358  137.564   -19.845  -291.229  -362.914  -158.696  169.674
  283.534  213.698   81.998   50.369   40.873   37.805   41.234   46.803
CT1965:050           34.019    -4.414   -49.615    -6.629  126.325  176.254
   94.051    4.495  140.102  647.750 1007.908  871.205  358.841  118.088
   65.291  111.689   44.763   -57.028  -163.621  -177.702   -55.499  107.070
  188.309  184.799   76.008   45.382   46.020   50.802   47.346   41.853
CT1965:045            -4.658   -21.716   -21.627    4.946   36.783   38.261
  -119.568  -332.034   -80.406 1142.453 2009.821 1791.382  791.838  297.441
  178.251  103.147   -25.044  -247.015  -508.512  -537.320  -300.241  119.574
  281.641  230.775   96.972   55.273   49.436   53.422   50.636   46.206
CT1965:040            6.610    -4.745   -15.790   -37.319   -71.940  -105.372
  -205.481  -285.007   -88.940  685.457 1229.108 1150.534  611.229  333.231
  206.266  105.537   -22.896  -434.665 -1068.214 -1175.132  -754.830   -82.499
  143.595  117.446   60.115   55.761   48.048   45.300   42.611   35.805
CT1965:035            -1.030    -8.684   -12.413   -56.020  -145.827  -188.130
  -223.755  -253.636  -228.673  -152.752  -152.159   -90.035   -40.813   -51.111
   -11.343   75.669   36.097  -315.093  -945.530 -1048.356  -656.137  -281.866
  -159.936   -37.096   64.444   80.511   66.032   56.866   44.848   31.766
CT1965:030           24.024    8.122   -14.516   -61.602  -120.170  -138.971
   -69.238   36.873   -87.109  -640.502  -967.620  -884.730  -440.072  -176.423
   -84.685    3.949   62.946  285.178  726.643  823.084  569.619  343.433
  300.200  221.661  112.205   64.791   47.598   34.923   23.650   16.814
CT1965:025           30.720   18.776    5.834   -35.620  -108.034  -116.278
   17.658  168.359   23.128  -688.233 -1169.362 -1018.948  -407.540  -121.070
   -37.172   -17.375   51.912  294.267  640.847  732.821  676.449  607.332
  550.490  363.646  138.845   62.581   66.292   74.513   58.533   37.951
CT1965:020           57.612   40.305   13.143   -43.679  -143.724  -153.824
   42.862  270.209  211.705  -209.679  -497.078  -461.905  -161.354   21.825
   63.140   46.710   72.113    8.788  -224.036  -225.694   49.016  248.310
  256.131  186.248   89.177   29.982   26.595   42.724   42.646   37.438
CT1965:015           79.736   50.428   10.322   -54.168  -145.243  -150.798
   15.375  220.568  242.683  135.044   72.985   62.618   92.249  129.184
  134.685  115.346  126.200  136.267  199.097  264.873  271.193  290.412
  279.193  187.688   63.505    -8.210   -12.502   17.246   31.400   40.589
CT1965:010          119.885   70.965   17.165   -45.439  -144.631  -173.871
   -76.782   58.963  114.722  115.083  111.508  150.220  182.519  178.212
  135.694   37.945   19.429  165.183  415.881  525.273  586.170  711.434
  701.509  446.865  117.419    -1.460    1.026   29.928   40.255   59.119
CT1965:005           64.916   32.988    -9.854   -60.258  -119.136  -152.450
  -185.560  -190.137  -108.548  138.779  275.069  318.065  249.214  169.862
  119.995   26.358   -13.998   -33.661   -97.446   -10.771  400.980  828.598
  869.340  581.539  169.714   18.038    4.782   24.011   26.731   27.391
CT1966:360           34.210    -8.817   -50.192   -97.542  -158.674  -200.855
  -305.559  -455.734  -309.853  289.608  676.570  610.956  369.752  296.767
  149.754    8.444   -36.203   -46.518   -11.512   73.146  276.415  530.733
  576.532  430.449  201.259  102.685   74.826   60.098   27.800    -7.190
