
filled_synop: 30 data points in equal steps of sine latitude from +14.5/15 to  -14.5/15

CT1913:360          125.038  119.913  109.145   78.386   38.706   14.227
    7.192    6.925    -1.888   -19.776   -25.429   -12.462    0.646    8.626
   28.935   45.974   47.305   33.192   19.304   14.368   12.029   10.609
    3.536    -4.066   -11.572   -32.444   -68.227  -102.912  -126.618  -140.613
CT1913:355          128.215  119.672  104.710   76.246   42.383   23.974
   19.552   19.897   30.058   59.359   76.553   74.392   72.114   71.842
   51.827   26.750   21.500   20.657   15.363   11.252   14.038   19.929
   13.469    -1.008   -12.447   -24.871   -42.141   -58.453   -74.752   -93.491
CT1913:350           84.230  100.635  120.296   84.015   13.721    -8.655
    -6.088    -6.646   15.208   69.534   90.508   88.774   73.021   63.548
   49.791   28.366   22.848   20.609   12.570   11.891   15.910   11.808
    5.580    -1.532    -9.504   -13.633    -3.844    -3.006   -26.706   -66.001
CT1913:345          139.352  125.740  105.031   50.383   -15.481   -35.027
    6.292   48.934   56.559   50.906   45.888   46.540   51.093   47.105
   23.242    6.031    7.546   33.001   59.407   58.691   33.937   13.002
   10.666   24.069   34.148   19.638   -12.617   -47.791   -78.602  -109.039
CT1913:340          176.949  163.138  147.795   88.982   -10.526   -36.937
   13.019   55.760   56.943   40.906   32.461   11.581   -21.920   -34.843
   -28.643   -29.281   -22.148   11.516   43.271   50.779   48.861   47.160
   43.991   36.696   25.905    5.850   -26.537   -60.511   -93.115  -126.583
CT1913:335          165.075  129.397   91.044   46.766    -1.395   -17.757
   13.614   44.045   40.447   13.946    -1.019    -7.611   -15.969   -20.240
   -14.281    -1.852    1.672    -2.348    -6.473    2.621   29.064   49.176
   46.338   26.313    6.189   -10.123   -27.724   -47.181   -68.774   -91.393
CT1913:330          146.066  112.779   78.327   39.973    3.559    -9.604
    6.699   20.994   18.970   14.309   12.894    2.516    5.277    6.335
    2.016    3.340    1.216   -15.051   -27.829   -21.931    0.952   19.913
   18.985    -1.143   -22.860   -37.226   -49.524   -57.768   -67.045   -78.096
CT1913:325          129.844  107.989   87.961   50.897    -4.772   -21.539
    3.490   23.425   17.851   -11.705   -31.924   -25.159   -21.116   -25.995
   -25.014   -29.863   -31.771   -33.854   -32.153   -26.887   -10.450    6.980
    5.182   -21.877   -48.670   -62.758   -78.502   -90.562   -96.976   -97.570
CT1913:320          124.468   93.721   64.727   41.271   23.778   15.645
   26.986   38.261   35.611   33.442   30.744    4.417   -26.351   -38.325
   -45.724   -38.794   -37.063   -44.803   -45.976   -35.715    -9.395   10.802
   12.471   11.511   12.132    -3.678   -36.613   -68.040   -86.144   -93.351
CT1913:315          109.977   88.975   69.325   51.119   32.930   23.588
   32.328   42.579   40.473   31.013   19.534    -7.588   -52.475   -69.748
   -71.675   -74.807   -65.443   -27.808    9.813   13.148    -2.567   -11.512
    -9.749    3.047   13.912    6.725   -19.569   -42.235   -54.886   -65.563
CT1913:310          111.412   97.235   84.406   62.383   33.686   20.989
   27.332   36.560   34.152   20.322    6.408   -12.555   -40.259   -45.429
   -21.713   24.460   41.764   35.418   25.573   15.708    -2.215   -18.528
   -21.824    -7.938    7.664    8.841    5.779    -3.644   -21.309   -42.796
CT1913:305          120.085   96.923   73.171   50.013   21.088   12.789
   38.144   70.620   75.528   66.202   55.743   40.120   13.562   12.616
   53.165  117.055  135.632  112.536   82.049   55.133    9.455   -31.946
   -44.780   -31.351   -10.144    -8.587   -16.739   -25.221   -37.405   -54.559
CT1913:300          125.955   97.746   68.385   46.413   23.439   19.036
   51.951   88.580  102.567  108.594  104.691   93.592   76.891   83.635
  114.181  153.576  164.385  146.016  105.962   66.929    4.026   -52.631
   -65.879   -36.554    -0.663    -3.323   -26.723   -50.514   -69.449   -83.866
CT1913:295          148.121  117.275   91.294   63.115   19.794   14.694
   63.334  110.039  126.207  121.030  111.466  106.555   85.282   94.620
  160.705  238.757  248.024  187.423  113.416   76.146   37.309    -2.168
   -10.571   15.638   37.408   21.119   -22.784   -64.424   -96.788  -123.455
CT1913:290          192.640  136.271   80.496   38.084    0.856    -2.447
   59.566  117.409  122.666  101.397   97.409  101.205  110.792  135.056
  189.250  244.530  252.812  212.430  155.023  133.740  140.992  147.039
  129.747  104.953   82.215   50.619    -1.600   -58.716  -107.050  -150.857
CT1913:285          222.565  132.943   41.932    4.101   -14.670   -26.338
    4.041   29.405   32.141   16.394   13.266   48.535   88.136  117.867
  173.662  227.156  236.327  210.524  197.152  177.300  150.967  134.225
  124.037  122.162  106.152   73.828   27.957   -24.128   -82.017  -148.444
CT1913:280          172.640  125.346   82.499   58.418   39.429   19.550
   -18.202   -45.173   -42.536   -21.749    -0.728   26.133   68.003   99.252
  123.069  155.944  169.301  133.720  116.174  109.660  112.619  119.615
  103.899   87.410   64.838   36.436    5.479   -32.293   -80.123  -135.930
CT1913:275          137.405  108.986   82.338   57.475   31.972    -1.792
   -64.654  -114.651  -110.471   -73.404   -50.133   -16.607   22.109   51.640
   57.650   72.296  105.338  117.292  150.141  138.159  102.696   85.084
   56.521   59.903   59.880   34.723    0.599   -36.900   -81.039  -131.140
CT1913:270          129.695  100.112   67.130   47.838   44.780   14.552
   -77.529  -144.145  -133.849   -60.819   -22.723   -27.573   -48.637   -20.976
    5.247    0.038   82.383  206.502  206.812  212.459  184.612  100.077
   36.648   45.965   57.481   30.240   -13.867   -60.307   -94.308  -130.694
CT1913:265          138.534  115.981   87.395   44.390    -6.622   -45.783
   -86.387  -114.971  -106.643   -56.687   -33.692   -51.689   -92.513   -58.229
  119.846  355.730  515.130  839.179 1074.218 1004.161  543.871  126.118
   15.115   26.819   39.340   11.074   -37.388   -89.400  -129.054  -162.324
CT1913:260          144.763  120.571   95.910   49.381   -11.490   -46.199
   -66.153   -78.097   -71.766   -41.670   -36.716   -75.502  -152.675  -156.410
   -38.806  116.115  270.874  850.092 1422.586 1310.011  589.721   81.059
    -7.710   11.945   17.053    -7.486   -36.501   -72.230  -116.410  -165.464
CT1913:255          140.660  120.134   94.123   48.182    -5.719   -34.850
   -36.966   -35.874   -33.110   -17.324   -20.604   -50.910   -93.438  -141.811
  -280.946  -427.711  -410.226  -227.483   -60.979   10.266   24.364    5.955
    1.479    1.187    2.640   -12.773   -46.860   -76.454   -96.225  -112.046
CT1913:250          134.632  114.303   90.507   56.326   13.053    -8.069
    -5.127    -0.645    2.373   14.837    9.019    -9.019   -23.681  -109.167
  -435.290  -827.814  -969.000 -1250.688 -1569.703 -1388.299  -671.803  -137.409
   -12.959   -11.549    -7.831   -10.360   -44.864   -74.086   -85.932   -88.770
CT1913:245          122.298  102.309   81.265   56.184   20.868    6.468
   16.282   19.344   23.199   46.970   46.805   28.652   24.029   -64.517
  -341.074  -607.000  -788.080 -1166.223 -1339.252 -1219.972  -674.619  -165.800
   -24.023    -8.143    4.967   14.608    7.058    -7.747   -42.709   -93.598
CT1913:240          125.105  100.038   76.839   60.790   46.981   34.948
   32.732   32.098   26.818   14.592    1.716    -2.169    -0.650   -58.228
  -179.809  -305.658  -421.721  -569.823  -608.903  -557.643  -365.737  -143.108
   -31.043   13.161   43.356   47.856   24.040    -4.782   -37.269   -75.887
CT1913:235          149.540  124.844   97.881   68.552   38.566   21.708
   25.538   31.867   23.965   10.729    3.139    -9.696   -20.031   -49.275
   -76.926  -119.067  -167.767  -199.707  -233.177  -211.141  -150.160   -93.508
   -40.136    9.135   51.562   53.998   23.235    -8.512   -32.656   -54.826
CT1913:230          170.270  147.626  122.714   82.868   25.054    1.464
    -0.131    -5.561    -4.908    -8.207   -16.765   -16.060   -25.190   -38.153
    -7.646   18.217    -0.237   -19.259   -37.789   -41.562   -73.031  -100.821
   -73.598   -32.368    -6.672    -1.525   -11.997   -22.628   -27.710   -30.924
CT1913:225          138.946  109.936   81.137   45.171    5.240   -11.095
    8.067   27.872   22.843    6.739    3.823   20.306   57.646   63.517
   41.311   10.875    2.446   13.974    6.176    4.705    4.788    2.743
    2.064    -8.689   -12.116   -11.149   -10.460   -11.653   -19.780   -33.114
CT1913:220          132.863  101.762   70.168   30.218   -10.264   -25.536
    -8.892    4.745    9.069   12.296   16.768   29.497   42.748   44.007
   38.415   22.867   19.521   30.435   34.575   34.006   33.413   28.822
   22.646    8.850    -3.955   -11.716   -17.905   -24.788   -33.360   -42.224
CT1913:215          160.386  122.092   81.499   42.211    -3.381   -19.935
    -3.510   11.141   18.714   33.513   43.424   43.598   55.676   57.867
   41.244   28.496   28.662   41.945   48.101   48.994   44.869   33.519
   26.127    9.651    -7.664   -18.112   -31.882   -40.999   -40.983   -34.678
CT1913:210          137.527  120.744   93.406   51.198    6.952    -6.684
   13.899   32.473   33.492   20.041   13.083   22.776   26.684   24.113
   24.248   24.729   21.654   23.288   32.416   34.823   41.573   48.673
   42.697   19.708    -2.749   -15.057   -24.611   -33.707   -42.265   -49.698
CT1913:205           99.814   87.205   76.747   49.639   11.343    -1.387
   28.240   49.964   50.099   47.614   49.179   43.259   39.606   34.919
   15.878   -11.278   -16.081   -14.786   -22.083   -10.824   26.369   49.525
   47.673   30.116   13.806    2.713    -6.942   -21.541   -40.845   -66.321
CT1913:200          125.624  118.611  105.177   81.438   54.381   43.016
   44.721   47.253   47.333   42.058   36.797   34.482   30.736   24.924
   18.025   15.829   10.237    -2.491    -5.305    -2.006    7.126   16.452
   18.433   20.218   19.847    8.825    -8.079   -27.908   -52.583   -83.102
CT1913:195          137.684  134.384  122.968   91.612   45.539   28.232
   42.804   56.541   53.247   40.337   31.172   18.502    8.495    3.548
    -3.394    -9.686   -10.035    -8.212    -6.713    -3.424    2.406    8.054
    8.727    8.948    7.151    -6.330   -28.467   -51.124   -75.132  -102.292
CT1913:190          136.004  120.846  105.301   76.140   42.388   27.857
   43.849   64.057   52.059    5.674   -21.948   -19.139   -23.108   -27.751
   -22.972   -20.153   -12.140    5.827   15.279   19.444   25.942   29.292
   25.870   14.101    2.249   -16.564   -52.322   -81.686   -95.777  -103.282
CT1913:185          122.260  112.756   96.314   63.948   23.520    9.172
   22.542   32.385   31.164   29.194   16.587    -0.593   -18.496   -21.186
    -9.591    8.871   18.526   31.627   46.331   45.928   38.332   37.871
   34.759   29.196   24.891    8.391   -24.192   -54.244   -75.171   -90.154
CT1913:180          139.269  121.438   98.212   76.741   52.594   41.043
   47.167   50.586   40.927   35.011   27.129   -11.999   -49.305   -48.167
   -25.213   10.016   22.604   25.305   26.415   21.571    -0.371   -16.799
   -14.280    8.913   28.604   23.496    3.076   -18.083   -39.362   -65.278
CT1913:175          166.358  131.194   93.094   76.996   71.129   61.429
   53.658   40.849   16.917   -35.581   -64.100   -89.476  -125.280  -118.559
   -41.857   30.896   40.836   15.095   -11.109   -14.512   -25.354   -37.939
   -33.007    -7.337    9.398   13.507   21.713   19.808    2.241   -25.550
CT1913:170          139.991  108.750   79.390   57.148   37.192   31.511
   64.760   91.930   52.371   -64.035  -110.629   -62.429    6.757   27.125
   42.364   39.562   35.961   34.698   37.604   33.203   27.190   25.664
   22.969   27.462   32.772   23.505    2.686   -17.327   -34.960   -55.381
CT1913:165          141.070   98.471   59.579   41.659   34.543   27.524
   40.725   44.548   33.882   12.382   12.653   78.308  214.831  241.024
  137.029   43.035   28.073   30.688   28.932   31.470   43.079   44.221
   33.247    7.713   -14.694   -25.933   -31.308   -39.075   -53.320   -69.443
CT1913:160          135.172  108.504   86.313   70.804   57.437   47.604
   32.475   18.776   20.323   41.576   58.930   82.252  114.044  120.334
   91.622   46.126   37.436   51.513   62.755   59.548   52.125   45.697
   33.150   12.676    -3.944   -17.599   -30.243   -43.226   -61.760   -84.823
CT1913:155          143.903  108.590   77.552   64.715   56.581   48.587
   39.907   27.857   19.100    -2.048   -11.751    1.277    3.845    6.562
   29.597   47.765   52.196   62.135   67.252   62.424   37.730   10.496
    4.169   14.653   17.056    -0.637   -30.174   -60.023   -87.063  -112.995
CT1913:150          157.419  107.174   53.841   47.380   68.299   66.593
   61.837   60.025   44.205    8.573    -2.419    -0.524   16.022   23.184
   20.541   24.246   32.797   63.254   88.155   82.794   54.903   37.839
   25.588   13.351    3.076   -19.585   -59.840   -94.950  -114.607  -128.741
CT1913:145          145.926  110.597   76.821   54.410   33.219   26.190
   45.106   57.488   44.995   12.124    -2.367    1.375   16.750   21.699
   16.458   11.409   15.274   28.436   37.286   37.788   31.008   23.247
   14.775    1.909   -10.775   -27.881   -53.010   -76.868   -96.853  -114.030
CT1913:140          143.687  113.775   82.713   51.108    9.835    -2.577
   21.837   38.710   31.543    8.317    -3.038    3.157   12.810   12.843
    8.623    2.176    0.205    -2.579    -2.732    -4.643   -17.455   -29.401
   -25.499    4.152   20.901    5.546   -27.110   -56.291   -78.104   -98.186
CT1913:135          140.271  103.158   64.022   37.038   13.769    4.665
   10.693   16.689   15.304    9.932    5.207    8.494   16.231   12.049
    -3.424   -17.138   -21.053   -19.182   -11.474    -6.136    7.651   20.608
   14.028    -6.028   -23.143   -38.586   -61.537   -86.700  -108.367  -128.733
CT1913:130          126.312   98.636   70.927   41.976   13.241    4.998
   30.794   51.659   48.797   36.759   32.066   33.965   41.887   36.221
    8.463   -19.793   -21.790    -2.425   13.587   17.779   13.680    8.040
    3.732    -1.048    -6.640   -19.098   -37.069   -55.119   -73.508   -94.461
CT1913:125          138.881  116.549   93.058   74.190   57.626   48.364
   52.156   55.649   53.559   47.860   43.984   37.700   30.953   22.636
    0.978   -20.854   -19.268   12.079   40.242   40.927   25.960   16.930
   11.031    2.850    -5.905   -14.347   -11.583   -19.867   -51.975  -101.597
CT1913:120          139.738  124.385  107.002   87.223   62.741   50.069
   50.359   47.408   43.014   35.555   29.266   28.485   22.106   13.143
    -2.526   -21.914   -22.291    -5.643    5.669   12.741   24.346   31.020
   27.419   16.849    5.683   -10.495   -35.661   -60.254   -79.885   -96.750
CT1913:115          156.140  127.394   97.796   85.058   83.712   71.197
   44.161   21.444   21.081   37.565   43.346   33.942   25.810   19.089
    5.459    -3.862    -7.188    -8.670    -5.179    4.819   29.938   46.993
   43.410   24.114    6.038   -11.597   -36.566   -58.546   -73.100   -82.676
CT1913:110          154.825  123.100   89.435   74.680   74.601   62.206
   29.887    7.026    2.919    3.646    -0.444    1.134    -0.371    -5.453
   -14.617   -19.653   -19.303   -11.871    -3.184    -4.835   -13.028   -13.939
   -12.622    0.202    9.504    1.521   -17.584   -37.162   -55.486   -75.650
CT1913:105          147.400  113.365   81.903   55.169   26.192    9.132
    -1.160    -9.214   -10.637    -3.841    -4.766    -7.636   -19.019   -23.535
   -10.047    -2.765    -0.315    -1.008    -7.575    -0.633   12.066   15.576
   13.865   11.191    5.181    -6.667   -25.361   -45.596   -62.848   -78.911
CT1913:100          143.719  103.060   64.581   42.085   18.622   10.121
   22.777   24.662   23.344   32.225   31.446   19.232   26.800   27.740
   14.537   18.804   21.589   22.567   34.343   42.614   49.530   52.568
   45.246   21.872    -0.961   -15.895   -22.447   -34.436   -55.293   -80.111
CT1913:095          133.382   93.342   61.824   56.056   65.910   67.864
   87.460  105.496   87.008   35.611    9.005    5.424    2.446    -2.340
   -12.478   -30.669   -26.900    1.028   25.267   32.978   41.031   48.080
   38.728    9.733   -15.166   -23.263   -18.523   -16.406   -22.889   -35.324
CT1913:090          127.617   93.130   68.956   72.304   88.965   91.406
   94.375   95.469   75.580   29.755    4.352    -3.327    -7.779   -11.733
   -13.947   -17.078   -18.283   -24.633   -29.546   -18.960    3.879   14.758
   10.995    -5.878   -22.914   -27.087   -18.179    -9.037    -6.809    -9.202
CT1913:085          131.901  104.737   76.708   67.504   63.855   57.900
   48.071   30.303   22.249   18.429    8.694    1.501    7.927    9.160
   10.430   20.710   18.731    1.725    -3.815    1.598   23.927   43.497
   32.902    -6.045   -31.458   -36.172   -28.392   -20.876   -17.314   -13.710
CT1913:080          135.253  111.475   88.193   66.634   48.364   38.160
   39.272   40.151   24.048    -6.237   -23.930   -28.914   -30.500   -29.325
   -14.103    -1.671    -0.006    -2.354    -1.608    3.563   16.998   24.564
   19.827    -0.540   -21.083   -34.817   -46.105   -58.204   -70.486   -79.914
CT1913:075          149.110  140.185  131.445   99.650   52.242   35.795
   46.156   50.611   37.260    3.200   -17.070   -19.227   -16.776   -13.208
    -2.340    1.090    0.653    -6.503   -15.199    -9.617   16.958   34.766
   32.445   20.516    7.260   -22.929   -85.780  -133.206  -149.643  -148.306
CT1913:070          159.438  135.864  109.678   76.041   40.823   30.801
   64.703   89.269   71.203   25.002    3.012    1.422   11.485   17.186
   23.118   32.480   29.858    9.014    -5.521    -6.371    0.871    5.326
    3.804    2.497    -3.153   -23.570   -62.672   -96.662  -112.676  -115.238
CT1913:065          146.827  108.341   73.859   58.237   49.927   46.057
   61.853   73.448   54.154    -2.111   -32.218   -25.849   -14.328    -8.273
    6.634   11.664   17.138   27.611   30.982   21.977    -0.424   -16.039
   -21.346   -23.140   -27.753   -36.340   -50.035   -66.231   -80.921   -91.219
CT1913:060          125.303   69.684   14.863    -0.059    5.043    3.272
   29.186   45.936   28.411    -8.525   -22.564   -24.744    -7.052    3.682
   15.669   46.312   50.895   38.400   34.580   27.407    6.400    -9.073
   -18.599   -17.677   -13.505   -20.625   -25.738   -35.865   -58.826   -91.610
CT1913:055          139.819   93.127   52.460   27.924    9.493    -1.756
    -5.108    -8.581   -21.838   -51.118   -64.549   -52.447   -27.004   -15.679
   -14.767   -15.963    -8.663    8.539   18.369   15.302    -7.607   -30.626
   -36.799   -32.301   -29.771   -35.255   -45.838   -55.022   -64.738   -78.141
CT1913:050          164.268  109.834   60.629   20.974   -15.953   -37.805
   -37.737   -35.536   -41.579   -48.771   -48.735   -40.244   -28.075   -22.091
   -25.411   -39.981   -30.660   12.271   43.329   39.437    8.241   -16.927
   -24.564   -25.495   -26.759   -33.218   -43.512   -53.033   -60.746   -66.805
CT1913:045          188.827  128.184   62.522   32.496   19.226    0.503
   -43.223   -75.398   -60.446    -7.771   14.547   18.525   22.931   24.416
   21.896   35.884   38.127   35.783   39.781   40.442   37.692   32.971
   21.981    6.172    -4.531    -9.427    -8.300   -10.935   -21.842   -37.872
CT1913:040          167.431  110.849   58.459   35.523   25.136    9.308
   -10.880   -20.713    -5.100   44.562   71.635   72.364   62.315   57.729
   46.081   24.792   21.641   33.933   43.067   44.835   44.957   41.013
   35.139   25.709   14.951    7.347    0.614    -7.292   -19.110   -35.864
CT1913:035          154.662  108.669   62.238   36.069   20.570    9.194
   11.313   16.627   28.269   51.499   65.720   79.452   96.714   95.902
   60.401   16.650    9.446   29.263   46.163   47.234   41.441   35.173
   29.906   24.890   20.347   13.517    6.253    -2.720   -14.928   -32.497
CT1913:030          171.027  126.887   87.422   62.824   41.974   27.797
   21.887   21.969   28.919   43.864   53.743   61.219   61.106   57.711
   55.337   41.564   35.985   36.914   39.200   41.400   44.616   43.229
   35.970   22.664    9.617    1.352    -5.260   -13.866   -24.068   -34.512
CT1913:025          160.437  123.452   88.637   64.550   47.654   33.069
   18.448   10.567   15.096   27.523   33.080   45.429   73.635   80.466
   52.352   34.249   32.746   44.608   59.843   60.752   52.913   45.952
   35.729   19.617    7.095    -3.161   -14.578   -21.819   -24.284   -24.439
CT1913:020          140.822  107.534   77.502   51.751   21.665    4.614
   11.945   17.298   13.294   10.773   12.494    8.993    -5.038    -5.936
    -3.170   -15.497    -7.693   29.282   54.628   54.697   36.502   17.668
   10.289    -2.269   -17.044   -23.745   -22.921   -22.710   -25.323   -27.646
CT1913:015          162.866  119.638   80.414   56.028   39.108   25.741
   20.543   14.718    5.956   -11.965   -20.316   -15.819    -5.840    2.083
   13.082   19.536   25.549   31.614   29.133   31.313   40.857   45.667
   39.612   22.698    5.572    -1.795    -0.252    -3.718   -19.012   -40.179
CT1913:010          192.500  145.741   95.934   65.376   36.873   18.983
   21.405   25.874    8.708   -27.910   -38.845   -24.399   11.770   28.548
   42.718   69.752   71.826   46.154   30.942   29.597   39.495   48.274
   46.897   55.174   62.832   41.083    -9.930   -45.563   -56.026   -56.647
CT1913:005          160.991  117.503   75.507   54.224   42.848   31.869
   24.745   17.535    8.491   -17.146   -33.249   -32.339   -43.228   -40.443
    6.341   49.104   54.810   39.256   24.445   23.126   25.388   25.262
   25.175   19.539   11.503    4.645    -6.811   -19.094   -29.117   -36.492
CT1914:360          139.573  102.756   70.676   55.505   49.427   40.176
   26.297   15.238   17.236   33.930   41.932   27.819    1.282    -1.977
   15.744   28.930   32.510   38.555   41.421   35.851   25.330   20.873
   17.366   11.303    6.555    1.029    -6.994   -16.855   -30.555   -47.837
