
filled_synop: 30 data points in equal steps of sine latitude from +14.5/15 to  -14.5/15

CT2016:360           -87.460   -40.849    -3.853   34.686   59.086   51.896
   31.063    4.217   -35.086   -84.831  -103.001   -89.995   -53.375   -25.472
   -11.538    -9.330   26.696   99.051  124.932  124.490   77.603   24.730
   14.473   25.676   27.912   22.255   12.899   33.639   72.145  107.849
CT2016:355           -79.490   -44.446   -12.061   21.428   41.198   34.611
   18.340    -0.285   -21.986   -46.345   -57.831   -47.450   -32.088   -22.576
   -33.272   -55.487   -39.855    6.644   48.041   58.015   61.999   61.117
   49.578   34.305   30.485   32.869   32.969   47.475   75.140   98.995
CT2016:350           -84.425   -47.238   -11.145   28.516   52.388   42.430
   19.859    4.474   -13.523   -32.445   -38.172   -30.727   -17.174   -15.092
   -33.156   -57.192   -57.288   -42.646   -23.534    -2.672   35.070   56.051
   54.103   36.809   35.904   43.819   50.629   62.484   78.341   91.902
CT2016:345           -86.167   -51.338   -12.151   44.541   78.989   57.872
    -8.406   -41.798   -48.650   -50.592   -47.906   -30.292    5.293    8.996
   -21.034   -49.247   -60.681   -66.917   -59.625   -37.733    4.777   30.528
   41.509   44.493   51.701   77.528  107.496  109.100   93.412   84.729
CT2016:340           -61.723   -33.250    -7.607   18.902   33.199   21.693
    -4.279   -18.765   -31.916   -47.114   -41.358    9.686   53.611   37.567
    9.409   -70.058  -104.114  -112.957  -128.433   -98.306   -33.073    5.436
   17.012    7.535   15.085   39.713   66.310   77.843   81.048   90.486
CT2016:335           -47.277   -18.848    1.836   18.801   27.264   16.222
    -3.939    -9.420    -9.913    -4.693    5.665   94.719  264.061  269.969
   89.684   -78.061  -133.178  -165.279  -162.227  -135.382   -84.225   -37.094
   -10.085    -5.652   11.966   32.293   54.547   76.163   94.810  110.465
CT2016:330           -53.791   -17.797    9.794   35.488   50.999   31.582
   -22.276   -32.887    -6.174   38.582   31.810   12.425   -15.672   -72.899
  -194.606  -330.756  -382.679  -391.212  -392.105  -333.734  -188.158   -93.041
   -51.883   -49.927   -22.477   20.037   63.002   90.288  114.374  134.083
CT2016:325           -75.044   -54.609   -30.106    -0.284   17.771   11.153
   -11.251    -5.491   53.761  171.822  169.165   -41.061  -365.042  -497.350
  -481.765  -469.958  -519.737  -619.966  -700.663  -599.477  -318.905  -152.086
   -92.859   -72.391   -32.438    6.601   44.617   72.788   94.108  114.992
CT2016:320           -88.746   -73.682   -54.247   -29.877    -7.850   16.372
   46.990   71.380  123.908  214.891  191.659    -9.998  -290.728  -417.211
  -457.589  -450.475  -508.959  -607.806  -607.467  -558.290  -391.797  -241.561
  -143.160   -50.347   13.629   40.650   69.071   80.933   70.990   74.278
CT2016:315           -90.917   -61.144   -27.912   10.223   40.646   64.653
   90.814  116.929  155.732  204.960  178.299   53.767  -105.942  -206.367
  -313.204  -398.986  -480.916  -628.103  -708.909  -648.890  -455.580  -309.800
  -202.568   -90.012   -16.899   22.206   56.347   76.585   81.834   91.009
CT2016:310           -77.830   -41.816   -10.298   18.404   40.958   54.951
   65.434   82.306  120.608  184.606  187.984  100.438    -7.445   -80.358
  -178.427  -276.552  -353.572  -504.265  -621.738  -574.010  -403.705  -300.238
  -207.578   -82.586   -12.991   24.486   54.994   77.518   91.708  103.634
CT2016:305           -59.385   -25.290    0.666   19.993   34.856   36.250
   21.485   23.882   43.433   66.728   80.076   92.910   67.484   25.905
    -1.250   -55.386   -92.326  -118.631  -148.210  -167.233  -196.108  -187.041
  -145.647   -32.469   24.519   24.245   15.539   39.025   64.904   89.171
CT2016:300           -65.725   -43.697   -15.154   21.462   43.692   40.224
   24.283   26.079   21.383    7.478   32.355  170.023  356.428  369.511
  218.155   78.777   94.632  299.177  442.903  324.693   -41.537  -205.374
  -159.352   -50.243    -5.667   19.839   35.306   53.291   71.084   90.741
CT2016:295           -57.218   -33.528    -7.956   23.264   39.500   30.140
   11.155   11.686   20.973   35.264   72.984  203.265  354.261  365.009
  221.441   77.205  138.687  422.231  559.402  471.157  146.893   -30.992
   -57.800   -30.478   -22.202    7.941   34.277   57.524   82.658  105.962
CT2016:290           -53.394   -16.719   12.913   36.838   49.045   31.901
   -12.608   -16.610   21.554   93.080  132.434  164.916  191.766  185.570
  106.218   17.627   97.568  438.406  659.729  592.715  307.202  147.675
   63.631   -20.223   -51.340   -23.929   12.460   51.783   99.425  140.028
CT2016:285           -63.937   -39.381   -14.251   12.545   27.269   15.416
   -12.056    -9.236   35.691   92.030   95.551   57.306    4.496   -16.755
   -43.676   -50.032    4.880  147.174  256.289  310.129  358.433  336.887
  165.784   -82.751  -148.996   -79.851    -0.972   43.488   84.673  120.310
CT2016:280           -77.761   -64.257   -44.127   -12.636   10.914   19.891
   25.535   34.614   65.744  110.627   88.360   -35.010  -168.702  -198.611
  -173.321  -141.643  -117.068  -135.396  -133.563    4.519  267.876  328.628
  173.333   -84.153  -163.308   -97.152   -15.229   30.471   73.116  109.694
CT2016:275           -84.688   -59.844   -36.783   -15.940    4.791   29.015
   56.047   59.156   50.201   33.552   -16.416  -150.845  -284.256  -299.806
  -213.081  -111.821   -85.296   -98.610   -62.549   30.717  231.616  295.146
  146.599   -96.351  -152.080   -88.475   -13.070   28.557   68.346  102.427
CT2016:270           -93.306   -68.312   -45.306   -23.708    -3.615   30.545
   84.472   84.705   19.144   -75.053  -139.532  -259.612  -394.215  -391.625
  -220.609   -68.641   -41.692   -73.722   -80.170   -28.329   83.077  119.999
   58.211   -76.758  -107.104   -52.545   11.422   41.879   66.396   93.655
CT2016:265           -65.194   -48.596   -30.554   -12.143    4.104   21.787
   42.183   28.824   -35.551  -127.360  -183.635  -248.425  -301.601  -279.722
  -145.164   -30.078   -31.364  -126.102  -167.631  -129.685   -13.850   38.574
   12.198   -45.821   -56.582   -29.339    3.480   30.488   58.069   87.755
CT2016:260           -37.090   -35.909   -30.986   -20.725    -9.868    8.078
   33.458   17.157   -64.531  -170.862  -214.215  -213.343  -194.375  -155.943
   -52.133   28.493    -8.312  -196.490  -297.901  -279.962  -161.691   -96.951
   -78.335   -67.774   -47.816   -11.525   23.772   48.691   69.118   92.087
CT2016:255           -20.055   -24.216   -28.420   -33.219   -32.656   -16.852
   11.133    -5.207   -90.034  -191.889  -215.202  -173.772   -99.520   -47.922
   37.247  108.832   55.421  -219.217  -399.107  -376.998  -236.652  -176.221
  -154.079  -116.237   -82.192   -28.426   28.523   63.438   86.641  104.709
CT2016:250           -26.908   -32.579   -42.010   -55.268   -61.720   -55.354
   -40.268   -59.527  -131.798  -234.534  -249.819  -176.029   -93.388   -36.741
   65.844  144.827  126.098    -5.263   -98.951  -140.676  -190.192  -212.344
  -179.338  -111.448   -76.470   -41.701    -1.097   35.102   67.947   99.604
CT2016:245            2.958   -10.144   -21.468   -31.828   -41.847   -48.601
   -52.386   -71.852  -128.493  -199.118  -197.590  -123.637   -33.079   22.673
   74.232   99.315  145.518  285.759  353.073  238.889    -4.260  -106.371
  -121.596  -124.096  -110.334   -60.439    -3.133   32.800   57.668   79.331
CT2016:240           46.555   23.349    0.678   -21.237   -43.595   -63.620
   -78.555   -92.759  -117.009  -137.141  -117.575   -55.445   14.400   63.725
  127.313  193.947  229.933  325.474  371.152  300.932  155.804   79.158
   -18.500  -130.748  -140.160   -65.962    4.015   22.975   26.252   42.890
CT2016:235           26.068   13.408    -1.563   -17.104   -37.488   -80.037
  -135.487  -152.428  -130.903  -100.486   -68.353    2.793   77.814  110.796
  102.458   87.984  104.193  114.059   92.640   84.417   45.729    -2.546
   -36.182   -78.821   -86.535   -46.921    2.401   27.696   40.220   57.048
CT2016:230           -29.816   -32.374   -30.806   -27.358   -38.070   -76.376
  -123.494  -131.037  -101.499   -59.170   -23.564   29.805   81.094   99.662
   95.590   92.557   76.983   20.128   -11.910    3.688   41.906   41.150
    3.252   -43.186   -54.188   -27.738    1.626   27.282   57.816   86.009
CT2016:225           -90.514   -94.098   -82.226   -48.586   -40.979   -73.998
  -119.124  -119.023   -82.886   -36.762    -3.197   39.801   67.999   69.569
   54.962   30.486   23.998   30.625   43.508   64.016   99.792  106.425
   60.971   -10.144   -33.413   -40.395   -38.387    4.382   69.201  117.712
CT2016:220           -36.506   -37.334   -37.222   -35.848   -44.066   -74.152
  -110.477  -108.167   -59.176    7.043   38.096   55.914   69.223   44.442
   -19.519   -45.471   -78.502   -85.649   -45.525   12.387  124.612  166.512
  106.898    1.701   -28.752   -28.322   -18.951    5.471   44.512   80.873
CT2016:215           -30.188   -30.462   -34.462   -40.583   -48.434   -67.494
   -92.057   -84.670   -41.069   13.151   38.789   66.195   85.763   31.645
  -186.373  -399.345  -402.787  -358.452  -371.107  -188.457  116.499  213.453
  150.111   21.587    -8.116    6.626   20.493   29.603   42.036   58.097
CT2016:210           -32.302   -32.154   -31.901   -33.376   -38.164   -54.407
   -73.275   -58.868    -2.281   64.164   89.602   98.320   82.033   32.084
   -68.130  -146.113  -225.034  -238.293  -147.129  -109.987   53.186  151.953
  123.863   38.051   14.311   18.162   27.976   40.461   55.162   71.712
CT2016:205           -27.043   -34.921   -42.278   -45.573   -45.212   -42.005
   -38.266   -13.737   53.791  129.185  152.334  153.784  171.581  119.860
    0.717   -77.548  -241.983  -613.495  -747.041  -550.777   -92.776   86.721
   65.094    -9.335   -14.820    6.794   35.218   55.868   74.511   88.386
CT2016:200           -34.126   -33.771   -30.862   -28.102   -22.214   -10.149
    5.919   34.588   87.238  145.357  159.391   96.872   30.183    0.935
   -41.605  -167.737  -306.331  -830.491 -1183.616  -820.712  -129.351   67.631
   34.488   -43.960   -41.006   -15.379   13.642   40.102   67.022   91.599
CT2016:195           -46.992   -41.799   -36.149   -32.469   -26.366   -15.848
    -6.304   20.033   72.792  124.819  148.201  118.771   80.760   97.821
  282.918  431.406  327.340  248.875  300.018  130.000   13.034   19.828
   -14.516   -79.143   -75.352   -32.537   13.553   44.278   70.365   99.448
CT2016:190           -62.629   -53.793   -43.184   -31.277   -20.873   -14.690
   -10.228   15.005   64.943  120.004  166.139  205.349  197.300  211.749
  247.328  165.150  189.693  261.375  221.878  125.559   -73.406  -135.812
  -123.990  -102.200   -76.895   -27.856   18.640   55.976   92.466  127.565
CT2016:185           -76.773   -62.912   -45.581   -26.261   -10.623    -5.109
    -3.345   20.938   58.177  103.102  164.278  345.526  530.399  487.083
  364.961  511.631  300.146   16.696   -64.382  -107.617  -249.206  -299.727
  -213.175  -101.277   -71.029   -47.201   -15.373   41.023  109.629  165.051
CT2016:180           -53.353   -45.178   -39.538   -36.660   -30.020   -21.350
   -13.354   12.565   55.042   98.148  153.369  300.081  432.175  340.207
  -351.146 -1042.476  -816.042  -245.283  -113.780  -125.206   -95.316   -89.795
  -105.842  -114.045   -98.556   -60.525   -18.727   32.713   94.814  155.314
CT2016:175           -27.034   -21.624   -26.431   -36.315   -36.047   -28.182
   -19.817    7.171   69.099  132.396  154.899  123.748   93.162  164.918
  496.757  764.089  518.907   21.611  -143.601   -74.609  105.429  134.013
   44.025   -73.020   -90.723   -49.631    -5.388   38.287   90.175  140.475
CT2016:170           -32.052   -18.925   -15.973   -24.964   -19.311    -2.273
   21.740   53.759   99.363  140.320  140.787   29.597   -55.593  104.398
  836.829 1327.361 1041.587  232.865   -70.988    -5.205  228.144  262.998
  125.770   -41.384   -70.778   -62.860   -46.110    3.518   69.059  121.358
CT2016:165           -76.327   -73.084   -63.445   -48.813   -33.362   -12.977
   10.982   44.768  117.760  182.400  168.362   14.954   -80.470   17.387
  289.905  348.199  336.920  108.875   -44.834    -1.362  124.704  130.712
   62.221   -42.096   -69.295   -48.431   -23.763   13.267   59.451   97.318
CT2016:160           -86.596   -79.814   -65.055   -43.139   -24.416    -9.739
    8.638   43.055  124.368  186.764  165.002   45.731   -15.789   28.756
  159.602  241.344  215.905  141.079   96.811   72.724   77.710   61.606
   12.442   -47.396   -58.903   -28.300    -6.032   15.512   39.889   65.677
CT2016:155           -76.828   -55.977   -38.697   -30.676   -14.027   10.283
   32.113   60.993  136.600  190.706  158.676   11.145   -82.533   -26.764
  155.645  254.373  224.661  135.891   89.176   70.513   61.101   42.710
    -5.404   -51.856   -61.713   -52.025   -36.385    -4.152   35.574   76.045
CT2016:150           -62.423   -47.311   -39.294   -39.513   -17.095   62.007
  139.096  146.140   93.021   34.095    -5.527   -97.386  -144.785   -78.181
  114.961  208.160  143.662    -7.584   -61.741   -51.945    4.134   14.738
   -22.245   -63.861   -71.780   -60.277   -41.575    -6.348   40.977   92.774
CT2016:145           -65.077   -66.027   -57.294   -41.703   -17.369   63.204
  149.277  132.931   -18.557  -155.599  -180.803  -166.003  -127.326   -66.791
   57.665  122.062    9.054  -253.574  -339.984  -247.665   -45.762    0.644
   -28.207   -58.590   -66.819   -64.707   -47.252    6.026   70.923  122.763
CT2016:140           -51.908   -56.853   -56.824   -50.736   -53.327   -70.672
   -83.009  -111.838  -211.228  -285.903  -271.523  -173.755   -79.653   -17.900
   58.976   97.162   38.616  -190.998  -301.226  -174.818    -7.571   13.937
   -15.783   -47.084   -59.139   -62.372   -57.337   -14.668   52.723  120.942
CT2016:135           -38.651   -41.286   -50.703   -58.094   -82.527  -175.658
  -282.688  -307.902  -273.650  -241.326  -197.830   -86.619    -0.962   74.331
  192.574  257.363  320.836  471.603  523.450  365.855  145.955   78.504
   48.936   16.594    -9.803   -50.200   -67.845   -19.770   55.077  119.888
CT2016:130           -16.432   -11.408   -10.882   -15.118   -39.469  -113.364
  -175.332  -181.272  -131.524   -63.797   -15.532   63.970  141.615  186.048
  261.697  341.696  379.602  516.131  586.625  425.084  214.873  138.944
   77.940   11.145   -22.044   -42.984   -51.503    -5.157   63.341  118.913
CT2016:125           -26.871   -22.251   -14.225    -4.136   -15.296   -62.348
  -107.699  -101.206   -33.463   35.666   68.594   82.599   87.597   99.505
   69.838   66.394   76.062   -42.868  -114.504   53.583  210.930  192.856
  103.510   23.071    -8.047   -20.026   -29.499   -10.096   33.792   79.701
CT2016:120           -41.766   -29.095   -12.037    6.700   12.013    -2.103
   -17.116    -5.710   25.042   49.362   70.096   90.819   98.287   76.286
   -33.753   -67.464   49.834  298.459  388.438  315.695  208.214  155.993
  114.175   71.970   42.749   32.110   21.964   19.621   19.882   37.741
CT2016:115           -59.080   -36.349   -13.131    8.408   18.900   18.554
   16.688   31.951   69.154  102.220  109.462  104.227   99.691   76.195
    8.757   14.302  181.328  584.038  723.811  524.444  223.384  132.880
  108.443   83.121   52.255   16.560   -12.149    -5.284   21.339   62.733
CT2016:110           -54.507   -24.816    -4.620    9.191   24.219   32.376
   35.880   57.462   97.893  135.420  126.935   82.785   52.798   39.692
   30.112   46.642  168.286  397.715  462.783  379.276  193.224  123.963
   86.392   49.386   21.486   -14.999   -35.385    -4.049   58.354  119.057
CT2016:105           -30.962    -5.498    1.533    -6.938    4.918   44.622
   94.667  131.607  146.402  174.115  152.348   67.821    2.207    -9.130
   28.718   47.995   73.475   94.848  100.287  113.108   86.894   68.457
   73.186   80.197   52.131   -23.304   -61.021    -2.414   85.440  145.245
CT2016:100           -85.864   -65.960   -37.256    -4.464   16.558   20.326
   36.085  109.368  269.899  301.669  277.369  155.002   32.135   -22.738
   -22.491   -29.234  -101.917  -229.899  -247.126  -156.104    -9.217   31.592
   34.013   29.081   13.965   -29.236   -55.791   -14.435   63.160  134.532
CT2016:095          -106.409   -77.098   -41.908    -5.250    5.128   -30.417
   -54.122   63.410  555.005  988.694  869.463  253.639   -88.114  -124.652
   -80.992   -97.380  -200.111  -379.130  -415.622  -282.635   -81.782   -18.573
    -3.306    7.395    1.608   -32.202   -39.548    -3.946   52.233  113.754
CT2016:090           -93.801   -51.930   -12.452   19.371   27.311   -22.115
   -63.599   -40.681   24.482   30.224   35.343    0.435   -47.939   -66.655
   -27.898   -24.082  -103.200  -235.734  -267.279  -208.763  -115.846   -72.651
   -38.178    -9.620    -4.361   -19.661   -19.720   16.657   64.443  110.173
CT2016:085           -96.809   -68.599   -34.112    6.868   17.946   -12.781
   -35.531   -78.889  -264.119  -366.069  -338.622  -163.605   -71.516   -42.992
   23.854   44.845   46.645   60.462   53.457    -1.496   -61.814   -64.472
   -34.579    -6.742    -1.153   -10.613    -5.911   25.547   68.780  111.551
CT2016:080           -92.869   -69.749   -36.963    -0.755   16.075   16.051
   17.712   20.666    -6.314   -34.874   -13.640   68.028   94.294   72.049
   27.343    6.734   37.400  101.886  115.848   67.760    9.075    -2.900
    -1.370    1.809    -0.689   -10.788    -6.604   31.897   77.529  115.472
CT2016:075           -88.257   -55.520   -28.210    -8.687    9.255   21.746
   43.156  115.674  323.976  481.140  452.153  291.269  198.490  120.960
    -9.353   -57.909   -37.132    -4.947    5.575   32.651   40.045   33.480
   11.851   -13.665   -19.118   -15.789    -8.665   19.266   62.221  108.794
CT2016:070           -92.594   -58.201   -33.789   -15.019    8.551   19.030
   37.696  112.306  320.808  436.084  396.051  179.495   24.300   -19.397
   -50.320   -73.755   -32.001   28.083   52.128   77.243  105.096  101.074
   52.911   16.242    2.081   -13.023   -14.756   22.434   72.715  113.107
CT2016:065           -86.352   -65.920   -40.945   -16.535    6.375   19.934
   44.418  108.605  261.135  344.138  283.740   57.726   -86.414   -88.926
    2.256   29.155   42.797   49.507   60.609  100.091   99.485   98.050
   66.862   28.805    9.912    -8.501   -15.512   16.211   62.342  103.405
CT2016:060           -67.677   -55.303   -38.998   -21.583    2.764   38.657
   76.717  122.997  219.920  264.140  196.449    -0.098  -117.144  -104.828
    3.183    9.958   12.281   32.918   51.659   87.449  131.775  158.437
   90.514   25.523    5.059    -7.926   -12.928    7.469   43.899   83.104
CT2016:055           -42.961   -30.012   -21.153   -15.385    5.694   52.955
   97.447  119.144  152.640  156.950   90.280   -56.646  -134.409  -118.765
    -9.705   -51.992  -313.938  -620.939  -618.652  -371.178   28.384  182.824
  119.914   39.498   13.693   -17.069   -27.762    -1.283   40.311   81.584
CT2016:050           -37.698   -28.754   -27.671   -27.752   -10.432   40.032
   78.319   53.415   -21.219   -71.371  -135.388  -216.185  -241.905  -223.204
  -103.441  -179.062  -858.141 -1906.597 -2025.930 -1191.755   -82.406  204.702
  135.766   55.925   29.092   -20.085   -36.873    -1.638   49.124   93.018
CT2016:045           -51.086   -45.462   -37.339   -22.172    -3.773   30.195
   44.756   -23.214  -214.991  -350.508  -388.948  -386.772  -386.955  -333.616
  -188.841  -221.053  -871.908 -2037.061 -2204.422 -1200.563   -59.754  180.689
  111.818   55.064   45.796    -0.004   -25.001    -2.980   44.158   95.118
CT2016:040           -56.668   -44.278   -27.946    -8.269    4.116   28.526
   37.097   -35.024  -243.539  -381.486  -401.041  -324.008  -263.943  -224.313
  -173.766  -158.137   -99.439   25.938   70.983   -17.698   -10.398   37.341
   76.064  104.467   87.358   18.961   -10.036   26.680   78.574  118.125
CT2016:035           -67.940   -40.804   -17.450    5.316   21.828   50.310
   59.971    -2.342  -156.884  -257.558  -266.727  -200.559  -149.040   -78.729
   24.943  169.736  698.845 1552.161 1665.605  903.688    5.133  -147.073
   -27.507   45.784   40.992   13.126    -5.691   27.267   78.773  124.158
CT2016:030           -90.470   -59.767   -29.077    2.321   27.725   55.599
   66.301   29.964   -56.885  -119.827  -135.392  -123.188  -106.575   -52.581
    -0.667  148.718  692.720 1446.145 1533.742  942.337  185.748   -10.082
    -0.311    7.668    0.129    -1.984    -1.738   25.647   70.773  116.214
CT2016:025          -110.226   -81.554   -55.579   -29.103    -1.950   48.954
   79.454   58.554    -6.854   -70.280   -91.682   -99.720   -93.581   -95.589
  -141.515   -56.573  253.887  629.471  684.628  484.820  229.071  106.866
   60.685   51.015   33.970    2.744    -4.284   26.890   66.321   99.866
CT2016:020          -147.984  -107.160   -57.092    -5.177   31.229   73.426
   97.584   76.064   23.419   -19.139   -69.062  -154.686  -190.488  -175.081
  -158.841   -97.406   -68.173   -97.074   -89.469   -28.138   -29.415   -60.545
   -27.586   -10.659    -7.886    -5.580    1.921   27.794   60.374   89.209
CT2016:015          -174.668  -129.905   -75.050   -12.868   24.353   70.614
   97.191   63.280   -24.084   -83.344  -133.449  -207.450  -232.848  -190.562
  -109.692   -51.825   -23.504   44.904   62.740   -21.792   -62.637   -76.634
   -53.655   -31.861   -21.739    -1.607   14.258   39.188   68.605   96.332
CT2016:010          -138.648   -90.844   -40.081    8.975   39.850   68.873
   80.306   34.385   -90.999  -178.465  -201.824  -195.572  -183.740  -144.074
   -69.878   -15.742   56.596  142.814  149.255   50.058   -47.929   -65.839
   -36.842   -14.394    -8.525    -7.053    0.277   19.593   44.755   72.766
CT2016:005          -112.917   -65.724   -22.481   18.291   40.275   52.887
   51.520   14.071   -69.115  -125.244  -145.376  -148.520  -140.321  -102.344
   -44.372    -0.381   74.886  162.531  171.787   93.525   11.237    -9.496
    -4.518    -0.845    -1.666   -10.873    -7.922   14.163   42.842   68.087
CT2017:360          -109.268   -62.574   -22.522   13.659   28.096   22.326
   11.154   -17.483   -70.579  -104.108  -107.062   -93.664   -84.830   -64.734
   -39.384   -17.010   11.735   41.471   52.308   48.733   37.281   25.756
    -0.301   -16.807   -13.639    0.064   13.425   35.067   59.059   82.106
