
filled_synop: 30 data points in equal steps of sine latitude from +14.5/15 to  -14.5/15

CT2015:360           -34.153   -15.771    2.650   18.944   29.459   27.899
   16.978    -0.990   -37.218  -104.155  -152.234  -157.249  -113.691   -53.948
    -7.717   24.564   78.633  312.970  667.363  720.428  552.513  144.466
    7.275   19.683   40.096   41.700   47.193   51.156   53.428   57.311
CT2015:355            -7.751   10.739   20.899   18.824   14.738    7.100
    -7.520   -22.643   -44.748   -74.881  -103.265   -99.363   -60.379   -32.510
   -13.737   -30.864    -3.176   89.454  197.623  220.184  179.594   98.523
   41.642   30.695   32.527   33.147   26.726   32.442   50.647   69.539
CT2015:350            -8.034    2.268    8.681   10.559   10.031    2.913
   -10.762   -24.609   -38.883   -51.947   -61.981   -54.811   -26.360    -7.827
   -14.996   -65.803   -74.548   -45.407    9.113   41.396   39.637   42.814
   28.675   19.665   15.878   21.706   29.908   41.502   58.604   78.078
CT2015:345           -32.986   -20.065    -6.664   13.668   34.786   30.515
    -1.589   -29.912   -39.066   -37.357   -33.583   -27.783   -12.154    -7.014
   -24.563   -58.997   -67.643   -62.354   -45.149   -32.413   -30.854   -22.841
   -12.422    2.118   10.087   16.814   32.004   53.233   72.081   93.167
CT2015:340           -47.509   -30.065   -11.897   10.480   30.182   24.715
   -10.223   -35.088   -37.880   -31.859   -21.038   -21.742   -25.442   -36.940
   -55.789   -75.372   -90.984   -87.758   -80.649   -74.688   -69.499   -71.058
   -56.709   -30.739    -8.835    5.945   21.901   47.221   82.160  112.214
CT2015:335           -43.737   -29.512   -13.279    6.436   21.687   17.345
   -23.340   -59.068   -47.737    5.782   38.264   34.908   15.911   -27.728
   -72.175  -117.231  -153.957  -149.334  -118.515   -97.403   -85.372   -85.641
   -64.072   -49.181   -31.841   -11.156   14.118   47.235   88.096  121.306
CT2015:330           -64.386   -48.257   -31.704   -11.857    6.662    9.511
   -18.121   -36.783    -1.328  140.523  286.692  277.059  139.605   16.783
   -76.413  -203.835  -297.972  -312.660  -277.235  -243.716  -171.365   -96.460
   -43.366   -30.094   -18.806    -0.308   12.744   39.276   78.882  114.144
CT2015:325           -43.058   -40.886   -34.608   -17.740    0.374    -1.023
   -29.304   -40.744    5.407  150.844  258.152  234.819  124.797   11.891
  -118.685  -307.778  -435.768  -498.574  -530.151  -487.553  -331.300  -136.148
   -41.188   -14.322    8.383   20.757   19.964   37.495   67.823  103.594
CT2015:320            -5.129   -15.267   -20.133   -14.638    -5.463    -5.944
   -24.138   -27.495   16.413  140.182  224.208  186.905   51.971   -91.403
  -251.046  -475.949  -649.450  -767.973  -865.759  -819.474  -573.631  -239.531
   -90.326   -40.830    -1.594   19.010   15.735   33.552   63.904   97.931
CT2015:315           31.375   34.052   28.003    2.434   -28.427   -32.690
   -19.614    2.299   39.625  140.742  208.917  156.164   -34.353  -236.322
  -394.465  -574.567  -708.451  -915.856 -1240.184 -1255.475  -860.868  -288.596
  -103.280   -56.745    -4.801   14.940    6.606   27.453   57.218   88.954
CT2015:310           23.693   35.144   35.259   21.771    6.134    1.646
    -3.478    -2.421   30.639  145.224  237.380  180.941   -18.985  -171.624
  -338.048  -591.940  -745.461  -927.759 -1233.429 -1254.204  -857.531  -349.766
  -177.398   -95.288   -28.371    4.612   16.321   40.813   68.195   97.956
CT2015:305            6.847   16.884   21.353   17.016    9.703   10.696
   14.800   21.732   31.800   63.468  104.681   72.523   -48.720  -155.793
  -264.059  -465.172  -581.711  -543.454  -457.302  -422.558  -329.356  -254.734
  -215.476  -122.458   -45.275    -8.167   12.552   39.194   68.822   97.768
CT2015:300            6.197    -1.624    -3.112    5.707   17.354   23.766
   23.009   19.613   11.764   -50.858  -100.223   -87.045    8.274   55.636
    3.443  -154.985  -197.706   40.287  661.088  838.052  451.796   -81.421
  -186.999  -105.903   -32.322   -10.201    6.155   31.602   53.168   77.421
CT2015:295           -14.438   -21.662   -21.882   -13.638    -1.894   13.511
   43.183   73.604   71.846   -31.581  -115.546   -34.536  331.157  583.388
  525.500  195.173   89.484  436.973 1180.835 1334.776  806.640   21.744
  -179.979  -142.767  -107.388   -67.678    2.159   46.923   77.265  105.028
CT2015:290            -6.698    -0.340    -6.514   -45.153   -88.157   -78.985
   -11.137   44.849   73.380  100.236  129.533  187.780  354.626  445.494
  407.026  171.410   98.876  343.308  880.063  997.197  609.695   32.290
  -135.931  -112.429   -88.859   -52.745   30.855   70.986   90.240  111.687
CT2015:285           10.493   -10.007   -34.381   -63.941   -82.498   -69.734
   -22.955   28.025   75.456  166.544  232.055  245.157  188.519  105.832
   77.385    -2.684   -13.066  133.082  400.467  457.974  314.704   73.811
   -33.903   -67.029   -81.301   -52.380   11.777   53.083   83.048  106.678
CT2015:280            -2.468   -21.813   -40.948   -64.165   -81.714   -70.026
   -27.202   20.236   67.495  192.294  304.436  257.357    5.266  -168.083
  -191.641  -157.882  -110.843   -49.722   62.782  116.172  132.679  138.258
   91.987   -12.389   -83.272   -69.904   -13.123   27.728   62.385   89.954
CT2015:275           -23.718   -28.006   -34.398   -50.063   -64.107   -53.011
   -28.820    -7.951   13.257   63.812   66.845    4.384  -185.529  -323.898
  -340.425  -280.614  -237.513  -199.376  -163.952  -120.541    -6.004  149.302
  136.851   -21.154  -123.090  -107.297   -51.682   -13.722   26.124   67.300
CT2015:270           -29.745   -41.938   -52.459   -62.208   -66.432   -51.933
    -4.937   36.289   32.214   -11.135   -58.950  -135.386  -301.315  -399.877
  -381.430  -236.840  -141.993  -154.626  -219.117  -205.480   -77.324   71.981
   68.375   -68.721  -161.919  -139.849   -60.182    -4.481   36.005   70.376
CT2015:265           -38.375   -47.527   -50.530   -48.236   -43.248   -28.848
   19.089   56.616   26.853   -81.629  -179.481  -245.255  -350.095  -406.295
  -357.764  -191.230  -102.337  -101.349  -131.673  -122.217   -77.736    -8.626
   -10.266   -94.437  -144.339  -111.403   -38.008    7.932   40.335   72.260
CT2015:260           -60.394   -54.268   -48.522   -43.705   -40.105   -36.344
   -18.883   -19.092   -58.451  -146.918  -221.346  -264.274  -323.376  -346.408
  -283.913  -116.026   -27.320   -45.983  -107.862  -121.955  -125.290  -111.430
  -102.818  -103.948   -94.910   -62.117    -9.171   24.553   50.479   76.868
CT2015:255           -35.752   -31.910   -31.123   -33.771   -36.453   -38.255
   -24.183   -22.484   -73.712  -211.851  -314.074  -310.065  -209.539  -120.679
   -59.575   34.990   81.745   24.310  -121.927  -185.558  -225.042  -267.453
  -242.984  -115.600   -25.893    2.058   19.743   46.555   76.174  102.769
CT2015:250           -32.651   -27.861   -24.379   -18.027   -13.317   -25.137
   -53.976   -94.883  -143.638  -260.636  -349.632  -315.023  -134.014    4.846
   67.319  119.528  138.594   95.054    -2.739   -60.548  -147.810  -226.838
  -217.341  -116.388   -39.060    -8.414   11.959   43.666   87.263  122.324
CT2015:245           -37.600   -29.491   -19.449    -7.715    -4.516   -24.617
   -74.158  -116.127  -154.537  -226.870  -266.140  -221.645   -85.104   17.049
   80.708  139.397  160.138  148.293  117.973   74.533   -15.315   -98.892
   -99.856   -38.718    9.046   24.666   24.412   40.651   69.249   92.966
CT2015:240           -31.803   -32.500   -34.460   -28.594   -23.641   -52.261
  -127.041  -189.691  -199.136  -157.786  -110.769   -70.546   -14.167   40.593
   94.774  156.996  179.891  166.063  144.041  109.626   34.718   -45.127
   -47.110    4.473   34.533   33.847   18.245   23.041   30.088   42.012
CT2015:235           -15.297   -18.801   -31.206   -37.083   -43.395   -68.403
  -122.873  -163.635  -156.727  -104.613   -64.068   -16.437   43.303   88.440
  116.663  137.794  143.645  108.412   48.040   14.926    -4.682   -28.346
   -23.358   15.879   35.808   34.219   33.795   39.031   36.120   37.983
CT2015:230            5.860    -9.709   -32.280   -42.737   -49.893   -68.345
   -92.183  -105.821   -93.080   -51.477   -12.475   25.494   66.590   97.113
  111.981  111.219  101.914   54.852    -8.692   -32.784   -27.568   -12.951
    -9.617    2.723    9.587   23.520   44.221   51.119   48.400   43.067
CT2015:225           63.181   41.757   20.225    -4.296   -28.110   -47.822
   -70.552   -84.941   -70.072   -28.223    4.769   34.699   64.822   83.738
   96.113  103.846  100.457   63.783   12.891    -2.051   20.970   24.385
    4.307   -16.513   -19.662   -14.785   -13.963    3.499   41.717   67.978
CT2015:220          105.974   80.090   57.600   30.912    3.163   -15.805
   -44.888   -61.311   -46.110    -5.692   21.323   31.750   29.664   34.420
   59.501   93.577  105.242  112.742  138.965  148.126  128.118   96.089
   57.389    1.045   -21.106   -27.182   -38.856   -15.203   34.079   71.530
CT2015:215           58.428   36.153    7.845   -29.500   -63.580   -70.593
   -58.816   -47.967   -22.282   27.075   55.920   48.326   11.752    -2.174
    -9.421   -16.643    -6.253   55.150  116.180  127.112  112.008   81.931
   48.055    -1.497   -27.977   -51.229   -77.398   -59.855   -10.387   54.036
CT2015:210           51.689   10.090   -17.465   -38.608   -54.830   -50.899
   -18.580    6.607   23.086   37.196   43.095   35.981   19.255    6.866
   -18.764   -47.438   -41.995    8.130   64.990   82.727   76.058   60.362
   29.219   -29.033   -57.835   -51.480   -33.779   -12.166    9.342   43.788
CT2015:205           18.436   -21.287   -42.203   -47.429   -43.798   -33.456
   -18.867    -5.307   18.321   59.208   83.060   72.896   49.893   24.656
   -10.134   -41.913   -49.453   -23.019    -0.185   23.992   60.119   68.056
   33.972   -44.453   -71.763   -26.906   32.436   54.309   53.452   54.958
CT2015:200           -84.091   -81.328   -78.503   -86.806   -88.906   -65.867
   -30.088    -0.198   33.631   95.492  125.032  120.058   97.002   44.295
    -6.490   -73.534  -113.011  -116.994  -112.112   -74.713   30.118  113.478
   71.473   -64.396   -99.397   -11.900  112.620  155.551  166.592  153.218
CT2015:195          -129.589  -127.814  -101.297   -57.252   -14.505   16.983
   40.388   74.491  109.252  153.418  167.323  148.963  143.916  138.979
   -53.838  -270.164  -324.798  -360.688  -307.649  -230.027   -79.682   30.982
   13.528  -107.442  -140.551   -53.041   82.577  147.978  174.319  185.373
CT2015:190          -144.891  -170.126  -166.218  -129.588   -86.723   -31.566
   67.962  143.272  162.905  170.800  209.433  141.697   -76.476  -245.516
  -349.870  -628.507  -804.270  -679.379  -417.714  -333.624  -248.478  -114.048
   -84.111  -152.180  -173.324  -113.988   -15.169   60.104  132.473  200.230
CT2015:185           -75.581   -89.103   -89.832   -83.357   -71.440   -27.344
   63.329  113.296  121.326   42.034   -29.539   17.400  163.928  206.534
  116.339  -102.368  -247.026  -392.446  -534.700  -535.654  -352.508  -130.859
   -96.705  -156.675  -173.397  -126.022   -33.009   37.484   80.416  127.542
CT2015:180            4.655    -0.284    3.850   17.114   35.446   67.570
  130.587  191.727  198.873  123.034  100.587  182.452  467.926  649.558
  619.560  536.777  449.474  106.077  -509.113  -640.976  -295.644   -21.130
    1.251   -92.821  -142.775   -93.135   12.065   55.202   60.688   89.568
CT2015:175          104.927  103.753   69.841    -2.237   -55.525   -34.512
   44.828   89.289  115.809  131.405  151.875  222.720  367.157  432.532
  554.898  828.597  879.156  573.367  231.929  165.130  202.274  349.200
  296.183   10.317  -129.679   -94.577    -1.605   58.858   94.933  124.641
CT2015:170           37.678   60.682   65.126   17.904   -37.423   -36.217
    -7.208   23.684   54.646  100.571  148.223  174.125  183.546  173.511
  187.061  224.450  179.943  112.591   -18.355   -16.514  136.664  193.681
  137.029   -27.739  -114.802   -70.405   15.370   75.941  134.438  179.671
CT2015:165           -17.957   -18.232   -18.600   -12.625    -0.864    0.592
   -23.217   -10.266   39.367   88.302   99.626   66.266   -34.902   -98.770
  -170.988  -264.310  -291.762  -187.816   -83.388   -42.779   37.690   82.259
   23.970   -88.375  -124.353   -77.872    2.019   67.324  127.455  173.636
CT2015:160           -65.385   -45.235   -26.206   -11.992    -2.555    -1.603
   -25.185    -6.939  142.926  431.735  530.729  393.375  115.329    2.189
   -95.317  -161.529  -163.370  -121.596   -60.895   -31.951    -8.894    -5.593
   -33.277   -81.641   -92.916   -55.523    -3.949   30.740   62.949  101.803
CT2015:155           -54.712   -32.091   -15.902   -12.442   -12.695    -5.824
    -7.001    4.948  121.036  366.567  429.626  347.768  153.410   97.043
  149.705  219.614  221.862  147.926   64.140   43.123   45.085   37.053
    2.475   -62.304   -84.513   -54.282    -7.446   21.990   44.311   78.037
CT2015:150           -59.190   -51.666   -38.853   -15.563    3.971    3.960
    1.993    -4.296   -47.670  -140.548  -157.978  -122.994   -36.449   52.836
  247.921  473.415  483.534  296.801   97.396   50.626   56.001   51.905
   20.990   -46.097   -68.262   -53.553   -24.437    8.573   51.287   96.536
CT2015:145           -76.245   -76.365   -59.160   -22.624    6.220    2.620
    -1.657   -37.167  -218.634  -613.398  -767.792  -586.136  -167.903   34.705
  201.336  363.346  350.702  109.756  -124.092  -133.118   -11.551   66.869
   54.737    -9.379   -36.503   -34.084   -18.086   19.402   72.575  114.299
CT2015:140           -83.381   -68.991   -52.039   -24.945    0.232    -7.539
   -28.588   -72.483  -212.680  -490.660  -581.307  -446.854  -100.881   69.018
   71.048   33.283    -2.630  -200.249  -325.741  -289.952   -67.620  101.529
   95.392   14.118   -25.995   -21.463    -1.764   25.572   71.087  112.739
CT2015:135           -81.388   -55.308   -33.425   -13.361    2.401    0.294
   -10.872   -40.509  -101.566  -218.034  -262.133  -190.740   -24.900   50.743
   -91.576  -424.969  -526.828  -439.189  -280.526  -201.158    4.521  151.955
  128.250   32.057   -16.277   -27.682   -26.173    -3.993   47.191   99.159
CT2015:130           -76.982   -58.691   -45.294   -37.566   -31.160   -23.756
    8.065   24.680   10.369    -8.627    3.590   25.613   52.427   81.845
   71.121   -85.829  -139.658   94.548  239.954  257.997  231.531  173.946
  122.781   44.735    -3.946   -37.861   -74.593   -48.027   34.797   97.463
CT2015:125           -72.734   -51.124   -30.541    -2.818   22.421   24.966
    7.335    -4.347    3.846   20.900   32.636   67.115  110.960  140.551
  346.685  839.668 1045.389  885.132  766.907  713.219  447.774  199.569
  114.346   53.896    5.927   -12.328   -21.984    -7.554   36.900   82.723
CT2015:120           -93.597   -63.914   -27.348   14.406   45.524   51.976
   29.208   23.253   42.915   74.413   98.416  123.809  156.396  164.502
  213.606  440.530  608.566  593.169  762.624  768.549  468.500  210.958
  116.334   35.480   -17.014   -23.727   -14.418    0.625   29.592   64.212
CT2015:115          -101.881   -80.002   -50.609    -3.145   35.117   48.619
   39.771   37.868   75.082  129.027  135.492  161.109  178.243  168.128
  -124.688  -967.799 -1221.086  -422.264  294.299  380.460  294.516  159.683
   87.331   33.100    -2.169   -14.486   -14.098    2.149   36.941   68.776
CT2015:110          -113.830   -81.164   -42.976    0.882   28.876   31.933
   22.863   40.833   98.613  260.680  376.191  322.665  144.310   77.594
  105.902  278.625  395.825  348.081  425.886  420.617  247.529  109.147
   54.460    9.785   -18.664    -5.289   29.715   45.144   52.779   56.559
CT2015:105          -145.423  -118.872   -87.140   -30.390   10.394   -18.290
  -147.706  -210.940  -151.443   14.502   85.262  100.168   53.824   50.141
  243.476  629.278  716.141  521.747  223.937  154.704  128.551   94.535
   66.002   28.803    7.819   22.381   53.961   53.766   35.608   24.697
CT2015:100          -115.128   -81.264   -45.215    -2.423   20.688   -26.476
  -162.732  -219.922  -178.333   -46.001   31.891   40.242   16.136   18.549
   76.948  109.900   72.888   21.619  -133.484  -153.422   -17.093   87.291
   80.868   18.679   -10.743    0.419   22.270   30.632   32.028   34.534
CT2015:095          -104.706   -68.664   -35.038    1.884   25.785    6.075
   -67.829  -101.239   -82.366   -32.294    -2.482   17.955   43.547   48.219
    0.924   -68.033  -123.663  -261.108  -388.217  -364.490  -125.495   81.318
   96.688   20.904    -7.718    0.158   17.500   33.123   54.200   68.831
CT2015:090          -123.352   -83.624   -43.165    7.799   46.795   61.761
   73.970   93.501   90.704   69.443   80.060   80.137   93.754   89.398
    -1.625  -134.952  -213.065  -368.034  -517.184  -485.555  -209.812   18.739
   50.490   11.693    2.080    -3.077    -8.784   14.220   59.644   95.699
CT2015:085          -108.461   -77.579   -46.859   -15.787    9.210   29.911
   49.793   60.765   72.833   76.603   83.904   88.047  107.706   94.445
   25.891   -71.486  -133.027  -236.963  -347.409  -325.448  -157.180   -28.510
    -4.908   -24.357   -30.241   -28.948   -23.486    -2.909   33.840   78.338
CT2015:080           -85.465   -64.487   -46.858   -28.305    -6.177   16.458
   41.176   73.835   95.136  105.302  120.942  117.271  118.457   91.472
   48.183    3.297   -22.446   -10.747   14.412   20.459    8.379    9.634
    -3.476   -32.433   -39.057   -33.115   -19.458    5.248   42.689   81.780
CT2015:075           -70.142   -55.166   -47.272   -57.115   -58.202   -30.228
   13.831   61.793  131.301  220.632  244.039  240.943  188.906  118.093
   59.578   11.786    3.384   99.359  240.896  244.806   86.673   -36.682
   -48.513   -37.564   -35.465   -19.587    8.512   32.027   61.053   87.041
CT2015:070          -109.661   -82.673   -52.386   -16.721   14.608   34.375
   27.825   70.881  242.591  602.754  743.520  628.327  335.328  187.989
   31.722  -157.760  -185.009   16.643  229.421  259.404  168.903   85.358
   52.701    3.967   -23.871   -18.702    -2.476   13.437   38.853   64.906
CT2015:065          -128.453  -113.317   -77.982    -9.446   45.864   69.300
   51.269   90.118  276.340  735.297  939.760  710.968  178.241   -47.585
   -94.083  -112.965  -109.355   -20.636   99.083  144.329  185.312  211.236
  183.680  115.237   73.401   28.722   -20.898   -14.688   19.080   47.164
CT2015:060          -113.324   -77.827   -37.208    6.588   41.543   60.475
   51.884   80.197  175.714  299.907  287.025  224.026   25.713   -83.488
   -71.303   20.856   42.158   -31.643  -108.037   -59.958  128.831  246.099
  208.359   77.523   14.051   11.799   20.899   27.845   43.484   61.836
CT2015:055           -86.778   -47.399   -10.934   23.583   50.178   62.377
   63.456   70.776  101.018  158.906  143.294   73.981   -93.510  -158.664
   -90.675   29.774   55.990    -7.420   -84.064   -53.748   75.553  156.165
  138.644   52.956   12.610   14.977   31.878   52.556   86.113  113.513
CT2015:050           -65.473   -30.108    1.772   33.574   59.703   68.322
   69.267   52.647   31.497  134.436  241.056   57.313  -162.038  -176.865
   -95.502   26.240   66.967   48.659   24.243   38.348   87.916  126.943
  108.771   29.348    0.004   11.109   27.660   61.966  127.564  170.689
CT2015:045           -62.056   -33.482   -10.059    8.322   27.423   43.824
   79.455   58.206  -146.984  -624.569  -860.843  -705.888  -356.218  -219.860
  -129.886   -19.080   29.188   40.973   49.779   58.316   59.240   64.017
   65.910   55.884   49.683   40.415   30.183   47.668   91.568  133.824
CT2015:040           -85.145   -58.187   -30.510    -0.312   29.040   52.602
   99.787   73.905  -154.248  -640.973  -866.364  -724.675  -386.066  -250.016
  -150.431   -30.817    9.882   -23.087   -47.711   -38.996   -10.359   13.893
   27.198   34.244   38.061   29.397   17.743   32.312   69.586  111.960
CT2015:035          -103.474   -69.625   -30.931   24.054   69.288   82.304
  102.684   79.311   -38.284  -218.856  -277.290  -303.594  -248.030  -179.127
  -117.000   -64.261   -50.679   -98.171  -169.292  -159.853   -84.568   -37.728
   -11.908   12.909   24.551    6.116   -21.080    3.944   63.131  113.015
CT2015:030           -97.486   -61.106   -30.100    -3.079   20.889   42.623
   78.343   72.163   28.913   -42.645   -94.979  -106.398  -118.093  -104.853
   -21.300   62.112   55.124   -53.413  -154.372  -162.082  -105.370   -44.759
   -10.864   10.683   26.035   17.297    -0.405   14.275   53.789   98.079
CT2015:025          -107.862   -46.589    4.202   50.024   83.062   85.216
   63.532   46.364   36.561   14.026   -43.424   -54.495   -74.916   -67.806
    -2.044  153.633  145.987  -139.947  -375.543  -375.487  -200.012   -62.061
   -18.403    9.070   31.688   22.433    3.378   24.296   65.442  104.590
CT2015:020          -125.575   -69.988   -12.778   50.080   91.653   90.747
   60.115   39.225   50.555  125.876  131.505   -16.933  -261.274  -318.552
  -222.013  -134.438  -147.644  -331.997  -572.395  -539.229  -268.980  -103.634
   -53.728    -8.695   22.206   31.166   33.891   48.865   72.415   93.756
CT2015:015          -141.765   -82.511   -21.748   46.396   90.921   83.481
   50.850   22.660   -12.040   -27.773   -52.002  -167.664  -336.086  -362.989
  -257.732  -113.343   -74.510  -104.541  -143.113  -156.431  -150.539  -133.558
  -100.253   -28.875    8.749   25.793   41.591   58.482   77.222   93.699
CT2015:010          -144.552   -83.784   -25.959   42.702   87.315   72.809
   18.646   -28.254  -117.493  -300.976  -404.669  -370.027  -296.344  -254.929
  -146.195   21.630  102.798  238.722  394.029  333.719   23.896  -142.461
  -121.218   -36.235    -3.731   10.947   25.152   43.855   64.074   82.570
CT2015:005          -126.653   -72.921   -14.137   50.155   88.758   76.058
   39.250    1.373   -81.642  -206.558  -253.806  -233.477  -155.810  -104.871
   -33.607   52.280  124.055  275.109  391.691  351.205  131.200    -3.390
   -22.209    -5.822    2.854   10.210   15.342   31.139   58.145   92.077
CT2016:360           -87.460   -40.849    -3.853   34.686   59.086   51.896
   31.063    4.217   -35.086   -84.831  -103.001   -89.995   -53.375   -25.472
   -11.538    -9.330   26.696   99.051  124.932  124.490   77.603   24.730
   14.473   25.676   27.912   22.255   12.899   33.639   72.145  107.849
