
filled_synop: 30 data points in equal steps of sine latitude from +14.5/15 to  -14.5/15

CT2041:360           -98.968   -65.722   -39.509   -18.588    0.408   13.337
   17.803   19.775   12.313   -41.604  -103.741  -124.504  -151.907  -206.392
  -201.014   -90.350   -28.154   -21.971   -38.870   -44.339   -45.087   -29.590
   -17.225   -17.452   -13.915    9.660   63.950   80.733   60.844   21.964
CT2041:355           -62.483   -50.369   -41.361   -47.060   -57.702   -59.018
   -49.205   -38.669   -42.988   -67.440   -89.531  -101.296  -121.547  -129.888
  -122.817   -73.821   -11.986    2.161    0.600    3.993    1.602    -4.449
   -10.321   -40.514   -62.791   -57.652   -20.826    9.099    2.015    -7.952
CT2041:350           -69.846   -60.053   -61.162   -70.304   -75.484   -76.515
   -69.761   -59.532   -56.716   -49.317   -39.416   -46.761   -56.652   -53.831
   -66.575  -102.650  -111.879   -54.218   27.261   56.140   44.464   18.882
   10.506   -14.005   -29.583   -14.474   22.531   36.105   23.701   18.031
CT2041:345           -24.148   -63.615   -59.819   -42.214   -32.395   -29.430
   -43.127   -56.570   -58.645   -51.171   -41.200   -38.874   -41.349   -61.900
   -92.017  -135.688  -143.848  -117.545   -71.496   -33.447    8.415   29.429
   38.010   29.263   21.611   14.125   16.536   43.767   79.431  103.487
CT2041:340           -64.384   -81.488   -84.857   -60.679   -26.972   -15.338
   -37.900   -61.601   -61.131   -29.753    -7.268   -14.299   -42.105   -71.202
  -102.185  -140.303  -155.032  -162.001  -162.664  -135.973   -51.357   31.418
   50.038   33.106   28.679   29.989   28.798   47.370   78.679   92.505
CT2041:335          -133.419  -110.863   -94.976   -65.969   -21.184    -2.264
   -14.649   -32.160   -28.776    -3.139   14.672    9.145   -17.674   -45.446
   -81.903  -145.381  -187.180  -199.467  -200.068  -181.583  -107.895   -27.013
    2.167    -7.620    -4.476    9.402   25.287   30.023   28.857   33.585
CT2041:330          -113.058   -69.944   -36.910   -22.105   -24.724   -18.031
    -0.560   15.808   17.402    9.165    -1.651    -8.848   -17.231   -30.521
   -55.840   -92.389  -124.538  -168.295  -227.227  -235.679  -199.520  -146.268
  -102.661   -31.495   25.095   31.740   12.791    1.891    -3.869    1.224
CT2041:325           -76.774   -51.052   -34.927   -34.890   -43.925   -37.334
   -10.530   15.699   13.950   -18.952   -53.287   -57.579   -33.544   -18.568
   -35.121   -70.756  -108.026  -156.151  -245.981  -276.031  -248.420  -196.000
  -145.218   -49.035   23.689   32.773   10.200    7.532   13.129   19.908
CT2041:320           -81.144   -70.311   -63.187   -61.465   -63.444   -57.427
   -26.459   11.908   10.967   -39.852   -96.816  -103.117   -53.049    -6.420
   -14.372   -49.369   -90.098  -111.106  -150.328  -169.719  -181.874  -199.824
  -173.223   -76.840    7.687   33.643   38.723   40.976   43.922   45.589
CT2041:315           -97.548  -100.725   -87.000   -62.907   -35.546   -19.611
   -20.624   -25.274   -31.966   -60.557   -91.164   -93.619   -53.275   -22.349
   -47.463   -93.256  -121.698  -106.376   -54.897   -19.585   -50.629  -142.873
  -142.890   -60.330   21.534   37.453   27.837   24.860   33.907   49.728
CT2041:310           -81.108  -115.447  -127.564  -102.836   -50.117   -33.383
   -60.462  -103.310  -116.154   -83.999   -36.114   -33.128   -53.525   -83.858
  -147.794  -311.086  -358.612  -327.551   -95.711   84.259   73.656   -30.905
   -53.895   -32.226    -5.465   -12.732   -60.255   -59.592   -21.746   33.833
CT2041:305           -68.668   -66.416   -67.004   -66.086   -64.448   -67.506
   -68.639   -64.405   -62.421   -56.567   -35.034   -39.384   -77.255   -98.062
  -154.994  -507.531  -853.633  -729.230  -165.678  119.851  106.799   20.869
    0.571    -0.177    2.030    1.337   -21.608   -19.941   18.112   71.968
CT2041:300           -71.124   -18.889   11.752    6.363   -17.653   -27.298
   -40.156   -52.824   -56.120   -66.886   -87.747  -101.737  -130.436  -184.874
  -181.871  -142.797  -171.066  -116.508   18.626   56.819   45.637   16.959
    9.612   12.277   13.005   32.195   74.139   93.090  111.099  121.589
CT2041:295           -44.603   -35.168   -26.562   -16.708   -10.682   -14.603
   -33.435   -53.507   -54.983   -64.679   -67.545   -68.830   -96.995  -134.780
   -64.884  409.375  972.494  869.938  234.364   -55.406   -54.966    1.899
   17.966   43.940   67.840   72.097   62.757   60.252   67.422   72.544
CT2041:290           -35.635   -69.754   -85.396   -67.997   -25.099   -14.596
   -53.887  -129.567  -148.199  -101.215   -44.719   -32.178   -51.674   -64.683
   -12.480  167.668  239.322  232.842   48.451  -116.894  -112.616   -24.011
    0.419    3.145    7.345   15.556   16.338   21.151   31.459   41.090
CT2041:285           -47.937   -52.134   -54.873   -64.799   -79.776   -85.787
   -69.139   -32.537    -7.169    6.961   33.735   42.754   15.168   -21.371
    -7.064   31.385   59.102   40.339   -43.785  -113.607  -122.381   -97.245
   -87.428   -57.021   -29.991   -13.530    5.782   22.513   30.010   35.576
CT2041:280           -46.978   -38.346   -32.071   -30.213   -34.492   -36.981
   -40.804   -45.910   -22.277   61.706  168.732  193.870  119.545   36.348
   25.680   38.110   50.140   41.798   70.653   82.288    2.059   -93.257
  -110.668   -76.312   -38.667   -13.827   15.287   31.208   36.032   37.535
CT2041:275            -6.927   -23.112   -30.053   -19.630    -0.510    8.264
   -18.353   -53.353   -19.908   94.751  215.787  244.185  203.785  153.427
  138.664  149.910  161.672  134.011   93.684   50.746    -8.225   -95.440
  -111.044   -56.289    -8.019    5.817    6.045   11.145   18.465   29.282
CT2041:270           36.455   19.843    1.102   -22.699   -51.198   -54.322
   -27.962    -1.052   48.687  167.777  288.387  315.799  268.220  211.610
  199.783  227.399  230.836  166.894   29.005   -54.442   -97.006  -133.841
  -125.265   -30.629   44.425   44.028    2.136    -1.260   23.190   49.006
CT2041:265           40.582   56.881   59.625   33.590   -11.111   -15.506
   22.185   68.161  123.381  235.504  338.008  344.152  263.657  180.028
  176.295  231.981  250.024  171.413    -9.855  -113.929  -143.752  -143.131
  -128.015   -34.490   40.422   32.379   -28.127   -32.436   24.544   84.386
CT2041:260           28.065   26.554   21.450    7.092   -10.562    0.184
   39.403   86.604  138.355  239.435  321.532  305.036  168.493   53.731
   70.274  188.454  261.094  207.039   47.147   -48.099   -92.497  -114.182
  -107.075   -40.704    7.019    4.807   -27.021    -9.812   38.619   81.352
CT2041:255            -5.266   -17.943   -27.382   -32.235   -32.498   -16.404
   39.502  109.425  144.149  180.198  196.899  164.235   30.760   -74.270
   -34.569  120.801  219.235  223.023  170.729  111.865   21.320   -92.433
  -123.807   -72.384   -18.966    -0.897    3.077   12.380   26.817   50.152
CT2041:250           -55.050   -40.511   -28.045   -19.593   -12.290    8.025
   53.580  102.423   93.735   23.198   -46.874   -76.328  -130.764  -122.730
   -52.901   94.810  208.116  242.763  260.846  243.863  117.380   -69.141
  -127.990   -83.317   -34.533    -5.852   24.949   36.456   34.437   35.589
CT2041:245           -79.939   -84.815   -72.791   -43.565   -11.191   10.163
   32.124   57.508   22.127  -154.002  -400.050  -459.925  -332.836  -169.051
   -75.807   56.175  159.161  206.324  224.150  198.775  121.722    -2.107
   -55.087   -65.004   -59.861   -36.745   14.211   50.683   67.941   76.111
CT2041:240           -62.599   -96.018  -108.567   -82.736   -28.311    -7.700
    -4.080    1.873   -40.487  -198.502  -404.779  -443.037  -323.498  -138.721
   -45.505   57.501  157.839  201.598  227.113  224.619  149.390    1.977
   -59.080   -67.525   -67.817   -45.102   12.124   46.550   69.065   88.962
CT2041:235           -42.475   -29.110   -24.372   -39.011   -58.889   -62.364
   -40.501    -7.786   -37.957  -149.475  -265.692  -281.434  -221.992  -130.473
   -62.357   21.335   86.727  132.992  197.565  219.665  159.224   50.083
    -0.749   -26.991   -35.558   -17.715   21.546   51.472   72.642   86.399
CT2041:230           -26.726    -0.783   10.676    1.709   -16.498   -25.895
   -30.857   -35.317   -61.707  -113.260  -177.572  -187.566  -128.827   -62.686
   -27.810   -17.818    3.000   45.494  119.490  149.707  119.467   56.437
   21.107    -2.699   -19.242    -4.649   37.349   57.031   69.175   78.017
CT2041:225           -30.141    -9.415    2.371    6.294    4.619    1.183
   -12.382   -32.806   -47.801   -47.560   -33.680   -32.191   -42.848   -45.251
   -40.913   -76.851   -94.374   -61.504    -9.948   16.391   44.543   65.069
   53.346    9.549   -24.872   -22.060    -0.782   19.870   37.017   54.578
CT2041:220           -30.861   -17.389    -4.959    4.042    8.627    7.972
    -4.371   -20.056   -27.939   -31.034   -38.296   -40.326   -43.116   -52.351
   -57.631   -82.108   -89.405   -72.621   -30.590    3.280   36.799   81.509
   79.373   22.736   -21.773   -21.393    -5.839   11.292   33.844   60.421
CT2041:215           -18.082   -43.397   -55.248   -45.667   -25.212   -18.426
   -16.639   -17.742   -22.315   -31.675   -42.107   -46.373   -48.244   -47.713
   -49.023   -51.650   -53.354   -45.595   -28.311    -8.744   32.228   86.540
   88.666   33.015    -9.062    -4.762   13.252   33.932   67.529   98.083
CT2041:210           -27.112   -36.304   -36.702   -21.141    -1.460    5.335
    4.820    0.957    -4.178   -19.047   -38.328   -38.563   -18.746   -11.712
   -14.165   -17.503   -22.540   -29.773   -37.351   -28.793    0.320   39.144
   43.405    4.114   -26.114   -17.854    6.639   37.785   87.444  126.161
CT2041:205           -37.127    -1.015   21.383   22.617    8.826    5.493
    5.903   10.305   10.954    -2.291    -2.411    8.018   34.639   64.249
   54.546    1.069   -42.923   -54.324   -65.852   -65.605   -32.478   18.481
   26.857   -14.136   -48.376   -26.691   30.768   64.486   92.844  120.584
CT2041:200           -20.769    -2.817    2.966    -7.820   -22.499   -25.908
   -28.964   -41.502   -44.736   -30.498   -26.517   -19.716   24.137   63.463
   55.665   16.712    -4.200   -33.969   -93.461  -111.733   -64.113   36.083
   60.912    3.964   -43.040   -22.924   24.732   54.118   69.000   91.303
CT2041:195           -11.405   -17.660   -22.678   -27.407   -28.337   -24.194
   -13.232   11.883   22.263    7.399    -5.798    -0.137   25.777   47.734
   39.068   -11.728   -81.248   -96.145  -104.881  -116.762   -82.667   -30.344
   -11.052    -0.003    4.906   18.616   38.276   60.567   83.333  106.327
CT2041:190           -47.179   -58.305   -61.924   -56.634   -45.619   -30.143
    8.650   63.674   82.911   58.717   20.433   12.118   30.153   45.523
   33.290    -4.684   -39.553   -61.361   -68.983   -61.323   -61.315   -42.784
   -24.821   -17.896   -10.851   12.015   52.118   80.206   95.109  100.529
CT2041:185           -30.693   -32.500   -35.318   -50.677   -74.313   -71.234
   -35.386    -7.206    3.783   50.754  103.843  105.686   59.755   26.025
    5.498   -16.767   -26.319   -56.915  -104.224  -120.889  -113.902  -109.991
   -91.883   -32.730   19.973   32.383   27.703   42.173   71.989   93.070
CT2041:180           -19.107    -1.042   10.359   15.063   22.905   33.647
   36.300   49.633   63.458   63.927   56.862   48.120   35.357    6.954
   -11.196   -26.132   -51.960   -80.825  -132.547  -160.741  -127.520   -52.311
   -23.986   -38.019   -43.999   -23.729    1.515   24.969   53.865   85.516
CT2041:175            -2.579   15.441   34.861   44.252   41.209   43.527
   44.968   40.486   44.676   64.228   82.685   76.588   40.001    6.988
    -2.541    9.810   10.899   -30.739   -91.046  -113.927   -99.658   -61.632
   -39.258   -23.157   -14.987    -5.337    -2.432   11.067   35.863   66.762
CT2041:170           11.971    9.567   11.616   21.863   33.899   38.960
   39.584   41.377   42.376   37.899   31.551   27.119   26.795   27.799
   25.159   31.551   29.821   -11.435   -65.337   -89.234   -81.312   -59.555
   -42.394    -0.451   36.841   35.726   11.864   14.609   39.566   68.157
CT2041:165            7.337    2.592    0.451    4.332   11.899   13.323
    8.249    4.029    0.225    -3.105    -8.960   -15.533   -24.059   -33.478
   -24.729    6.272   14.207    -8.117   -29.211   -40.745   -50.993   -62.553
   -61.527   -51.517   -44.380   -19.715   14.661   37.098   56.605   78.612
CT2041:160            -9.617    3.044    8.493    1.818    -8.289   -11.730
   -13.570   -10.310   -12.510   -12.388   -16.561   -27.348   -45.034   -57.040
   -50.933   -23.795    -8.107   15.522   13.709    6.673    -2.731   -19.793
   -26.287   -33.096   -34.995   -10.498   30.715   57.492   82.091  105.597
CT2041:155           -57.183   -30.350    -9.985    -6.419   -14.200    -8.597
    5.415   15.258   13.242    1.928    -5.984   -15.998   -35.678   -49.394
   -43.552   -11.285    3.744   43.140   49.288   42.004   19.785    -4.795
   -13.590   -26.755   -30.543   -11.752   19.127   55.635   96.488  123.705
CT2041:150          -111.175   -93.523   -74.925   -37.437   10.561   33.829
   56.972   76.235   63.869   12.232   -23.100   -29.237   -18.352   -14.607
   -32.026   -68.555   -85.197    -0.712    -4.728    -6.550   -20.646   -33.080
   -38.239   -53.678   -59.410   -34.036    8.529   44.021   78.361  109.209
CT2041:145          -106.020  -104.261   -88.344   -48.522    -0.473   28.053
   45.208   47.413   38.470    8.996   -16.910   -18.754    1.063    7.723
    -5.637   -46.523   -80.231  -143.989  -102.505   -90.476   -98.313   -87.625
   -74.537   -54.399   -27.793    -6.418   10.357   32.834   60.757   92.350
CT2041:140           -99.979   -98.932   -70.402   -38.220   -11.155    8.023
   26.259   46.078   44.558    8.170   -24.323   -18.727   43.438   92.223
   77.642   64.791   49.354   -90.456  -127.075  -166.875  -164.547  -147.071
  -132.788   -67.716    -0.661    9.136    0.792   16.257   52.426   97.549
CT2041:135          -100.302   -63.168   -32.082    -7.589   13.822   26.763
   29.031   26.907   19.565    -2.691   -34.377   -32.715   21.103   59.130
   39.887   -24.337  -102.759  197.614    -6.967   -98.189   -98.695  -103.381
  -103.103  -100.431  -101.798   -82.796   -68.259   -35.407   43.352  117.546
CT2041:130          -120.211   -65.153   -19.060   21.219   58.371   68.876
   31.792   -15.864   -24.816    7.830   46.108   42.871    4.315   -29.189
   -53.774   -75.908   -84.874  108.471  142.138  145.068   73.349    5.055
    -1.385   11.397   30.365   20.792   -17.607   -16.071   43.632  108.617
CT2041:125          -156.191   -95.914   -33.593   29.471   74.329   89.847
   64.193   20.678   15.910   34.739   46.301   40.098    2.381   -40.384
   -88.870  -187.615  -239.874   -16.818   -98.164  -125.433   -97.805   -29.878
    3.604   32.527   49.801   37.466    -4.172    1.915   49.313  112.133
CT2041:120          -149.047  -116.990   -84.000   -21.063   50.731   74.639
   42.466   18.539   27.610   40.015   74.579   82.793   39.020   -17.525
   -55.682  -189.455  -366.418  -355.908  -659.343  -796.216  -495.039  -110.402
   -18.873   -25.862   -28.804   -18.947   -17.238   12.475   88.915  146.022
CT2041:115          -104.211  -116.114  -125.199  -137.399  -151.765  -153.666
  -139.893  -147.056  -134.270   -54.481    6.676   33.881  104.706  179.925
  173.747  208.791  294.138   54.368   -32.217  -103.056  -109.217   -13.060
   -21.731   -61.976   -70.839   -57.563   -40.294   -13.258   51.178  110.806
CT2041:110           -76.486  -109.565  -132.443  -147.789  -153.039  -154.577
  -132.998   -87.386   -55.631   -18.264   45.056   80.581  100.019   94.736
  109.434  167.152  144.743  554.032  712.364  704.205  369.196   -30.694
   -99.182   -59.670   -41.523   -44.626   -41.060   -31.521   -24.020    -2.564
CT2041:105           -84.794   -79.124   -71.588   -59.509   -44.679   -45.066
   -80.975  -109.852   -90.634   -34.901   24.207   56.081   91.582  122.275
  103.805   57.154   11.322  524.486  676.955  687.363  382.316   47.684
   -24.595   12.708   22.275    3.952   -26.231   -44.934   -57.447   -49.325
CT2041:100           -82.836   -52.427   -31.906   -23.010   -23.443   -29.814
   -71.440  -131.913  -126.695   -51.450   13.680   31.312   33.096   28.267
   -25.495  -178.739  -298.640   72.087   31.369   29.911   37.635    -8.664
    -8.260   74.190   93.728   37.259   -57.945   -81.976   -69.158   -38.314
CT2041:095           -58.896   -48.979   -36.171   -16.154    -0.412    -0.569
    -0.433   15.397   30.545   45.501   63.463   48.170   -27.445   -93.416
  -153.166  -258.397  -313.025  -428.551  -192.022  -141.145  -100.347   -53.236
   -28.362   42.030   69.561   12.227   -63.068   -49.152    5.327   44.691
CT2041:090           -33.467   -35.132   -31.366    -8.041   17.629   12.252
   -46.409  -108.690   -85.369   40.542  133.744  125.962    8.459   -83.305
  -105.052  -120.532  -129.853  -144.628   -94.373   -91.707   -70.783   -45.522
   -30.635    0.582    9.231    -8.351   -32.829    -7.791   45.267   83.014
CT2041:085          -113.769   -95.368   -73.805   10.871   -24.894   -47.426
   -88.014  -120.745   -98.192   -10.295   44.459   56.455   51.140   56.814
   84.035  130.377  144.121  222.575  200.173  161.492   61.570   -11.273
   -38.637   -46.174   -38.025   -23.853   -13.208   13.649   50.661   84.909
CT2041:080           -56.864   -52.037   -39.564   -31.399   -74.430   -89.783
  -102.509  -105.813   -95.571   -74.367   -54.339   -35.540   -25.441   -11.694
   82.359  277.555  330.133  433.546  375.207  274.459  101.999   15.441
   -26.594   -71.862   -58.321   40.245   91.256   84.455   72.000   85.434
CT2041:075           -35.407   -18.728    -5.051  -157.106  -173.963  -178.139
  -110.816   -49.983   -49.220   -83.143   -97.203   -89.396   -80.720   -55.132
    -9.670   38.081  100.818  103.415  131.518  153.383  136.267   65.449
   16.172   -20.208   -38.683   -28.697    -4.858   21.344   53.093   85.750
CT2041:070           -33.545   -11.315    1.943    1.272    -4.645    1.173
   22.946   51.178   63.137   57.578   37.598    8.702   -52.552   -98.488
   -96.464   -85.864   -75.427   -60.442    2.554   34.217   14.328    -8.967
   -20.412   -24.561   -30.291   -18.550    5.923   34.537   66.901   95.735
CT2041:065           -46.077   -26.207    -7.475   12.650   37.333   49.089
   32.306    9.629    6.922   28.727   51.487   31.617    -4.147   -18.668
   -14.320   -27.351   -56.349   -55.632   -37.752   -39.428   -38.969    -1.413
   11.832    2.399   -17.184    -9.322   19.589   50.842   85.891  114.419
CT2041:060           -55.116   -39.744   -25.945   -11.932    -0.003    6.070
    5.299    -8.694   -36.781   -82.569   -85.496   -46.367   35.030   91.074
   95.742   69.627   52.708   41.141    4.783   -18.754    -5.419   53.226
   62.262   23.300   -14.363   -12.479    8.676   38.416   74.286  109.989
CT2041:055           -75.105   -55.724   -40.243   -32.586   -17.163  -132.014
   -66.463    -8.107   10.513   24.841   32.921   34.412   35.265   36.572
   48.501   61.637   68.159   78.790   83.376   91.796   99.462   87.891
   35.534   -47.236   -62.674   -57.250   -34.574   57.515  151.621  182.109
CT2041:050           -91.991   -71.624   -44.979    -4.928   31.225   -66.815
    -4.761   50.388   64.030   56.382   57.173   45.130   22.414   20.363
   37.873   58.908   68.965   93.528  105.563  102.497   87.334   65.570
   12.055   -59.876   -73.010   -33.266   22.623   88.169  149.746  178.407
CT2041:045           -79.096   -61.782   -36.014    3.348   31.208   -20.344
   24.738   57.829   53.770   20.017    5.513    8.301   18.119   23.692
   35.988   41.911   31.705    -2.432   -39.084   -37.757    9.824   34.637
    4.539   -69.609   -79.639   -21.400   44.863   59.334   60.757   82.417
CT2041:040           -99.478   -80.145   -52.877   -22.963    2.372    8.069
    -1.691    -6.878    -6.569   -15.590   -15.848    -0.518   33.226   37.096
   18.967    6.383    -0.126   -72.961  -109.486   -96.358   -43.666    6.930
    -0.167   -16.057    -9.461   24.390   63.200   69.810   53.932   53.701
CT2041:035           -79.407   -88.921   -83.571   -58.507   -15.947   19.112
    1.424   -10.859   -16.856   -25.720   -26.981   -13.005   39.281   53.579
   -24.063  -207.426  -248.995  -159.487   -97.529   -73.601   -16.152   -28.887
   -37.245   10.210   34.448   56.133   77.959   87.423   89.886   86.506
CT2041:030          -118.627   -91.158   -61.272   -20.202   18.944   30.581
   11.460    -3.842    -2.435    2.857    6.835    6.080    1.506   -14.310
   -49.469  -100.715   -66.746  185.875  640.302  702.965  294.019   -53.178
   -88.653    -9.726   28.055   34.072   26.878   44.533   84.316  109.047
CT2041:025          -100.918   -83.357   -60.419   -29.556    -0.792   13.587
   22.830   32.513   36.939   38.450   42.154   30.683    -8.910   -34.379
   -35.512   -22.007   16.166  170.536  341.563  339.298  192.239    -8.153
   -45.609    -0.675   28.339   24.979    5.249   13.319   51.802  101.033
CT2041:020           -66.518   -65.766   -57.435   -37.271   -15.067    -5.627
    -4.810    -3.361    7.945   39.140   59.024   55.428   22.627    -8.346
    -6.774    -1.598    9.148   37.937   81.393   89.600   59.230   31.863
   12.823   27.359   38.069   14.612   -42.613   -37.518   19.000   93.592
CT2041:015           -87.990   -86.350   -75.195   -57.728   -39.660   -28.893
   -28.183   -22.889    -7.450   31.238   58.142   63.165   65.351   65.164
   44.692   -11.387   -35.830   -16.632    4.587    2.208   -21.865   -17.234
    -9.633    8.647   13.763    2.179   -21.649    3.588   68.834  116.017
CT2041:010           -58.940   -31.417   -15.799   -22.338   -32.300   -26.801
   -17.770   -10.047    -2.535   15.526   34.774   35.469   41.305   52.357
   43.921   17.949    6.695   -21.496   -69.167   -77.953   -44.928   -13.975
    -6.127   -14.648   -23.551    -5.874   34.196   58.279   89.764  121.052
CT2041:005           -56.692   -39.653   -26.857   -22.066   -20.088    -7.876
   23.291   40.104   36.442    -9.080   -65.211   -63.714   -13.315    7.944
    5.592   -14.390   -38.419   -26.906    -7.182    5.008   22.674   49.625
   50.708    3.446   -31.040   -19.176   11.410   34.881   64.697   97.580
CT2042:360           -60.261   -71.039   -62.936   -17.958   33.185   49.414
   55.190   72.252   68.617   23.017    -1.241    -9.117   -14.655    -9.752
   -19.471   -14.545    9.859    -3.634    -0.589   16.172   31.398   44.205
   53.000   63.049   70.544   48.869    -6.128    1.721   53.119   95.627
