
filled_synop: 30 data points in equal steps of sine latitude from +14.5/15 to  -14.5/15

CT2026:360           -29.057   -26.357   -15.408    4.829   26.602   42.556
   52.624   64.068   87.421  124.423  148.266  138.841   80.725   44.492
   16.755   30.664   51.709   10.527   -44.381   -50.438   -20.138   20.767
   40.025   54.204   62.142   48.834   23.411    9.697    4.652    6.700
CT2026:355           -23.840   -36.524   -39.981   -31.290   -16.227    -5.661
   15.411   44.411   65.941   76.164   94.752   85.119    -6.702   -95.235
  -105.155   -53.564   -44.652   -58.159   -62.300   -55.414   -48.205   -30.975
    -7.038   40.831   64.557   49.537   27.826   13.626    -1.764    -8.002
CT2026:350           -29.247   -22.165   -16.560   -14.419   -12.296    -9.833
   -18.837   -32.912   -16.532   31.078   66.473   79.145   85.443   59.808
   23.850   -46.246  -100.238  -109.382  -104.230   -97.728   -58.567   -26.094
    -1.135   41.705   62.606   39.243    -8.088   -22.204   -12.051   12.026
CT2026:345           -46.155   -26.703    -9.157    9.907   26.206   25.380
    -5.214   -36.514   -15.747   64.246  158.296  205.445  284.837  342.325
  270.577   51.212   -66.956   -75.689   -47.420   -33.684    -9.892   26.723
   50.800   81.335   94.003   56.316    -4.301    -6.008   30.029   65.004
CT2026:340           -38.079   -28.028   -15.690    6.275   27.428   27.824
   -10.263   -53.075   -30.914   59.015  142.390  205.355  337.263  403.959
  325.223  105.749    -4.652   -19.609   -12.628   -10.970    -8.172    -6.616
   25.169   91.522  122.658   91.087   30.129   25.763   53.617   72.938
CT2026:335           -20.067    -3.664    6.811   10.101   10.789    2.381
   -33.100   -71.890   -49.814   68.838  179.799  204.056  197.817  178.348
  130.741   26.027   -27.863   -25.711    1.599    9.570   -15.840   -44.177
   -12.014   69.724  110.858   85.281   29.010   18.930   36.174   63.416
CT2026:330           -12.254    0.446   10.948   17.226   19.292    9.673
   -26.985   -64.976   -51.983   58.376  177.365  159.362   -27.718  -184.909
  -200.174  -135.461  -102.471   -68.373   -27.658   -15.959   -25.994   -39.168
   -15.563   45.539   82.955   65.683   23.343   22.641   54.347   89.407
CT2026:325           -14.733    -9.704    -4.328    7.107   22.267   15.520
   -28.860   -86.203   -91.604   -10.449   81.013   38.940  -234.530  -471.137
  -450.752  -214.609   -71.320   -48.964   -30.073   -13.133   -31.536   -59.738
   -42.643   18.328   50.392   34.716    -9.870    9.208   72.717  115.700
CT2026:320           -24.239   -17.984   -10.455    1.404   12.316    1.341
   -41.604   -84.048  -102.949  -125.566  -143.517  -185.590  -309.930  -389.622
  -367.865  -210.176   -99.602   -85.851   -93.480   -81.696   -65.759   -38.520
   -16.393   28.176   61.718   59.894   40.199   41.823   62.115   84.074
CT2026:315            -6.563    -9.699   -13.760   -17.682   -21.600   -42.216
   -92.360  -160.132  -188.494  -204.878  -229.882  -237.137  -204.421  -172.895
  -164.002  -179.686  -210.732  -179.391  -173.680  -177.251  -123.008   -63.566
   -32.010   10.344   40.981   49.682   46.644   55.951   71.180   83.449
CT2026:310            5.285    -2.048    -5.994    -2.858    1.917   -16.002
   -72.681  -131.812  -143.577  -120.575   -76.961   -54.886   -18.958   23.574
   24.181    -7.247   -36.764   -45.462   -85.454  -102.573   -95.360   -76.613
   -49.785   -10.034   19.925   32.644   36.755   44.966   54.821   68.364
CT2026:305            -6.990   -19.715   -25.874   -22.040   -18.622   -34.706
   -82.605  -140.344  -133.971   -54.130   31.125   71.158  109.793  119.521
  126.888  187.642  240.378  141.272    1.258   -37.011   -71.045   -92.476
   -70.914   -16.288   24.484   38.325   41.780   53.015   66.784   81.149
CT2026:300           -28.155   -44.038   -54.910   -50.631   -35.817   -43.924
   -90.619  -142.402  -121.391    -8.610  135.243  188.206  205.107  219.764
  188.821   72.475   -30.360   -45.751   -84.011  -113.770  -113.902  -122.417
   -96.205   -23.244   21.329   45.476   64.868   78.954   90.149  103.271
CT2026:295           10.458   -15.939   -40.094   -64.480   -90.855  -114.732
  -151.489  -195.892  -169.343   -24.164  133.259  177.515  154.652  110.418
   67.494   -31.213  -102.544  -121.798  -129.571  -139.430  -117.771   -89.549
   -64.027    -9.675   35.887   41.875   23.295   30.660   55.758   91.553
CT2026:290           36.549    -2.536   -38.935   -73.239  -107.180  -129.722
  -148.371  -170.356  -144.459   -30.466   84.950  110.736   80.488   35.957
   -10.600   -91.411  -134.049  -136.056   -78.067   -54.389   -94.893  -137.243
  -117.853   -50.713    -4.128    3.451    -3.134   16.875   54.796   90.476
CT2026:285           65.267   22.252   -19.573   -58.514  -100.579  -118.928
  -110.944   -86.107   -57.169    -6.110   59.856   68.558    3.166   -52.363
   -98.870  -191.381  -238.132  -224.858  -139.447  -100.419  -116.725  -123.317
  -106.960   -68.489   -35.057   -29.269   -34.873    -8.794   37.180   77.427
CT2026:280           75.195   33.984   -12.916   -71.634  -131.111  -151.370
  -116.236   -66.839   -44.773   -36.690   -37.092   -41.671   -85.476  -149.843
  -169.026  -203.571  -246.823  -229.337  -216.818  -219.580  -150.876   -84.029
   -68.662   -62.547   -49.687   -29.520    -5.694   18.796   47.291   79.694
CT2026:275           37.804   14.965   -16.299   -66.989  -134.556  -155.285
  -120.964   -76.087   -66.542   -87.045  -105.494   -99.914   -69.058    -8.119
   13.149   52.247  107.792  100.833   96.828  101.506   29.788   -44.951
   -52.786   -30.650   -14.770    4.015   29.868   39.614   38.359   48.671
CT2026:270           52.670   10.720   -37.432   -91.162  -142.172  -156.327
  -114.186   -61.430   -58.677  -114.623  -180.835  -176.233  -105.699   -56.272
    -4.843   93.379  154.971  190.596  218.941  210.991  129.469   30.533
    5.110    9.830   14.630   17.153   17.231   31.926   55.857   80.889
CT2026:265           10.353   -15.663   -47.438   -83.292  -119.908  -128.587
   -93.422   -47.870   -49.503  -108.857  -163.953  -158.068  -102.305   -44.013
    -5.340   39.183   76.176  143.595  214.925  220.145  152.107   59.064
   24.832   12.636    6.145   10.482   13.379   28.708   56.755   86.823
CT2026:260           -15.064   -27.784   -57.698   -85.853  -111.456  -119.595
   -99.244   -74.565   -76.428  -113.881  -150.817  -145.772  -108.317   -78.315
   -54.533   -30.730    -3.135   55.634  140.789  168.068  126.485   58.915
   33.748   15.621    3.299   17.757   42.874   55.028   64.518   77.461
CT2026:255            -5.372   -35.663   -65.052   -92.438  -114.397  -127.468
  -131.349  -131.315  -133.848  -133.100  -132.160  -126.284  -103.234   -70.058
   -72.121  -104.925   -76.505   -41.669   39.459   89.625   91.549   88.564
   75.570   24.340    -4.391    5.998   33.264   54.022   80.026  108.072
CT2026:250           17.381   -15.799   -47.484   -83.970  -128.532  -152.170
  -148.841  -132.243  -127.967  -131.254  -127.982  -124.306  -128.091  -138.640
  -147.643  -229.248  -319.398  -243.684   -99.758   -45.335    3.163   57.839
   64.835   28.771    2.491    1.883    -1.159   27.238   96.220  145.937
CT2026:245           29.552   -13.378   -38.841   -56.726   -70.722   -82.573
  -106.247  -131.202  -133.666  -121.923  -112.687  -107.826   -98.487   -91.598
   -90.494   -68.310   -23.637   -49.409  -104.152  -100.631   -40.221   39.309
   58.305   48.337   40.262   28.865   15.376   33.988   84.837  126.632
CT2026:240           18.677    -7.704   -35.527   -67.332  -101.426  -116.869
  -111.302  -101.010   -93.308   -80.694   -63.025   -54.131   -48.492   -40.855
   -32.305    -2.837   10.664   -10.477   -63.104   -66.225   -40.653    -5.487
   13.326   26.657   32.761   29.465   25.897   32.579   47.615   71.902
CT2026:235            7.552   -13.710   -38.040   -73.123  -112.421  -126.142
  -107.199   -79.108   -62.506   -45.345   -36.084   -33.806   -42.169   -46.730
   -41.970   -25.046   -20.672   -30.611   -55.227   -55.670   -42.947   -31.595
   -17.555    4.745   16.208   12.213    2.763   13.094   33.142   57.215
CT2026:230            -6.821   -15.413   -37.798   -64.775   -90.721  -101.656
   -90.580   -73.255   -56.801   -21.457    6.989    3.740   -39.037   -68.366
   -69.838   -65.851   -70.070   -52.586   -27.812   -14.639    0.914   16.559
   24.902   30.881   34.266   11.969   -23.082   -12.664   28.313   74.929
CT2026:225           -23.468   -21.248   -28.357   -46.225   -71.242   -79.794
   -74.367   -68.872   -55.692   -24.893    4.066   13.169    2.918   -18.825
   -32.256   -29.284   -44.273   -24.921    -7.887    6.073   35.976   55.448
   57.715   26.619    3.321    -2.269   -12.541   12.321   76.012  122.484
CT2026:220           -43.191   -32.081   -29.079   -36.409   -52.632   -61.154
   -68.611   -75.071   -62.331   -33.384    9.639   33.687   65.055   76.290
   23.344   -47.649   -66.202   -84.150   -63.438   -16.916   23.280   38.040
   45.236   15.561    -8.267   -16.651   -26.957    -2.326   59.932  118.556
CT2026:215           -43.869   -54.917   -60.590   -58.726   -53.242   -51.299
   -69.650  -105.694  -102.130   -54.392    5.600   38.326  104.199  153.070
   28.287  -375.880  -602.964  -591.439  -289.222  -115.199   -51.364    -9.047
   17.121   -11.563   -24.244   -19.152   -12.767    5.998   37.816   80.893
CT2026:210           -30.985   -64.212   -87.258   -93.716   -93.824   -92.027
   -72.563   -37.004    -6.704    -7.819    -2.229   28.197  128.042  235.843
   92.851  -625.928 -1252.434 -1112.948  -476.574  -210.991  -173.165   -93.586
   -39.270   -48.037   -50.716   -23.747   36.139   56.664   59.815   71.200
CT2026:205           -21.049   -37.481   -55.649   -80.457  -105.714  -108.258
   -86.557   -56.094   -17.460   11.978   51.894   98.502  172.594  274.613
  215.374   -16.747  -197.751  -318.386  -499.467  -540.016  -382.837   -82.771
   11.795    5.921    -4.120   -11.180   -20.353    -2.635   32.956   72.227
CT2026:200           -27.216   -39.915   -56.136   -78.831  -101.859   -99.280
   -76.595   -42.380   23.589   92.847  140.292  196.768  249.304  260.127
  297.228  667.694  982.979  658.637  -332.239  -768.568  -408.880   94.201
  176.935  112.447   40.100    8.468   -23.558   -24.741   14.084   66.886
CT2026:195           -35.118   -41.175   -52.783   -76.674  -119.491  -121.631
   -80.634   -40.145   41.773  271.229  513.037  624.198  619.067  434.683
  454.953  808.376  954.805  781.221  424.274  304.912  255.786  387.603
  390.847  185.220   37.646   15.423    4.515    8.398   49.467   83.922
CT2026:190           -34.728   -53.857   -70.150   -80.008   -84.407   -71.574
   -27.020   30.828  125.216  459.530  912.176 1112.292 1216.536 1352.718
 1306.987  803.799  379.161  322.271  357.710  302.436  257.178  162.093
  124.752  110.436   62.807   20.454   -27.316   -35.207    8.696   73.512
CT2026:185           -27.629   -44.231   -57.130   -67.001   -75.446   -72.743
   -40.376    -3.940   16.528   87.387  236.900  413.529  760.491 1166.618
 1165.345  575.688  136.447   76.054  146.947  139.195  120.928   82.067
   56.291   45.688   33.224    1.946   -41.589   -30.248   32.930  104.469
CT2026:180           -29.932   -28.768   -33.000   -47.464   -63.084   -75.366
   -71.232   -47.959  -178.168  -786.958 -1585.469 -1590.074  -687.293   63.960
  225.375  153.222   38.944    1.207   49.105   69.439   70.127   74.951
   65.928   42.785   25.285   14.313    -0.781   16.752   74.080  121.970
CT2026:175           -63.920   -61.341   -55.643   -49.388   -40.995   -43.068
   -43.834   -29.244  -186.347  -876.664 -1706.335 -1768.869 -1009.676  -118.987
   80.583    5.981   -36.219   -40.979   -18.586    -3.981   21.471   58.232
   67.386   57.395   54.096   43.955   19.178   18.557   47.128   88.885
CT2026:170          -114.735  -120.298  -114.189   -88.729   -44.456   -28.274
   -18.817    -5.835   -92.623  -360.525  -674.615  -691.688  -436.013   -64.453
   47.369   16.386   -40.962   -40.879   -60.972   -71.962   -25.589   13.459
   30.190   25.565   13.391   33.137   79.221   89.590   87.733   89.628
CT2026:165          -115.076  -109.380   -92.660   -60.854   -24.096    -5.881
    4.790   16.336   -16.172    -3.429   45.352   66.704   37.406   21.923
   13.861   -32.082   -15.581   -61.513  -114.950   -79.146   -28.642   36.920
   64.617   37.927   23.637   25.927   24.461   29.579   45.020   67.784
CT2026:160           -72.663   -74.988   -70.198   -53.358   -32.768   -18.935
    -4.241    5.706   16.929  114.750  187.223  175.029   95.219   -10.179
  -104.925  -374.890  -583.832  -562.090  -382.923  -275.886  -149.298   -25.672
   21.956   38.015   48.017   28.788    -9.364    -7.906   20.078   55.904
CT2026:155           18.011   -24.495   -29.752   -33.126   -35.428   -25.777
    2.309   36.507   50.101   57.320   40.300   14.621   -34.729   -87.311
  -185.727  -548.589  -827.147  -746.995  -416.011  -243.766  -140.069   -35.065
   14.355   39.563   56.909   36.008    -2.537    4.557   40.531   74.174
CT2026:150          108.229   76.479   41.259    -9.085   -68.530   -83.158
    -8.158   86.217   92.772   25.964   -50.943   -87.593   -97.038  -107.396
  -127.980  -123.862  -112.209  -211.702  -232.714  -174.346  -112.800   -47.206
   -11.380   26.656   48.656   27.440   -12.105    -2.674   37.124   85.810
CT2026:145          179.616  137.720   90.059   38.394    -6.558    -6.795
   51.521  101.429   80.803   -24.084  -122.827  -155.627  -147.270  -123.007
   -61.203   34.031   63.608   56.225   41.510   35.313    9.508   -12.810
   -10.809    1.565    7.511    -5.930   -26.652    6.596   76.187  129.458
CT2026:140            3.790  181.589  111.128   64.665   30.035   27.916
   67.361  104.833   75.849   -50.916  -160.094  -187.251  -173.943  -143.006
   -66.194   37.452   99.767  225.111  332.676  302.072  133.129    0.024
   -18.658    -5.934    -7.604   -16.647   -19.324   20.904   85.022  125.479
CT2026:135           -60.918   -58.137   -51.411   -31.472    -0.163   28.407
   79.839  130.170   98.736   -38.057  -158.332  -185.700  -168.348  -136.426
   -24.805  245.720  421.316  432.353  409.447  383.736  209.618   11.997
   -33.350    -1.635    8.751   12.631   23.238   49.673   96.230  150.785
CT2026:130           -84.763   -72.478   -52.112   -21.906   11.819   37.389
   68.511   89.869   52.720   -61.249  -157.343  -177.541  -158.167  -119.721
   -56.505    -2.450   63.016  153.613  214.251  202.288  129.975   37.657
   10.545   46.442   58.072   54.392   44.530   69.231  112.246  145.213
CT2026:125           -95.997   -74.627   -47.154   -14.730   18.860   36.349
   27.527   10.399   -26.499  -107.750  -177.498  -186.982  -174.627  -135.191
   -54.211   48.968  142.609  267.152  401.587  368.851  242.183  150.096
  118.125  117.545  103.170   68.656   31.041   48.848   89.433  123.374
CT2026:120          -107.969   -81.135   -50.186    -8.991   32.304   48.188
   34.148   11.357   -38.840  -131.626  -185.258  -183.744  -172.036   -95.510
  112.548  324.245  415.442  560.708  654.533  567.876  270.120   59.629
   51.706   86.400   76.907   40.756    8.430   28.619   63.579   97.194
CT2026:115            -2.086  -119.803   -64.025   -11.159   23.723   35.598
   27.206    8.583   -33.605  -127.551  -186.482  -184.108  -164.251   -79.287
  311.137  819.640  897.747  622.595  342.518  233.953   49.366   -49.486
   -26.461   41.535   44.890    -9.592   -31.262    2.090   49.252   89.787
CT2026:110           -91.879   -74.653   -52.160    -0.052   68.653   62.819
   -33.310  -131.709  -189.873  -280.008  -343.653  -329.360  -237.428  -111.900
  -105.821  -162.328  -176.691  -179.730  -172.829  -162.314  -113.684   -82.576
   -64.228   -28.992    -6.427    8.284   38.025   65.863   92.687  118.603
CT2026:105           -96.046   -61.110   -23.988   18.621   51.535   30.570
   -69.365  -177.228  -230.151  -263.413  -286.901  -262.593  -163.985   -72.764
   -63.200  -114.828  -156.475  -177.043  -197.758  -199.948  -186.326  -142.937
   -98.152   -31.780   23.147   28.274    8.162   24.573   71.157  121.535
CT2026:100           -76.499   -43.147   -17.984    9.531   38.744   22.589
   -61.366  -146.657  -177.826  -174.385  -163.133  -137.932   -61.499    -4.684
   -17.672  -100.681  -177.660  -230.501  -275.672  -284.950  -277.185  -253.703
  -180.936   -40.526   39.658   28.669   -15.358   11.592   71.472  122.962
CT2026:095           -48.639   -26.158    -4.634   20.236   40.436   22.356
   -53.461  -131.530  -146.003   -95.871   -41.085   -13.171   20.698   40.227
    7.034   -64.846  -120.792  -211.738  -312.119  -343.871  -311.848  -258.148
  -192.079   -69.343   13.319   26.402    7.459   20.649   56.114   96.811
CT2026:090           89.505  297.717  231.246  135.363   54.248    -5.169
   -52.043   -85.777   -86.772   -56.475   -29.802   -15.246    -7.740   -12.327
   -51.266   -98.012  -139.861  -234.473  -314.359  -360.010  -369.675  -353.320
  -256.517   -83.313   -15.153    -9.867    7.878   48.564   88.727  120.178
CT2026:085          215.879  232.674  219.445  149.858   59.363    -3.251
   -46.083   -78.833   -48.018   70.523  142.454  152.363  117.031   92.691
   66.135   38.723    -0.808   -93.649  -175.286  -243.071  -361.241  -447.469
  -361.102  -151.829   -39.680    -3.507   12.276   42.256   73.699   97.794
CT2026:080          246.951  238.154  218.695  167.702   85.181   27.653
   -16.816   -60.042   -39.916   74.674  169.180  209.886  212.638  206.055
  209.064  165.093  136.852  132.193  136.580   38.443  -281.084  -503.285
  -465.242  -189.594   -61.301   -30.042   -11.067   14.693   27.775   50.349
CT2026:075          201.750  160.647  124.942  101.571   83.171   50.736
    2.539   -41.551   -27.630   62.502  139.100  192.543  320.275  411.789
  390.105  249.131  213.000  288.124  404.545  327.281   -69.024  -471.934
  -501.611  -283.346  -127.146   -58.553   -12.120    7.358   11.421   31.076
CT2026:070           87.933   70.285   59.655   60.590   70.316   62.575
   20.994   -30.584   -46.541   -50.158   -50.834   -26.388   18.739   28.542
   80.154  195.186  270.234  389.536  609.164  586.952  202.289  -290.361
  -386.445  -221.353  -136.854   -90.170   -25.743   10.190   31.660   50.920
CT2026:065            7.564    9.526   13.028   20.905   33.863   30.633
    9.872   -15.608   -35.069   -79.696  -128.767  -134.382  -127.554  -102.618
   -46.508   62.179  167.856  317.532  566.279  592.863  315.332   -82.033
  -191.551  -153.362  -129.057  -106.179   -77.929   -37.632   16.525   62.473
CT2026:060           -45.707   -35.882   -20.800    -4.071   15.954   27.227
   28.560   34.977   24.215   -25.496   -76.942   -97.401  -131.289  -147.591
  -115.149   -31.649   66.922  200.884  423.606  495.158  394.332  247.223
  144.264    1.310  -104.941  -108.461   -75.984   -42.137   12.701   63.404
CT2026:055           -80.139   -76.802   -64.612   -37.346    4.635   25.153
   28.074   23.536   14.011   11.460    7.616   -12.056   -68.409  -139.798
  -127.306   -50.137   22.254  122.608  293.234  381.300  344.598  260.486
  170.385   20.135  -103.087  -103.845   -30.134    8.121   38.614   69.718
CT2026:050          -104.561   -86.835   -59.241   -13.614   41.071   67.339
   57.387   31.751   26.150   42.467   68.762   56.581    0.799   -50.448
   -53.756   -30.233   26.779   97.533  211.399  286.306  288.327  259.313
  192.225   31.806  -102.706  -108.527   -36.891    8.112   40.075   67.373
CT2026:045          -100.763   -65.957   -30.272   10.189   55.001   77.013
   64.110   37.843   37.000   51.244   80.343   67.294    -5.598  -102.570
  -121.232   -83.888   -39.318   32.138  168.380  246.974  267.572  255.755
  207.509   66.192   -68.877   -87.901   -44.632   -16.755   20.997   60.086
CT2026:040           -66.039   -37.205   -10.109   18.862   49.915   69.429
   58.272   25.164   22.881   53.711  106.605  101.233   11.573  -105.155
  -138.155  -102.449   -60.818    -1.120  145.952  250.229  258.009  231.625
  199.119   83.279   -37.293   -59.412   -30.915    -8.919    9.054   32.167
CT2026:035           -26.365    -8.460    5.707   10.335    7.048   16.000
   40.913   74.746   95.000  112.810  124.185  105.950   59.260   -22.667
   -72.554   -97.345   -89.832   -64.224    9.990   89.000  144.252  211.958
  210.543  107.304    8.986    -5.995   25.466   30.830   28.383   30.158
CT2026:030           -24.180    -1.713    6.744    -4.577   -21.655   -12.809
   44.764  133.480  175.149  193.251  218.958  215.822  171.151  140.258
   76.770  -146.773  -321.714  -298.230  -136.433   -24.112   56.913  154.916
  166.650   99.578   26.410    2.095    0.793    4.582   18.587   39.721
CT2026:025           -59.301   -24.922    3.802   18.147   12.845   29.382
   86.077  156.744  196.003  214.375  212.066  198.715  182.525  138.054
   62.499  -185.180  -450.389  -396.242   -89.826   75.494  125.020  171.397
  171.813   95.862   21.271    -4.486    -8.965    -2.148   38.578   86.238
CT2026:020           -68.671   -76.734   -68.493   -25.144   39.532   82.361
  103.741  120.180  148.898  192.727  241.779  250.333  215.934  164.917
  119.463   92.744  128.937  121.423  203.776  300.580  266.340  181.064
  141.002   72.321   11.234   -17.654   -48.680   -32.088   50.371  110.968
CT2026:015           -31.439   -40.009   -52.604   -31.260    3.800   27.365
   47.502   64.578   87.624  136.688  190.215  208.878  219.236  215.830
  195.486  174.054  147.936  175.913  217.092  221.533  198.992  129.299
  100.461   82.760   62.685   25.424   -33.455   -44.191    1.175   62.189
CT2026:010           15.589   25.903   36.937   40.970   35.901   40.722
   47.323   56.195   72.102   96.096  125.671  142.600  162.265  170.732
  160.527  132.975  104.379  101.385   88.864   84.404   90.805   96.474
   94.807   99.030   94.836   59.323    8.453    -3.543   18.829   49.968
CT2026:005            -2.204   28.170   40.137   38.046   34.550   36.886
   36.242   38.118   50.042   69.960   92.052   96.535   89.760   85.650
   74.893   57.548   44.904   32.952   10.268    6.678   31.607   66.570
   80.564  107.092  116.974   84.839   25.371   12.856   40.296   57.066
CT2027:360           13.389   30.994   44.627   39.840   24.225   18.752
   19.095   21.550   32.345   61.783   95.185   93.743   50.793   18.882
    2.787    2.435    0.860    -5.829    -2.737    7.699   28.569   57.553
   83.147  123.004  136.481   96.037   29.325   15.249   30.187   40.773
