
filled_synop: 30 data points in equal steps of sine latitude from +14.5/15 to  -14.5/15

CT2057:360           -91.783   -56.123   -18.885   13.154   27.742   22.400
   16.689   21.712   34.416   44.962   41.592   18.907    3.172    -4.189
    -8.514   -18.599   -25.309   -27.739   -31.878   -36.329   -43.980   -44.392
   -41.942   -39.462   -31.777   -19.716    -3.679   24.740   57.833   88.009
CT2057:355           -93.602   -63.925   -29.266    7.658   23.472   17.768
   15.247   22.883   37.426   52.715   63.411   70.121   66.554   63.812
   59.542   49.325   32.309   17.942    9.884    0.767   -10.075   -16.090
   -24.798   -30.591   -28.809   -22.544   -11.048   13.252   45.880   78.945
CT2057:350           -94.804   -65.552   -31.968    4.176   18.613    6.435
    -3.729    7.365   37.054   60.217   90.225  156.725  183.014  159.043
   90.081   55.531   47.755   41.112   34.705   29.781   25.390   16.387
   -10.305   -32.057   -30.266   -14.848    -1.466   21.357   48.339   73.724
CT2057:345           -86.500   -54.747   -20.760   10.145   23.223   13.576
    9.085   21.377   48.818   69.635   99.522  170.051  199.813  164.698
   80.650   45.942   39.025   26.635   23.204   38.806   48.040   41.702
   19.877    -0.011    -3.875    -2.008    5.116   28.692   56.579   81.167
CT2057:340           -79.662   -52.244   -24.973    2.299   14.850   11.551
   12.142   23.434   54.183   72.901   68.769   51.976   39.451   23.802
    -0.142    -6.084    9.074   34.572   46.459   56.410   64.462   60.054
   36.590   17.650   12.875    9.278   11.372   31.944   60.253   86.992
CT2057:335           -83.201   -50.860   -24.076    -0.192   11.418    6.868
    1.347    5.135   28.168   33.185    -5.899  -111.936  -167.042  -157.897
  -111.766   -88.181   -49.146   13.603   38.126   36.448   26.103   26.843
   23.609   15.862   12.536    8.732   11.454   35.068   63.923   88.844
CT2057:330           -93.190   -55.046   -14.513   21.890   34.593   23.914
   17.172   11.239    6.509    -2.415   -52.197  -163.841  -214.848  -204.325
  -155.515  -131.229   -94.990   -47.769   -24.140    2.831   24.668   30.637
   16.483    4.590    2.121    -0.536    2.926   24.106   52.859   81.397
CT2057:325           -99.856   -61.586   -20.212   19.607   31.481   17.612
    5.440    -6.616   -26.058   -47.209   -82.520  -148.287  -174.705  -159.849
  -103.809   -82.732   -86.582   -92.489   -81.326   -37.826    8.107   23.133
    7.440    -4.801    -5.462    -6.621    -0.985   19.464   48.479   78.921
CT2057:320          -106.898   -69.797   -29.747   11.089   23.695   10.661
    -1.892   -13.579   -31.977   -49.089   -69.852  -103.805  -110.922   -82.960
   -20.596   -16.513   -67.159  -143.894  -152.246   -99.678   -24.390    1.197
    -5.824    -5.735    -7.359   -20.093   -16.931   14.999   55.177   86.718
CT2057:315          -108.762   -65.901   -18.433   23.000   30.234    -0.418
   -23.853   -32.490   -35.167   -37.050   -38.676   -41.526   -33.028   20.594
  121.859  115.262   -56.704  -279.126  -309.988  -215.017   -81.144   -32.374
   -14.569    -4.307    -5.273   -13.126    -9.593   17.757   53.354   85.315
CT2057:310          -114.265   -75.863   -28.545   17.527   23.866   -11.101
   -35.973   -38.759   -31.019   -27.934   -14.810   12.037   34.172   77.296
  173.256  169.081   -78.324  -455.013  -500.363  -238.919    -3.423   47.026
   31.307    8.583    -0.253    -5.685    -2.850   18.202   48.951   79.733
CT2057:305          -116.119   -86.606   -47.358    -3.740    6.462   -13.241
   -27.772   -23.364    1.660   17.562   20.875   13.032   17.384   39.561
   66.162   47.608   -37.196  -146.944  -145.997   14.097  217.159  231.040
  101.751   16.990    2.547    0.234    2.606   23.996   49.293   71.992
CT2057:300           -91.790   -61.962   -32.850    -8.499    -2.769   -15.822
   -22.537   -16.256    5.667   20.247   18.309    -1.851    -0.970   13.981
   25.752   24.930   52.404   88.843  102.055  131.388  162.206  155.156
   76.783   10.975    -4.632    -8.055    -6.546   15.424   49.151   83.566
CT2057:295           -83.921   -61.129   -41.105   -22.093   -14.287   -18.333
   -20.636   -17.559   -13.499   -10.099    -3.258    1.407   12.414   49.935
  116.877  140.308  111.835   63.406   55.955   61.234   46.102   40.567
   42.047   34.296   18.421    -1.184    -4.221   21.924   55.379   87.043
CT2057:290           -91.592   -63.344   -34.298   -10.191    -2.168    -8.695
   -11.488   -11.947   -17.218   -15.319    -5.733    7.959   24.537   63.107
  126.220  148.524  126.415   93.382   81.241   60.100   43.706   32.325
   27.032   22.075   12.147    -3.854    -8.324   15.450   49.666   83.714
CT2057:285          -101.088   -72.527   -41.347    -8.912    1.329    -9.004
   -15.888   -15.964   -17.453   -14.031    -1.664   16.605   31.883   47.347
   56.177   65.077   92.862  117.806  111.346   72.356   37.625   24.378
   20.880   16.097    7.443    -7.303    -7.248   18.426   54.700   87.366
CT2057:280          -106.090   -72.892   -37.723    -7.302    3.081    -7.923
   -15.369   -13.150    -8.832    -1.153   14.010   38.188   51.742   45.601
   25.274   28.285   62.908  101.733  102.155   72.395   43.371   30.676
   23.335   16.408    9.766    0.883    2.886   30.796   60.984   83.979
CT2057:275          -103.036   -73.114   -41.800   -13.021    -3.998   -13.392
   -15.650    -9.031    0.657    9.507   26.593   53.716   63.470   56.187
   43.374   45.934   56.162   69.927   72.654   65.306   52.269   43.087
   31.107   21.373   15.194    7.135    7.057   23.215   47.684   72.306
CT2057:270           -96.031   -72.098   -48.407   -24.817   -13.689   -16.016
   -13.842    -1.004   24.854   38.745   45.988   51.382   50.739   39.658
   21.724   21.023   36.875   54.494   59.129   57.554   54.742   47.789
   32.176   21.815   17.083    8.210    7.371   23.281   43.453   62.102
CT2057:265           -96.625   -70.795   -44.141   -20.380    -8.836    -7.736
    -2.482   10.770   39.739   56.376   49.012   27.616   17.008    3.750
   -19.416   -22.612    6.302   39.430   45.949   32.561   20.646   21.726
   29.545   32.016   24.503    8.264    3.330   17.745   39.110   59.544
CT2057:260           -98.965   -72.143   -43.619   -14.981    -1.474    -0.832
    3.543   11.745   22.659   25.766   18.578    -0.670   -14.045   -24.133
   -30.541   -31.525   -26.707   -17.359    -8.558    -0.508    4.439   11.260
   24.524   32.509   26.462    7.723    4.163   19.459   40.745   60.221
CT2057:255          -100.415   -70.767   -39.514   -10.075    3.321    1.798
    2.893    9.170   20.104   22.546    6.881   -17.849   -33.686   -49.009
   -61.726   -66.157   -62.894   -57.656   -46.303   -24.499    -4.584    9.620
   26.189   36.034   31.177   15.526   12.445   24.541   40.662   57.140
CT2057:250          -107.795   -73.527   -36.276    -2.397   11.233    7.737
    8.936   15.007   26.653   28.810    8.035   -27.328   -48.815   -65.387
   -75.595   -82.162   -82.758   -79.980   -67.218   -35.998    -9.891    9.274
   27.919   40.750   36.124   16.066    9.764   23.224   40.740   58.350
CT2057:245          -116.601   -79.879   -39.016    -3.263    9.126    4.330
    7.660   15.994   31.297   33.770   15.028   -20.120   -41.813   -65.131
  -100.536  -121.475   -99.185   -86.621   -75.712   -52.379   -31.140    -2.291
   29.507   49.919   44.181   15.377    6.492   19.968   42.549   67.376
CT2057:240          -119.702   -89.300   -51.328   -12.047    2.666    -5.953
    -8.078    6.516   40.211   48.831   30.172    -7.057   -28.638   -31.583
   -19.698   -47.098  -112.822  -109.655  -108.584  -110.497   -60.719   -19.145
   17.975   40.886   37.542   14.439   11.311   36.087   65.209   86.761
CT2057:235           -95.775   -66.165   -37.242   -12.358    1.302    8.755
   18.582   28.067   46.184   52.254   36.883   10.024    -5.526    -8.950
    -7.306   -54.856  -303.969  -611.872  -581.108  -253.177   -33.335   12.107
   19.429   26.728   21.670    3.435    0.654   21.688   52.062   79.508
CT2057:230           -96.945   -67.899   -37.611    -7.902    7.218   10.104
   14.668   22.208   32.832   33.637   22.062    -0.150   -10.514    -4.926
    4.973    -9.597   -50.824   -48.573   -38.663   29.354  125.472  126.117
   51.889   16.390   10.053    6.721    7.605   22.052   40.949   61.103
CT2057:225           -93.762   -64.880   -36.345   -10.359    4.380   13.496
   20.400   19.073   11.762    7.222    1.248    -5.848    -6.753    4.032
   18.030   33.798  135.510  253.715  252.410  169.459  118.145  106.490
   62.391   30.862   20.263   12.362   13.314   30.515   50.845   70.653
CT2057:220           -95.161   -64.881   -30.433    4.359   19.162   21.183
   22.871   17.528    3.542    -4.486    -8.962   -12.572   -10.450    -0.080
    9.830   35.150  129.925  200.172  205.595  144.413   82.404   63.869
   40.707   24.884   19.093   13.651   17.032   36.003   58.317   77.797
CT2057:215           -91.447   -55.543   -18.771   15.142   28.461   23.493
   20.675   17.041    9.849    4.650    -4.015   -15.677   -15.414    3.882
   29.869   41.217   37.552   28.136   27.102   21.982   15.284   12.776
   17.175   17.928   15.967   12.514   18.275   39.902   62.663   81.787
CT2057:210           -90.266   -51.697   -13.865   17.855   29.955   26.599
   24.948   22.702   17.376   12.616    5.545    -6.048    -7.804   14.455
   42.351   41.833    -6.052   -57.350   -58.375   -30.335   -11.468    -5.973
    6.133   14.628   14.769   12.006   18.084   38.871   63.026   85.885
CT2057:205          -100.035   -63.825   -22.239   16.970   29.240   23.469
   21.795   23.128   25.080   22.131   18.158   12.789    9.486   12.479
   16.692   13.978    8.321    -9.717    -7.662    -2.663    -1.966    3.108
    1.631    2.607    7.451   12.374   22.175   43.308   69.446   95.737
CT2057:200          -108.899   -73.589   -28.868   13.990   25.950   17.191
   14.999   18.930   32.928   36.298   23.387    7.369    -4.345   -12.780
   -29.610   -37.574    8.395   79.441   74.400   22.508   15.220   25.279
   24.887   28.327   25.599   16.719   24.604   57.016   91.072  116.947
CT2057:195          -100.919   -65.230   -27.931    5.071   19.382   22.005
   24.748   20.140    7.518    -0.876    -0.703    1.609   -22.545   -38.765
   -82.298  -120.370  -178.227  -287.415  -232.137   -71.386   16.617   46.637
   37.966   35.486   29.178   11.928   13.129   39.846   74.942  106.973
CT2057:190          -106.166   -73.912   -37.085    -1.706   13.986   21.494
   25.176   20.132   10.917    5.753    7.774   14.909   -41.233   -99.513
  -135.299  -197.676  -317.707  -286.181  -236.226  -128.129   11.552   59.255
   47.059   44.409   32.319    3.684    2.838   34.558   70.488  101.805
CT2057:185           -99.380   -71.433   -39.375    -9.848    5.370   16.889
   24.314   16.939    5.299    0.493   23.721   77.207   -22.270  -428.217
  -840.233  -944.750 -1107.798 -1233.399 -1020.733  -387.785   -12.141   36.637
   38.180   50.230   41.851   15.769   12.984   33.646   62.772   91.555
CT2057:180           -99.463   -74.946   -42.940   -11.426    0.015    -0.279
    -0.460    -3.277   -12.550   -20.242   11.317   74.819   -29.263  -612.315
-1302.648 -1281.038  -708.976  -355.970  -208.931   -73.629   -29.697   -23.692
    9.037   23.775   23.540    9.747   13.115   36.691   63.678   89.212
CT2057:175           -87.049   -53.320   -18.631    9.584   19.731   18.011
   19.506   11.638    -1.995    -5.696    9.303   27.052   -37.285  -270.005
  -446.192  -255.590  798.680 1800.039 1621.554  559.731    -5.086   -65.618
    -4.058   13.287   15.929    9.506   13.760   34.615   61.420   88.858
CT2057:170           -85.607   -53.760   -19.784    8.653   17.163   11.119
    9.756   10.502   10.224   11.917   19.780   23.222   11.544    -3.804
   14.055  263.197 1159.149 1812.720 1669.460  677.362   12.177   -98.878
   -24.303    -1.641    7.483    7.989   17.106   39.106   64.389   87.381
CT2057:165           -91.241   -62.714   -33.626    -9.776    0.573    1.863
    7.644   16.813   26.511   31.890   35.700   30.226   38.596   81.325
  139.264  316.029  821.384 1152.892 1042.833  396.238   -52.726  -125.859
   -39.246   -15.971    -4.605    7.134   21.472   40.865   61.146   80.522
CT2057:160           -97.739   -78.463   -58.852   -39.081   -25.548    -9.226
    5.020   22.827   50.949   63.063   57.873   47.846   53.318   59.154
   63.540  148.593  279.842  289.348  275.588  128.843   -20.002   -83.834
   -55.328   -48.042   -24.814   10.963   31.889   51.260   69.967   83.711
CT2057:155           -78.848   -57.040   -34.822   -15.958    -8.616   -10.804
    -3.520   18.210   49.007   58.462   53.516   36.986   23.789    -3.206
    -9.258    -1.759   -28.033    -6.872   -15.273    -6.261    2.364   -24.480
   -25.860   -22.588    -7.073   15.725   33.820   50.274   63.529   74.052
CT2057:150           -75.457   -53.761   -32.272   -13.170    -4.567    -2.743
    5.432   23.255   53.828   63.415   51.789   38.188   14.415   -90.571
  -190.884  -187.845  -137.112  -106.280   -84.814   -35.676   -16.469   -19.859
    -8.636    -2.074    6.596   15.675   27.697   42.286   56.481   72.023
CT2057:145           -73.001   -47.644   -23.282    -4.380    2.094    -2.511
    2.057   17.057   39.913   46.267   35.391   13.888    -5.317   -65.909
  -129.620  -107.092   31.434  138.751  115.179   13.551   -38.830   -40.909
   -22.597   -14.681    -3.567    9.356   22.837   38.642   55.431   73.122
CT2057:140           -71.351   -51.586   -30.351    -9.779    1.634    7.701
   15.360   21.576   28.192   31.398   31.382   31.541   33.214   54.174
   93.885  118.992  180.581  229.407  195.522   67.237   -10.989   -28.344
   -25.003   -22.877   -11.145    4.402   20.408   41.497   61.738   80.308
CT2057:135           -69.883   -48.186   -28.896   -11.967    4.481   22.703
   32.804   26.884    9.473    5.110   13.089   22.216   34.347   68.443
   96.032  120.269  156.010  169.445  146.948   75.251   24.742    1.254
   -14.336   -21.594   -12.034    5.858   21.776   42.549   63.228   84.174
CT2057:130           -87.744   -65.909   -40.635   -16.104    7.030   34.162
   48.682   39.982   18.911   12.935   12.083   15.123   23.450   41.146
   58.748   72.576   83.396   82.887   79.033   65.953   47.283   22.183
   -13.740   -29.196   -20.927    -1.714   14.840   38.715   64.053   89.485
CT2057:125          -104.376   -83.350   -55.311   -27.091    -7.414   10.414
   20.569   22.424   17.436   14.035    8.231    1.183    3.456   15.915
   19.113   31.106   57.821   62.227   69.247   68.511   57.881   40.258
    3.473   -12.779   -12.646    -6.077    7.391   38.668   70.332   97.657
CT2057:120           -99.405   -82.760   -63.943   -43.936   -20.979   12.597
   30.003   24.461   10.863    5.602    2.692    -0.578    -2.923    8.600
   24.222   17.784   27.045   67.790   58.335   47.773   57.372   52.958
   27.453   12.289    -1.752   -18.862   -12.171   24.674   63.993   99.971
CT2057:115           -93.018   -80.349   -67.774   -50.738   -24.946   11.286
   29.123   21.486    7.026    2.410    -0.121    0.297   -10.742   -41.017
   -65.917  -102.201  -210.607  -249.832  -197.535   -26.582   64.676   65.001
   41.104   29.891    7.574   -23.540   -22.864   10.514   56.268  101.051
CT2057:110           -94.497   -77.954   -64.479   -49.443   -27.777    1.675
   15.081    9.061   -11.508   -18.233    -6.062   10.215    -1.314   -61.076
  -112.667  -144.468  -305.393  -441.402  -319.501   -49.613   48.065   51.147
   34.159   23.580    4.654   -23.616   -19.902   23.637   69.087  105.506
CT2057:105           -89.986   -69.222   -47.889   -27.760    -8.941   12.879
   24.366   16.050    1.855    -2.182    -2.563    -2.221    -6.754   -26.269
   -38.146    -0.716  160.340  290.644  236.554   99.501   53.592   50.749
   53.421   46.742   27.839    0.393    -1.719   28.102   59.808   85.989
CT2057:100           -84.784   -63.581   -39.759   -17.062    -0.796   14.307
   21.806   16.836    6.970    3.653    2.477    -2.981    0.019   18.264
   38.239  111.216  345.224  486.802  414.823  171.890   64.122   52.652
   61.553   55.559   38.771   11.686    7.186   24.584   48.931   74.387
CT2057:095           -79.060   -54.184   -28.248    -5.237    9.468   21.787
   27.535   23.264   12.148    8.193   14.741   18.091   17.076   20.997
   36.249   87.152  201.695  244.462  230.858  108.424   38.987   32.204
   52.964   50.910   32.718    2.267    1.743   32.817   62.658   83.811
CT2057:090           -79.469   -51.858   -25.007    -2.950   12.291   25.555
   31.477   25.893   16.360   12.190   16.852   24.162    3.274   -71.881
  -104.790   -78.511    6.074   62.998   62.805   17.141    -6.587    2.654
   38.757   45.058   30.027    3.148    0.377   25.531   54.501   78.364
CT2057:085           -82.547   -57.614   -29.847    -4.210    8.347   16.978
   20.929   12.110    -1.817    -7.826   -10.512   -13.121   -48.484  -189.356
  -304.226  -266.470  -108.455   -17.782    -9.624   -20.159   -17.754    -2.031
   34.676   45.195   25.386    -4.627    -5.164   18.009   44.945   70.209
CT2057:080           -83.959   -55.405   -26.829    -4.072    5.236    8.646
   11.813    4.863    -5.456    -5.286    -0.088    -3.963   -18.894   -61.961
   -96.641   -93.271   -48.648   -18.975   -13.746   -14.841   -10.864    6.394
   38.777   46.539   27.090    -5.523    -7.866   18.048   44.229   69.940
CT2057:075           -91.563   -60.274   -25.494    1.948    7.507    4.342
    8.414   16.550   23.664   36.410   74.537  113.132  119.249  129.661
  148.600  124.780   63.620   36.581   25.859   10.260    5.417   13.461
   33.764   37.136   18.131   -10.903   -10.588   11.944   42.081   72.867
CT2057:070           -97.110   -65.020   -23.975    9.750   15.550    6.969
   11.623   29.953   55.927   73.599   96.884  117.154  127.955  142.549
  138.686  128.222   92.554   59.448   43.987   11.635    -5.569    -1.938
    3.549    2.645    -6.280   -23.005   -15.470   18.055   51.538   81.518
CT2057:065           -70.924   -43.859   -18.112    0.228    2.085    -5.989
    -2.583   11.347   25.926   39.985   65.557   82.105   87.135   80.872
   65.536   63.810   78.032   77.965   53.318   15.021    -0.567    -1.580
    3.039    3.645    -4.587   -16.636    -8.215   19.932   53.258   86.953
CT2057:060           -56.006   -41.687   -23.531    -7.325    -1.362    -1.287
    3.776    9.556   15.701   23.991   44.217   65.214   60.819   31.851
    9.788    1.637    -3.757   -16.642   -19.170   -27.280   -32.274   -28.393
   -24.444   -20.811   -16.938   -14.476    0.675   35.468   70.599  103.270
CT2057:055           -48.031   -38.918   -28.320   -16.799    -3.653   12.433
   20.444   18.540   15.235   16.542   17.577   19.192   13.614    4.014
    -2.202   -20.974   -48.596   -61.944   -63.278   -54.900   -48.103   -39.014
   -25.229   -16.646   -16.465   -18.983    -3.921   30.469   66.837   99.180
CT2057:050           -43.425   -33.900   -26.270   -18.041    -4.129   13.390
   21.401   18.520   12.925    8.129    -6.683   -18.608   -26.631   -33.139
   -41.911   -62.232   -96.313  -113.082  -110.419   -90.799   -75.097   -54.234
   -26.676   -12.482   -13.006   -18.562    -3.736   31.754   65.576   95.816
CT2057:045           -45.253   -38.097   -31.680   -23.380    -6.824   14.834
   23.095   15.143    2.049    -4.265   -15.620   -26.778   -34.863   -39.445
   -48.103   -74.546  -125.144  -151.423  -141.651  -107.816   -86.971   -61.774
   -27.065    -9.891   -10.657   -17.288    -4.850   23.716   55.208   83.923
CT2057:040           -46.556   -43.660   -39.940   -33.509   -16.105   13.366
   23.484   13.254    -1.089    -3.808    -1.592    2.255    -7.451   -27.499
   -48.474   -71.497  -109.609  -130.068  -128.911  -111.512   -95.819   -65.391
   -25.065    -6.751    -8.024   -15.425    -4.796   17.348   40.832   66.094
CT2057:035           -56.273   -46.313   -32.887   -19.518   -10.049    -0.910
    5.378    6.120    6.237   10.676   24.435   31.244   26.203   21.466
   12.977   -15.034   -54.923   -76.821   -89.149  -101.981   -97.641   -71.361
   -34.406   -15.097    -9.869   -10.463    1.761   24.218   49.534   75.125
CT2057:030           -74.031   -55.010   -32.620   -14.128   -10.107   -12.993
    -9.376    -1.702    7.256   15.603   42.881   65.453   51.978    4.058
   -33.278   -48.454   -56.793   -68.056   -82.877   -99.276   -95.990   -68.226
   -28.285    -8.877    -7.726   -12.856    2.657   32.157   61.000   88.459
CT2057:025           -64.954   -42.350   -22.249    -7.820    -3.346    -3.146
    0.959    3.699    7.203   14.255   35.219   48.477   32.197   -20.075
   -60.297   -77.730   -88.374   -99.797  -103.885  -103.578   -95.718   -68.654
   -32.274   -13.104    -8.908   -11.519    1.949   28.245   56.767   84.965
CT2057:020           -69.928   -50.092   -27.516    -8.304    0.521    4.736
    9.081    8.352    6.572   10.318   23.193   30.479   14.883   -25.400
   -56.307   -78.883  -103.878  -119.215  -118.373  -108.167   -97.459   -71.175
   -36.902   -18.166   -11.432    -9.676    6.012   31.049   57.104   81.190
CT2057:015           -78.272   -59.403   -35.636   -15.425    -3.577    6.284
   13.765   15.129   14.678   16.384   17.297   11.996    0.793   -17.385
   -33.932   -58.639   -93.117  -110.087  -110.380  -100.208   -91.630   -70.563
   -36.632   -18.092   -12.425    -7.893    9.358   35.587   59.228   77.735
CT2057:010           -74.107   -55.717   -35.993   -18.977    -7.593    3.649
   10.824   13.103   17.668   18.777   15.531   16.483    7.469    -9.820
   -22.779   -33.793   -42.852   -52.618   -67.398   -84.517   -88.656   -82.833
   -75.109   -61.248   -35.853    -8.039   13.238   35.242   56.797   75.383
CT2057:005           -78.174   -59.159   -35.695   -14.925    -7.121    -6.213
    -0.815    3.305    4.264    6.914    9.358    8.181    8.147   10.308
    5.454    5.374   14.521    9.722   -14.564   -50.312   -63.698   -67.900
   -66.869   -57.475   -37.008   -11.862    7.945   26.507   46.117   65.560
CT2058:360           -67.438   -50.478   -31.239   -13.913    -4.299    0.168
    7.626   12.001   12.667   18.785   31.113   35.639   36.331   38.635
   34.963   30.875   36.075   30.315    -0.328   -47.751   -66.537   -69.620
   -70.127   -62.210   -36.141    -5.102   11.421   19.766   28.953   40.331
