
filled_synop: 30 data points in equal steps of sine latitude from +14.5/15 to  -14.5/15

CT1989:360          124.684   95.412   57.883    6.788   -36.078   -61.485
   -74.898  -121.885  -347.946  -751.400  -843.778  -610.008  -195.387   -66.229
   -30.100    2.348   -16.736  -109.543  -126.252   -23.837  213.717  335.702
  259.203   56.370   -33.515   -75.624   -98.092   -60.328   25.966  116.605
CT1989:355           75.141   51.110   23.346    -9.812   -39.097   -77.329
  -135.982  -166.099  -194.971  -273.336  -286.984   -97.882  217.715  266.948
   59.179  -160.091  -302.770  -677.267  -832.126  -611.427   11.727  331.264
  240.564   26.039   -68.925  -101.660  -116.370   -60.595   42.404  130.411
CT1989:350            8.450    5.940    3.781    -1.814   -14.678   -51.364
  -114.955  -130.405    -2.567  242.162  350.312  405.663  438.292  363.977
   39.966  -271.853  -388.325  -534.347  -633.674  -416.592  110.289  301.829
  179.568   -21.672   -89.111   -82.074   -85.409   -27.894   60.254   71.894
CT1989:345           44.249    8.359    -8.527    -4.442    -2.912   -21.763
   -60.506   -28.268  207.231  529.576  636.330  618.313  526.004  401.943
   31.859  -291.262  -232.667  202.674  486.003  517.120  459.894  423.099
  180.266  -105.915  -184.380  -133.223   -74.225    -9.244   78.781  157.049
CT1989:340           74.044   23.491   10.670   20.385   27.111   31.210
   16.624   47.726  188.374  375.036  461.683  466.062  375.114  242.363
  -100.459  -348.911  -227.942  336.440  692.255  804.355  751.897  639.499
  301.674  -108.311  -210.663  -133.246   -71.292    5.028   78.878  124.437
CT1989:335           68.165   45.747   29.316   15.119    4.091    9.485
   19.388   71.229  213.738  379.843  466.738  547.722  569.530  416.243
   24.522  -250.179   -82.867  562.833  984.487  982.963  736.555  569.120
  221.489  -218.264  -328.239  -212.280  -109.040   -24.054   79.823  166.082
CT1989:330           66.009   65.598   56.500   37.310   16.857   28.348
   53.988   70.762  118.779  178.934  244.928  425.245  590.864  550.331
  180.306   -86.588    4.235  274.446  408.875  459.792  488.315  423.987
  253.853   50.773   -67.361  -109.614  -111.874   -65.811    7.022   97.959
CT1989:325           -56.091   -22.626   -13.777   -21.251   -27.797   -15.017
   20.681   45.924   47.155   38.488   79.399  186.594  280.634  300.453
  249.314  215.647  267.750  399.154  456.637  379.988  246.968  181.014
  130.658   72.010    3.627   -94.847  -127.576   -76.512    0.301   85.377
CT1989:320           -81.069   -69.261   -50.712   -35.346   -22.522   -14.055
   -17.998   -10.797   -20.329   -70.849   -59.271   24.255  106.902  152.310
  230.516  304.496  357.552  449.295  476.435  433.803  302.974  200.784
  115.755   32.122   -26.106   -81.459  -107.085   -55.142    6.844   72.018
CT1989:315           -51.675   42.725   22.206   55.409   93.561   75.486
   21.596   -44.406  -157.308  -286.565  -290.246  -157.465    -1.455  110.409
  223.444  289.076  322.660  351.694  345.177  310.371  237.872  189.912
  139.545   75.544   19.945   -49.315   -85.711   -63.015    -8.123   41.070
CT1989:310           36.922    -0.943   -21.340   -10.817    1.912   -16.726
   -22.349   -82.767  -263.399  -538.400  -582.225  -306.828   27.093  159.817
  237.119  261.623  247.125  142.334   88.988  101.497  153.937  175.308
  129.540   56.666    5.226   -57.680   -90.976   -30.982   47.419  100.599
CT1989:305           52.512   31.474   10.031   -15.521   -33.044   -43.915
   -37.999  -110.889  -393.383  -794.334  -875.100  -586.085  -111.496   44.407
   30.958   19.375   -16.712  -212.942  -318.132  -235.223    8.205  131.027
  102.845   16.523   -19.498   -67.644  -100.156   -62.335   27.090  112.452
CT1989:300           93.295   44.175   -41.137   -45.282   -46.140   -61.458
   -49.531  -104.554  -312.757  -628.454  -738.828  -706.196  -630.128  -575.233
  -452.840  -360.803  -363.495  -466.605  -499.968  -381.779   -91.627   63.116
   75.790   46.989   23.561   -21.188   -56.942   -27.499   38.184   95.557
CT1989:295           82.500    9.486   -11.966   -35.741   -55.610   -89.586
  -132.053  -194.667  -290.608  -420.324  -489.464  -569.384  -650.841  -640.947
  -585.296  -487.267  -451.720  -455.045  -402.363  -303.131   -93.370   44.330
   72.088   77.388   71.248   18.653   -31.160    -3.164   58.580   95.485
CT1989:290           35.609   29.102   12.932   -18.340   -55.320  -109.154
  -176.620  -234.744  -249.616  -211.897  -223.335  -314.336  -421.805  -443.742
  -462.964  -462.634  -402.642  -258.433  -117.181   -52.961   -32.360    -0.503
   45.988  106.152  113.662   61.486    3.369    -4.295   19.050   49.697
CT1989:285           14.756   -11.553   -33.712   -46.909   -72.476  -134.136
  -229.169  -291.804  -346.179  -420.158  -437.270  -328.935  -177.628  -153.937
  -260.973  -397.842  -335.894   -61.941  162.692  201.314  114.218   71.463
   90.387  137.433  143.999   89.385   25.220   13.640   23.274   35.150
CT1989:280            -8.310   -42.178   -68.881   -81.009  -104.393  -159.465
  -227.620  -269.361  -326.286  -414.477  -412.227  -252.106    3.663   58.849
   -84.465  -255.537  -192.354  133.471  394.611  384.647  153.126   20.441
   53.915  174.809  199.968  117.545    6.298   -14.629   10.081   39.093
CT1989:275           -27.570   -41.226   -54.291   -66.531   -90.553  -136.043
  -206.592  -232.606  -169.475   -89.119   -81.900   -16.209   -12.909   -18.042
   -53.922   -88.537   -17.605  242.302  465.528  413.054   63.978  -120.184
   -45.172  187.187  246.496  154.509   17.545   -14.058   13.854   55.569
CT1989:270           -37.656   -44.988   -46.593   -32.662   -38.736   -87.950
  -185.378  -213.568   -81.560  282.464  455.195  243.566   -87.796  -146.229
   -78.686   -27.771   39.074  218.998  344.081  298.452    7.825  -151.093
   -58.140  214.077  277.789  169.282   25.185   15.774   68.125   94.409
CT1989:265            -8.969   -29.338   -52.510   -76.142  -103.069  -145.152
  -205.096  -235.363  -284.047  -432.177  -492.255  -308.255   -90.075   -21.985
   28.085   99.449  151.015  191.610  217.231  207.835  121.863   73.273
  106.842  212.589  228.139  149.046   37.478    1.833   14.651   36.959
CT1989:260           -15.617   -38.380   -64.765   -98.068  -124.805  -145.697
  -167.527  -180.753  -247.463  -348.589  -342.177  -257.720   -67.470    4.904
   26.226   50.096   86.985  135.705  179.410  200.177  222.299  229.625
  210.434  161.805  133.259   92.152   36.042   10.871    1.407    0.525
CT1989:255           -29.604   -50.381   -75.700  -103.958  -125.617  -136.351
  -142.486  -139.949  -140.744  -106.251   -66.358   -73.851   -27.466   -11.476
   -56.422  -106.873   -80.176   44.935  142.983  174.930  210.146  227.241
  202.202  149.191  120.002   80.768   35.917   13.335    5.652    8.320
CT1989:250            -8.614   -37.134   -65.048   -97.471  -118.030  -118.481
  -120.341   -77.530   -11.880   63.331  100.323   55.979    -8.803   -65.206
  -115.524  -151.525  -147.862   -45.585   52.215   67.330   65.797   91.880
   78.031   61.758   67.394   51.298   32.382   25.755   24.980   28.115
CT1989:245           33.903   -11.103   -52.131   -97.263  -120.224  -108.233
  -103.433   -12.652  201.274  380.948  374.616  392.908  181.593   21.545
   -54.009  -114.691  -156.561  -165.625  -215.012  -190.740  -274.146  -375.579
  -214.953    5.512   59.015   56.581   48.660   43.162   40.725   34.487
CT1989:240           47.823    0.655   -56.813  -125.325  -156.047  -121.373
   -80.897   47.914  583.339 1560.726 1873.985 1342.916  606.581  339.607
   69.831  -179.596  -265.785  -132.164   41.729    -3.511   -54.353   14.895
   28.904   76.705  128.722  107.436   53.940   35.902   31.043   30.010
CT1989:235           50.148   20.803   -26.966  -117.423  -157.574  -110.161
   -32.122  108.473  421.129  955.790 1136.472  876.023  479.412  267.574
   26.730  -210.671  -363.575  -565.966  -813.711  -780.276  -606.424  -496.942
  -315.223   24.968  170.769  118.445   44.560   32.227   18.375    6.633
CT1989:230           11.427   -22.719   -60.300  -103.365  -115.560   -94.494
   -80.912    -0.537   -10.990  -172.600  -190.700   83.887  368.473  291.808
   74.126  -138.835  -321.270  -528.027  -684.773  -807.383 -1105.484 -1171.410
  -784.081  -143.418   89.978   88.197   57.012   47.436   40.350   39.656
CT1989:225            -8.131   -36.086   -66.186  -103.370  -103.719   -50.942
   12.113  125.440  203.124  231.690  269.393  384.634  511.824  404.933
  199.977   -39.043  -247.478  -396.552  -422.886  -564.608  -898.224  -963.827
  -613.069  -103.203   73.969   75.517   60.215   52.103   44.906   52.450
CT1989:220           -36.374   -54.051   -68.484  -103.077   -94.025    6.482
  133.385  309.790  705.515 1214.546 1342.515 1201.388  917.493  707.570
  384.494   64.036  -203.233  -689.370 -1018.187  -862.153   -73.979  425.430
  330.115  164.138  186.630  141.872   73.286   52.765   39.021   26.902
CT1989:215           -17.893   -54.888   -82.721  -108.012   -90.030   39.009
  191.361  371.912  996.067 1945.409 2185.031 1587.637  769.973  493.246
  282.031   73.448  -160.339  -835.505 -1368.744 -1064.337  -132.825  259.728
  378.549  465.136  466.417  305.175  111.383   49.040   38.714   36.247
CT1989:210           -15.935   -50.318   -65.653   -75.872   -71.645   16.267
  196.039  321.332  482.290  693.307  731.248  513.716  131.830   16.090
   18.000    3.910   23.300  242.789  428.294  384.572  190.129  130.070
  202.348  227.919  207.801  147.458   65.806   40.576   38.069   32.588
CT1989:205           -16.031   -29.105   -42.286   -54.380   -61.075  -103.742
  -196.334  -251.728  -421.458  -680.953  -723.277  -565.950  -359.622  -272.387
   -63.785  106.683  270.395  881.269 1338.000 1168.990  593.955  365.224
  250.785   88.076   32.203   45.976   68.496   60.250   44.641   27.057
CT1989:200            -3.927   -10.858   -26.436   -42.624   -70.079  -153.836
  -251.801  -387.409  -854.652 -1455.396 -1544.319 -1044.881  -339.567  -139.683
   -61.248   92.092  156.790  157.495  166.259  247.142  290.933  259.490
  149.052   -14.854   -56.463    4.128   75.711   82.526   64.640   37.244
CT1989:195           -16.248   -14.543   -30.817   -61.951   -90.784  -125.157
  -139.806  -222.184  -587.117 -1057.639 -1109.538  -749.047  -197.680   -75.949
  -295.959  -542.700  -524.577  -560.689  -685.984  -466.927   -54.017   59.625
   15.407   -51.776   -60.089   15.183  101.387   92.412   45.991   14.144
CT1989:190           -24.706   -41.224   -55.355   -63.178   -76.022   -92.476
  -100.657  -124.824  -184.537  -316.309  -329.449  -122.781   51.725   44.298
  -193.134  -427.561  -392.579   -26.466  249.286  202.749   44.965   10.979
    -1.992   -20.257   -10.686   43.031  101.196   99.030   60.885   14.179
CT1989:185           -32.751   -39.574   -39.825   -38.112   -31.027   -14.682
   -14.661   16.859  334.300  849.861  983.766  695.369  342.281  225.465
   74.949   -64.422   -74.362  225.842  517.239  394.383   41.804   -42.569
    -7.777   36.430   55.981   75.445   93.768   59.843   -15.401   -64.523
CT1989:180           -55.276   -50.854   -38.544   -22.408    -1.992   48.317
  113.190  169.289  337.876  554.597  629.922  605.216  552.366  438.014
  121.498  -116.246  -246.736  -499.316  -683.419  -494.432  -179.236   -62.789
   -16.875   26.654   54.512   77.602   95.097   60.562    -6.868   -53.948
CT1989:175           -74.328   -52.496   -27.593    -3.415   21.041   59.052
  101.522  104.272   -40.274  -312.012  -329.229   40.259  336.783  258.373
  -172.406  -622.390  -726.921  -702.750  -676.011  -515.893  -166.374    5.229
   24.541    -2.263   17.438   57.625   96.201   88.863   48.908    -2.566
CT1989:170           -62.873   -38.758   -12.479   16.789   37.038   49.355
   67.859   48.245   -95.484  -298.170  -308.194    -3.617  352.863  310.856
  -109.393  -449.534  -541.248  -435.443  -279.967  -233.942   -82.888   36.262
   46.475   -22.641    -6.357   41.263   82.862   71.797   34.928    2.266
CT1989:165           -67.528   -34.150    -7.705   14.212   33.028   39.809
   38.735    3.234   -40.439   -38.344   -33.739   -10.018   85.429   65.769
  -115.735  -249.833  -361.694  -578.917  -674.550  -538.390  -202.893   -45.202
   -21.287   -30.432    3.103   44.519   77.607   63.013   22.029    -9.712
CT1989:160          -105.282   -73.138   -42.505   -11.038   19.573   53.579
   83.449   29.991  -108.344  -239.973  -291.040  -376.972  -463.523  -432.405
  -257.633  -158.385  -221.626  -519.516  -696.582  -632.849  -408.728  -298.265
  -221.233   -82.187    4.139   49.356   82.879   82.003   46.454    2.997
CT1989:155          -137.113  -102.474   -62.196   -15.312   20.927   72.335
  146.589   84.336  -234.046  -675.761  -792.913  -663.598  -513.639  -432.961
  -234.768   -98.897   -19.753   -20.179  -124.503  -239.978  -614.825  -756.534
  -522.737  -151.049   -30.599   26.811   69.758   66.613   31.899    4.783
CT1989:150          -133.968  -102.327   -67.966   -31.192    4.284   76.596
  166.003   99.778  -240.507  -651.071  -745.666  -572.368  -348.907  -285.802
  -173.613   69.927  264.998  886.706 1277.338  783.798  -308.939  -655.164
  -496.571  -157.477   -25.621   25.461   53.103   53.097   27.895   11.137
CT1989:145          -126.899   -96.463   -65.471   -30.102    0.463   43.322
   84.428   19.487  -197.944  -432.146  -484.199  -336.824  -171.409  -235.841
  -756.967 -1113.360  -701.165  510.511 1028.739  693.155  -211.796  -559.857
  -439.348  -163.957   -51.494    -7.995   21.701   34.667   22.611   12.266
CT1989:140          -123.494   -82.050   -44.094    -8.891    8.465    7.311
    5.961   -31.024  -136.855  -241.254  -256.220  -138.449   -32.625  -163.785
  -844.929 -1297.766  -981.561   -20.975  391.810  227.725  -254.261  -454.717
  -357.661  -161.464   -84.959   -22.378   27.439   24.960    2.820    1.050
CT1989:135          -133.673   -96.199   -53.198    -5.356    8.568   -35.989
   -91.491  -107.735  -112.691  -118.215  -107.752   -24.786   32.354    -6.257
  -180.066  -232.090  -157.919   85.339  210.431   97.898  -182.533  -309.877
  -269.611  -166.345  -112.948   -37.064   27.467   45.172   33.861   19.673
CT1989:130          -154.221  -127.399   -85.757   -21.495    -4.648   -73.012
  -161.232  -156.075   -52.830   63.116   78.983   32.672   -10.607   42.671
  335.039  641.645  616.582  470.468  446.282  264.086   -14.197  -127.155
  -166.324  -175.931  -144.215   -51.265   26.035   43.709   40.321   43.715
CT1989:125          -165.151  -125.079   -84.082   -36.984   -29.595  -111.056
  -219.743  -195.934   32.336  272.238  281.277   20.928  -204.510  -132.803
  179.069  341.078  412.494  369.474  265.462  166.042   21.139   -74.665
  -113.356  -131.142  -114.606   -49.421   12.005   32.961   34.871   41.585
CT1989:120          -202.167  -148.376   -91.481   -34.239   -26.587  -112.031
  -206.844  -168.343  100.761  413.762  428.845   25.111  -340.105  -243.597
  257.221  566.154  592.712  446.642  323.988  196.113   16.333   -90.327
  -105.952   -99.991   -91.675   -43.059    2.613   22.662   28.314   28.184
CT1989:115          -214.543  -166.426  -110.225   -35.535    -9.420   -79.932
  -187.395  -168.682   21.433  219.393  247.764   72.076   -88.989   21.319
  507.628  935.805  883.373  605.557  469.330  312.926   93.681   -24.754
   -65.199   -82.607   -82.155   -33.003    9.877   11.225    -2.748    -5.125
CT1989:110          -176.899  -130.464   -80.179   -30.472   -15.774   -53.083
  -100.971   -92.941   -39.446   16.124   61.657  112.734  181.286  296.523
  442.435  474.658  567.295  634.795  563.983  400.563  152.863   16.470
   -19.854   -48.812   -50.041   -10.017   23.929   30.121   20.767   13.770
CT1989:105          -153.442  -113.915   -71.848   -24.320    -6.213   -26.073
   -53.620   -71.282  -123.039  -160.016  -103.533   52.598  219.749  365.437
  622.879  828.050  781.545  628.258  512.682  352.343  150.760   39.113
    3.298   -27.624   -19.721    9.382   31.431   43.797   48.825   51.496
CT1989:100          -132.613   -97.689   -68.143   -40.839   -33.020   -44.059
   -62.942  -100.645  -226.913  -348.086  -291.149   -63.251  142.853  279.169
  449.186  523.857  487.189  357.196  238.546   52.369  -101.945  -145.840
  -141.826   -48.218    -2.278   13.505   25.636   52.788   85.715  111.508
CT1989:095          -125.852  -101.947   -75.897   -46.678   -36.968   -50.768
   -71.001  -106.415  -229.297  -343.664  -281.713   -24.938  193.443  291.077
  350.060  365.172  273.715   13.435  -152.798  -379.077  -782.890  -860.426
  -521.077   -61.303   22.575    0.180    -6.356    9.009   33.322   61.234
CT1989:090          -109.058   -98.024   -85.772   -67.916   -63.088   -74.627
   -91.542  -108.215  -153.158  -186.839  -121.914  118.580  359.724  399.732
  314.995  284.828  231.750  112.144   84.215   20.836  -140.146  -179.108
   -64.217   34.015   26.850   31.369   34.741   26.917   26.355   34.035
CT1989:085          -116.002   -98.089   -84.165   -67.838   -63.676   -77.547
   -97.580  -110.357  -124.174  -119.388   -66.911   84.686  245.541  277.554
  206.976  171.817  186.738  230.376  297.307  432.367  718.706  770.601
  507.618  199.251  107.531   74.128   42.518   32.142   36.977   38.586
CT1989:080           -95.173   -77.942   -65.794   -55.903   -59.416   -81.711
  -102.360  -107.415   -99.296   -94.390   -62.141    -5.331    -0.331   28.005
   39.870   33.517   81.389  159.344  279.351  817.726 1739.654 1906.209
 1275.526  491.011  258.395  142.488   37.942   12.533   27.806   30.747
CT1989:075           -68.001   -49.074   -40.310   -39.192   -49.406   -79.689
  -114.621  -120.492   -71.199   -17.980    -7.531    7.733   52.283   26.367
   -72.178  -110.649   -98.161  -104.803   -24.898  373.224  931.160 1056.711
  809.889  390.840  232.499  123.624   24.738    3.887   16.638   19.051
CT1989:070          -114.406   -81.242   -38.273    8.524   15.424   -35.913
   -94.687  -110.217   -80.745   -51.494   -88.313  -216.598  -286.729  -291.309
  -232.663  -190.677  -256.072  -427.566  -426.089  -282.713   -35.939   93.046
  139.226  176.922  147.463   72.492   13.069   10.615   37.750   71.949
CT1989:065          -103.563   -68.529   -33.039    5.443    9.056   -36.681
   -81.866  -105.822  -126.069  -150.401  -210.981  -423.550  -621.148  -586.055
  -360.028  -254.696  -356.106  -600.263  -665.315  -675.369  -707.407  -627.010
  -301.286   35.120   91.342   40.186   12.288   38.686   89.774  147.084
CT1989:060          -104.936   -60.179   -23.906    8.442   14.384   -24.950
   -74.543   -97.125  -105.781  -117.328  -145.903  -199.933  -232.517  -256.619
  -312.297  -356.863  -348.362  -376.190  -394.145  -410.732  -377.492  -308.828
  -164.861   62.148  111.940   74.849   60.164  106.895  171.844  214.374
CT1989:055          -114.771   -70.770   -18.887   28.041   36.602    -1.076
   -40.152   -57.770   -54.950   -45.934   -47.119   19.708  104.495   77.776
   -11.848   -15.168   32.384  169.158  227.833  121.025   -31.541   -50.402
   -10.334   23.112   39.166   13.373    -7.416   44.066  134.385  218.692
CT1989:050          -102.505   -81.063   -44.076   12.987   34.831    8.244
   -20.684   -36.662   -52.828   -70.955   -85.336  -116.208  -155.089   -91.045
   57.290  140.275  219.062  330.711  361.177  394.011  401.356  350.608
  183.043   10.646   -28.356   -56.363   -56.338   12.236  111.509  207.417
CT1989:045           -69.700   -53.316   -28.418    4.855   22.851   24.815
   25.693   16.472   -13.470   -36.512   -81.702  -196.214  -249.228  -185.192
   -11.143   86.702  174.363  275.937  288.773  278.871  254.042  193.751
   50.044   -77.871   -81.501   -55.246   -26.565   43.652  125.443  199.575
CT1989:040           -37.571   -18.779    -3.313    7.596   23.626   47.996
   75.188   88.696   77.931   65.373   24.563   -80.755  -118.544   -85.786
   40.401  122.981  141.398  163.450  124.032  -122.828  -365.303  -415.395
  -333.821  -189.501  -145.045   -93.655   -37.232   25.790   97.467  174.427
CT1989:035           -36.212   -18.002    0.014   19.622   42.322   69.565
  100.043  145.362  217.864  266.495  254.077  155.657  104.439  108.280
  171.010  196.471  148.045   73.550   -10.341  -334.611  -819.241  -896.072
  -556.574  -243.222  -181.910  -122.666   -58.098    6.902   74.505  151.244
CT1989:030           -27.203    -9.810   16.589   46.193   73.943   90.465
  109.035  184.292  377.924  544.615  584.862  510.745  448.628  431.647
  410.435  342.483  273.908  167.489  118.450  214.585  409.297  354.033
   10.008  -214.620  -235.689  -164.798   -87.262   -14.791   58.534  138.524
CT1989:025            -9.732   24.039   47.969   62.676   86.042  107.015
  128.372  211.484  377.233  542.059  714.198  966.026 1003.480  962.270
  721.749  530.924  430.989  361.540  371.721  614.679  943.637  881.679
  356.528  -177.853  -265.844  -161.207   -89.028   -13.746   76.196  152.288
CT1989:020           -13.281   25.672   56.250   77.317  101.992  113.048
  122.704  189.501  267.753  343.483  577.087 1297.124 1666.527 1431.214
  627.617  237.443  219.581  258.560  297.441  502.849  749.043  689.064
  264.580  -173.430  -272.806  -183.472  -102.224   -16.803   69.503  143.513
CT1989:015           -31.718    -9.009   20.776   47.804   70.329   80.579
  105.625  185.919  323.529  339.335  390.229  719.711 1056.573  718.335
   76.904  -110.959   -44.029  119.586  201.861  287.009  329.369  277.099
   48.374  -206.395  -266.603  -187.459  -108.815   -41.551   37.770  117.608
CT1989:010           -35.073   -28.541   -13.856    7.668   28.081   39.862
   56.898  137.226  526.341  911.867  604.083  -835.473 -1820.516 -1522.679
  -613.752  -337.917  -227.485   -10.010  109.388  160.521  268.247  252.855
   45.273  -145.051  -193.434  -152.842  -109.758   -46.876   29.305  106.928
CT1989:005           -17.337   -10.246    0.566   13.524   26.122   26.059
   43.526   77.880  105.769   57.195  -107.723  -637.904  -923.890  -877.845
  -364.215  -115.209  -215.723  -428.237  -430.356  -155.834  177.894  211.681
   32.708  -140.455  -176.753  -141.558   -95.355   -27.441   51.287  130.700
CT1990:360           10.593   16.962   23.578   28.525   26.125   15.137
   16.087   23.769   -35.415   -93.542   -31.056  265.044  405.497  282.829
   67.159   -36.565  -195.969  -472.778  -511.420  -295.224    7.684   67.815
   -27.193  -117.278  -128.311  -104.074   -76.142   -11.942   82.704  173.060
