
filled_synop: 30 data points in equal steps of sine latitude from +14.5/15 to  -14.5/15

CT1980:360           -38.337    1.992   43.117   85.919  142.258  146.993
  129.363   79.037  -126.794  -557.452  -725.836  -649.720  -345.509  -177.526
  -126.500   -76.190   -68.707  -135.397  -198.848  -196.240  -147.734   -93.266
   -65.006   -47.948   -29.336    -6.820   21.750   48.010   69.537   91.108
CT1980:355            9.352   16.384   19.082   53.260  113.805  105.844
   31.612   -68.071  -148.825  -229.577  -271.738  -221.711  -107.504   -49.866
   -39.407   -36.989   -47.862  -132.973  -214.058  -206.944  -163.168  -132.105
  -103.822   -59.779   -23.644    -6.853    0.675   14.148   35.352   61.774
CT1980:350            -8.291   12.874   36.207   74.916  127.499  110.454
   -20.756  -153.189  -179.455  -118.839   -94.318   -74.229   -59.750   -62.745
   -95.201  -140.625  -151.108  -142.882  -125.046  -104.747   -70.863   -42.851
   -30.320   -37.080   -41.354   -22.271    9.700   41.087   72.898  104.502
CT1980:345           -16.743   15.548   44.252   75.103  106.674   84.577
   -33.614  -139.715  -139.976   -67.820   -28.896    -7.011    8.293   -15.443
  -138.237  -299.780  -319.044  -175.496   -28.364    3.155    -7.371   -13.878
   -11.843   -35.515   -53.712   -30.956   20.713   72.959  114.702  147.552
CT1980:340           -35.123    -7.583   22.324   27.246   32.692   11.078
   -65.866  -125.000   -99.109   -11.756   26.179   48.794   44.586    8.481
  -118.673  -250.840  -276.799  -187.807   -73.297   -52.828   -71.280   -77.511
   -65.464   -57.418   -47.911   -20.286   37.332   87.303  116.987  135.891
CT1980:335            1.168   20.113   24.565   -11.478   -67.234   -97.368
  -115.239  -121.484   -71.883   85.225  176.257  149.849   85.450   52.605
   -21.636  -117.386  -166.232  -220.752  -270.873  -254.943  -173.189  -124.663
  -105.435  -100.048  -101.910   -71.792    -8.766   61.765  123.523  177.707
CT1980:330            -7.514    -1.590    7.276   -38.583  -116.372  -146.512
  -141.779  -128.964  -111.999  -103.404   -86.511    8.260  122.483  147.496
  111.974   52.334    0.315   -91.645  -195.227  -199.035   -85.749   10.369
    8.878   -75.546  -124.048   -89.954    1.376   86.846  150.276  207.837
CT1980:325            -1.076    2.556    -6.625   -56.945  -121.175  -148.500
  -143.488  -130.427  -128.672  -164.370  -156.424   -44.893  133.210  195.131
  217.753  232.467  179.277   72.091   -34.780   -81.492  -104.932  -135.843
  -116.191  -105.403  -110.656   -83.339   -27.641   35.362   94.930  152.348
CT1980:320            -1.721    -2.038   -12.224   -55.011  -115.566  -137.693
  -121.806  -102.061   -91.112   -85.632   -51.563    5.822   83.414  129.659
  224.058  306.798  222.542    1.995  -200.320  -265.632  -248.452  -209.120
  -151.753  -118.154   -97.260   -65.928   -28.839    9.493   55.729  110.855
CT1980:315           -19.577   -22.182   -24.655   -63.760  -134.488  -154.294
  -116.065   -86.737   -66.845   -43.473   -14.489   33.166   88.798  121.267
  188.712  223.698   65.268  -380.758  -676.902  -753.457  -562.846  -252.811
  -154.185  -158.295  -138.793   -95.265   -51.548    -6.823   39.508   88.578
CT1980:310           -14.233   -17.291   -28.288   -52.834   -85.113  -100.399
  -104.033   -97.895   -76.831   -41.874    -7.078   41.052  103.418  124.243
  137.107  140.028   -71.861  -969.426 -1833.369 -1794.981 -1036.753  -432.638
  -278.165  -197.446  -141.557   -94.019   -40.017   19.586   74.372  127.911
CT1980:305           -33.297   -36.637   -43.458   -65.812   -95.634  -111.863
  -137.081  -155.488  -130.367   -72.403   -29.692   13.415   84.712  106.221
   66.615   25.778   -57.193  -338.406  -612.434  -598.963  -274.862   -27.682
    3.696   -64.696  -118.018   -90.807   -50.119    -5.307   57.192  132.655
CT1980:300           -36.944   -47.235   -58.266   -84.922  -119.015  -132.613
  -123.756  -109.559  -100.179  -108.943   -94.835   -51.985    5.669   27.442
    -6.753   -50.857    1.595  382.397  853.864  765.610  331.467   70.540
   -19.534  -102.101  -147.435  -111.198   -55.509    2.838   71.786  155.952
CT1980:295           -47.066   -53.739   -63.549   -98.537  -144.171  -154.815
  -129.902   -99.584   -79.072   -77.242   -57.232   -27.120   -10.897    2.340
   -28.296   -54.670   94.717  586.218  949.885  822.158  174.371  -416.520
  -574.092  -397.531  -191.020  -100.837   -34.664   24.836   86.071  145.165
CT1980:290           -75.479   -66.475   -51.320   -84.673  -145.007  -153.453
  -125.952   -85.619   -37.858   36.683   91.226  129.259  168.088  188.539
  108.037   47.913  267.560  889.857 1209.437 1077.917  185.769  -711.929
  -883.271  -482.998  -135.146   -50.947   -14.975   29.252   74.620  123.423
CT1980:285           -50.578   -49.975   -58.903  -107.683  -174.265  -182.286
  -138.569   -85.159    -4.945  134.132  217.592  259.197  313.120  337.717
  266.615  211.862  481.502 1578.534 2663.221 2452.060 1014.738  -190.402
  -510.760  -362.889  -150.357   -63.529    -4.573   39.237   85.329  133.567
CT1980:280           -26.017   -36.878   -50.477   -87.623  -153.505  -150.868
   -68.259   30.591  124.788  228.257  268.003  292.521  253.490  235.992
  218.300  182.713  392.150 1167.062 1871.831 1799.480  930.056   -51.786
  -363.016  -274.821  -145.212   -83.073   -17.491   38.098   91.150  145.883
CT1980:275           -32.584   -43.494   -60.004   -91.107  -136.587  -119.394
    0.778  131.701  258.278  496.662  608.890  471.968  191.332  100.100
   78.199   52.017  146.511  415.263  679.492  652.054  262.778  -219.949
  -384.686  -299.703  -181.839  -114.457   -35.340   36.277   96.672  154.062
CT1980:270           -59.523   -62.070   -66.222   -86.497  -119.056  -103.353
    -0.456   94.410  155.487  288.455  370.279  244.124   74.108   22.329
   -17.801   -35.968   -20.472   -21.309    2.312   -18.040   -94.157  -172.576
  -241.756  -229.950  -182.099  -137.689   -71.024    1.937   73.241  145.650
CT1980:265           -89.466   -79.297   -64.598   -69.503   -85.295   -77.552
   -32.188   29.846   -46.955  -392.782  -523.604  -328.895   -71.817   -39.904
   -55.821   -74.931   -92.157  -123.581  -115.880  -127.146  -130.040  -121.163
  -147.596  -191.950  -219.349  -189.480  -124.176   -47.035   29.605  130.101
CT1980:260           -40.818   -44.342   -46.739   -50.287   -60.133   -67.950
  -112.636  -136.393  -162.642  -278.772  -306.239  -164.308   90.157  124.446
   26.399  -105.791  -140.135  -105.304   -77.414   -70.023   -66.806   -76.259
   -98.518  -137.761  -166.255  -143.924   -80.653   -12.421   51.846  117.946
CT1980:255            3.498   -25.052   -54.181   -72.677   -83.151   -72.172
  -102.978  -106.579    5.604  197.928  264.897  333.204  412.941  368.529
  150.487   -69.851  -110.896    -9.836   84.551   94.340   38.112   -19.541
   -45.725  -109.190  -165.074  -153.653   -82.446    -2.179   63.611  121.227
CT1980:250           18.831   -36.590   -92.509  -111.130  -130.239   -92.963
   20.812  113.367  368.491 1006.881 1231.966  862.733  312.871  126.914
   11.662   -73.553  -102.599   -37.557  110.605  110.143   63.733   83.063
   68.681   -31.686  -115.216  -108.721   -30.267   42.263   79.800  113.329
CT1980:245            0.448   -37.219   -67.814   -77.975   -88.973   -30.184
  200.186  423.253  616.045  943.105 1036.960  646.022   -70.365  -313.177
  -273.255  -194.874  -210.962  -360.941  -527.094  -418.654   -55.785  181.855
  187.866   77.136   -21.026   -43.654   -32.423    -9.561   22.354   61.826
CT1980:240            -2.749   -32.299   -53.623   -61.143   -78.775   -64.695
   79.178  238.818  358.908  509.664  542.622  257.518  -270.829  -458.512
  -398.452  -291.801  -265.846  -273.550  -312.655  -218.133   11.785  150.877
  157.569   94.119   28.587    3.509    -7.586   -14.134    -7.098   11.364
CT1980:235            7.813   -28.077   -62.724   -78.822   -88.769  -127.240
  -282.287  -351.520  -227.982   20.343  110.188   22.408  -180.838  -282.467
  -287.100  -194.546  -136.372  142.800  459.126  444.964  223.501  118.462
  110.030   91.278   68.820   54.416   45.977   32.560   15.840    -7.511
CT1980:230            -4.098   -37.390   -61.163   -57.234   -43.271  -149.853
  -648.703  -998.332  -698.498  156.345  525.033  449.662  104.560   -52.300
   -54.080   -88.456   -85.127   98.804  254.618  278.196  188.303  107.788
   99.217   91.113   78.239   72.057   76.942   74.834   60.305   38.591
CT1980:225           33.954   -16.982   -70.248   -82.090   -73.206  -153.545
  -493.007  -710.211  -341.474  762.532 1256.183 1231.634 1125.832  997.763
  460.905   -58.923  -163.108  -171.643  -192.788  -139.475   -14.569   61.699
   79.119   89.376   98.253   90.736   61.069   43.278   55.212   86.153
CT1980:220           32.276   -20.310   -74.715   -86.458   -71.709  -132.913
  -362.339  -510.375  -220.529  719.464 1184.017 1200.597 1356.665 1316.499
  566.700   -87.060  -201.698  -238.285  -261.221  -209.349   -61.915   52.159
   80.678   76.415   68.366   65.418   61.529   62.757   75.670  100.823
CT1980:215           -32.736   -35.993   -38.759   -37.974   -37.878   -74.731
  -123.230  -189.932  -356.692  -749.105  -920.094  -752.696  -563.592  -487.491
  -297.587  -151.333  -118.166  -133.787  -112.825   -73.882   18.575  109.372
  126.198   97.226   73.597   79.106  101.875  125.061  143.053  157.853
CT1980:210           -76.175   -60.708   -45.495   -12.813   52.675   30.709
    -9.851   -84.555  -505.382 -1575.009 -1996.302 -1825.475 -1540.184 -1332.254
  -743.750  -190.468   -41.765   -11.793    -8.557   27.333   84.803  119.409
  120.822   85.906   60.175   75.657  119.793  158.103  180.640  200.168
CT1980:205           -52.670   -41.910   -24.847   18.808   77.250   61.284
    4.033  -102.393  -428.514 -1084.897 -1357.192 -1271.924  -860.803  -607.580
  -340.407   14.981  150.366  170.286  198.823  196.238  126.865   75.343
   63.150   40.832   23.010   44.265  101.882  160.869  204.342  237.486
CT1980:200            1.885   -10.558   -22.700    -3.602   31.923   21.471
   -32.085  -115.858  -223.769  -345.205  -403.126  -353.313  -170.820   -47.250
    7.627   50.647  111.452  142.487  146.304  136.044   72.828   16.572
    0.432    -5.660    -5.279   24.416   92.648  156.369  206.509  251.656
CT1980:195           -57.168   -68.259   -67.847   -29.266   34.752   40.918
   -17.871   -75.884   -73.561    2.722   29.109   39.609   24.221   34.354
   57.741   44.357   51.802   50.159   40.479   42.611   28.976    8.015
    -3.679   -16.688   -21.831    2.838   55.420  112.520  168.991  224.076
CT1980:190           -75.402   -87.047   -84.762   -44.784   15.396   35.257
    -7.736   -34.349   25.367  169.349  222.031  207.721  144.112   93.895
   25.656   -51.028   -71.589   -39.771   -19.644    3.013   12.782    5.494
    3.969    -8.034   -15.441    4.532   46.909   94.127  146.293  204.507
CT1980:185           -75.182   -77.089   -77.581   -54.346   -25.816    1.055
   25.003   54.798  132.472  279.676  333.044  305.441  206.595  104.708
   -63.728  -211.429  -255.183  -155.820   -28.928   10.624   25.310   42.808
   44.368    -7.495   -39.972   -14.007   51.697  113.103  157.010  200.722
CT1980:180           -70.544   -81.424   -81.851   -54.482   -12.234   25.995
   76.189  133.535  216.143  369.600  452.207  420.001  363.657  244.004
  -126.289  -504.329  -588.325  -413.268  -199.422  -123.577   -53.849    0.438
   19.000   -18.204   -49.205   -25.134   35.602   98.681  154.761  210.341
CT1980:175           -74.366   -82.046   -77.186   -42.788    -0.585   38.873
   85.149  138.421  204.009  282.440  330.010  359.961  389.168  281.102
  -159.604  -707.517  -817.014  -603.603  -437.133  -356.155  -181.690   -41.329
    -1.137   -40.235   -67.057   -30.523   43.080  117.459  181.950  239.029
CT1980:170           -72.822   -70.734   -67.853   -32.828   15.037   53.113
   68.140   99.452  169.659  249.051  299.480  355.254  398.184  324.831
  143.371   -31.071  -179.570  -403.648  -554.208  -509.108  -280.182   -99.875
   -49.099   -52.254   -32.693   13.834   93.171  168.388  217.331  258.684
CT1980:165           -70.114   -79.327   -75.542   -46.101    -9.800   26.850
   49.237   93.833  219.684  457.177  579.465  556.784  476.571  405.763
  400.274  415.638  253.895  -141.150  -334.985  -386.850  -335.366  -206.845
  -148.744  -107.505   -71.533   -25.950   49.433  127.340  187.177  235.017
CT1980:160           -49.853   -66.199   -77.613   -60.874   -26.555   14.964
   42.868  102.792  281.017  636.101  779.431  703.648  510.540  411.057
  317.786  200.725   75.221  -395.445  -949.291  -841.744  -323.566   -68.684
   -56.929   -85.156   -91.997   -66.230   -15.455   44.429  113.507  193.287
CT1980:155           -30.173   -35.312   -38.068   -40.967   -55.362   -16.669
   60.420  152.455  331.279  682.681  842.008  741.733  509.590  400.276
  290.865  163.677  163.390  389.726  603.510  548.587  338.114  168.665
  102.832   36.297   -28.628   -26.077   22.463   75.044  128.915  184.727
CT1980:150           10.009   -27.295   -64.449   -57.675   -44.193   26.042
  182.199  314.594  409.422  520.789  572.706  552.018  493.751  444.460
  356.247  298.227  394.749 1040.769 1646.844 1533.459  916.940  456.342
  306.827  144.968   14.656    6.897   63.232  113.959  153.885  192.178
CT1980:145           45.736   -46.022  -141.106  -110.319   -34.127   61.584
  340.029  566.479  525.731  262.372  184.951  263.362  374.067  380.963
  328.129  236.951  306.567  775.290 1032.862  990.273  581.993  180.010
   93.358   59.889   25.970   29.803   70.910  108.750  142.475  173.629
CT1980:140           -29.698   -60.076   -70.857   -49.883   -15.806   62.337
  254.728  393.738  310.025   -32.836  -164.252    -2.910  284.693  342.817
  240.291   95.003   11.125   -82.156  -149.292  -173.209  -210.325  -237.589
  -201.670  -100.412   -22.713    5.297   27.306   56.073   86.731  122.186
CT1980:135           -69.721   -77.188   -72.108   -41.597    -2.099   49.687
  155.860  215.253  109.913  -166.968  -259.555  -110.696  210.113  286.172
  151.815   -21.313  -243.067  -877.484 -1286.924 -1281.987  -800.234  -277.796
  -125.585   -71.354   -17.335   21.473   21.219   26.822   43.802   68.171
CT1980:130           -73.573  -100.023  -124.317   -69.759   37.965   80.982
  103.361   99.547   -34.048  -341.416  -433.815  -280.189   49.211  125.802
   22.864  -117.683  -362.401 -1396.726 -2405.707 -2195.279 -1044.024  -334.088
  -168.268   -32.721   88.234  135.106   89.541   51.987   22.456   -15.857
CT1980:125           -95.723  -123.987  -120.603   -44.330   71.568  113.140
   96.377   54.169   -69.722  -377.707  -520.253  -364.486  -133.028   -63.599
   -31.579    -6.363    -1.997  153.230  364.724  170.456  -370.825  -610.709
  -568.056  -249.991  108.985  206.904  148.370   75.170   20.525   -29.368
CT1980:120           -35.863   -66.380   -92.376   -26.432   94.252  127.575
   90.902   40.019   14.554  101.012  169.833   23.773  -129.280  -118.848
   -25.555   64.133  244.115  987.338 1555.623 1224.177  -444.549 -1721.465
-1615.834  -606.768  135.562  254.316  183.332  113.488   51.923   -21.077
CT1980:115           -87.161   -93.918  -101.658   -15.072  125.565  158.330
   99.245   25.976   -33.697   -84.129  -102.455  -115.178  -127.631  -103.493
   -33.999   43.282  206.215  737.232 1024.098  879.710   -89.628  -866.652
  -822.985  -202.430  291.446  336.441  221.254  119.936   41.739   -44.300
CT1980:110          -120.615  -101.877   -65.152   27.899  153.042  167.989
   34.028  -106.242  -163.211  -237.157  -274.341  -191.987   -90.557   -76.384
   -66.870   -50.686   -30.283   11.214  161.574  316.754  679.992 1009.808
  997.230  637.840  328.317  194.103  116.406   56.461   -16.816  -101.009
CT1980:105          -107.288   -71.439   -36.638   30.122  129.314  135.952
   57.829   -11.116   -66.615   -93.913   -79.285   -92.073   -64.908   -90.941
  -237.649  -366.381  -501.382 -1163.186 -1457.767  -979.372  687.754 1917.420
 1943.595 1086.987  332.674  133.188  123.589   68.053   -57.741  -198.965
CT1980:100          -102.729   -68.555   -25.926   45.735  137.200  136.888
    9.619  -122.044  -161.383  -165.492  -166.936  -131.616   -70.191  -104.333
  -387.216  -730.416  -808.706 -1392.295 -2105.898 -1463.585  626.693 2009.026
 2091.362 1511.331  948.492  638.597  346.272   73.105  -166.170  -385.519
CT1980:095          -109.811   -75.280   -34.754   25.398  103.902   89.350
   -69.291  -224.271  -263.881  -254.173  -243.760  -191.828  -105.883  -113.305
  -313.465  -525.847  -305.466  670.598 1617.830 1869.778 1804.897 1727.920
 1625.542 1345.141 1041.263  785.894  446.488   90.809  -222.239  -511.732
CT1980:090          -118.874   -90.222   -60.532   -12.900   67.301   49.219
  -116.636  -251.424  -287.369  -279.133  -259.973  -203.157  -131.103  -115.685
  -196.709  -235.086  256.926 2455.066 4552.339 4261.060 2151.839  822.815
  687.729  877.593  914.839  734.718  386.703   20.428  -253.698  -527.352
CT1980:085          -102.671   -61.274   -22.753   18.185   68.318   40.335
  -120.013  -255.645  -253.295  -151.864  -104.833   -78.558   -94.866  -114.640
  -179.060  -230.797    0.777  638.890  979.337 1031.910  511.585   -49.664
   -89.499  304.172  629.865  585.309  339.268   75.738  -146.716  -355.356
CT1980:080           -76.529   -42.435    -5.405   14.427   35.846    9.944
  -121.120  -228.262  -190.863    6.504   87.478   58.121   59.076   34.555
  -206.111  -408.817  -358.465  -246.127  -157.982  -184.279  -395.264  -488.177
  -420.278    0.629  362.113  385.637  219.829   60.737   -70.776  -213.102
CT1980:075           -49.866   -24.584    -4.699   17.214   46.532   28.592
   -60.270  -135.996  -134.737   -40.818    -4.345   -44.211   -61.731   -83.299
  -245.769  -393.297  -369.837  -359.808  -380.660  -406.386  -541.681  -585.858
  -503.098  -124.267  200.055  247.973  154.769   63.282   -23.133  -123.152
CT1980:070           -72.690   -46.799   -23.033    -6.179    8.993    -1.423
   -53.361  -100.157  -127.286  -185.060  -231.645  -257.629  -353.664  -360.453
  -158.799   80.329  120.561   88.360  125.326   51.566  -228.686  -391.547
  -336.133   -65.393  168.219  201.596  126.221   49.483   -11.415   -68.457
CT1980:065          -115.428   -93.586   -65.852   -51.933   -39.319   -36.906
   -23.283   -16.814   -41.545   -85.305  -111.153  -132.403  -144.907  -116.786
   -21.155   96.101  151.199  228.091  276.319  244.117  128.519   67.024
   56.472   84.385  130.170  118.931   33.472   -23.121   -29.696   -12.768
CT1980:060           -86.163   -53.601   -23.402    -9.156    -3.033    -4.831
   -11.345   -25.666   -29.906   14.631   41.765   -14.500   -72.452   -57.544
   -43.129   -53.213    -6.356  116.261  193.473  211.246  203.481  172.962
  150.257   77.885    9.204    1.122   21.283   38.733   39.856   38.359
CT1980:055           -66.002   -34.967    -9.055    -5.900   -12.403   -19.786
   -21.035   -30.827   -86.227  -206.782  -252.865  -192.663   -85.784   -35.093
    3.025   35.816   51.073   35.118   28.777   70.709  177.854  242.972
  223.017  107.572    2.229   -20.817    9.324   43.378   57.276   59.564
CT1980:050           -74.389   -44.372   -14.854    -9.452   -14.976   -24.510
   -46.878   -70.721  -157.144  -411.759  -503.356  -305.429    5.265   90.651
   64.616   22.123   16.978    -5.890   -27.122   24.286  190.119  306.581
  280.654  103.707   -33.023   -52.301   -16.213   17.482   35.688   59.920
CT1980:045           -61.925   -43.895   -31.283   -23.268   -14.731   -12.821
   -45.844   -77.109  -122.737  -222.855  -237.324  -120.880  116.072  181.081
  123.130   53.734   15.129   -21.016   -28.714   25.744  178.355  294.312
  311.179  227.808  144.593  103.569   76.740   50.638   23.355    -2.575
CT1980:040           -56.344   -76.501   -94.910   -85.541   -58.408   -24.424
   34.781   75.056   96.758  119.101  147.222  163.510  220.036  199.127
   42.944  -154.530  -238.291  -216.551  -235.243  -143.821   84.322  230.593
  294.596  264.095  225.096  179.200   94.588   15.037   -34.826   -78.041
CT1980:035           -46.707   -54.754   -59.183   -58.757   -61.430    -6.211
  193.012  372.441  388.368  277.900  246.796  288.997  334.752  282.851
   94.135  -128.522  -302.841  -388.959  -320.649  -273.292  -121.837   75.634
  183.867  200.488  195.333  170.597  113.467   53.103    6.291   -30.663
CT1980:030           -18.673   -43.722   -58.666   -48.917   -40.242   35.611
  277.742  485.945  518.731  405.709  380.662  472.963  544.891  465.641
  210.164  -185.691  -498.090  -940.236 -1154.250 -1072.875  -572.221   -58.055
  122.033  153.111  169.673  167.493  127.251   89.827   60.210   30.670
CT1980:025            -1.975   -47.041  -101.109   -74.694   -20.574   53.502
  278.206  457.908  493.699  403.095  399.954  723.987 1164.419 1142.114
  585.033  -168.156  -591.664 -1567.856 -2413.759 -2183.849  -962.361  -101.503
   79.380  102.052  133.162  149.984  140.101  127.621  106.526   74.297
CT1980:020           -50.537   -68.200   -77.579   -43.103   18.811   81.256
  181.827  256.971  269.322  216.367  244.964  634.117 1452.467 1601.021
  899.585  185.310   -72.049  -529.004  -982.174  -894.885  -363.355    -9.274
   67.933   69.296   77.045   85.283   79.966   77.326   76.181   73.534
CT1980:015           -84.515   -71.457   -52.670   -23.365   18.501   24.165
    9.104   -16.739   -92.589  -251.459  -282.655  -156.730   63.377  157.251
  220.785  268.904  378.061  970.116 1587.409 1467.342  708.831  136.849
   31.356   48.407   63.557   67.636   66.300   64.893   70.333   79.628
CT1980:010           -69.940   -33.848    3.823   14.381   23.399    -6.974
  -152.944  -292.171  -426.076  -699.684  -806.202  -842.429 -1059.751 -1008.959
  -412.817   78.243  365.287 1303.679 2109.754 1912.156  824.371   52.448
   -65.765    9.176   55.898   66.978   77.865   88.349  102.515  119.888
CT1980:005           -85.552   -55.002   -22.744    -3.693   14.836   -31.169
  -215.795  -398.714  -519.428  -662.999  -710.559  -641.084  -393.112  -241.938
  -205.347   -76.326   79.730  288.249  331.673  338.424  187.502   -26.017
   -95.182   -40.959   20.248   50.544   81.529  108.941  127.117  135.875
CT1981:360           -93.314   -63.215   -31.177    8.657   81.136   67.641
   -40.376  -144.518  -246.498  -398.731  -443.414  -311.290  -109.219   -36.160
   -47.717  -101.318   -94.084  -163.379  -200.699  -200.781  -180.900  -148.231
  -133.838   -35.519   53.557   87.300  112.050  132.214  138.998  132.934
