
filled_synop: 30 data points in equal steps of sine latitude from +14.5/15 to  -14.5/15

CT2054:360           -37.184   -28.044   -20.727   -15.437   -11.645   -12.193
   -24.372   -45.018   -43.279   -20.158   13.047   29.523   48.248   53.900
    8.795   -90.770  -152.711  -112.130   71.431  193.046  181.925   87.317
   46.904    -3.394   -43.834   -34.287    3.267   34.417   69.177  105.345
CT2054:355           -38.601   -30.425   -20.905   -11.534    -0.552    0.342
   -15.480   -37.612   -38.650   -20.952    6.354   16.815   18.402   15.452
    -9.683   -58.855   -92.596   -49.386   70.537  137.129  126.787   66.192
   35.412    -4.799   -37.155   -29.408    2.974   32.147   68.327  104.316
CT2054:350           -52.242   -39.039   -25.124   -10.241    5.459    8.016
   -10.963   -39.185   -43.697   -19.402   15.031   23.738    9.106   -12.209
   -29.544   -62.567   -86.706   -62.669    5.089   44.324   51.864   38.348
   23.687    -6.509   -29.662   -23.448    -1.791   25.130   65.589  104.333
CT2054:345           -68.255   -51.663   -34.646   -14.995    7.144   11.829
    -6.023   -30.263   -31.769   -14.378   17.794   25.464    3.658   -26.007
   -43.850   -72.289   -92.519   -83.276   -50.415   -25.231    -5.873   15.539
   16.680    -5.653   -22.636   -16.924    0.494   23.333   59.198  101.383
CT2054:340           -81.426   -59.874   -37.035    -9.691   23.885   32.500
    -2.933   -73.346   -95.795   -62.753    -4.633   10.321    -9.907   -40.718
   -53.144   -67.116   -73.198   -70.923   -57.772   -38.495   -26.062    -4.564
    2.590    -5.147   -11.735    -8.153    -5.935   15.654   69.926  119.937
CT2054:335           -82.984   -67.109   -47.983   -22.137   10.750   19.760
    -7.729   -50.121   -63.254   -56.749   -37.652   -30.747   -32.124   -37.087
   -40.154   -51.472   -63.846   -61.616   -48.825   -37.660   -27.169    -3.969
    4.216    -3.527   -11.150    -7.524    -0.878   17.797   56.966   97.774
CT2054:330           -85.669   -67.178   -45.461   -18.509    9.721   17.181
    -8.561   -51.718   -68.045   -63.170   -47.569   -39.031   -31.288   -19.872
   -12.156    -3.321    2.707    1.467   -18.423   -31.948   -25.423    -6.402
    -2.446    -5.524    -9.184    -4.342    4.714   21.054   50.353   85.879
CT2054:325           -83.094   -61.634   -40.720   -18.035   11.212   21.675
    1.357   -34.951   -46.582   -47.084   -42.062   -36.543   -19.267    -1.575
   14.774   56.888   96.583   94.262   47.421   14.842   10.917   12.054
    7.951    -2.298   -11.790    -4.631   11.381   30.501   64.091   96.206
CT2054:320           -67.926   -48.939   -30.692   -13.610    1.176    5.699
    -3.148   -22.518   -31.431   -24.956    -8.167    2.175    7.716   17.174
   37.240   85.912  132.707  134.247  106.920   92.343   66.259   31.648
   16.656    2.765    -9.772    -6.524    3.643   21.802   55.875   94.558
CT2054:315           -50.643   -34.218   -18.005    -0.713   17.546   25.169
   19.651   10.283    6.312    0.883    -8.103    -7.902    1.487    7.479
   17.989   52.329   78.785   83.651   63.936   40.141   37.706   31.116
   19.734    3.589   -10.279    -8.541    0.862   18.950   51.334   89.014
CT2054:310           -28.236   -14.848    -2.139   10.942   22.857   27.042
   21.357   10.104    5.031    5.013    8.510   10.557    -0.102   -13.641
    -6.111   12.715   28.936   34.124   43.372   51.076   47.461   35.903
   26.243    5.233   -17.291   -11.192   18.282   39.251   59.961   80.907
CT2054:305            -8.414    0.294    6.867   11.566   14.836   14.205
    5.811    -9.651   -17.738   -17.558   -14.357   -11.367    -1.785   14.655
   18.969   -11.409   -38.648   -37.462    -9.848   16.308   26.585   50.955
   55.680   19.559   -18.958   -14.748   12.471   37.255   65.738   95.382
CT2054:300            -4.903    -0.164    4.815    9.804   15.053   15.702
    8.497    -3.658    -9.475   -18.260   -34.366   -38.271   -11.988   19.506
   22.553   -15.066   -54.556   -63.015   -80.685   -89.701   -47.801   37.191
   58.076   36.333   13.190   10.823   10.511   25.861   68.396  106.992
CT2054:295           -12.483   -15.248   -14.687    -9.082    -1.487    1.817
    1.976    0.437    -2.126    -5.274    -4.595    -1.120    -1.371    4.315
    7.491    9.564   14.080    3.032   -38.362   -51.807   -21.492   41.646
   56.715   26.960    -4.831    -7.421    0.513   17.129   52.299   90.859
CT2054:290           -13.583   -16.763   -18.606   -17.198   -13.600   -10.637
    -4.282    4.207    5.286    -3.868   -17.223   -20.390   -23.009   -28.447
   -18.070   20.350   55.328   57.391   39.818   36.441   41.148   55.822
   53.377   21.912    -8.098   -12.056    -3.829   12.500   45.597   85.762
CT2054:285           -10.928    -7.379    -5.270    -8.816   -16.953   -18.270
   -15.766   -11.098    -9.943   -17.872   -31.466   -34.818   -33.772   -32.351
   -18.555   24.626   67.787   80.858   77.757   73.858   71.256   62.473
   49.996   18.411   -17.424   -18.669    0.070   20.109   60.868   97.765
CT2054:280           -15.308   -18.795   -23.926   -31.617   -39.417   -40.186
   -31.591   -17.169   -12.866   -18.591   -25.593   -25.325   -17.937    -5.161
    8.294   30.620   51.762   69.276   88.508   95.604   90.282   80.492
   66.781   36.400    9.405    -1.938    -9.646    3.047   42.753   89.570
CT2054:275           -30.256   -27.761   -31.598   -35.972   -39.778   -36.014
   -23.603    -5.651    2.011    1.381    -2.210    -2.474    3.002    9.798
   20.131   39.115   57.143   68.788   77.636   81.660   78.513   69.420
   55.864   28.741    2.923    -6.901   -10.976    3.490   44.426   89.070
CT2054:270           -43.255   -38.400   -33.904   -33.749   -35.922   -29.206
    -9.333   19.493   31.667   32.426   32.515   32.610   21.130    8.168
   11.865   35.728   63.538   69.519   62.705   58.918   61.649   63.362
   54.342   23.525    -7.665   -14.857   -16.351    -1.782   42.162   84.892
CT2054:265           -57.573   -46.655   -37.373   -30.389   -23.948   -13.363
    4.552   23.775   30.990   31.455   25.236   23.173   13.502    -0.892
    -0.724   18.816   36.445   37.439   38.010   44.073   46.250   53.101
   49.725   24.948    1.027    -7.503   -16.550    -8.292   28.063   79.006
CT2054:260           -76.208   -56.724   -37.884   -20.332    -5.241    8.398
   26.515   51.191   62.453   47.564   17.782   15.201   34.695   50.466
   49.597   37.157   16.872    6.937    -7.243   -18.954    -0.441   38.276
   45.725   29.972   12.755    7.598    2.023   12.638   56.358   98.576
CT2054:255           -79.077   -60.721   -40.755   -16.284   10.179   27.492
   34.274   34.666   38.134   41.333   44.261   56.387   96.464  145.804
  145.298   87.163   27.613   10.050    1.811    1.522   10.327   34.266
   42.651   40.664   35.542   28.208   13.856   17.851   55.767   96.683
CT2054:250           -72.062   -54.084   -33.806   -11.425   11.798   26.424
   27.580   20.688   22.513   31.200   39.551   50.947  100.749  156.164
  159.244  113.708   65.536   45.629   10.584    -7.648    3.590   31.676
   42.639   47.561   46.988   37.533   14.736   15.660   49.505   95.167
CT2054:245           -58.483   -37.183   -19.242    -5.995    3.977   13.715
   21.035   25.485   29.534   34.634   38.682   38.016   51.503   76.871
   80.846   72.515   61.414   53.993   14.586   -12.629    3.281   36.432
   47.322   46.345   44.298   33.463    -4.756    0.055   69.961  131.673
CT2054:240           -60.296   -44.859   -30.291   -17.262    -6.214    4.292
   16.302   31.055   38.184   38.939   36.863   18.475   -37.642  -101.823
  -112.641   -52.777   15.356   26.770   15.698   20.869   27.136   26.184
   30.391   34.010   34.959   26.284    1.880    5.662   52.872  109.527
CT2054:235           -60.305   -51.156   -40.735   -30.023   -18.485    -6.542
    9.214   29.530   38.193   40.991   43.272   15.902   -86.095  -212.257
  -246.973  -212.242  -160.887  -125.475   -48.651    8.864   22.455   19.563
   26.652   32.883   36.854   31.999   12.829   16.880   59.393  111.164
CT2054:230           -57.616   -58.724   -53.554   -40.743   -19.869    -4.792
    7.948   22.551   28.511   34.001   44.564   20.742   -81.940  -204.078
  -245.485  -281.293  -310.671  -266.147  -117.421   -26.980    -2.262   16.059
   30.840   38.781   44.830   42.106   20.460   29.409   86.145  136.324
CT2054:225           -52.713   -43.764   -35.153   -27.837   -20.639   -11.612
    -1.035   10.745   15.188   15.231   13.954    -1.473   -35.528   -75.629
   -96.047  -106.596   -94.550   -85.036   -69.193   -43.574   -16.225   16.723
   33.540   36.054   37.831   34.039   15.719   17.200   54.003  105.068
CT2054:220           -57.961   -44.095   -31.208   -20.777   -12.410    -4.220
    2.801   10.027   12.462    2.825   -13.525   -18.693    3.518   38.867
   41.807   30.220   17.442    8.722   -21.467   -35.595   -22.693    -1.151
   11.349   15.955   15.905   13.924    -0.851    8.298   59.232  107.832
CT2054:215           -67.334   -51.769   -37.302   -22.573    -8.557    2.125
   10.625   18.236   18.998    6.226   -15.367   -18.952    -0.759   11.514
   13.247   17.760    5.189    -5.316   -23.851   -31.369   -21.063    4.447
   19.159   26.243   30.958   25.401    3.913    7.236   51.300  101.749
CT2054:210           -74.991   -60.175   -43.655   -24.814    -5.754    7.806
   17.881   27.400   29.157   17.481    0.059    -0.776   16.428   40.708
   45.838   29.137    5.910    -8.869   -39.261   -56.759   -40.550    -0.393
   18.131   28.407   34.487   28.167    1.396    0.483   41.837   96.713
CT2054:205           -77.329   -69.139   -56.412   -38.566   -12.785    3.330
   10.975   15.595   15.611   11.734    1.728    2.406   18.785   43.560
   53.509   54.877   52.675   34.571   -25.665   -62.093   -49.792   -10.096
    5.800   22.849   39.776   32.242    -7.452    -2.475   64.695  122.967
CT2054:200           -72.032   -56.530   -43.651   -35.445   -28.847   -22.201
   -12.945    -0.213    2.047    -9.260   -25.801   -25.834   -11.782    6.393
   21.980   60.507   93.456   80.642   19.818   -15.665   -19.397   -14.613
    -9.254    7.349   21.663   19.184    -2.257    -3.444   31.673   80.674
CT2054:195           -66.508   -43.526   -26.765   -19.651   -17.910   -15.775
   -20.219   -27.141   -30.705   -41.908   -57.662   -57.236   -41.496   -23.782
    -8.467   32.943   61.492   63.753   53.533   41.287   25.002    -5.843
   -11.912    4.176   21.019   18.716    -3.892    1.125   42.465   82.869
CT2054:190           -85.842   -68.757   -51.333   -29.170    -3.864    5.134
   -11.524   -37.670   -45.880   -45.332   -39.148   -33.672   -22.715    -5.147
    3.803   15.778   27.242   32.405   44.476   48.844   34.849    7.990
    1.632    4.632    8.288   11.555   10.732   21.317   54.091   86.875
CT2054:185          -103.421   -83.288   -59.186   -28.615    3.503   15.994
    -2.061   -32.259   -39.823   -32.378   -17.927   -11.642    0.056   11.790
    6.087   -19.466   -36.589   -34.130    -9.033    9.058    8.072    -5.797
    -5.316    1.289    7.270   14.708   19.294   29.940   57.224   90.944
CT2054:180          -106.547   -87.102   -63.266   -34.723    3.653   21.049
   11.103   -11.492   -16.467    -7.448   11.931   19.265   18.895   19.629
    -1.634   -79.368  -156.331  -153.578   -92.269   -59.692   -44.117   -38.781
   -29.678    -1.689   26.475   31.730   16.755   27.747   71.887  110.485
CT2054:175           -83.408   -69.062   -50.352   -31.205   -12.404    -1.451
    4.159    9.225   12.991   14.748   14.111   12.539   20.909   23.971
    -6.647   -98.992  -174.395  -175.663  -110.876   -65.269   -49.628   -40.737
   -26.794    -6.939   13.425   19.207    9.675   16.451   48.021   85.847
CT2054:170           -68.673   -55.554   -40.747   -23.602    -5.591    6.969
   15.812   23.613   29.876   37.517   46.893   46.269   38.694   30.835
    -4.374  -105.619  -185.503  -189.079  -123.585   -76.698   -58.946   -46.708
   -31.442   -13.144    5.018   11.019    0.467    6.612   32.404   66.761
CT2054:165           -59.482   -49.901   -38.076   -20.610    1.190   16.194
   27.994   40.013   48.236   54.566   59.495   55.182   33.618    -1.620
   -37.419  -108.060  -181.500  -187.546  -128.590   -85.580   -72.256   -54.273
   -36.579   -21.473    -8.922    1.028    0.698   14.256   48.545   82.165
CT2054:160           -52.214   -33.135   -17.517    -8.016    -1.437    8.769
   22.326   36.605   45.227   50.507   52.064   48.324   41.239   31.295
    9.956   -26.533   -53.831   -81.611  -128.270  -150.481  -120.633   -65.651
   -42.863   -33.896   -21.928    -3.324   20.087   43.144   68.498   90.047
CT2054:155           -46.444   -31.941   -18.791   -11.749    -7.930    1.672
   18.502   37.811   46.895   49.411   47.637   45.582   44.485   44.404
   39.277   40.571   34.429    6.855   -49.582   -81.286   -85.704   -84.635
   -78.944   -69.503   -59.233   -28.578   28.629   61.045   73.795   86.640
CT2054:150           -48.639   -38.671   -27.070   -16.680    -6.846    5.385
   24.859   47.223   56.290   53.770   48.799   46.386   43.148   41.790
   44.405   61.524   64.377   37.877   -12.442   -39.426   -51.218   -57.320
   -58.534   -66.736   -67.891   -41.909    7.827   45.941   67.696   84.525
CT2054:145           -56.666   -47.916   -35.980   -19.134    0.075   15.499
   31.497   47.465   53.034   46.661   36.193   32.684   31.003   30.079
   37.104   64.557   73.754   39.316   -31.717   -67.302   -56.200   -29.154
   -27.964   -52.233   -67.115   -43.507    3.506   34.827   58.585   81.305
CT2054:140           -76.070   -63.895   -45.226   -22.495    0.862   17.228
   28.048   36.101   38.455   34.611   31.832   29.004   20.018   14.317
   21.563   43.404   54.197   24.252   -49.616   -80.706   -61.696   -10.913
    -5.349   -29.440   -43.898   -29.727    -2.958   23.938   51.862   79.074
CT2054:135          -108.677   -82.587   -56.491   -27.806    4.967   24.751
   27.754   24.334   21.675   16.826   11.057    9.301    6.447    8.988
   21.165   44.388   56.452   43.739   -15.317   -56.356   -38.271    -3.031
    -8.005   -30.686   -46.159   -34.820   -11.019   13.123   44.588   79.146
CT2054:130          -126.594   -96.220   -64.060   -28.221    7.491   29.076
   35.948   38.929   36.595   16.871   -12.186   -17.455    -3.911   11.183
   30.147   72.835  112.936  130.938  154.511  156.265  103.296   13.541
   -26.538   -42.416   -53.136   -43.709   -17.871    9.625   45.571   84.664
CT2054:125          -136.801  -106.856   -74.440   -40.229    -1.634   20.034
   30.575   39.972   39.763   17.204    -9.641   -10.967    4.908   31.470
   53.534   82.499  114.195  147.976  230.056  262.479  190.425   42.376
   -15.996   -32.692   -40.436   -33.464    -7.321   19.843   58.041   94.874
CT2054:120          -125.967   -99.443   -68.912   -31.696    6.775   26.082
   17.941    -1.492    -9.634   -14.611   -22.851   -21.086    -3.302   16.409
   36.421   59.871   75.002  113.498  189.217  208.576  160.146   65.174
   14.297   -27.723   -60.024   -50.580   -11.360   23.568   60.838   98.609
CT2054:115          -113.350   -92.714   -68.862   -38.217    -2.994   12.120
    -0.144   -17.972   -22.772   -20.831   -14.307   -10.349    -6.142    -3.239
   13.792   56.702   99.505  119.044  128.648  127.171  102.460   53.117
   17.817   -22.051   -54.068   -44.781    -6.018   27.772   67.426  105.046
CT2054:110          -103.367   -90.033   -72.049   -45.687   -11.214    2.742
    -7.879   -26.082   -30.162   -18.098    1.104    4.622    -4.167   -10.219
    -1.082   23.886   52.875   70.699   91.644  105.095   87.031   50.616
   27.805    -3.933   -32.246   -26.833    3.605   30.037   65.010  100.556
CT2054:105          -108.640   -83.267   -57.343   -30.308    -4.476    7.510
    0.846    -9.933   -12.265    -9.637    -4.604   -10.030   -36.140   -65.344
   -66.999   -60.421   -48.372   -24.217   25.758   56.302   61.955   68.611
   62.925   36.543   10.814    6.883   11.412   25.738   62.930  108.010
CT2054:100          -118.448   -89.650   -59.938   -26.418   11.587   28.664
   22.045    5.891    1.479    2.606    4.225    -3.968   -39.228   -87.253
   -89.787   -65.007   -53.107   -32.638    -7.536    1.394   32.616   87.087
   94.870   61.769   29.429   23.070   13.734   25.438   78.991  124.850
CT2054:095          -103.837   -77.840   -48.644   -13.187   22.418   38.188
   29.131   12.008    7.966   12.271   21.601   18.587    -1.539   -11.965
    -4.528   32.740   79.999   80.325   47.060   40.663   48.520   63.813
   66.211   58.690   45.538   34.484   14.876   17.455   58.063  108.644
CT2054:090           -83.318   -61.067   -37.457   -10.529   16.934   29.165
   20.649    5.553    3.146   11.095   20.639   20.070    9.258    -2.665
    8.888   69.517  121.304  114.678   62.960   42.842   45.368   52.272
   52.005   45.660   35.293   25.814    8.791   14.018   52.222  101.616
CT2054:085           -60.918   -33.758   -12.612    -1.259    4.844   10.520
   11.361    8.519    9.628   15.458   18.698   17.071    9.295    -6.914
    -0.251   44.155   71.937   69.064   31.231    8.818   19.735   49.652
   53.654   31.333   12.696    9.439    2.008   16.190   67.733  113.415
CT2054:080           -58.005   -41.131   -26.471   -12.645    1.253    9.474
   12.874   18.224   23.016   26.623   33.404   34.068   22.365   15.080
   15.246   18.199   16.844   14.319    -3.020   -14.327    -6.122    8.894
   10.105    1.616    -7.453    -8.012    -5.813    8.692   45.653   90.411
CT2054:075           -59.116   -46.794   -32.844   -16.549    -0.137    8.163
    5.355    -0.059    2.418   14.155   28.123   30.916   20.917    6.294
    -0.132    3.875    6.773    1.829    -8.965    -9.364    -3.469    3.616
    4.729    -4.166   -11.159   -10.336    -5.179   11.197   41.746   77.754
CT2054:070           -46.590   -32.428   -20.678   -12.310    -4.984    1.429
    -2.092    -9.715    -7.436    6.356   25.670   32.848   34.334   17.658
    -2.297   -23.100   -36.859   -39.965   -27.846   -15.577    -2.612    9.066
   13.099    2.450    -4.265    0.571   10.878   26.611   52.738   78.137
CT2054:065           -34.261   -28.526   -24.611   -23.090   -21.083   -15.124
    -1.677   12.689   18.863   17.463   15.926   25.614   76.189  115.640
   63.921  -106.302  -200.948  -179.696   -72.632   -18.600    -2.747    7.355
   15.170   11.742    8.362    8.358    8.098   22.994   53.812   85.839
CT2054:060           -32.877   -26.310   -20.356   -17.326   -15.661    -7.616
   11.201   31.390   38.833   33.875   29.157   32.398   48.250   65.398
   23.964  -132.637  -234.549  -204.061  -105.088   -62.263   -31.939    -0.074
   14.740   22.105   24.261   20.864   14.101   26.268   60.539   96.349
CT2054:055           -40.828   -30.522   -22.504   -15.642    -8.579    -0.629
   10.696   21.140   27.185   36.299   40.950   33.475   -12.581   -54.693
    -1.341  165.562  228.307  162.427   -15.152   -93.347   -54.836   11.188
   34.052   37.169   36.907   33.353   20.525   30.958   65.834  102.272
CT2054:050           -58.616   -43.397   -27.066   -11.467    1.847   10.842
   13.113   13.301   15.056   23.084   30.517   24.024    -6.611   -15.610
   63.579  336.808  499.257  369.051   37.761   -92.650   -65.549    -2.265
   27.251   39.959   42.452   37.057   20.087   31.865   73.108  109.930
CT2054:045           -71.009   -51.722   -33.285   -12.787    9.163   19.900
   17.630   12.885    6.888    -6.926   -22.133   -34.583   -52.796   -52.470
   -24.502   74.296  132.946   66.224   -97.149  -158.394  -127.483   -46.150
    -1.736   23.790   38.982   31.999    3.950   12.397   50.737   98.671
CT2054:040           -80.017   -60.046   -37.228   -10.480   14.261   26.190
   24.232   16.269    7.487   -17.470   -46.168   -64.537  -101.889  -140.330
  -158.620  -202.707  -273.952  -287.416  -292.087  -301.157  -237.997  -116.605
   -57.137   -10.761   29.122   38.111   15.690   18.106   53.928  101.985
CT2054:035           -77.477   -60.083   -41.283   -14.319   15.878   29.452
   29.619   28.404   24.926    -0.040   -31.442   -44.972   -51.289   -57.973
   -86.919  -147.416  -183.852  -228.062  -284.275  -292.477  -248.208  -158.165
  -101.387   -31.091   29.478   42.941   20.720   32.729   80.867  122.002
CT2054:030           -72.066   -56.662   -40.008   -20.295    -0.558    9.568
    8.850    3.911    3.927   14.259   31.872   37.611   48.450   58.568
   29.153   -34.590   -81.285  -131.409  -204.350  -226.066  -196.693  -143.816
   -96.817   -25.623   38.850   55.594   42.073   45.571   74.853  110.742
CT2054:025           -73.790   -57.744   -42.036   -25.170    -6.892    1.844
    -5.014   -12.323    -5.926   17.403   46.359   62.411  100.852  128.391
   95.244    -4.690   -92.768  -122.944  -137.494  -142.602  -128.511  -108.048
   -78.240   -25.735   21.598   37.936   34.818   47.237   75.238  104.907
CT2054:020           -78.291   -55.509   -38.063   -27.798   -20.805   -13.934
   -14.782   -19.503   -11.146   19.779   54.853   72.693  113.766  140.628
  100.182   -22.482  -115.319  -134.255  -101.216   -81.205   -73.049   -65.717
   -49.084   -29.698    -7.182    8.963   13.834   31.885   63.550   94.652
CT2054:015           -70.145   -51.330   -33.834   -16.461    0.729   10.644
   11.034   11.301   22.318   50.870   82.783   96.443  117.733  120.197
   60.829  -115.687  -245.563  -234.336  -116.802   -59.414   -53.973   -72.718
   -68.235   -52.414   -37.609   -21.768    -2.643   22.118   56.022   94.594
CT2054:010           -81.915   -58.496   -35.676    -8.128   18.622   31.232
   30.220   24.555   31.858   60.116   98.150  105.458   93.933   76.510
   15.846  -159.279  -280.511  -256.143  -107.202   -32.700   -18.670   -23.466
   -23.522   -45.062   -57.388   -43.065   -12.112   18.062   57.371   96.849
CT2054:005           -86.213   -55.722   -26.730    4.412   31.782   43.971
   38.051   27.153   29.127   37.618   45.842   45.965   44.844   30.272
   -18.527  -152.169  -249.397  -217.857   -75.386    -5.292    9.919    5.321
    1.251   -29.629   -54.062   -44.912   -18.534   10.513   51.118   91.490
CT2055:360           -84.753   -48.920   -16.583   14.592   41.562   49.347
   28.200    1.484    -1.710    7.481   17.076   15.779   12.661    2.637
   -26.407   -80.491  -105.073   -88.962   -17.667   29.541   49.973   57.172
   49.589    2.651   -39.697   -37.581   -11.579   15.217   48.749   86.082
