
filled_synop: 30 data points in equal steps of sine latitude from +14.5/15 to  -14.5/15

CT1934:360           30.719   24.821   28.737   48.483   77.728  109.651
  193.544  278.768  289.073  259.119  178.411  136.778   83.652   28.105
   12.632    8.580   16.647   30.677   47.444   61.898   69.846   74.945
   67.585   38.852   13.219    -2.438    -2.700   -18.639   -50.735   -83.584
CT1934:355           26.388   22.681   30.347   54.654   80.152   94.862
  148.266  255.208  292.602  209.242  118.123   96.315   46.246   -10.532
   -21.049   -11.091    -4.209   15.016   48.036   64.484   57.578   37.748
   22.808    0.731   -13.937   -20.789   -15.600   -22.336   -55.831   -98.854
CT1934:350           68.394   53.495   38.016   25.845   18.115    -1.191
   -63.242  -167.318  -201.029  -151.246   -91.446   -81.153   -50.860   -26.068
   -18.231    -7.967   14.886   38.614   84.527  110.018   84.580   15.255
   -13.568   -17.965   -17.499   -21.169    -4.404   -16.692   -76.306  -127.485
CT1934:345          113.763   89.381   64.541   32.782    1.220   -40.136
  -162.343  -321.275  -358.467  -273.223  -117.040   -68.052   -55.244   -41.948
   -30.630   -23.712   -14.815   23.352  122.921  175.057  133.687   35.836
    -2.767   -15.324   -20.499   -22.937    -9.395   -15.302   -59.565  -111.042
CT1934:340          125.091   97.502   66.544   31.154    -2.199   -43.259
  -125.096  -208.737  -224.274  -166.340   -43.144    1.481   -12.728   -27.418
   -20.225   -12.284    3.345   38.508  122.121  167.750  141.568   74.838
   38.882    2.270   -26.471   -31.317   -15.689   -22.059   -46.025   -80.081
CT1934:335           86.507   60.154   34.155    7.995   -18.548   -40.332
   -27.615   17.771   30.032    5.714   -22.090   -22.328    -4.870    9.298
   17.133    5.681   11.637   34.581   59.341   68.404   74.182   39.459
    9.699    7.864    -3.668   -21.715   -39.225   -49.445   -50.768   -56.618
CT1934:330          102.359   83.426   70.860   58.179   43.445   35.852
   56.095   77.649   68.859   37.506   -15.631   -30.111   -41.542   -59.290
   -58.135   -48.115   -40.151   -15.867   28.867   57.058   77.585  109.652
   98.369   30.242   -25.388   -38.943   -36.179   -41.766   -57.431   -77.208
CT1934:325           93.053   85.086   67.114   58.251   49.574   46.932
   67.532   85.083   72.236   12.544   -60.933   -78.086   -62.718   -52.226
   -48.304   -40.835   -25.862    -9.955   22.056   45.390   56.650   59.268
   32.063   -29.595   -76.527   -72.812   -46.397   -37.573   -45.142   -62.719
CT1934:320          112.723   86.878   65.358   50.711   40.750   32.476
   28.352   20.282    3.163   -37.536   -77.281   -81.173   -52.102   -21.940
   -14.205   -18.086   -13.675    -4.122   13.749   18.192    0.732   -36.049
   -70.746  -117.653  -136.717  -108.668   -52.641   -35.605   -50.026   -61.510
CT1934:315          101.758   85.727   65.311   38.108    7.348   -10.799
   -16.538   -20.586   -35.677   -57.844   -70.233   -66.285   -36.776   -13.880
    -4.012    -3.309    -0.751   10.945   34.172   30.952   -21.098   -85.679
  -126.991  -172.742  -185.774  -135.146   -39.587   -11.971   -28.901   -53.243
CT1934:310           96.600   87.952   72.822   47.487   18.948    1.324
   -17.739   -30.433   -43.110   -55.511   -57.924   -52.462   -21.098    3.688
    8.835    0.614    2.341   17.279   41.750   31.657   -29.320   -99.502
  -136.511  -171.305  -179.103  -122.895   -30.243    -9.911   -41.406   -70.531
CT1934:305           88.133   83.827   74.117   53.558   27.029   19.297
   17.015   10.629    -2.501   -33.134   -70.524   -74.822   -40.693   -14.989
    -6.074    1.664    7.795   18.001   36.237   30.593    -4.627   -51.899
   -90.682  -149.416  -168.770  -117.171   -24.817   -11.807   -54.720   -86.649
CT1934:300           71.870   62.419   49.449   30.380    9.674   23.283
  124.824  231.397  238.516  133.456    6.694   -18.794    -8.127   -11.613
   -13.439    -1.458    7.123   12.058   22.042   13.879   -12.221   -41.838
   -65.401   -96.885  -107.912   -66.496    -3.262    4.107   -43.216   -87.928
CT1934:295           49.275   52.609   37.394   23.339    9.783   30.636
  159.432  295.810  309.151  238.356  174.487  154.816   93.905   21.303
    0.297    0.127    1.586    6.252   13.234    -3.186   -42.954   -86.608
  -105.053   -98.318   -79.144   -41.130    9.113   15.509   -25.797   -81.498
CT1934:290           66.960   39.316   22.308   16.419   18.373    8.845
   -54.806  -169.237  -184.486    -9.912  187.119  213.920  127.714   44.339
   27.442   22.409   13.946   10.162   10.911    -8.972   -93.905  -228.167
  -250.364  -155.526   -72.485   -44.167    -9.310   -12.808   -69.639  -129.010
CT1934:285           67.515   45.586   29.870   26.564   32.831   11.165
  -100.806  -233.780  -258.220  -174.942   -46.573   -13.361   -12.216    -4.652
    3.989   24.868   39.867   21.400   -16.344   -31.024   -96.116  -178.364
  -187.288  -115.392   -51.860   -39.145   -39.130   -52.058   -99.677  -139.945
CT1934:280           58.070   77.274   84.963   84.538   84.784   68.862
   26.897    -8.065   -38.346  -108.796  -189.783  -200.258  -119.961   -21.672
    2.170    -1.419    -1.917   -15.630   -95.049  -160.302   -99.865    -1.358
   11.532    -3.861   -24.558   -26.058   -36.265   -50.834   -77.196  -111.295
CT1934:275           37.351   82.945  114.978  125.346  118.438  113.396
  110.464  101.109   64.943   -29.309  -149.196  -177.052  -133.516   -66.651
   -43.406   -32.347   -27.015    -8.489   77.332  123.053   80.566   35.365
   19.258    -2.826   -23.152   -26.003   -46.835   -60.367   -76.388   -95.085
CT1934:270           72.317   87.505   99.012  102.589   98.110   90.524
   96.397   84.920   44.132   -14.214  -104.755  -130.952   -98.136   -52.172
   -36.462   -30.961   -25.789    -9.113   88.794  136.716   38.951  -110.428
  -139.086  -102.620   -51.062   -30.790   -23.702   -25.676   -51.414   -75.491
CT1934:265           50.089   63.471   79.047  104.712  136.293  145.927
  153.795  177.677  156.880   57.911   -54.543   -82.848   -54.656    -8.105
    -0.015   -33.991   -65.013   -60.300   -34.599   -55.746  -196.896  -506.169
  -558.464  -318.621   -84.817   -37.870   -27.900   -25.752   -44.758   -69.214
CT1934:260           24.968   41.102   75.521  108.672  143.176  144.667
  112.643   60.486   20.251    -6.999   -41.901   -55.145   -41.117   -26.155
   -18.815    -9.448    1.261   -16.662   -60.374  -106.171  -220.132  -397.367
  -414.883  -234.009   -62.228   -29.889   -30.011   -32.972   -54.544   -80.068
CT1934:255           -23.879   26.784   73.759  120.103  158.157  153.208
   78.763   -13.380   -52.232   -53.219   -40.740   -38.842   -29.446   -20.382
   -13.001    -4.915    -7.584   -10.105   -10.415   -23.192   12.200   89.612
   93.091   34.775   -34.399   -23.466    -0.436    -7.681   -47.726   -85.394
CT1934:250            -6.632   10.693   57.031  102.655  146.234  140.417
   57.202   -34.952   -67.313   -58.008   -36.572   -27.213   -16.703    -8.326
    1.985   19.774   24.763   14.025    -5.726   -36.551   24.939  204.577
  233.853   66.100   -39.835   -21.865   13.442    6.327   -39.239   -89.239
CT1934:245           -50.362    -5.212   37.643   89.444  143.076  138.709
   58.017   -17.786   -42.074   -34.755   -18.196   -10.550    -4.934    -1.368
    7.539   29.160   27.365    -1.430   -42.835  -128.787  -383.577  -654.644
  -602.569  -266.264   -48.520    -1.878   13.234    -2.647   -61.831  -113.355
CT1934:240           -44.690   -14.116   21.311   70.980  125.621  126.986
   60.915    -6.932   -27.107   -17.516    -7.672    -2.828    3.851    7.110
   14.431   37.660   29.194   -30.337  -113.623  -216.140  -560.634  -876.262
  -799.589  -318.453   -21.518   21.383   27.196    9.752   -54.237  -114.133
CT1934:235           -20.727    -6.516   14.038   50.026   91.463   90.870
   36.327   -14.534   -22.287    6.261   34.702   36.452   25.153   20.362
   17.342   23.746   11.123   -61.733  -177.613  -252.616  -443.927  -627.572
  -565.846  -216.060   33.692   57.222   27.291    -2.731   -65.735  -118.724
CT1934:230           29.805   27.299   27.089   39.248   60.214   56.410
   16.614   -15.637   -16.004   17.996   48.440   44.586   22.416    5.585
    -1.521    -3.335   -17.552   -71.933  -177.717  -181.302   -26.824   85.734
  107.050  115.600  107.054   76.733   49.992    8.497   -45.242  -101.613
CT1934:225           80.302   72.505   65.084   49.957   30.879   27.450
   30.130   36.872   44.903   59.597   65.069   55.425   36.727   18.725
    4.334    -8.644   -14.924   -17.228   -35.290   55.992  523.618 1160.059
 1194.532  576.891  148.273   69.108   52.794   15.443   -29.394   -80.616
CT1934:220          113.189   97.862   66.346   22.379   -16.333   -15.348
   53.504  136.076  159.799  150.806  127.783  103.719   56.773    5.400
    -9.903   -14.042   -16.893   18.455   94.355  210.249  553.364 1008.896
 1027.490  591.891  183.369   85.437   65.452   26.571   -23.232   -78.350
CT1934:215          138.742  122.263   92.907   41.823   -21.480   -19.513
   77.690  187.006  212.066  180.160  145.903  118.136   51.745    -1.841
   -14.474   -13.419    -6.676   10.795   15.192   65.442  232.781  452.770
  478.855  311.529  134.207   69.014   70.105   35.627   -11.040   -60.572
CT1934:210          146.632  115.472   75.675   22.013   -23.835   -19.448
   57.825  144.253  156.391  100.159   12.213   -21.554   -19.417   -18.605
   -21.249   -19.838   -21.464   -10.791   -19.610    3.676   66.680  139.583
  156.247  112.389   65.016   39.653   45.196   38.311    1.991   -45.229
CT1934:205          134.544   99.900   67.124   22.163   -31.649   -36.979
   37.049  128.510  137.250   61.506   -43.612   -74.376   -49.418   -11.192
    -7.323    -8.897    2.129    7.082    7.947   31.580   63.058  125.821
  142.821   86.730   46.732   37.105   60.494   45.902    -2.408   -48.899
CT1934:200           80.032   64.713   49.633   33.940   19.588   22.363
   57.092  102.465  105.892   45.729   -22.687   -41.962   -46.969   -52.807
   -48.515   -29.289   -18.569    -7.140    3.167   15.163   43.673   79.780
   89.397   72.216   54.083   44.451   46.220   34.962    -0.715   -48.803
CT1934:195           71.395   27.733    -5.103   -15.857    -9.391   -15.130
   -43.005   -70.268   -71.602   -42.801    -4.522    1.025   -22.212   -40.503
   -39.666   -33.222   -30.494   -17.533    7.494   21.625   37.585   61.915
   68.959   50.689   36.334   29.179   20.673    5.246   -27.915   -61.397
CT1934:190          109.253   67.836   22.460   -46.207  -118.263  -153.178
  -170.041  -185.961  -181.962  -117.085   -42.302   -24.592   -21.654   -21.201
   -21.192   -27.660   -29.283   -23.698    -6.721    7.969    4.034    -5.260
    2.414   27.667   45.684   37.223   21.479    -3.313   -51.701   -96.988
CT1934:185          104.441   65.028   19.857   -37.577   -93.258  -124.602
  -138.312  -132.936  -121.412   -90.472   -41.935   -22.312   -21.130   -25.022
   -21.112   -11.837    -9.381   -20.583   -52.291   -60.059   -47.976   -30.188
   -16.791    5.010   23.687   23.698   24.244    7.875   -36.069   -88.739
CT1934:180           75.968   49.755   21.572    -9.967   -42.292   -61.012
   -69.793   -73.643   -68.110   -54.602   -39.618   -27.349    -9.257    9.019
   11.428    7.444    4.555   -12.881   -62.246   -77.213   -40.057   13.732
   27.873   16.891    7.872   12.681   32.132   18.860   -35.214   -90.149
CT1934:175           55.867   32.158   12.586    -0.700   -12.400   -21.714
   -31.394   -41.874   -37.963   -19.331    -4.046    0.223    -5.560   -11.515
    -6.542   10.928   20.235   12.901    -7.369    -4.995   44.085  117.529
  120.324   54.331   10.989   11.266   33.651   15.058   -41.307   -93.272
CT1934:170           41.082   25.267   14.562    9.104    4.638    1.211
    -0.542    -1.425    4.412   29.404   57.246   55.143   13.079   -20.595
   -22.481    -9.836    -6.185    2.194   18.859   35.590   61.418   89.394
   92.444   63.491   36.723   21.032    5.698   -17.580   -52.832   -91.259
CT1934:165            9.137    7.152    6.408    5.456    3.163    3.358
   15.788   29.019   33.646   42.483   55.211   50.818   18.254   -19.865
   -28.543   -17.780   -12.448    -8.110    1.168   12.747   32.049   42.200
   49.964   71.000   77.372   47.532    -5.948   -42.579   -77.649  -114.110
CT1934:160            9.057    9.654   12.977   22.065   33.742   38.714
   36.013   27.261   21.945   14.102    -0.648    -5.361    6.793   13.086
    1.076   -14.563   -15.881   -19.191   -32.895   -36.728    -0.250   42.268
   54.720   51.843   40.961   25.307    3.460   -21.676   -54.399   -91.465
CT1934:155           38.291   27.202   24.243   33.305   50.142   60.631
   64.980   63.580   54.833   36.467   28.499   23.768   14.013    0.786
   -14.470   -33.950   -40.976   -24.608    3.635    7.776   -19.472   -13.519
    1.499    6.153    4.520    3.905    3.262   -12.214   -48.340   -86.270
CT1934:150           70.441   31.841   36.663   56.498   71.703   79.270
   77.432   70.845   55.485   20.380    -5.127    -5.960    4.129    3.666
    -6.412   -12.500    -5.787    7.981   -28.395   -89.678  -152.944  -149.791
  -111.770   -50.021   -24.391    -0.629   24.228    2.527   -45.098   -73.494
CT1934:145           -66.400   -49.234   -28.188    6.254   44.256   66.072
   76.963   81.456   63.588   14.235   -13.717   -16.533    -1.571    8.514
   12.788   17.458   20.602   23.008   -18.307   -68.914  -155.458  -190.805
  -153.145   -51.722    1.308   18.890   37.364   33.422    -1.520   -51.316
CT1934:140           -64.317   -57.406   -42.834   -18.121   12.528   31.983
   41.469   42.897   38.354   25.287   17.065    9.673    5.042    8.656
   24.442   38.551   34.907   25.747   16.640    -9.878   -50.789   -76.866
   -54.597    -5.326   16.932   13.502   12.226   11.418    -1.373   -26.680
CT1934:135            -4.239   -32.114   -24.564    -5.039   11.838   23.545
   29.526   36.460   40.662   45.327   42.326   31.133   22.810   21.896
   17.442   11.132    2.709   17.323   80.922   88.461   -14.321  -103.689
   -95.975   -35.266    -4.311    5.703   10.122   -12.305   -50.019   -78.156
CT1934:130           18.249    2.013    -5.243    -8.803    -8.637    0.474
   24.326   46.966   50.716   39.299   29.500   21.578   14.801   13.122
   16.494   30.138   29.160    0.851   -62.723  -111.077  -187.825  -223.835
  -174.247   -34.960   19.533   16.898    5.745   -16.152   -50.422   -73.277
CT1934:125           21.287    5.404    -5.131    -7.230    -5.153    1.204
   21.864   37.534   44.072   53.142   56.259   43.822   11.909    -3.310
    3.261   21.877   23.871    9.522   -10.674   -20.641   -17.890    -6.031
   11.006   40.769   50.227   35.262   12.041    -3.365   -23.747   -53.457
CT1934:120           10.312   21.057   30.004   31.171   26.317   30.797
   33.731   35.571   39.875   48.001   49.591   43.543   33.720   29.060
   31.453   42.365   45.508   34.129   13.660   23.086   98.579  161.626
  158.285   93.982   53.908   35.357   11.750    -6.501   -27.019   -52.302
CT1934:115           -13.804    9.878   25.401   29.160   25.724   31.374
   44.495   51.886   53.422   52.094   44.345   36.379   27.261   21.582
   24.894   27.994   24.766   28.103   37.285   50.325  100.433  149.867
  138.283   67.525   23.283   16.243   20.929    2.606   -35.515   -63.924
CT1934:110            -1.861    5.609    7.870   13.580   21.820   35.196
   67.473   95.191   91.394   42.376    -4.441   -13.214    2.439   15.831
   13.099    0.134    -7.244    -9.721   -12.448   -13.987   -12.530   -19.736
   -17.339   -12.159   -16.795   -18.805   -15.905   -23.722   -45.660   -62.870
CT1934:105           62.123   30.214    6.637    -7.711   -14.366    -5.910
   39.168   82.760   78.096   21.266   -33.172   -42.944   -26.384   -10.736
    -5.253    -1.831   -11.282   -24.111   -57.801   -75.690   -59.900   -38.353
   -27.743   -21.357   -12.167   -15.352   -29.600   -36.513   -36.386   -37.539
CT1934:100          121.569   74.778   27.106   -27.028   -73.426   -76.149
   -17.334   38.980   38.123    -8.359   -45.060   -49.417   -35.467   -24.134
   -10.952   23.504   32.596    -6.174   -68.539   -96.628   -91.363   -72.380
   -47.936   -12.304   20.795   13.915   -10.958   -23.446   -28.309   -34.274
CT1934:095          163.350  125.598   77.722    9.722   -54.332   -69.728
   -34.337    -3.383    -5.868   -44.741   -89.875   -85.883   -27.324   22.126
   23.221    3.262   -25.213   -82.602  -139.082  -115.526  -187.476  -156.037
  -108.997   -48.623   10.332    6.171    -8.459   -20.129   -32.531   -43.686
CT1934:090          190.717  155.273  108.395   36.177   -39.155   -66.706
   -46.151   -15.742   -15.837   -48.416   -67.738   -59.001   -20.855   18.079
   21.417    8.227    -2.414  -127.160  -578.787  -751.214  -403.570  -103.286
   -39.729   33.662   45.989   18.546    -0.750   -19.212   -34.317   -49.567
CT1934:085          147.977  100.782   55.049    7.555   -38.685   -64.629
   -84.485   -99.607   -99.780   -84.843   -66.643   -53.490   -29.045    -3.004
    -0.245    -6.829    -6.854   -50.231  -213.702  -251.407   14.751  351.199
  382.664  201.305   58.331   17.727   -11.015   -31.555   -26.166   -30.983
CT1934:080          170.982  102.183   41.028   -16.976   -70.136  -101.759
  -124.071  -143.994  -142.091  -105.506   -67.413   -49.204   -28.562   -13.563
    -6.059   -22.535   -32.703   66.494  346.398  510.366  597.203  777.808
  750.910  383.603   99.259   28.059   -14.623   -48.859   -58.751   -69.949
CT1934:075          191.039  121.058   52.804   -10.233   -67.874   -95.412
   -96.641   -89.109   -81.814   -68.982   -48.451   -33.791   -15.528    3.550
   12.521   15.153   33.574   67.543   85.852  119.414  286.242  360.312
  336.814  223.952  100.270   45.900    4.484   -36.625   -81.624  -125.495
CT1934:070          198.725  150.242   88.453    7.908   -64.174   -88.807
   -69.352   -48.461   -36.512   -28.838   -27.065   -20.230   -12.646    -4.777
    8.074   15.962   19.346   22.589   23.325   45.887   62.120   70.729
   68.758   78.558   76.243   58.382   42.369    -0.355   -72.315  -135.093
CT1934:065          196.816  162.907  112.042   17.179   -90.034  -113.377
   -61.563   -17.189    -0.461    6.570    8.443    8.302    6.773   12.196
   18.426   29.038   23.606    -0.951   -30.365   -49.064   -86.130  -114.739
  -110.405   -67.573   -43.925   -23.478    7.191    -2.052   -56.038  -114.692
CT1934:060          171.852  107.757   41.782   -33.620   -98.022  -104.648
   -52.689   -12.549    5.165   18.624   25.667   24.668   11.838    3.591
    5.512   20.278    3.380   -53.889  -130.156  -176.410  -214.472  -235.707
  -232.139  -223.999  -201.093  -130.567   -29.357    -6.194   -40.981   -82.078
CT1934:055          130.849   47.856   -16.691   -65.999  -102.987  -104.723
   -53.842    -2.943   14.964   19.492   27.460   24.781   14.481    5.115
    -3.504    -1.209   -36.337  -126.971  -244.298  -298.410  -300.755  -298.941
  -299.319  -344.997  -337.295  -230.840   -59.409    -5.202   -39.734   -74.717
CT1934:050           84.943   37.372   -11.400   -71.647  -120.750  -119.592
   -74.604   -34.804   -14.562    1.256    8.475    4.933    4.294    -2.296
   -10.905    1.394   -52.863  -218.854  -412.388  -478.229  -403.516  -288.253
  -272.066  -356.750  -362.834  -237.125   -39.393    7.879   -46.978   -84.307
CT1934:045           52.097   31.117    4.275   -45.187   -96.374   -84.787
   -22.499   27.307   55.428   81.197   89.127   67.005   15.723   -15.357
   -25.739    4.602   -65.735  -387.718  -851.180  -972.220  -771.237  -446.317
  -356.864  -360.599  -327.488  -239.234   -79.271   -16.692   -37.471   -63.891
CT1934:040           34.606    2.953   -22.457   -45.858   -61.957   -33.245
   80.148  184.226  212.653  183.936  152.095  117.033   31.708   -29.221
   -34.302   21.739   -11.451  -370.275 -1026.734 -1169.992  -892.352  -528.716
  -383.817  -242.097  -148.947  -129.163   -68.462   -49.789   -62.908   -71.384
CT1934:035           43.711    1.066   -30.588   -56.309   -74.605   -49.639
   42.589  127.500  145.385  113.806   92.242   76.502   38.699   10.341
    -0.886    6.044    -3.656   -88.223  -299.017  -275.987   63.174  241.481
  290.217  222.640   40.713   -32.337   -62.627   -73.684   -66.453   -69.659
CT1934:030           65.832   21.074   -17.008   -52.905   -78.374   -82.134
   -85.988   -96.556   -85.394   -31.086    8.732    8.117   10.653   19.940
   11.704   -18.136   -21.307  132.254  474.945  709.145 1256.227 2145.060
 2033.066  883.751  200.334   72.612   10.642   -58.191   -85.639  -102.414
CT1934:025           99.032   56.107   17.251   -25.641   -65.021   -70.667
   -43.371   -11.923   -10.517   -46.157   -70.321   -67.225   -31.971   -20.275
   -15.729   -30.875   -19.149   90.198  255.304  407.779  604.083  612.415
  595.901  497.610  307.530  179.581  101.470   22.985   -35.191   -95.913
CT1934:020          143.370  119.094   89.596   44.798    5.728    7.517
   53.801  107.853  107.158   36.848    -5.408   -11.249   10.556   31.071
   26.861    -3.685    -1.653   25.480   -18.004   71.254  256.036  250.633
  261.075  312.139  232.123  135.307  109.845   57.569    -9.746   -79.003
CT1934:015          169.326  134.766   85.535    9.037   -56.195   -43.794
   51.301  120.592  124.543   69.039   27.517   12.714   15.538   18.237
   18.560   26.788   41.958   11.579   -50.494   94.123  608.206 1278.988
 1201.575  483.972   38.597   -21.988   49.266   18.789   -28.201   -67.523
CT1934:010          148.555  120.168   79.297   10.577   -52.240   -29.774
  100.672  197.170  206.523  146.590   96.224   71.445   44.001   16.945
    6.577    1.172    -2.472   -44.146  -132.000   12.522  599.080 1224.385
 1174.690  542.094  118.898   45.446   66.891   29.215   -12.600   -50.738
CT1934:005          115.888   95.669   70.440   34.225    7.060   21.093
   62.167  102.345  152.937  257.143  297.851  244.057  107.167   29.116
    8.387    -5.802   -13.048   -63.984  -139.414   28.899  608.074 1115.578
 1068.198  570.271  233.671  148.192  124.809   65.607   16.640   -50.821
CT1935:360           90.912   69.206   51.920   27.141    8.577   22.462
   39.208   46.744  106.541  281.782  361.742  295.559  104.719    5.169
    -5.103    -0.828    3.877    -7.695   -22.809  183.486  884.026 1474.825
 1339.102  611.987  223.156  133.722   95.648   32.933   -17.138   -73.851
