
filled_synop: 30 data points in equal steps of sine latitude from +14.5/15 to  -14.5/15

CT1940:360          124.635   93.020   54.522   11.380   -31.187   -54.160
   -58.962   -71.402  -205.993  -537.408  -632.799  -492.897  -147.341   -25.769
   -13.031   -11.802    5.936   39.106   67.750   64.678   29.462    -7.984
   -29.442   -46.786   -55.504   -49.701   -24.607    5.426   34.342   64.330
CT1940:355          115.131   68.053   20.752   -14.831   -45.889   -65.914
   -84.139  -104.306  -113.209   -47.623   15.608   -24.488    1.841   35.084
   24.099   12.237   19.963   30.429   42.989   52.296   62.797   49.985
   29.470   -33.204   -96.178   -94.431   -47.537    3.273   40.767   84.900
CT1940:350          122.762   72.831   24.914   -18.960   -62.540   -75.853
   -62.922   -46.308    1.250  104.053  126.676  115.818   36.890    8.375
    7.822    3.295    3.357    8.432   18.795   37.265  113.485  179.302
  149.336   23.639   -81.789   -91.383   -51.158    -3.859   36.185   74.470
CT1940:345          125.248   78.512   32.910   -13.547   -70.503   -70.656
    -1.517   59.814  135.966  306.977  372.263  243.810   38.568   -19.565
   -12.853    -4.284   -10.628   -38.790   -58.904   -52.255   -17.366    8.843
    3.172   -23.015   -49.498   -51.109   -32.131   -10.601   10.343   35.436
CT1940:340          122.321   64.993   10.492   -39.030   -98.791   -87.031
   43.700  153.280  202.297  236.672  229.046  161.259   46.442    4.152
    -8.553   -10.917   -12.555   -28.385   -51.957   -51.902   -66.983   -92.112
   -91.401   -52.356   -21.881   -17.864   -13.073    -2.368   15.317   38.385
CT1940:335          137.417   81.865   20.727   -53.695  -132.796  -113.190
   99.244  279.941  268.145  104.347   22.294   18.511   16.153    6.889
    -1.169    -2.116   11.953   70.738  132.667  121.442   34.343   -30.931
   -44.734   -43.825   -41.695   -34.155   -10.723   14.781   35.326   53.588
CT1940:330          131.302   80.519   35.489   -50.398  -178.621  -191.547
   -12.245  129.160  105.889   -25.311   -69.444   -63.152   -30.490   -14.072
    0.934    6.435   26.118   85.522  130.636  136.789  123.447  108.678
   89.201   44.410   13.683   13.245   34.131   50.793   54.224   51.213
CT1940:325          146.100   95.755   38.073   -50.128  -146.488  -178.250
  -155.644  -133.780  -153.147  -219.941  -234.547  -172.221   -52.514    -3.713
    8.331   17.844   31.603   46.532   59.393   75.350  109.187  125.358
  115.542   75.935   36.469   28.169   34.427   40.712   40.760   33.730
CT1940:320          160.485  109.567   54.099   -22.749  -113.185  -181.418
  -270.230  -332.642  -351.347  -366.814  -354.029  -250.395   -79.420   -13.547
    2.568   16.041   23.247    4.838    -9.013    1.319   39.173   71.791
   79.245   67.974   53.042   46.184   39.625   30.643   14.988    -6.272
CT1940:315          179.679  135.202   84.275   20.765   -49.520  -117.241
  -277.914  -395.753  -378.293  -269.448  -205.651  -155.444   -94.779   -60.369
   -23.418    2.387    3.260   -35.460   -72.172   -64.873   -29.737    -0.367
   20.305   54.639   78.572   75.338   54.342   23.640   -15.763   -69.253
CT1940:310          162.360  116.716   65.833   12.042   -46.810   -96.618
  -160.945  -202.791  -164.631   -24.459   47.198   33.812    -7.591   -10.645
    -9.385   -10.410   -13.706   -26.106   -35.300   -41.803   -50.747   -37.280
    -5.584   72.979  143.275  137.040   71.933    -2.621   -65.698  -122.618
CT1940:305          145.107  104.863   61.689   22.883   -25.337   -43.531
   -24.850    3.548   36.417  129.443  172.371  128.367   55.184   34.399
   13.863    5.530    -2.700   -20.143   -35.805   -45.868   -91.496  -119.222
   -68.886   94.659  224.486  206.156   83.460   -23.299   -94.054  -158.607
CT1940:300          108.018   72.387   41.538   13.344   -14.937   -13.379
   47.034  104.964  124.053  121.619  102.518   71.853   16.505    -8.719
    -7.863    -8.926   -13.076    -6.422   -10.993   -18.356   -43.828   -57.731
   -12.938   96.287  186.012  176.352   84.939   -15.602   -96.946  -173.142
CT1940:295           90.486   71.084   54.140   25.767    -2.134   23.318
  130.897  214.504  206.359  112.412   42.664   17.329    2.059   -14.048
    -8.952    1.543    -9.201   -16.294   -37.834   -31.877    7.524   22.665
   77.405  149.405  186.206  175.716   94.806    5.832   -76.008  -160.472
CT1940:290          102.042   96.724   90.516   69.048   15.289   44.096
  235.939  359.128  329.373  151.270   48.193   16.824    5.375   -11.016
    -3.946    -1.526   -30.961   -56.232   -82.879   -92.186    -5.269   87.762
  151.734  223.127  282.946  277.774  164.596   49.416   -55.289  -172.874
CT1940:285          121.502  105.647   88.533   78.395   65.058  111.693
  336.759  541.020  473.661  191.235   59.105   21.011    2.533   -16.129
    -6.166    5.103   -70.752  -270.345  -420.247  -491.887  -503.486  -422.390
  -296.926    -6.440  276.102  316.759  186.404   40.883   -82.434  -198.609
CT1940:280          134.390  112.022   76.780   23.994   -36.296   -36.452
   51.470  140.392  165.475  132.395   81.779   44.693    7.884   -18.181
   -20.434   -19.137  -127.580  -548.793  -967.987 -1087.743 -1195.106 -1193.701
  -984.773  -368.010  200.634  304.376  165.486   23.650   -88.351  -181.277
CT1940:275          125.143   87.327   53.336   -20.165  -131.487  -156.958
  -137.837  -120.614   -57.505   90.700  137.137   78.719   18.018    -8.048
   -18.529   -14.980   -75.374  -361.268  -712.362  -791.022  -999.026 -1247.578
-1029.222  -303.922  210.625  287.259  159.773   37.470   -55.679  -150.110
CT1940:270          145.842  113.833   78.651   13.906   -68.380   -90.135
   -40.793   19.076   31.003   14.799    3.960   15.319    6.133    -9.018
   -13.359    -8.660   45.100  343.363  632.463  604.923  545.333  623.110
  556.248  381.362  344.090  318.432  187.598   38.140   -89.600  -208.158
CT1940:265          158.958  129.056   96.281   58.225   14.857    -1.508
   37.171   74.966   87.825  125.899  154.028   99.896   21.324    1.663
   -20.197   -33.291   53.133  378.241  623.212  640.002  360.425   63.397
   98.611  281.176  337.948  272.375  137.205    -0.478  -105.269  -211.838
CT1940:260          165.848  117.610   67.420   48.608   42.156   24.196
    5.227   -11.546   15.615  118.819  171.959  105.254    7.623   -13.380
   -35.048   -47.135   31.215  206.212  269.955  346.219  168.802  -147.019
   -74.395  206.974  289.951  208.025   87.581   -31.237  -130.553  -233.999
CT1940:255          144.257   97.943   61.532   56.344   67.095   37.126
   -70.724  -164.055  -147.443   -70.848   -34.647   -11.790    -5.246    -7.300
   -21.905   -29.311    9.159   65.500  145.815  277.265  589.660  869.822
  811.570  498.578  238.590  115.826   37.181   -35.262  -110.044  -178.220
CT1940:250          141.610   97.809   60.657   46.249   45.323    4.119
  -125.631  -233.487  -218.616  -119.134   -53.069   -23.715    0.461    5.480
    -1.833   -12.789    5.543   22.341   65.999  247.630  764.396 1166.409
 1124.333  660.508  210.838   59.925    7.301   -40.068   -93.265  -143.057
CT1940:245          131.102   85.090   50.140   23.258    9.480   -35.268
  -147.992  -229.537  -187.256   -39.260   42.966   52.361   45.388   38.190
   16.119    1.028    4.547    -8.768    1.327  137.991  530.090  831.904
  807.950  494.699  191.468   74.583   36.031    -8.338   -63.412  -116.652
CT1940:240          131.149   85.043   51.586   17.619   -18.063   -61.557
  -149.915  -206.425  -135.807   55.006  129.838  117.217   42.692   11.983
    -5.629   -22.975   -27.517   -37.912   -31.817   18.216  128.280  223.219
  228.323  166.147  112.383   71.304   31.659    -3.039   -38.868   -79.194
CT1940:235          149.753  105.421   61.331   31.810   10.661   -20.842
  -105.040  -159.371   -74.430  181.386  283.084  188.099   29.005   -13.968
   -26.454   -32.572   -42.756   -60.163   -67.524   -78.252  -165.980  -225.174
  -187.425   -64.715   20.663   24.348   15.734    5.742   -10.781   -33.336
CT1940:230          156.979  108.006   61.892   27.288    -8.059   -33.354
   -50.955   -49.882   -16.115   58.547   88.971   59.090    -8.011   -33.349
   -35.776   -35.657   -45.702   -53.952   -64.076  -101.765  -186.138  -210.546
  -199.408  -128.030   -36.550    -3.927    0.979    5.748   12.974   19.762
CT1940:225          182.545  113.280   39.857    4.405   -24.454   -42.487
   -57.770   -58.891   -53.916   -67.632   -65.706   -55.751   -26.942   -29.579
   -19.335    2.044    -9.040   -40.632   -75.527  -121.510  -230.877  -300.592
  -279.824  -169.586   -71.511   -28.710    1.468   32.790   47.127   52.237
CT1940:220          134.890   61.170    3.966   -26.304   -45.301   -54.011
   -50.576   -24.222    -1.556   24.530   50.185    9.954    -4.485   -21.077
   -14.815   16.018    7.591   -18.580   -50.797   -88.779  -175.285  -231.694
  -217.086  -123.903   -30.589    5.173   13.923   22.065   30.722   35.899
CT1940:215           99.021   35.737    -9.343   -36.690   -58.633   -55.496
   -27.622   36.616  141.388  256.116  289.327  231.380   84.866    -5.305
   -14.648    6.799    6.551   38.100   60.522   34.742   -41.077   -98.006
   -93.331   -38.201   17.814   31.626   23.606   17.131   11.965    4.203
CT1940:210          114.778   59.540    7.334   -28.277   -60.200   -42.796
   36.793  160.348  439.837 1022.150 1304.343 1023.679  404.805  113.719
   44.323   40.046   25.756   54.084   72.914   76.819   77.507   65.614
   71.034   76.404   75.540   63.737   36.758   10.268    -9.514   -26.647
CT1940:205          122.170   73.202   25.754    1.155   -40.078   -27.310
   87.044  236.868  575.597 1451.921 1870.181 1545.317  618.251  162.090
   72.595   41.081    5.598   21.649   38.521   61.012  129.708  192.958
  206.012  166.554  117.729   89.127   47.660    6.554   -26.266   -56.692
CT1940:200           96.747   47.733   12.802   33.178   84.852  102.750
   56.401   16.084  244.333  961.466 1392.926 1142.285  457.834  158.580
   56.037    6.881   -37.846   -84.216  -106.382   -76.787   37.840  170.882
  208.529  183.772  139.122  104.571   57.008    4.971   -42.181   -82.672
CT1940:195           76.536   30.208    1.953   68.241  248.576  236.518
   -98.115  -440.019  -427.804  -141.401   58.278   28.688  -118.184  -168.799
   -99.623   -39.303   -65.101  -203.052  -337.399  -310.328  -102.643  117.009
  177.253  174.082  158.152  124.118   63.119    2.616   -52.556  -108.286
CT1940:190          120.845   69.987   43.466  163.266  355.954  300.111
  -159.313  -635.456  -801.225  -916.973  -900.021  -653.969  -212.988   -54.985
   -44.408   -23.523   -35.517  -180.287  -323.229  -264.579   -60.327   66.692
  113.018  159.608  180.180  150.791   81.550    4.104   -63.720  -128.977
CT1940:185          144.825   82.191   17.195   85.249  263.293  197.699
  -200.303  -537.914  -736.085 -1028.192 -1067.894  -736.142  -185.185    -2.066
    7.560    -3.925   18.320  101.262  226.899  214.596  151.795  156.452
  169.195  176.613  179.370  147.173   80.157    8.200   -59.002  -129.407
CT1940:180          107.901   65.411   37.991   52.465   88.962    9.417
  -255.776  -498.453  -589.482  -605.531  -562.526  -407.648  -138.555   -15.119
    2.456    -7.375   21.603  103.973  174.640  190.587  162.217  122.390
  114.242   86.586   52.533   32.089    8.944   -16.296   -43.977   -75.130
CT1940:175          127.533   71.083   19.989   -17.944   -44.678  -104.378
  -241.406  -346.047  -355.370  -262.591  -196.251  -141.435   -65.340   -15.659
    -8.257   -15.936    -4.743    1.092    -2.774    8.489   41.835   63.997
   51.814   11.053   -14.026   -22.554   -27.497   -29.867   -36.409   -45.353
CT1940:170          144.287   83.985   24.416   -26.568   -71.753  -118.271
  -201.775  -270.848  -244.542  -122.195   -64.402   -51.999   -38.015   -17.743
   -16.125   -13.458    -8.939   -26.113   -44.172   -46.805   -54.280   -63.001
   -66.137   -56.063   -44.751   -44.798   -42.086   -40.466   -48.295   -62.155
CT1940:165          126.833   87.007   48.974    -1.154   -60.505   -61.877
   37.674   68.719  111.452   86.928   36.160   43.825    -0.105   -18.924
    -2.471   21.810   21.430    7.329    2.576   -27.218  -110.739  -140.294
  -146.135  -113.388   -64.378   -50.679   -31.650   -14.736   -15.626   -23.654
CT1940:160          121.191  100.968   78.655   45.201    -7.261   -15.488
  283.023  618.941  589.279  448.921  448.158  299.991   40.972   -23.347
   -12.936    -2.613    0.805   10.596    8.289    -4.848  -110.004  -213.974
  -185.877   -65.550    -0.631    -8.791   -40.549   -54.868   -45.593   -26.552
CT1940:155          152.031  134.823  105.039   59.800    5.384   -74.930
  -379.201  -622.406  -400.968  221.293  462.652  326.196   58.786    -8.909
    -2.723   18.876   23.397   33.744   51.870   89.289  207.913  298.950
  264.792  124.954   14.506   -21.091   -37.198   -53.815   -62.195   -59.883
CT1940:150          122.547  116.792   98.945   51.951    -5.052  -182.272
  -818.497 -1317.612 -1066.584  -232.639   95.527  117.017   23.264   -10.243
    -6.897    7.483   11.334   10.816   14.225   94.366  376.788  582.892
  531.409  250.312   24.148   -31.871   -32.110   -33.426   -37.698   -40.868
CT1940:145           83.294   81.059   84.312   35.382   -21.315  -136.480
  -533.818  -788.131  -664.532  -168.263   80.026   76.595   11.615    -3.050
    -4.807    5.181    3.629   -13.083   -14.852   39.654  189.768  264.835
  255.191  133.838   11.628   -22.985   -11.376    -4.822    -9.198   -16.157
CT1940:140           99.920   76.856   54.362   32.719    9.417   -55.580
  -120.920  -137.440   -99.380   28.594  120.514  103.492   19.471    -2.024
    0.468    7.641    0.130   -32.173   -52.738   -38.071    -8.499   12.580
   17.909    6.650   -14.400   -32.072   -28.270   -19.735   -16.918   -15.597
CT1940:135          118.414   71.518   35.155   28.092   31.029   23.165
   40.804   45.478   64.723  102.018  128.304  104.220   38.093   19.474
   17.846   21.757    9.917   -34.174   -70.645   -76.840   -78.153   -66.802
   -59.746   -46.010   -27.677   -23.900   -20.420   -16.203   -14.142   -12.940
CT1940:130          132.550   85.329   35.638   37.451   73.408   72.425
   55.776   28.945   30.975   30.479   27.108   26.390   15.016   13.065
   20.145   24.278   13.326   -22.674   -56.262   -68.930   -78.408   -76.072
   -67.202   -42.228   -18.161    -7.767    5.942   11.957    1.695   -19.079
CT1940:125          119.205   75.160   44.206   47.706   69.903   64.801
   27.374   -13.908   -35.494   -69.523   -83.516   -60.628   -18.290    -4.381
    9.698   24.771   19.748    1.966   -12.420   -28.665   -52.239   -62.761
   -51.501   -13.390   20.862   21.128    -4.899   -29.310   -42.338   -49.539
CT1940:120          123.010   95.347   71.897   72.347   87.104   75.933
   29.113   -11.642   -39.828   -74.783   -80.722   -59.971   -19.816    -6.914
    7.602   31.886   22.702   -21.712   -63.978   -73.510   -70.360   -68.981
   -52.509    -6.814   29.750   26.202   -18.441   -51.589   -62.003   -63.402
CT1940:115          123.487   94.705   70.269   79.871  107.286  100.078
   38.535   -17.544   -29.631   -22.117   -15.186   -15.401    -6.560    -4.344
    -2.033    -2.348    -8.820   -15.966   -31.506   -46.426   -62.242   -72.939
   -53.190    -1.464   40.096   44.056   18.304    -8.287   -33.758   -59.936
CT1940:110          107.492   79.201   58.529   69.257   98.835  100.503
   55.244   20.335   33.099   74.553   95.883   78.964   56.319   35.674
   22.559   21.953    4.683   -20.811   -46.575   -64.491   -79.189   -89.187
   -62.050   10.354   70.982   82.146   46.124    2.097   -39.754   -84.153
CT1940:105          103.988   77.273   50.046   57.608   88.172   98.597
   81.616   74.419  122.495  206.003  215.267  203.943  115.872   57.013
   24.500   -11.237   -35.720   -38.214   -54.473   -90.989  -156.392  -185.620
  -143.576    -0.087  117.099  132.146   64.802    -1.718   -52.913  -109.166
CT1940:100          112.914   81.773   57.801   52.287   51.785   65.046
  108.117  152.770  253.156  509.583  608.473  467.357  199.267   91.525
   40.302    0.186   -34.573   -64.995   -90.464  -156.235  -316.926  -399.563
  -340.542   -96.596  126.935  160.073   83.524    1.986   -60.212  -116.807
CT1940:095          117.466   88.240   62.044   48.272   36.389   50.910
  119.550  183.711  266.138  488.289  584.512  411.493  116.850   21.213
   15.650   18.584   -13.677  -104.085  -194.438  -251.561  -411.472  -528.987
  -454.460  -148.568  106.098  141.432   78.335   11.579   -43.510   -96.615
CT1940:090          118.933   93.252   69.884   56.012   42.297   48.511
   99.901  145.383  125.698   34.920   -19.658   -22.973   -19.185   -26.340
   -14.865    8.155    -4.396   -64.119  -130.092  -135.522  -140.978  -155.952
  -112.149    1.498   80.293   88.360   59.611   27.279   -12.352   -66.347
CT1940:085          115.959   85.671   60.983   52.118   55.045   56.810
   61.845   63.230   -31.910  -327.006  -467.139  -358.273  -150.515   -95.300
   -56.992   -19.913    -4.849   38.205   94.664  129.865  277.553  423.171
  391.757  195.977   59.020   27.369    6.632   -13.089   -32.570   -54.658
CT1940:080          129.965   91.192   49.654   38.369   40.318   41.274
   61.387   63.340   14.852   -94.307  -143.558  -135.589   -75.420   -53.378
   -38.770   -24.456   -18.014   -23.709   -27.700   20.391  119.638  152.572
  170.538  121.280   49.627   22.280    7.960    -9.200   -34.638   -62.350
CT1940:075          115.392   92.341   68.805   55.866   48.211   56.972
  118.473  165.684  153.355  153.743  156.946   89.692   22.724   10.675
   -16.274   -53.898   -60.524   -67.323   -71.268   -40.063   37.164   96.169
  123.792  146.530  155.117  121.750   55.538    -4.145   -51.715   -96.507
CT1940:070           97.530   80.017   67.748   63.045   59.423   68.178
  136.114  189.219  160.699   74.015   26.778   19.087   24.808   22.157
    -4.608   -33.716   -49.985   -81.613  -113.585   -92.444    -5.525   60.124
   94.938  128.443  161.563  141.659   64.805    -2.436   -56.487  -111.950
CT1940:065          110.516   90.220   68.315   65.318   69.577   67.408
   81.928   88.798   36.690  -130.760  -212.360  -142.828   -52.394   -38.201
   -20.598   -18.387   -40.159   -70.621   -89.976  -105.778   -90.597   -28.888
    -7.444   -34.168   -37.539   -10.862    7.978    -5.380   -59.264  -133.679
CT1940:060          108.250   98.394   88.520   93.065  110.306   98.534
   10.246   -72.833   -98.351  -103.026   -96.606   -72.649    -0.829   18.828
    8.843    -2.690   -43.055  -137.268  -190.398  -256.244  -427.303  -521.519
  -407.361   -24.633  283.104  292.564  142.117    -1.554  -102.506  -189.231
CT1940:055          129.562  122.487  106.133   87.441   73.260   54.265
   -21.693   -74.187   -75.010   -23.898    4.624   17.354   58.705   66.981
   40.468   14.806   -35.492  -235.504  -455.609  -506.141  -571.241  -632.378
  -506.210   -63.264  301.858  327.594  164.001    7.898   -96.660  -185.908
CT1940:050          132.391  118.991  107.983   47.332   -66.230   -84.901
   -26.736   24.275   43.959   74.784   77.066   56.847   42.593   35.547
   44.304   40.708   33.394   29.555    -7.560   -50.146  -110.039  -117.823
   -93.524   46.242  195.445  219.274  126.821   27.264   -47.431  -120.189
CT1940:045          157.854  115.372   70.121    4.451   -77.448   -47.672
  186.943  374.356  386.168  249.755  149.429  102.448   55.523   26.485
   45.806   85.872  119.236  309.462  508.711  449.755  211.321   63.176
   54.240   92.912  133.497  137.214   83.235   18.899   -40.789  -101.754
CT1940:040          197.779  133.918   62.415   47.638   38.326   92.393
  444.239  798.234  767.899  439.694  291.960  214.660   95.670   28.838
   18.006   22.591   38.170   99.010   98.423  102.800   55.671   -36.132
   -11.945   93.032  148.144  130.652   56.813    -7.060   -52.339   -97.142
CT1940:035          150.145  116.693   82.438  108.887  155.810  212.134
  422.139  626.914  643.801  527.829  469.504  344.484  101.494    -2.621
   14.656   60.785   65.261   60.577   36.949   42.780   40.977   21.149
   38.918  118.765  172.023  149.768   75.900    4.868   -56.420  -121.941
CT1940:030          106.992   93.011   87.476  126.749  199.871  190.813
   -63.962  -319.185  -118.384  562.775  886.157  642.636  202.588   36.623
    5.626   13.071    -2.505   -17.818   -26.791   -15.731   46.346  112.823
  121.308  115.371  113.070   92.985   42.044   -11.615   -57.610  -101.138
CT1940:025           93.902   92.267   93.345  116.574  159.235  100.090
  -255.875  -538.044  -301.726  414.387  774.480  700.435  325.449  108.923
   35.843   20.107    -4.164    -7.515    -6.705    0.962   14.892   19.779
   31.398   56.054   69.395   54.779   13.788   -21.751   -48.226   -74.015
CT1940:020           95.790   89.197   90.287   93.623   93.102   44.898
  -199.561  -400.589   -45.390 1042.710 1632.074 1368.624  532.110  151.701
   69.024   48.639   20.682   31.161   45.016   47.181   45.705   42.177
   41.594   46.181   49.349   41.406   24.723    6.123   -10.875   -23.835
CT1940:015          102.524   89.330   80.580   77.898   64.334   14.081
  -133.517  -259.580   26.636 1111.902 1791.323 1360.048  412.147   86.135
   46.407   48.509   34.186   48.528   71.021   61.601   28.289    0.187
   -10.295   -18.013   -26.040   -20.628    -4.191    6.886    4.938    -4.269
CT1940:010          106.892   96.644   80.768  101.437  193.037  152.104
   -92.188  -316.874  -340.686  -371.185  -414.026  -314.436   -92.530   -13.005
    6.265   21.574   21.333   17.423   17.170    -9.654   -99.777  -171.681
  -176.577  -113.763   -50.326   -31.860   -28.450   -15.644    -2.770    0.670
CT1940:005          128.971  125.481  115.907  156.181  247.600  209.067
   -86.532  -355.826  -445.020  -770.210  -960.692  -657.991  -140.272   23.688
   33.816   55.581   70.036   43.108   -11.224   -30.574  -100.162  -193.614
  -201.128  -107.376   -27.913   -13.341   -18.868   -24.767   -23.454   -17.767
CT1941:360          108.170   95.031  100.695   -26.210  -297.212  -403.842
  -265.328  -111.791   -95.794   69.654  276.183  123.829    5.690   39.618
   36.776    9.921   47.578  221.626  392.336  349.902  161.382   47.733
    4.338   -22.902   -32.364   -28.952   -19.760   -13.729    -9.840    -7.414
