
filled_synop: 30 data points in equal steps of sine latitude from +14.5/15 to  -14.5/15

CT1827:360           20.389   21.973   16.438    0.534   -25.774   -53.917
   -97.923  -165.454  -116.897  585.351 1763.155 1993.545  876.334  -214.074
  -280.098  145.487  564.202  585.503  487.898  429.022   89.691  -443.889
  -624.461  -552.206  -420.192  -321.434  -157.014   -42.288    8.769   63.915
CT1827:355           15.778    -0.017   -13.728   -18.186   -24.104   -47.573
  -100.797  -162.321   -51.661  539.461 1175.919 1225.777  615.531  -180.793
  -264.454   34.488  256.188  393.826  561.130  513.753  151.513  -503.606
  -702.186  -425.826  -124.693   -51.912   -47.748   -25.416    8.069   34.396
CT1827:350           20.871    0.127   -14.914   -20.350   -25.801   -56.328
  -129.657  -209.393  -175.241   -56.089    8.075    7.507    -6.230  -119.701
  -128.280   11.754  151.626  331.793  715.178  810.419  411.344  -363.739
  -554.730  -257.789   49.453   86.530   31.723    -8.293   -20.234   -14.296
CT1827:345           32.182    -3.628   -31.565   -39.261   -36.950   -76.122
  -182.067  -355.433  -389.566  -344.319  -360.764  -357.341  -189.256   -27.524
    5.957   43.798  154.484  285.361  646.394  807.220  508.141  -108.154
  -210.769   31.792  290.997  253.535   59.723   -18.802    -0.083    4.526
CT1827:340           39.111   11.656    -7.484   -14.784   -24.930   -80.682
  -195.472  -274.715  -274.248  -227.002   -49.608   30.598   -52.578  -111.067
  -105.877  -151.455  -231.128  -128.312  149.742  334.351  212.166   58.819
  135.076  405.622  603.548  507.948  199.946    3.165   -42.858   -59.404
CT1827:335           62.813   31.336    -1.995   -29.094   -51.853  -140.164
  -393.747  -709.847  -797.137  -585.938  -362.929  -297.716  -237.904  -260.575
  -236.850  -169.188   -90.736  -294.893 -1063.519 -1295.977  -610.519  570.051
  991.102 1194.049 1163.296  861.083  290.837   -20.164  -103.283  -127.169
CT1827:330           91.553   48.699    -0.741   -54.401  -106.687  -190.008
  -376.351  -626.675  -740.403  -611.419  -313.442  -216.175  -335.045  -365.065
  -294.439  -227.310  -171.334  -404.286 -1576.061 -2077.317  -716.125 1850.474
 2449.355 1795.792 1066.734  775.632  282.389   11.379   19.833   -18.989
CT1827:325          105.817   53.279    -2.814   -61.217  -118.904  -184.699
  -204.352  -184.483  -293.109  -666.903 -1059.119 -1109.953  -902.126  -589.240
  -405.183  -214.872   -29.485   38.584    7.002   12.891  428.039 1227.623
 1364.114  921.558  464.988  321.662  195.612   51.006   -36.732   -75.194
CT1827:320           92.481   40.836    -8.170   -52.916   -99.599  -153.004
  -186.261  -207.680  -341.396  -882.104 -1569.852 -1691.809 -1312.759  -924.749
  -665.912  -214.910  102.884  489.057 1620.087 2108.392 1004.584  -734.439
-1229.943 -1419.696 -1457.620 -1122.276  -419.261   50.407  127.372   81.986
CT1827:315           94.261   32.404   -26.330   -76.851  -119.078  -170.558
  -268.793  -388.920  -476.374  -654.715  -872.624  -917.317  -807.573  -609.448
  -371.525  200.986  626.149  774.463  865.121  600.909  -352.165 -2227.750
-2783.216 -2491.709 -2128.171 -1595.241  -358.958  144.351   -30.989   -82.226
CT1827:310          135.544   55.707   -25.339  -116.383  -205.701  -258.925
  -292.726  -325.683  -318.975   -92.523  242.032  293.397   17.186  -236.081
   -85.720  722.604 1407.524 1104.236   -84.098  -820.966 -1231.667 -1669.643
-1861.259 -1614.392 -1108.757  -766.307  -282.847   87.494  158.093   95.971
CT1827:305          161.256   73.342   -15.967  -121.580  -228.675  -245.103
  -140.771    6.380  128.554  433.247  772.798  784.211  387.152   -37.972
   -58.924  263.336  458.282  141.390  -664.761 -1106.379 -1244.176 -1190.172
-1189.205 -1067.508  -869.652  -602.455  -223.925   -20.520   39.072   76.357
CT1827:300          145.250   57.430   -25.935  -120.443  -214.596  -194.575
   21.075  277.409  410.317  534.361  603.965  564.059  367.830  140.322
   -68.592  -568.615 -1020.600 -1091.195 -1026.931 -1054.383  -954.815  -721.739
  -712.600  -947.497 -1149.819  -940.483  -508.732  -250.974   -97.510   34.725
CT1827:295           94.433   40.590   -17.679   -91.082  -155.816  -120.092
   79.571  319.207  422.922  426.181  369.162  314.498  266.482  177.484
   -42.106  -592.405 -1017.636 -1065.086  -799.576  -657.494  -541.568  -301.782
  -329.473  -836.537 -1281.242 -1136.536  -624.704  -232.827   -55.411   67.911
CT1827:290           19.872   22.799   18.642    -4.467   -45.008    -9.569
  112.326  248.614  318.774  360.839  378.431  342.968  276.799  184.942
   28.498  -244.120  -423.052  -508.110  -481.621  -425.867  -308.844  -101.725
  -139.022  -638.248 -1071.361  -917.045  -357.607  -100.480   -64.955   17.424
CT1827:285           -30.708    -9.719    8.544   25.130   42.940   88.516
  165.838  242.359  296.866  363.697  414.015  388.605  295.298  170.104
   72.408   -34.632  -139.926  -190.533  -249.664  -269.361  -176.638   -43.753
   -71.734  -245.293  -390.520  -361.439  -194.134   -29.977   66.824   89.843
CT1827:280           -63.796   -36.720    -9.929   20.199   46.273   82.973
  158.575  239.086  280.219  323.474  347.120  317.205  210.242   96.355
   54.972   43.977   28.649   23.707    9.901   13.839   37.599   51.534
   11.319   -88.199  -178.559  -140.322   -17.900   21.090   17.357    0.696
CT1827:275           -76.657   -53.314   -27.294    -0.817   20.667   34.626
   58.177   86.605   70.590   29.467   -12.919   -46.305  -103.443  -161.404
  -127.935    -0.472   85.620  145.597  228.232  280.288  300.646  282.853
  209.788   42.696   -91.020   -87.969    -8.436   21.556    -4.412   -32.168
CT1827:270           -75.981   -55.796   -36.240   -11.027   22.828   23.960
   -21.926   -74.502  -171.963  -408.922  -606.196  -652.403  -590.436  -471.445
  -359.394  -135.521   39.331  149.656  282.068  367.443  456.689  498.740
  415.051  128.570   -75.066   -69.994   20.078   38.656   19.276   -14.903
CT1827:265           -68.408   -48.429   -27.680    -1.906   26.338   12.426
   -59.578  -138.245  -262.706  -613.733  -883.111  -937.879  -868.512  -727.035
  -543.237  -186.347   33.577  115.091  198.577  268.028  322.894  407.423
  353.119  143.127   -20.709   -35.318   12.478   21.285    -5.761   -32.340
CT1827:260           -68.722   -56.661   -37.890    -9.567   27.736   17.728
   -39.417  -113.370  -180.132  -377.880  -615.543  -574.052  -242.173   -59.912
   -23.364   26.036   78.968  164.041  207.263  175.442  168.970   88.000
   31.102   19.187   10.973   11.511   37.750   34.404    5.120   -31.950
CT1827:255           -88.031   -62.589   -29.721   18.507   47.759   13.100
   -49.610  -137.579   -74.898  260.999  645.680  796.559  789.630  798.879
  709.032  349.757  173.938  311.221  740.815  920.246  530.081   38.247
   -58.135   17.032   72.974   64.273   62.222   45.263    8.546   -32.071
CT1827:250          -115.898   -69.325   -31.202   34.405  107.198   34.786
  -214.980  -393.319  -269.121  265.833 1035.504 1277.981 1041.502  687.575
  550.636  302.045  120.902  155.806  265.390  255.132  249.354  122.567
   73.347  131.666  151.374  120.231   80.156   42.869    8.064   -28.531
CT1827:245          -132.788   -69.700    2.010   99.984  179.101   27.784
  -721.875 -1560.188 -1549.265  -524.340  540.256  791.902  639.341  376.137
  252.559  103.561   21.141   43.846  136.555  201.127  283.846  477.587
  490.216  343.530  237.005  177.283   92.182   30.483    -7.670   -39.441
CT1827:240          -138.849   -70.237   -10.091   70.279  157.438   20.601
  -714.936 -1391.981 -1332.116  -511.454  356.911  539.168  375.619  203.347
  107.246    -6.966   -51.327   -17.173   53.263  101.580  214.668  342.256
  351.363  317.977  266.017  199.786   96.988   30.655    -2.631   -34.928
CT1827:235          -150.673   -75.490    -3.278   68.358  136.613  107.235
  -115.823  -369.856  -351.113   65.514  455.308  479.917  280.870   97.460
   21.175   -35.038   -48.474   56.949  264.620  337.312  310.440  217.137
  193.128  237.790  256.788  194.010   84.062   19.229   -13.681   -39.498
CT1827:230          -165.403   -98.705   -25.300   44.349  120.851  313.822
  800.720 1291.093 1372.870 1055.856  688.174  518.856  261.198   43.152
   -11.802   22.905   51.753  199.087  570.703  713.323  526.329  195.699
  129.812  188.529  235.855  188.533   78.342    8.322    -6.689    -9.874
CT1827:225          -187.140  -112.853   -31.846   45.511  101.035  333.048
 1131.583 2020.497 2130.562 1428.446  538.009  248.798  124.110    7.899
   -23.145  107.533  222.506  264.704  408.005  487.036  321.040   66.058
   35.482  123.313  192.425  149.667   32.521    -9.640   17.706   31.019
CT1827:220          -176.873   -97.966   -17.125   41.016  111.895  361.456
  930.719 1446.559 1464.799  960.967  325.625   72.560   15.900    -6.327
   -31.683   12.697   22.049   -47.893  -300.037  -417.074  -269.912   -73.731
    0.727   89.367  158.303  131.738   51.728    7.224    -1.138    5.709
CT1827:215          -164.184   -83.256    -7.181   44.197  119.886  295.814
  640.049  946.067  928.591  598.912  192.989    0.247   -40.886   -44.925
   -62.985   -15.429    -0.949  -129.276  -451.343  -552.206  -373.204   -50.574
   74.848  127.020  156.332  132.900   57.847   13.860    2.712    4.039
CT1827:210          -174.268   -78.394   12.150   96.491  173.760  315.443
  625.910  993.150  990.005  559.378   94.816   -75.705   -83.616   -56.117
   -68.506   -43.366   -55.140  -159.254  -390.146  -449.399  -298.270   24.624
  153.637  188.822  211.887  176.848   55.785   10.421   17.600   15.959
CT1827:205          -196.201   -88.815   20.092  128.893  242.382  360.931
  534.877  692.163  642.059  330.955   -17.653  -142.215  -111.000   -67.089
   -62.765   -25.145   -25.833  -129.999  -369.645  -452.416  -311.658   -67.219
   55.542  181.411  261.473  233.178  113.200   35.517   11.352    4.851
CT1827:200          -243.475   -95.855   36.099  198.291  353.302  425.219
  402.797  342.101  260.863  114.699   -37.277   -99.156   -61.011    2.746
   25.258   58.081   73.413   -31.119  -265.038  -356.206  -289.441  -130.073
   -27.816  151.521  290.358  260.208  111.262   54.329   45.186   28.883
CT1827:195          -266.120  -101.916   71.541  266.325  437.279  487.345
  390.577  272.860  183.388   63.513   -41.408   -75.327   -42.531    9.413
   62.616  146.719  164.414   98.589   -86.750  -208.281  -241.084  -257.663
  -188.993   34.498  198.106  198.244  102.004   40.959   23.347   19.641
CT1827:190          -273.150  -107.395   50.520  239.166  438.834  466.675
  308.751  142.584   47.277   -27.488   -90.738   -93.567   -54.337    -8.310
  112.066  385.946  505.561  434.090  240.154   91.468   -98.856  -294.082
  -268.163   -40.662  129.910  131.928   42.105   17.092   19.151   28.857
CT1827:185          -260.455  -100.097   66.363  255.825  414.269  394.252
  141.134  -108.144  -210.128  -216.897  -213.894  -168.780   -53.522   53.113
  229.387  643.737  831.243  640.720  172.152   -82.477  -237.874  -375.305
  -331.097  -106.493   63.904   87.125   39.800   25.881   37.182   50.723
CT1827:180          -253.703   -96.646   49.643  234.037  432.912  412.626
  129.432  -153.143  -282.787  -310.222  -318.534  -259.821   -85.285   51.745
  185.143  489.153  659.369  317.836  -360.276  -597.415  -597.914  -466.089
  -351.317  -145.086   14.412   46.748   23.977   29.982   40.990   56.562
CT1827:175          -255.129   -85.330   98.428  314.229  488.425  471.495
  242.294    -7.004  -187.495  -396.151  -357.729  -310.670  -228.149    4.713
   47.565  -101.807  -274.022  -461.193  -935.016 -1140.976  -870.767  -469.000
  -323.067  -156.304   -15.144   24.688   18.238   30.243   54.956   79.771
CT1827:170          -243.482   -75.503   82.675  281.286  485.429  485.510
  271.033   46.399  -139.922  -794.861 -1609.494 -1621.575  -706.551   -59.948
   -31.077  -262.751  -439.706  -499.460  -543.383  -549.980  -487.346  -314.797
  -225.929  -128.479   -42.736   -12.574   -13.133   11.726   52.554   88.298
CT1827:165          -194.851   -44.851  113.777  290.524  430.778  416.225
  174.628   -81.043  -162.831  -187.880  -284.516  -295.459  -123.012   -24.562
   -50.708   -84.786   -75.482   -79.268    2.415   63.898   31.166   -11.705
   -13.280   -48.584   -70.225   -55.814   -25.430    4.737   38.347   71.857
CT1827:160          -176.641   -35.866   95.593  251.362  406.281  428.193
  272.460   91.268  160.012  952.696 1945.798 1906.875  760.461   -21.620
  -145.215  -155.439  -159.880   -53.244  131.630  191.076  276.651  280.876
  228.344   55.779   -94.031   -90.036   -22.364    7.766   38.265   68.594
CT1827:155          -174.431   -42.278  104.410  273.439  407.200  444.155
  388.776  346.380  446.424  852.884 1103.995 1019.601  446.625  -141.838
  -245.662  -148.345   -82.784   39.694  331.423  472.571  475.634  485.859
  406.505  115.516   -87.110   -95.135   -43.909    -7.112   28.369   63.285
CT1827:150          -156.538   -36.824   78.778  220.363  369.920  396.901
  300.056  201.161  203.447  213.642  130.629   72.178    5.454  -110.107
  -165.397  -100.627   -44.697   23.959  114.844  146.094  170.286  139.350
   86.011   -30.014  -122.217  -102.321   -41.738    -2.618   32.131   65.974
CT1827:145          -132.813   -32.441   86.019  222.763  330.677  316.417
  147.306    -9.160   -40.582   -25.066    6.274   -14.631   -15.089    7.895
   -19.927   -26.018   -12.933   -22.936   -70.422   -98.801  -166.313  -234.020
  -250.227  -197.585  -148.901   -92.683   -10.156   32.184   48.716   67.956
CT1827:140          -108.942    -4.254   86.585  202.229  322.013  287.047
   54.832  -141.121  -159.634   -15.086  117.577  118.442   32.174   -24.114
   -21.256    6.110   24.278   22.350   12.994   -29.986  -208.741  -395.649
  -415.028  -276.949  -178.704  -108.897    -6.990   49.049   63.650   74.661
CT1827:135          -109.127   -18.399   78.158  192.777  277.685  197.212
  -112.948  -342.473  -343.830  -110.266   79.506   94.354   -15.073   -75.754
   -48.211   24.504   75.374  124.192  194.491  171.837    2.214  -159.501
  -209.885  -210.339  -188.798  -111.792    0.780   52.637   58.614   60.805
CT1827:130           -65.742    6.632   64.692  154.282  249.063  164.544
  -199.555  -494.181  -502.981  -238.036   -38.386    -6.134   -69.613   -99.862
   -44.026   61.463  125.795  190.828  256.951  238.434  112.785   -30.646
  -103.923  -175.466  -204.683  -137.189    -6.078   53.356   63.047   63.016
CT1827:125           -15.357   45.520  106.174  174.405  210.797  147.955
   -43.135  -206.908  -236.183  -162.924  -100.703   -80.917   -93.926   -76.544
   -10.312  102.121  177.109  222.125  249.165  238.194  163.475   59.295
   -23.655  -142.449  -199.980  -134.900    -2.709   45.920   40.685   38.850
CT1827:120           27.947   72.056  107.144  158.715  207.177  165.855
   68.246   -37.238  -108.824  -195.190  -256.513  -232.826  -184.561  -130.231
   -59.267   53.777  131.930  163.361  189.518  198.973  177.093  118.831
   58.551   -67.914  -164.456  -122.273   -12.163   33.406   37.440   38.761
CT1827:115           63.945   93.050  127.201  173.137  190.050  102.387
   -95.734  -234.033  -318.772  -428.891  -457.039  -408.428  -279.065  -170.942
  -109.595   -67.569   -38.967   -14.357   37.010   78.949  129.745  221.342
  191.813    -8.668  -142.964  -124.526   -29.964   27.327   53.097   61.038
CT1827:110           96.017  101.438   98.402  116.429  133.821   29.791
  -344.427  -767.659  -864.178  -687.808  -591.017  -511.891  -277.588   -99.999
   -62.194  -123.930  -160.052  -181.137  -274.582  -286.227   -95.274  135.079
  141.136   -42.919  -168.510  -138.882   -32.255    9.339   21.475   38.508
CT1827:105           94.363   82.996   80.652   91.228   80.735    -2.925
  -129.936  -179.696  -254.210  -375.864  -349.160  -299.216  -201.856   -82.691
   -44.318   -60.819   -66.098  -142.531  -274.247  -280.278  -164.534    1.690
   28.891   -54.222  -115.451  -107.689   -50.939    -5.732   18.258   35.829
CT1827:100           89.451   68.224   48.655   47.854   49.994    -7.756
  -133.837  -262.644  -332.215  -421.638  -523.671  -464.666  -237.424   -93.800
   -52.594   -45.978   -57.408  -123.872  -251.876  -271.765  -175.678   -39.707
    0.127   -35.613   -49.852   -46.538   -16.501    -7.132    -0.928   22.554
CT1827:095           68.127   46.804   34.502   28.661   18.106   -17.796
   -98.505  -181.559  -230.894  -270.589  -277.267  -250.471  -163.395   -85.518
   -49.382   -16.355   -11.895   -73.672  -184.545  -208.307  -150.551   -59.985
    0.846   35.322   45.768   33.184   -10.201   -24.956    1.471   17.920
CT1827:090           71.150   42.493   18.614    5.003    -6.821   -31.392
   -60.981  -105.421  -132.045  -165.738  -198.482  -183.130  -123.762   -75.057
   -41.785    7.070   21.174   -33.827  -134.441  -158.681  -121.635   -54.398
   24.615  188.608  277.392  185.924    6.223   -41.920   -20.527    2.319
CT1827:085           78.039   57.586   35.849   10.159   -16.841   -30.613
    -9.033    1.621    -6.921   -47.690   -86.718   -81.768   -73.550   -66.939
   -41.244    9.928   27.928    -7.116   -84.715  -103.550   -89.971   -58.276
   15.878  182.997  260.510  210.989   55.569   -43.517   -50.229   -20.128
CT1827:080           84.920   68.356   46.340   15.583   -21.993   -45.242
   -26.311    -3.082    4.649   16.622   31.597   37.704    -2.627   -22.524
    -9.427   20.986   37.572   18.655   -35.706   -49.156   -41.112   -26.663
   58.835  403.996  607.399  436.460   45.439   -54.792    7.320   31.206
CT1827:075           87.388   77.738   54.852   35.491   11.372   -35.839
  -146.608  -229.796  -214.189   -81.146   13.633   31.860    0.477   -11.646
    1.700   17.453   30.724   53.343   79.492   85.084   44.475   11.620
   68.622  226.917  292.963  187.060   -52.321  -159.540  -114.791   -23.993
CT1827:070          109.150   85.899   43.927    3.117   -34.311   -94.883
  -231.437  -329.272  -327.261  -215.095  -115.704   -84.970   -64.547   -43.435
   -16.230   19.509   51.030   93.517  142.693  149.125  101.830   54.972
   70.494  130.069  144.725   34.670  -143.987  -177.934  -118.337   -34.157
CT1827:065          126.208   92.271   41.192   -16.933   -63.625   -93.550
  -118.834  -143.598  -167.268  -201.593  -223.494  -189.901   -90.789   -33.471
    -6.617   16.337   45.049   98.744  168.863  182.057  133.018   89.237
   89.764  112.755  111.353   56.456   -20.114   -41.179    -5.343   19.925
CT1827:060          103.701   85.045   49.735    4.602   -28.303    -7.007
   98.017  153.687  124.178   17.350   -58.406   -62.319   -27.031    2.658
   18.062   23.119   44.586   81.698  129.302  141.121  111.845   81.037
   81.188  102.786  106.385   85.408   51.317   26.321   10.883    -0.686
CT1827:055           48.833   57.753   68.197   69.326   67.572   94.877
  212.544  298.719  267.933  110.621    -8.971   -28.694   -15.111    1.393
   17.298   22.843   36.768   71.435  103.358  109.267   93.255   63.145
   64.834  113.060  135.497  117.049   82.895   56.580   24.379    -5.968
CT1827:050            9.234   38.551   70.583  111.640  147.979  169.286
  183.705  171.580  125.038    5.279   -96.690  -105.407   -59.204   -31.038
    3.155   46.011   78.246  117.515  171.959  181.807  122.994   59.496
   57.255  100.410  123.816  112.929   84.428   56.265   22.870   -11.498
CT1827:045            -9.886   39.255   92.993  152.143  190.836  172.210
   90.157   15.431   -39.719  -109.263  -153.651  -151.018   -84.221   -33.438
    6.127   56.981   96.177  123.292  154.496  159.050  103.034   40.318
   33.457   63.383   82.727   80.477   72.665   57.132   24.793   -15.115
CT1827:040           -16.515   33.712   80.042  145.058  195.690  167.462
   38.961   -74.217  -125.869  -159.946  -193.904  -185.158  -116.938   -60.651
   -35.787    -5.862   31.225   50.730   54.275   56.464   47.082   35.681
   25.198    8.811    5.324   22.421   59.352   50.509    5.388   -29.595
CT1827:035            -9.704   31.054   79.149  136.893  168.515  129.141
    5.483   -94.292  -137.274  -128.537  -118.002  -132.634  -197.269  -231.385
  -182.135  -103.270   -54.730   -11.086   20.694   29.827   24.527    7.258
    -2.722    -8.263    -4.910   12.132   48.659   55.377   26.048   -10.843
CT1827:030           12.723   29.860   45.490   81.086  113.669   68.474
   -52.344  -152.205  -188.292  -152.814  -134.239  -155.624  -228.803  -248.338
  -197.476  -112.313   -56.989   29.660  134.579  160.203   84.828    9.652
    -5.967    -5.612    3.714   20.763   55.263   54.467   27.911    -3.941
CT1827:025           41.786   46.621   49.938   51.922   41.615    -7.418
   -97.380  -181.505  -246.557  -299.053  -347.376  -344.804  -305.701  -261.946
  -180.568   -18.422   90.617  114.109  154.835  177.962  105.907   37.361
   31.582   31.683   41.137   31.020   43.967   38.325   13.816    -9.317
CT1827:020           82.643   70.679   51.774   33.589   16.073   -34.792
  -106.035  -183.743  -302.469  -528.811  -665.575  -632.771  -458.335  -336.232
  -280.158  -251.445  -218.792  -180.436  -152.311   -78.431   42.348  143.367
  185.301  138.903  107.413   86.283   67.403   28.921    -6.937   -25.080
CT1827:015           92.742   71.687   51.110   29.094    2.084   -46.076
   -95.114  -161.865  -327.549  -693.224  -896.324  -853.581  -593.879  -425.928
  -386.997  -417.466  -413.580  -422.679  -429.597  -310.011   55.420  420.385
  620.027  836.526  870.692  570.268  187.971   29.286    -2.609   -31.828
CT1827:010          109.239   81.093   49.872   19.390   -12.628   -63.831
  -119.082  -191.448  -339.564  -663.111  -872.978  -824.431  -557.018  -394.442
  -336.253  -305.840  -273.038  -327.267  -421.214  -307.139  136.590  613.075
  935.057 1388.180 1520.878 1087.181  326.874   47.441   23.079   -33.712
CT1827:005          139.505   88.528   44.020    4.456   -43.158   -96.635
  -153.825  -218.912  -229.698  -250.309  -328.310  -328.160  -323.625  -297.666
  -216.799   -55.080   76.566   45.270   -36.005   40.079  247.436  514.296
  778.198 1540.068 1873.369 1413.974  454.553   20.017  -103.079  -152.397
CT1828:360          167.945   89.521   13.190   -47.965  -114.434  -191.275
  -256.763  -233.581  -161.806  164.299  451.948  378.600   -80.856  -284.037
  -176.206   50.713  238.916  398.467  524.397  558.919  341.505  106.744
  178.213  691.419  898.107  726.547  327.555  145.222  104.521   20.593
