
filled_synop: 30 data points in equal steps of sine latitude from +14.5/15 to  -14.5/15

CT1889:360           96.587   71.137   38.478   11.205    -0.741    -6.111
   -14.804   -18.935   -22.672   -41.044   -82.210  -105.891  -118.230  -119.754
  -120.497  -101.138   -76.211   -83.295  -115.892  -139.205  -124.750   -79.319
   -44.116   -21.356    -2.055    -2.545   -35.863   -75.206  -109.686  -139.258
CT1889:355          102.266   77.860   51.207   25.579    4.761   -13.346
   -22.247   -18.107   -13.995   -22.489   -32.583   -43.814   -98.297  -182.289
  -203.638  -158.652   -97.406   -94.520  -119.412  -137.135  -121.010   -80.876
   -52.784   -32.053   -10.303    -8.039   -37.774   -74.800  -108.422  -136.339
CT1889:350          103.086   86.249   69.106   50.267   29.158    3.992
    -6.724    -8.182    -9.084    1.417   36.164   40.610   -28.855  -134.526
  -170.291  -158.311  -125.272  -118.146  -120.863  -113.719  -100.642   -79.133
   -59.739   -34.196    7.204   13.259   -22.057   -68.879  -105.895  -140.363
CT1889:345          110.865   92.923   73.380   47.446   27.690   11.448
    0.227   -11.052   -14.751   10.748   76.809  101.937   53.403   -50.150
   -96.768  -120.818  -137.532  -133.590   -96.944   -70.419   -62.699   -65.038
   -63.043   -45.777   -10.609    -4.060   -26.686   -58.775   -95.364  -140.194
CT1889:340          117.857   81.407   49.687   23.257    5.104   -10.506
   -22.859   -35.625   -36.118    -6.014   56.362   83.753   77.029   48.291
   25.114   -18.403   -70.183   -72.760   -22.883   12.681    2.851   -38.292
   -57.230   -47.854   -19.029   -10.551   -29.595   -58.835   -95.188  -141.360
CT1889:335          149.298  104.119   57.130   18.957    -9.887   -31.875
   -42.824   -45.632   -36.521    -6.989   55.481   95.079  129.778  178.003
  176.644  119.016   66.675   54.707   71.487   77.629   52.289   -12.453
   -48.037   -39.213    -6.006    -2.972   -23.514   -57.766   -96.147  -137.868
CT1889:330          173.615  129.765   68.030   19.956   -14.864   -48.883
   -57.216   -39.359   -22.326    2.572   36.533   61.496  125.066  192.194
  197.509  160.469  114.511  100.298   93.102   73.002   54.439   16.600
    -8.213    -8.090   25.417   22.801   -21.920   -81.346  -124.537  -166.503
CT1889:325          152.549  116.581   73.519   36.914   13.009    -3.577
    -8.783    0.131   12.926   33.530   68.507   94.616  119.371  150.616
  152.576  121.068   86.205   77.551   90.460   91.021   62.744    3.028
   -32.446   -39.025   -36.217   -44.366   -69.049  -104.070  -137.826  -172.380
CT1889:320          108.739   87.942   68.406   50.860   33.863   13.427
    7.994   26.385   46.394   57.352   66.341   70.673   71.086   55.182
   47.820   39.819   30.298   25.889   34.513   37.856   18.862   -23.920
   -48.397   -49.015   -32.007   -33.813   -68.982  -112.569  -147.531  -182.344
CT1889:315          100.587   89.830   79.100   67.747   51.428   24.121
   10.193   14.446   16.262   21.110   36.362   34.037   23.379    -2.972
    -8.271   -22.889   -45.179   -44.809   -29.499   -22.362   -30.302   -45.881
   -54.436   -43.668   -12.260    -9.444   -48.483  -103.003  -148.685  -190.646
CT1889:310           87.651   79.632   76.097   70.205   58.049   41.604
   25.379   17.496    3.579   -28.740   -54.560   -53.715   -79.599   -75.168
   -48.475   -26.261    -1.244    0.703   -29.787   -47.978   -49.093   -19.187
    -1.941    -0.830    5.238    -2.942   -42.699   -97.254  -139.651  -177.855
CT1889:305           82.787   73.364   77.969   77.966   67.560   60.521
   40.955    7.475   -28.118  -119.342  -339.199  -420.999  -337.839  -177.778
  -104.718    3.689   98.687  105.160   26.312   -32.740   -44.212   -18.357
    -5.933    -8.159    -1.565    -8.499   -34.937   -71.535  -108.388  -147.511
CT1889:300          105.461   92.186   81.441   71.582   62.914   52.601
   32.684    5.508   -22.650  -103.312  -353.660  -490.340  -351.279  -155.440
   -81.520   49.525  175.912  191.362  104.737    5.716   -13.326   -32.418
   -54.454   -49.308   -22.428   -18.811   -44.147   -79.291  -111.046  -146.530
CT1889:295          112.707  107.686   95.951   80.600   66.972   53.207
   37.589   10.471    -9.596    4.381   94.151  148.029   72.935   -17.577
   -12.670  102.122  258.453  267.365  198.538  168.272  111.272   -15.813
   -79.470   -73.160   -33.383   -22.546   -42.254   -75.734  -107.867  -139.174
CT1889:290          108.132   93.574   81.080   66.467   41.497    8.749
    -5.183   -11.038   -13.636   48.359  254.196  335.196  237.176   64.095
   21.621    -4.639   -36.846   -29.384   16.574   34.955   11.913   -42.794
   -69.048   -68.516   -42.264   -35.179   -56.946   -87.934  -106.900  -123.481
CT1889:285          113.081   79.724   50.655   26.217    2.203   -21.136
   -33.718   -39.351   -41.754    3.045  113.204  137.309  109.230    -9.950
   -63.327  -127.547  -224.120  -225.098  -162.361  -136.767  -119.832   -87.959
   -79.169   -77.601   -71.206   -69.300   -74.299   -81.810   -91.202  -104.685
CT1889:280          134.669   98.295   57.919   22.934    -0.476   -19.961
   -33.393   -31.453   -31.193   -33.803   -18.989   -18.288   -24.449   -46.887
   -53.575   -67.010   -71.901   -75.148   -85.215   -62.917   -67.004   -66.921
   -56.127   -56.944   -58.717   -60.830   -66.595   -73.106   -84.434  -102.192
CT1889:275          155.931  111.799   61.228   18.742    -1.442    -8.940
   -25.708   -29.854   -49.628  -127.240  -261.400  -295.544  -280.608  -145.001
   -53.506   -15.322   36.599   50.176   -16.442   -82.372   -87.732   -67.028
   -59.161   -59.392   -50.316   -47.137   -55.399   -68.093   -83.519  -101.430
CT1889:270          168.964  116.075   60.910   19.406    5.028    3.806
   -19.213   -35.734   -54.359  -212.325  -665.628  -870.059  -723.663  -394.225
  -253.539   -71.207  118.195  155.612   85.912   19.884    -3.507   -26.424
   -46.447   -54.808   -49.983   -50.477   -58.926   -69.664   -79.655   -92.432
CT1889:265          173.623  129.841   71.660   22.304    3.226    -5.840
   -32.975   -74.837  -101.505  -196.738  -532.155  -710.484  -534.289  -229.236
  -116.008    -5.635  113.675  150.469  172.737  182.349  127.101    9.276
   -53.737   -60.457   -36.492   -32.291   -44.870   -63.580   -75.615   -85.768
CT1889:260          130.490   95.139   59.430   29.030   13.880    5.662
   -19.926  -103.304  -167.927   -87.440  185.912  307.842  246.812   98.110
   71.642  120.544  193.537  201.214  158.567  115.391   77.341    9.624
   -38.780   -49.702   -33.038   -30.973   -46.295   -68.808   -89.639  -109.891
CT1889:255           97.222   71.090   50.515   35.802   30.263   21.831
    4.510   -72.231  -121.532   70.382  717.085 1063.237  837.475  335.538
  191.721  183.056  196.097  181.233  111.275   19.997    3.101    4.338
   -20.941   -36.058   -25.688   -28.649   -48.671   -74.133   -97.006  -120.574
CT1889:250           81.864   74.988   68.473   59.175   48.099   34.218
   27.365   -27.874   -57.631  107.950  594.559  821.524  701.436  340.721
  208.758  162.923  111.669   99.670  170.220  233.034  181.851   60.627
    -2.286   -23.502   -32.019   -44.663   -58.232   -71.393   -91.524  -118.643
CT1889:245           65.852   68.251   70.566   64.401   42.461    7.647
    -0.275    6.646   36.139  122.760  267.387  309.068  323.897  229.197
  167.248  148.032  145.020  139.298  162.623  167.561  138.402   62.215
    2.829   -12.730    -1.784    -6.325   -29.299   -59.655   -90.999  -123.663
CT1889:240           53.415   50.817   60.750   65.209   44.021   13.701
    5.487   17.541   40.235   81.206  142.796  190.654  174.501  134.318
  112.144  124.798  163.042  162.118  132.502   98.736   82.073   57.904
   29.382   14.535   17.152    5.625   -23.881   -61.708   -96.634  -133.163
CT1889:235           71.100   70.985   78.784   77.681   51.770   10.373
    -3.297    5.084   18.155   35.748   56.351   75.565   73.293   52.651
   39.535   49.548   68.609   76.336   94.342  104.527   90.330   56.809
   29.682   14.405    5.283   -10.651   -36.553   -69.731  -102.597  -134.810
CT1889:230           97.949   94.169   84.184   67.358   34.463    -4.285
   -18.566   -13.031    -4.101    4.467   21.190   33.377   26.821   13.111
    1.951   -16.562   -36.100   -26.222   25.572   67.700   63.423   25.809
    -3.018   -12.808   -14.603   -23.555   -51.914   -86.532  -109.385  -125.542
CT1889:225          107.031   93.725   75.786   56.876   31.844    0.246
   -14.176   -13.930   -10.236    -6.878    9.563   20.867    4.655   -23.820
   -37.421   -63.039   -81.766   -72.623   -41.779    -5.422    -1.668   -18.490
   -28.985   -30.273   -18.340   -16.881   -43.038   -80.319  -102.024  -116.147
CT1889:220          107.304   91.968   70.311   46.271   25.625    7.275
    -6.488   -13.751   -19.121   -23.946   -31.977   -43.879   -81.253  -145.708
  -166.010  -150.557   -94.229   -71.593   -70.286   -66.215   -58.159   -43.524
   -30.473   -27.219   -20.517   -21.187   -35.561   -55.347   -75.674   -97.925
CT1889:215          101.777   91.842   79.209   62.249   38.774    8.143
   -11.730   -22.875   -33.647   -41.097   -49.564   -51.806   -69.485  -136.899
  -176.004  -118.152   -49.729   -41.374   -55.917   -62.360   -58.257   -42.317
   -25.153   -21.476   -19.395   -20.345   -29.287   -42.718   -62.107   -90.165
CT1889:210           84.866   78.945   79.729   76.975   56.999   23.205
    1.086   -17.289   -33.980   -33.276   -15.103    -3.477   34.273  135.890
  180.166  112.602    0.167   -32.594   -37.546   -44.532   -44.380   -32.053
   -19.694   -12.870    2.961    9.225    -5.497   -32.009   -60.464   -91.545
CT1889:205           83.524   76.937   71.896   63.138   42.625   13.708
    -8.415   -24.160   -37.408   -31.473    5.881   39.940   67.188  122.980
  148.620  111.480   49.660   29.169    5.829   -16.583   -20.926   -15.175
   -11.744    -6.333    8.484   12.086   -10.772   -47.479   -78.823  -111.789
CT1889:200           71.736   67.426   63.548   53.474   29.213    -1.150
   -22.515   -44.507   -60.410   -56.869   -22.937    1.143    8.860   -18.080
   -32.957    -1.054   29.992   35.294   26.847   24.980   19.903   13.379
    9.235    7.174   16.152   14.713    -7.220   -43.077   -81.090  -119.076
CT1889:195           54.616   48.455   51.163   52.432   27.205   -15.624
   -40.216   -60.886   -93.370   -94.272   -48.981   -21.421   -24.035   -42.517
   -32.178   -22.060   -11.186    0.949   28.311   47.527   40.980   20.290
    2.362    -2.378   14.008   14.268   -15.596   -59.186   -95.023  -131.146
CT1889:190           59.753   50.210   45.398   36.541   19.067    -1.018
   -18.157   -20.410   -14.116   -31.407   -85.671  -110.857   -95.905   -58.711
   -22.669   21.011   60.146   81.091  104.896  111.768   91.051   32.602
   -13.109   -27.155   -13.884   -11.550   -37.719   -76.976  -112.670  -145.694
CT1889:185           66.252   45.902   30.911   15.328    -1.357    -1.147
   -12.418   -28.408   -38.028   -64.250  -158.098  -216.347  -173.024   -56.506
    7.270  105.579  226.344  260.698  216.777  146.617  114.575   44.633
   -19.532   -37.568   -36.689   -46.444   -69.634   -96.602  -122.160  -149.799
CT1889:180           86.162   79.290   76.481   65.118   20.061   -56.438
   -92.237   -84.176   -76.243   -99.422  -175.227  -222.594  -177.753   -42.505
   40.754  116.658  262.900  306.099  226.065  162.054  138.794   97.945
   66.048   40.003   12.022   -11.934   -42.782   -79.299  -113.447  -145.960
CT1889:175          111.504   98.407   85.349   65.335   17.630   -46.445
   -80.441   -88.533   -90.313  -103.536  -126.427  -129.763  -115.961   -85.410
   -63.569   -56.963  -112.032  -113.942   -31.534   24.895   47.475   85.528
  103.506   90.918   52.895   14.848   -21.125   -60.370  -102.460  -149.625
CT1889:170          133.833  112.413   84.015   50.476   10.907   -42.391
   -74.275   -83.446   -83.570   -83.828   -76.332   -67.765   -54.869   -30.416
   -25.302  -109.655  -266.813  -295.825  -200.659   -65.171    -6.917   61.434
  116.573  111.756   67.161   28.202    -9.643   -57.635  -107.824  -158.401
CT1889:165          138.380  108.395   73.607   35.668    -6.434   -54.980
   -81.962   -86.633   -80.777   -72.390   -40.950    -9.846    -0.227   11.928
    9.023   -65.125  -194.793  -222.958  -171.744   -80.390   -34.581   17.438
   63.358   66.862   52.432   31.974   -14.882   -76.994  -126.916  -172.660
CT1889:160          125.877   88.183   56.201   26.148   -10.814   -59.800
   -84.291   -76.826   -61.475   -53.659   -37.949   -28.975   -17.227    8.690
   13.897   -22.502   -85.892   -98.245   -77.375   -43.175   -21.336    -4.256
    6.713   12.300   28.031   26.803   -13.588   -75.395  -134.232  -187.582
CT1889:155          120.156   86.280   52.022   20.307    -8.859   -38.862
   -51.466   -39.540   -14.926   -10.784   -27.956   -37.450   -30.659   -13.344
    -8.940    -2.043    1.981    5.771   13.688   27.352   35.531   29.714
   23.840   17.427   16.133    3.900   -40.161  -105.003  -155.710  -201.232
CT1889:150          152.865  109.536   61.854   18.244    -8.226   -30.260
   -38.861   -12.247   22.282   25.232   -12.018   -44.523   -33.175   10.178
   29.580   41.506   51.221   60.282   82.350  106.125  105.373   73.521
   42.111   23.443   12.872    -0.037   -33.679   -78.900  -120.220  -157.689
CT1889:145          185.357  137.287   81.387   27.863    4.671    -5.760
    -8.120   16.817   59.917   67.053   23.477   -11.187    0.708   53.344
   79.420   70.032   48.545   52.812   89.927  131.374  132.867   93.454
   49.740   26.272    -4.600   -34.833   -57.876   -80.514  -108.062  -140.326
CT1889:140          183.160  128.292   68.520   19.654    -4.281   -19.868
   -24.237    -1.498   24.028   35.547   53.894   66.878   62.455   49.454
   40.926   34.789   20.280   26.689   65.471  117.657  124.529   99.447
   73.651   46.947   11.368   -20.110   -50.400   -81.934  -112.847  -143.762
CT1889:135          162.588  118.900   69.190   21.364    -2.833   -17.754
   -19.538    2.315   35.114   53.708   79.788   98.260   85.102   37.087
   10.279    -3.948   -28.601   -25.061   17.725   66.581   79.685   76.045
   61.403   38.768    8.064   -25.445   -58.005   -90.729  -124.186  -157.142
CT1889:130          122.649   88.105   67.539   52.753   24.019   -32.040
   -49.480   -11.848   43.850   64.953   84.584   92.572   78.911   28.767
    -1.592   -12.602   -21.786   -10.488   21.404   68.006   82.264   92.096
   97.531   68.572   23.100   -16.069   -61.166  -113.222  -156.921  -193.599
CT1889:125          140.751  102.187   61.118   24.973    5.968    -4.707
    -4.108   22.217   62.829   78.745   86.212   85.288   69.332   23.084
    0.266    3.763   15.689   31.798   68.324  112.671  119.195  101.313
   77.222   45.724    -6.682   -56.029   -88.219  -113.389  -139.449  -164.785
CT1889:120          138.418  108.815   70.372   29.578   12.549    0.433
    0.211   28.006   68.705   77.887   59.407   38.598   28.581   15.808
   18.284   54.903  120.018  152.152  156.002  156.067  144.566  112.788
   82.778   45.232   -12.872   -60.877   -88.204  -106.506  -123.820  -138.966
CT1889:115          125.456   89.929   50.955   16.188    5.120    7.585
   14.877   37.641   71.542   73.363   27.883   -24.366   -25.634    8.491
   41.924   99.907  196.067  238.704  221.845  163.445  134.443  108.454
   67.509   30.426    -4.896   -36.560   -63.093   -85.827  -105.229  -119.696
CT1889:110          121.416   84.728   46.310    9.816    3.467   15.724
   25.480   50.555   87.873   87.100   41.145   -10.636   -15.107    0.513
   19.733   88.223  217.370  268.456  287.339  285.465  255.543  172.338
   66.806   23.251    -5.317   -32.840   -52.396   -66.196   -82.534   -99.861
CT1889:105          123.023   80.858   34.374    -5.086    -5.205   33.120
   54.451   68.843   84.624   73.735   51.087    8.613    5.357    6.875
    7.403   56.642  168.213  221.075  202.193  229.211  224.919  120.440
   48.862   26.554    -2.859   -33.536   -50.915   -63.005   -82.597  -107.224
CT1889:100          143.124   92.157   37.079    -7.671    -2.767   46.602
   65.200   61.347   61.209   30.179   -19.604   -32.054   -25.668    -3.883
   30.615   29.456   -55.379  -104.762  -186.013  -370.918  -394.895  -193.785
    2.128   28.132    -6.772   -38.637   -61.741   -84.835  -109.328  -138.400
CT1889:095          162.401  114.929   54.383    -2.407    -6.689   39.080
   45.227   -14.846   -93.455  -163.623  -352.983  -452.376  -415.743  -156.877
   64.129   43.648  -107.547  -169.614  -247.501  -326.822  -318.916  -184.116
    -0.147   33.961    5.763   -22.834   -56.959  -103.759  -142.299  -175.109
CT1889:090          132.362   91.668   51.461   14.869   10.055   44.637
   47.008   -37.841  -195.155  -288.987  -570.085  -971.329  -887.741  -298.382
   19.348   37.551   -37.218   -82.422  -119.897  -149.123  -145.259   -83.821
   22.224   48.990   43.429   25.966   -28.111  -113.806  -177.028  -223.938
CT1889:085          126.710   92.217   53.557   20.029   20.414   47.543
   51.885    9.884   -48.918   -85.126  -133.065  -126.202  -124.329   -67.636
   20.631   86.844  202.324  235.051  159.364   28.472    -9.958   21.577
   63.665   64.346   27.322   -18.203   -55.878   -97.830  -142.358  -186.907
CT1889:080          113.085   84.103   49.422   18.289   22.092   53.095
   77.489  108.835  149.979  183.369  332.990  500.934  467.576  205.704
   45.735  106.261  318.936  398.386  309.218  124.612   56.767   61.322
   64.999   45.118    -0.877   -47.713   -74.323   -93.156  -116.081  -148.110
CT1889:075           97.083   72.411   46.319   22.079   27.633   53.588
   84.386  161.188  283.574  351.879  463.565  561.296  513.685  241.467
   38.967   53.272  192.072  246.433  222.263  148.685  110.427   79.675
   42.563   17.472   -10.313   -39.067   -65.072   -88.041  -114.014  -143.638
CT1889:070           98.101   76.427   53.270   32.925   33.955   40.603
   59.232  138.814  269.705  320.615  320.019  268.979  215.616   89.377
   -25.719   -43.865    -2.313   23.669   38.630   75.742   80.896   50.903
   19.835    4.611   -10.092   -28.420   -59.122   -98.906  -134.689  -166.669
CT1889:065          104.535   86.375   62.524   35.215   36.015   56.448
   77.436  113.646  175.437  198.178  153.540   87.709   44.515   -23.864
   -80.907  -107.863  -134.463  -152.803  -111.959   -59.529   -44.217   -19.785
   12.876   11.415    -5.797   -22.239   -57.137  -113.999  -158.234  -193.249
CT1889:060           96.622   75.872   56.422   40.757   41.003   55.805
   68.227   66.424   48.361   40.597   37.874   34.843   10.067   -37.485
   -69.825   -78.682   -55.978   -40.113   -58.422   -88.120   -84.333   -46.583
    -4.593    4.656   15.618   18.353   -22.851   -94.409  -162.499  -220.486
CT1889:055           95.782   75.093   57.859   40.894   32.546   36.398
   37.894   27.554    9.433    3.988    6.260   16.075    3.956   -23.512
   -43.038   -43.578   -13.090    5.345   -11.890   -33.935   -26.125    -3.514
   35.876   41.842   17.353   -12.107   -58.670  -130.999  -190.388  -238.335
CT1889:050           91.180   78.821   63.983   47.260   37.299   26.972
   19.661    9.790    -6.506   -12.604    -2.820   11.127    2.370   -16.571
   -19.470   -34.509   -55.681   -57.488   -60.065   -62.527   -49.531   -16.449
   34.689   47.664   28.674    -0.016   -42.055  -101.512  -152.338  -195.363
CT1889:045          100.271   80.160   60.094   41.027   26.594   11.555
    0.433    -2.183    1.002    -1.213    -3.920    -7.172   -17.698   -58.233
   -90.210   -78.827   -66.933   -74.646   -48.235   -59.202   -64.564    -7.512
   50.717   52.493   25.976    3.010   -30.059   -74.046  -115.005  -153.182
CT1889:040          101.951   75.492   50.128   27.055   14.505   18.825
   19.132   19.101   30.125   30.929   15.547    -2.535   -11.768   -50.095
   -79.262   -29.555  125.270  208.315  187.030  136.105  117.040  104.900
   87.099   65.590   10.129   -45.203   -61.766   -56.335   -69.504   -97.848
CT1889:035          100.322   77.760   54.383   35.174   23.400   21.194
   17.216   15.649   15.329   10.025    2.411    -4.347    -2.229    6.296
   26.658   76.394  224.953  301.906  282.235  256.164  236.408  160.076
   73.219   42.711    9.471   -33.097   -54.897   -63.435   -71.486   -86.056
CT1889:030           95.132   88.832   69.765   42.937   27.276   23.404
   18.718   10.378    -0.094    -7.110   -22.759   -46.555   -37.137   23.550
   72.290   85.085   83.380   63.772   37.720   -32.099   -63.872   -45.204
   -22.656   -15.310   -18.369   -32.719   -46.092   -62.833   -85.836  -114.416
CT1889:025           62.662   63.175   58.098   49.802   34.794    8.546
   -11.645   -15.160    -9.725   -12.753   -15.732   -20.446   -10.510   30.612
   61.475   42.136   -46.281  -122.431  -214.041  -401.163  -450.111  -303.423
   -91.506   -33.660   -21.725   -14.796   -37.213   -88.008  -130.017  -172.326
CT1889:020           16.242    9.961   21.962   43.849   42.691   13.671
    -7.018    -7.308    3.523    -0.850    -2.245   -11.733    -4.847   28.969
   49.892   25.843   -44.566  -101.733  -229.307  -431.430  -472.151  -326.916
  -108.001   -40.635   -30.616   -29.711   -53.140  -103.039  -143.471  -177.985
CT1889:015            5.861    8.087   21.888   40.207   39.827   28.083
   15.814    5.661    6.178    -3.593   -34.662   -51.790   -44.135   -20.574
    8.072    1.930   -29.355   -70.762  -147.479  -255.311  -274.976  -205.076
   -97.024   -47.541   -29.731   -20.620   -48.174  -108.069  -153.363  -191.016
CT1889:010           25.340   34.098   42.712   50.253   26.152   19.450
    3.752   -38.869  -102.086  -144.249  -208.010  -279.889  -274.398  -159.971
   -62.709   -48.615   -39.392   -46.031   -79.427  -123.003  -135.081  -115.613
   -84.150   -51.758   -15.422    3.291   -22.663   -77.521  -133.513  -190.879
CT1889:005           55.881   52.987   49.746   48.138   32.934   16.505
    -5.671   -63.133  -172.246  -222.392  -244.167  -260.002  -244.144  -169.310
  -114.809  -110.909  -101.327  -102.172  -115.214  -139.891  -143.785  -114.186
   -81.850   -57.127   -27.046    -3.082   -22.461   -67.033  -113.000  -166.379
CT1890:360           65.691   56.211   42.699   28.222   24.125   12.699
    -3.819   -34.781   -83.749   -88.062    2.002  146.722  158.121   14.526
  -112.102  -141.579  -131.964  -126.661  -136.650  -156.672  -156.687  -117.349
   -61.084   -36.490   -19.194    -4.426   -30.253   -83.627  -127.234  -166.134
