
filled_synop: 30 data points in equal steps of sine latitude from +14.5/15 to  -14.5/15

CT1793:360          -147.357  -115.273   -77.506   -45.033   -14.900    3.709
    0.887   -12.548   -21.539   -44.149   -58.490   -47.517   -13.160    8.929
   15.049   13.667   29.418   37.756   27.720   34.581   24.368   -18.036
   -48.475   -68.338   -90.113   -79.242   -13.922   61.599  125.558  168.407
CT1793:355          -135.936  -107.638   -80.814   -51.363   -11.509    9.412
    -0.869   -20.296   -31.122   -47.206   -54.902   -46.122   -18.785    3.504
   15.667   18.075   57.642  195.001  363.515  398.451  328.731  137.762
   46.256    2.227   -87.750   -89.820   -14.255   60.232  124.938  187.995
CT1793:350          -140.827  -111.514   -79.928   -45.588   -10.945    4.748
   -11.946   -34.292   -41.379   -46.361   -49.346   -39.780   -22.876    -6.541
    8.203   18.221   84.412  330.709  595.984  615.635  638.403  660.793
  566.585  262.101   -47.757   -85.732   -19.651   49.955  119.147  184.105
CT1793:345          -153.455  -124.738   -94.042   -58.753   -15.730    3.089
   -13.071   -33.784   -42.083   -51.569   -54.505   -40.713   -17.667    1.398
   15.466   21.873   67.513  323.202  626.201  566.224  121.869  -358.499
  -422.184  -276.374  -176.645   -88.354   -20.948   31.524   86.663  144.529
CT1793:340          -154.533  -124.744   -95.793   -58.891   -18.512    -0.291
    -4.093   -15.439   -27.441   -50.495   -58.161   -36.247    3.521   25.401
   36.637   50.301   16.172   -98.927  -208.111  -436.409 -1018.609 -1411.138
-1334.470  -733.307  -178.481   -26.304    -2.953   23.246   67.778  118.812
CT1793:335          -166.275  -130.760   -95.524   -57.592   -13.376    6.309
    2.379   -10.324   -22.162   -52.499   -58.556   -26.808   19.548   40.286
   54.531   67.819    -8.272  -310.633  -653.003  -858.582 -1331.955 -1738.511
-1596.414  -882.601  -231.176   -26.100   -14.405   10.845   55.074   99.538
CT1793:330          -189.243  -149.926  -108.100   -59.139   -14.174    -7.079
   -29.201   -46.512   -55.566   -69.763   -56.759   -16.023   41.836   64.013
   65.918   62.143   14.565   -67.401  -146.117  -289.080  -424.631  -415.897
  -397.860  -277.284  -109.215   -25.609    -1.409   14.830   44.843   81.898
CT1793:325          -201.027  -172.677  -142.909   -92.877   -13.502   -10.652
  -115.668  -196.041  -178.757  -112.691   -70.704   -18.549   29.462   48.234
   52.795   40.776   23.167   28.622    0.104   -31.126    -9.608   -30.992
   -33.475   -67.451  -104.735   -66.087   -32.939    -1.494   31.151   65.246
CT1793:320          -190.544  -152.309  -113.742   -72.207   -31.666   -52.303
  -189.838  -293.843  -253.409  -103.698   -22.016   14.900   45.926   61.549
   49.519   32.981   21.027   14.633    -7.212   -14.962   13.647    1.020
    -6.374   -49.268  -102.549   -89.219   -54.093   -16.800   20.332   58.002
CT1793:315          -168.029  -136.098  -108.341   -80.469   -51.435   -86.132
  -231.102  -335.219  -284.518  -108.002   -11.868   18.902   31.775   41.874
   28.051   17.628   10.228    1.723    -6.542   -10.472    -2.415    -8.897
   -23.425   -61.138   -94.354   -87.213   -56.458   -23.190   10.658   47.575
CT1793:310          -166.115  -141.646  -115.443   -98.745   -72.432  -105.194
  -270.429  -386.069  -325.994  -119.036   -13.822    -0.602   -24.971   -23.506
   -27.116   -39.454   -39.922   -32.292   -31.436   -34.999   -43.203   -56.010
   -66.338   -83.366   -96.656   -88.274   -60.195   -29.840    -1.664   31.034
CT1793:305          -153.902  -123.346  -100.547   -92.731   -91.111  -138.365
  -303.423  -420.287  -353.650  -135.253   -23.823   -11.557   -33.821   -32.941
   -39.244   -38.374   -35.267   -26.719   -18.779   -24.082   -45.640   -61.906
   -73.208   -83.076   -86.223   -74.521   -42.871   -10.189   19.448   49.862
CT1793:300          -141.371  -117.578  -103.232  -106.205  -118.871  -160.494
  -293.615  -381.930  -316.772  -122.294   -22.249   -14.911   -41.886   -42.155
   -42.382   -36.496   -29.022    -8.135   12.579    7.008   -27.658   -52.712
   -63.760   -69.856   -70.912   -59.218   -27.123    7.186   38.959   70.775
CT1793:295          -152.988  -131.371  -108.086  -130.663  -174.080  -202.090
  -263.249  -297.261  -236.041   -79.243    -0.887    -8.224   -50.649   -53.517
   -42.536   -30.505   -20.074    5.859   26.359   27.184    6.708   -11.811
   -23.776   -42.492   -55.612   -46.347   -11.109   23.174   51.331   81.677
CT1793:290          -135.311  -116.528  -112.514  -154.109  -223.913  -245.888
  -211.704  -167.619  -118.559   -38.101   11.058   16.043    -2.624    -4.788
    -9.453   -14.188    -6.826   17.163   35.967   48.885   67.557   76.957
   58.988    0.788   -49.040   -48.403   -10.429   26.004   49.553   66.654
CT1793:285          -159.800  -133.619  -117.040  -162.284  -233.375  -240.362
  -173.410  -106.436   -57.972    -1.600   32.244   39.791   27.809   24.747
   20.795   20.433   22.369   28.368   44.025   68.298  123.458  153.856
  137.291   59.996   -16.762   -29.675    2.242   32.455   48.948   59.675
CT1793:280          -180.178  -141.248  -103.619  -137.803  -220.286  -223.934
  -142.677   -70.798   -29.345   23.174   56.338   53.062   34.164   29.464
   18.261    -2.528    -1.468    7.224   12.208   53.582  183.768  258.302
  229.604   92.233   -21.092   -34.150    -4.501   18.274   38.436   61.039
CT1793:275          -146.935  -119.756  -107.213  -123.578  -146.231  -138.759
   -99.572   -61.948   -38.609   -24.765   -10.749   12.702   39.262   41.809
   13.832   -10.564   -14.372   -11.140    -2.071   19.351  102.494  167.927
  137.534   35.580   -34.709   -41.424   -21.818    1.183   26.549   54.861
CT1793:270          -152.680  -127.057   -99.973  -102.068  -119.546  -112.497
   -78.778   -49.073   -41.206   -49.265   -42.104   -23.698    1.904    5.604
   -19.276   -52.242   -49.242   -12.053   13.168    -8.596  -123.263  -219.116
  -215.332  -153.639  -113.596   -88.765   -36.518   15.062   51.694   87.644
CT1793:265          -139.701  -109.310   -86.020   -80.346   -79.648   -70.748
   -50.851   -37.404   -37.712   -62.662   -67.338   -38.908    4.690   14.333
    -6.275   -26.536   -22.250   15.393   46.953   15.915  -108.173  -189.376
  -208.017  -187.627  -152.739  -121.714   -65.689    -2.605   48.805   93.039
CT1793:260          -135.254  -105.110   -75.988   -50.441   -27.024   -15.085
   -21.360   -30.111   -34.829   -38.804   -29.894   -15.815    1.710    7.098
    -0.951    -7.145    -0.641   28.701   59.523   52.231    -2.142   -44.985
   -72.562  -101.096  -110.472   -94.705   -45.991    -0.610   36.356   71.696
CT1793:255          -137.509  -111.166   -85.567   -43.515   20.651   32.327
   -51.393  -116.413  -108.275   -21.910   27.444   23.170    -2.195   -11.124
   -21.615   -39.070   -29.654    9.725   48.856   73.847   96.636  102.534
   81.332   16.703   -45.050   -55.288   -25.098    3.118   26.554   49.908
CT1793:250          -146.215  -117.631   -82.032   -22.916   54.799   78.255
   -33.966  -176.444  -143.058    5.099   51.848   31.076    2.088    -6.740
   -18.517   -29.155   -19.642    3.992   33.596   93.707  232.768  308.014
  279.493  132.003    -5.550   -41.832   -22.931    5.042   30.435   55.661
CT1793:245          -140.345  -112.291   -86.174   -28.264   45.905   89.370
  224.758  351.376  260.799   11.017   -69.458   -55.305   -24.935   -20.172
   -20.218   -19.691   -11.048    4.483   34.837  102.118  311.837  473.886
  409.141  123.394   -61.832   -86.799   -40.206   11.746   47.092   88.198
CT1793:240          -143.798  -110.643   -70.499    1.372   92.500  141.923
  171.386  167.143  112.156   -58.118  -145.884  -105.156   -28.932   -14.048
   -27.814   -46.064   -40.679   -21.933    4.187   42.690   96.841  125.203
  128.777   44.349   -56.403   -75.051   -35.329   11.502   35.210   44.855
CT1793:235          -149.816  -109.643   -63.511    6.031   93.998  123.612
   99.819   62.745   15.198   -69.449  -109.244   -79.666   -20.716    -6.017
   -27.880   -58.270   -59.360   -51.751   -42.172   -24.705   -30.671   -32.373
    7.060   62.133   76.666   79.539   73.312   42.342    -4.525   -55.760
CT1793:230          -141.716  -102.283   -65.782    6.190  112.540  134.469
   29.282   -81.240  -105.103   -74.654   -61.361   -50.826   -16.744    -1.089
   -21.045   -51.946   -57.889   -63.150   -61.236   -42.646    -2.691   42.762
  114.668  347.858  511.926  462.718  257.992   62.632   -50.406  -153.023
CT1793:225          -158.184  -119.479   -70.910    7.896  114.125  129.603
   24.109   -80.205  -136.825  -175.612  -177.877  -132.930   -36.157    4.861
    -8.982   -32.366   -40.172   -55.227   -65.205   -54.004    4.350   61.520
  117.727  263.895  365.735  348.630  226.844   79.159   -28.980  -117.087
CT1793:220          -157.973  -125.367   -79.060   13.378  130.933  146.055
   24.283   -89.368  -185.222  -327.251  -364.624  -278.940   -93.129   -26.379
   -20.221   -32.008   -36.314   -48.429   -59.539   -63.967   -46.817   -22.139
    -9.211   52.058  121.641  129.086   91.558   63.103   58.528   60.047
CT1793:215          -143.023  -128.804  -117.836   -36.575  108.266  134.310
   19.291   -81.497  -189.042  -431.582  -528.678  -355.457   -67.335    2.656
    -8.891   -19.063   -23.733   -40.170   -52.745   -80.996  -184.702  -280.667
  -302.857  -375.909  -432.580  -353.330  -144.304   46.566  165.554  276.423
CT1793:210          -194.064  -157.226  -103.314   -11.318   96.863  143.087
  112.228   63.712   55.174   59.681   37.813   25.126    7.428    -6.841
   -21.418   -39.037   -39.011   -14.902    2.192   -27.686  -111.851  -175.521
  -253.696  -428.052  -523.245  -452.398  -238.364   13.035  221.441  325.125
CT1793:205          -202.705  -148.072   -93.599    5.764  141.148  225.437
  352.682  462.228  479.042  544.384  568.795  350.592   53.626   -28.822
   -37.234   -35.833   -30.085    7.648   36.549   28.268    -5.312   -41.283
  -113.525  -279.349  -380.086  -324.303  -127.475   62.161  201.435  341.211
CT1793:200          -195.490  -122.488   -44.601   52.266  155.690  233.951
  324.718  384.192  377.311  286.667  198.195  132.895   13.371   -44.833
   -49.428   -46.552   -36.492    6.670   42.052   58.981   74.206   68.171
   17.202  -106.187  -201.605  -185.543   -85.116   28.553  135.021  238.023
CT1793:195          -201.148  -108.684   -18.178   69.815  159.632  211.577
  236.232  247.368  205.912   73.029   -15.769   -21.537   -11.423   -32.132
   -44.786   -50.704   -40.976    4.278   52.931   94.147  159.233  191.768
  161.045   38.072   -79.031   -93.089   -33.525   26.917   82.765  143.500
CT1793:190          -208.876  -108.660    -6.376   69.478  145.204  181.614
  160.142  133.557  103.364   47.828   13.986    -0.299   15.690    0.792
   -40.677   -77.633   -72.500   -30.321   14.213   80.854  244.647  350.237
  321.563  144.594    0.110   -26.645    1.998   28.368   55.786   91.506
CT1793:185          -182.780   -72.236   26.481   92.121  142.966  160.910
  119.157   77.988   64.605   76.747   73.023   38.564    0.382   -24.836
   -54.218   -85.597   -96.611  -109.546  -102.278   -29.986  185.921  354.726
  345.880  179.694   42.904   11.842   21.727   35.733   45.994   55.220
CT1793:180          -196.340   -81.096   36.612   86.831  113.130  122.425
   81.774   44.721   34.451   41.083   32.755   11.330   -18.326   -40.768
   -65.711   -87.863  -111.695  -185.653  -238.260  -187.412   -51.157   40.368
   84.677   93.422   79.580   73.887   79.300   74.425   57.098   32.014
CT1793:175          -170.719   -65.699   28.627   60.024   60.252   58.632
   34.884    8.903    0.178    9.595    7.059   -15.247   -47.120   -65.448
   -74.741   -81.448  -102.125  -159.853  -199.308  -177.287   -99.949   -11.736
   43.769  117.620  176.874  173.135  133.332   87.354   47.137    8.360
CT1793:170          -148.443   -60.443   16.993   41.706   31.712   25.106
    5.439   -15.523   -28.872   -36.181   -42.136   -50.770   -62.699   -70.172
   -70.500   -71.503   -86.972  -121.462  -148.600  -136.710   -83.163   -16.905
   37.474  116.509  181.864  182.419  129.734   77.752   39.583    2.205
CT1793:165          -142.213   -63.890    2.170   22.594   17.150    8.514
   -18.391   -45.268   -64.486   -87.050   -95.376   -82.473   -51.869   -40.517
   -43.600   -52.243   -65.230   -91.679  -117.401  -115.330   -85.059   -44.431
    -6.740   55.931  117.352  129.843  102.455   69.448   45.527   26.102
CT1793:160          -147.451   -73.872    -8.760   11.782    7.900    -2.305
   -37.022   -73.280   -93.220  -121.326  -129.556   -91.746   -17.844    9.182
    -2.255   -15.060   -27.552   -60.875   -88.570   -98.646  -115.194  -120.626
   -93.056   -28.994   30.440   50.293   48.835   52.916   61.357   70.246
CT1793:155          -159.182   -93.002   -22.868    1.428   11.467    5.977
   -39.161   -82.823   -91.354   -91.459   -88.209   -56.635   -18.746    -0.029
   11.326    8.073    1.497   -26.911   -61.902   -69.995   -73.916   -77.242
   -69.032   -58.685   -41.395   -14.997   24.712   63.515   92.275  119.222
CT1793:150          -144.270   -86.190   -38.765   -14.642    -1.093    -9.295
   -54.116  -101.967   -96.993   -46.837   -19.868    -7.792   -14.032    0.131
   31.921   61.798   63.776   42.229   22.474   12.742   14.502   15.157
   14.127    5.781    4.766   19.167   39.735   63.444   85.821  107.262
CT1793:145          -134.625   -86.969   -49.852   -29.733   -17.218   -33.515
   -84.135  -134.696  -133.610   -69.124   -24.746   -15.271   -23.510    1.889
   39.650   70.794   80.969   72.423   58.814   49.300   55.928   62.198
   54.159   31.887   19.540   33.409   52.327   68.973   86.878  105.911
CT1793:140          -154.356  -117.504   -77.552   -64.394   -52.296   -78.919
  -173.386  -260.251  -291.898  -282.400  -234.685  -191.821   -74.141    4.162
   19.464   59.644   75.735   67.105   52.984   34.265    -9.263   -41.458
   -42.941    -9.829   22.271   42.237   59.183   77.246   97.103  118.100
CT1793:135          -152.636  -119.301   -88.778   -73.273   -56.814   -96.896
  -260.142  -408.819  -477.750  -600.966  -629.062  -451.694  -251.338  -170.078
   -37.422   29.452   43.691   54.717   61.094   31.159   -77.384  -166.691
  -163.230   -86.762   -20.685   13.984   51.915   86.905  113.874  136.745
CT1793:130          -147.795  -124.057  -103.534   -90.394   -73.796  -116.510
  -311.580  -481.536  -512.837  -489.775  -429.802  -223.335  170.195  301.967
  159.220   18.679   10.708   58.109   98.928   74.410   -29.314  -108.499
  -117.738   -79.240   -35.580    -3.313   40.422   85.781  123.328  156.017
CT1793:125          -154.580  -140.863  -127.158  -119.015   -97.124  -113.758
  -261.017  -394.437  -369.809  -207.431   -97.045   13.039  195.738  251.214
  145.638    4.399    -5.137   62.611  119.478  106.410   35.975   -14.053
   -30.839   -35.736   -28.160    -4.286   38.009   81.258  118.609  159.235
CT1793:120          -145.717  -128.294  -116.322  -119.913  -134.136  -126.522
   -73.238   -19.558    4.940   32.485   52.495   74.731   70.226   65.853
   45.778    -0.953    -2.362   45.904   87.038   95.338   85.567   65.858
   53.651   37.388   24.383   32.259   57.010   82.947  106.305  129.276
CT1793:115          -147.345  -136.365  -122.323  -114.573  -133.465   -90.696
  118.186  313.059  322.420  229.007  185.401  135.403   58.681   33.490
   26.324   25.871   29.744   48.236   72.029   92.004  132.473  158.369
  145.673   88.080   41.356   37.336   52.877   68.061   84.953  104.828
CT1793:110          -156.695  -139.992  -119.323   -89.089   -51.553   14.978
  191.381  351.668  352.815  224.735  138.242   92.054   31.679    4.873
   10.238   24.369   31.074   40.200   53.586   76.499  124.252  157.575
  148.674   91.206   36.888   29.409   50.634   71.439   89.186  107.627
CT1793:105          -153.467  -135.058  -106.969   -59.496    0.174   66.434
  182.931  283.700  266.576  144.338   65.833   26.202    -9.917   -27.652
   -15.373    -0.085    5.888    3.139    2.926   29.950   99.070  152.454
  148.362   87.229   31.239   23.614   48.074   74.882   95.477  114.089
CT1793:100          -130.505  -111.819   -98.801   -44.788   32.643   89.100
  147.436  181.728  155.664   52.044   -14.915   -34.421   -28.945   -32.962
   -19.724    3.124    6.457   -22.964   -44.681   -11.599   86.578  157.728
  153.451   80.513   23.402   20.173   53.061   82.722  101.059  119.418
CT1793:095          -158.845  -129.529   -91.230   -10.685  105.000  169.491
  178.238  174.818  135.672   35.765   -21.456   -38.845   -32.617   -33.692
   -24.941    -8.072    -3.391   -15.268   -16.469   10.548   79.432  136.799
  138.274   83.287   30.920   22.960   43.907   67.943   87.617  105.753
CT1793:090          -171.551  -134.225   -84.705    3.959  124.110  180.330
  163.912  131.572   95.331   26.573   -15.284   -30.805   -33.923   -38.480
   -33.897   -23.426   -18.894   -22.275   -17.207   10.246   80.065  142.797
  143.269   84.826   35.440   28.668   47.490   68.119   85.050  101.707
CT1793:085          -160.970  -111.199   -65.424   18.591  143.772  193.492
  143.394   81.436   57.487   31.577   12.108    -5.003   -18.133   -24.618
   -26.028   -20.255   -19.285   -27.328   -21.276    3.876   64.243  115.380
  116.548   68.610   31.562   29.367   55.611   79.722   93.878  105.241
CT1793:080          -186.822  -145.399   -90.125    -0.646  116.570  161.767
  114.621   55.453   43.052   53.985   52.630   43.462   19.598    7.931
    7.151    -9.879   -12.176   -13.123   -21.469    6.102   71.188  108.965
  114.071   83.209   45.744   38.267   53.129   69.747   82.793   95.519
CT1793:075          -190.424  -140.942   -85.067    -4.497   98.409  137.352
   90.878   37.351   35.411   76.776   97.379   95.382   97.227   97.068
   87.026   83.737   79.940   58.761   48.290   67.614  144.760  212.994
  204.702  126.573   63.678   54.399   63.954   74.233   84.079   94.859
CT1793:070          -205.953  -147.816   -89.503   -21.023   77.304  112.303
   62.735   10.653    9.035   44.948   61.283   61.058   55.716   56.496
   69.964   97.684  101.473   78.798   68.668   73.176   88.412  110.922
  108.433   82.548   68.425   70.128   82.238   91.258   94.384   95.506
CT1793:065          -187.835  -130.037   -70.699   -13.887   41.703   59.590
    6.362   -54.217   -56.081   -17.338    -0.194   -17.328   -65.348   -76.746
   -41.552    -8.348    7.026   20.972   22.859   24.278   -16.572   -59.713
   -42.414   20.970   64.720   72.652   76.441   80.733   82.470   80.503
CT1793:060          -165.909  -116.260   -71.942   -36.415    3.620   15.461
   -25.531   -66.599   -68.398   -42.159   -28.846   -40.753   -71.951   -77.941
   -62.507   -32.590    -9.389   20.941   50.423   66.287   74.839   97.218
   98.392   87.075   85.996   82.095   79.085   76.416   72.175   67.074
CT1793:055          -159.945  -118.132   -73.676   -45.877   -25.837   -17.188
   -39.880   -63.260   -55.744   -13.854    9.978    -4.005   -38.551   -47.150
   -40.652   -24.595    0.437   50.714  108.173  142.649  168.608  182.239
  184.435  159.992  126.174  104.403   92.298   80.899   68.004   54.873
CT1793:050          -157.327  -113.135   -67.370   -48.594   -47.460   -41.061
   -44.796   -50.841   -41.693    -6.183   13.176    1.496   -21.959   -26.879
   -29.730   -32.745   -10.753   43.545   96.996  153.962  272.542  354.961
  345.411  234.583  135.812  105.911  100.128   89.831   72.297   52.817
CT1793:045          -147.712  -109.617   -76.768   -60.266   -53.505   -43.884
   -32.837   -22.693   -21.423   -31.283   -36.420   -32.973   -29.819   -28.736
   -26.288   -24.910    -9.468   22.351   59.738  112.657  238.852  338.037
  334.711  233.339  130.914   95.083   80.418   68.715   54.550   38.114
CT1793:040          -153.719  -117.300   -83.164   -63.711   -57.322   -45.231
   -24.360    -3.786    -4.762   -32.275   -47.530   -43.524   -29.096   -21.855
   -18.565   -15.190    -6.229    4.931   19.057   52.112  133.833  199.188
  215.257  179.791  130.707  110.952   83.240   57.002   34.205   12.742
CT1793:035          -159.316  -128.540   -99.430   -78.378   -62.411   -45.126
   -20.218    5.397    5.438   -26.219   -42.854   -36.836   -25.643   -21.000
   -14.532    -6.941    -2.725    -4.423    -2.184    3.059   26.350   64.490
   86.538  123.480  162.223  163.383  119.259   62.861   15.978   -23.614
CT1793:030          -174.192  -153.929  -132.418  -107.378   -72.485   -49.298
   -31.016   -15.116   -10.523   -14.875   -12.336   -11.330    -5.342    -0.270
    -2.231    -6.676    -7.651    -9.877   -18.578   -47.243  -158.162  -247.242
  -193.523   36.044  222.234  233.723  139.330   53.201    1.862   -51.361
CT1793:025          -159.374  -139.451  -117.444   -96.723   -74.646   -57.389
   -52.773   -50.753   -39.518   -19.419    -7.256    0.677    9.845   14.683
   12.781    7.798    5.556   22.007   32.540   -22.256  -207.097  -344.681
  -303.176   -68.809  150.368  197.462  149.175   82.824   33.812    -5.819
CT1793:020          -142.005  -123.201  -103.564   -86.748   -70.617   -55.819
   -42.663   -29.931   -18.296    -3.286    6.906   13.211   12.956   14.695
   32.028   54.363   52.539   42.710   26.203   -27.632  -180.178  -291.467
  -263.703   -89.972   71.552  116.311   89.799   70.259   66.977   63.937
CT1793:015          -144.332  -112.888   -84.069   -62.637   -44.988   -29.050
   -12.050    6.764   14.217   14.745   21.091   23.316   25.824   31.152
   31.316   35.167   32.191   18.460    4.219   -33.748  -132.173  -206.463
  -193.670   -95.357    3.004   48.912   69.461   84.987  100.039  112.267
CT1793:010          -153.076  -118.132   -80.414   -57.741   -40.696   -26.580
   -22.099   -24.782   -21.189   -22.252   -23.655   -15.504    -8.364    -3.777
    1.958    0.576    2.686    -9.354   -21.393   -34.976   -60.575   -65.068
   -69.943   -50.363   -10.773   20.110   63.163  103.051  128.501  146.845
CT1793:005          -136.002  -107.063   -77.711   -59.224   -49.652   -39.422
   -25.798   -13.378   -14.327   -33.717   -40.433   -28.293    -0.964   14.974
   13.059    9.168   22.828   35.501   37.058   44.826   30.835    2.798
   -12.868   -28.596   -37.133   -23.541   20.036   70.489  111.251  145.774
CT1794:360          -123.927  -103.920   -84.900   -65.388   -41.828   -27.724
   -22.739   -24.488   -28.006   -49.537   -59.303   -39.793    -3.751   17.313
   26.088   29.089   60.039  147.513  239.593  271.814  263.031  237.643
  192.658   86.151   -10.453   -28.294   22.780   70.003  102.812  138.458
