
filled_synop: 30 data points in equal steps of sine latitude from +14.5/15 to  -14.5/15

CT1790:360          -165.972  -133.492   -95.037   -61.850   -36.568   -17.211
   -10.702   -13.246   -33.901   -32.698   -14.367    -3.615    0.599   -13.193
   -23.105   -15.439    -7.398    6.920   71.067  196.357  234.294  194.513
   99.651   66.173   57.995   46.481   56.040   90.209  128.126  162.865
CT1790:355          -167.497  -143.722  -103.041   -74.103   -58.780   -44.902
   -47.708   -32.339   -44.449   -33.403   -13.573    -6.365    6.257    1.386
    0.624    3.419    0.158    6.646   57.339  173.546  209.989  163.247
   80.371   57.798   58.625   56.846   70.482   97.769  124.424  155.625
CT1790:350          -129.893   -94.968   -64.514   -57.669   -63.439   -86.844
  -105.781  -111.399  -112.545   -81.420   -60.548   -40.011    -4.419   13.814
   25.583   24.057    8.714    2.778   -13.112   -52.888   -70.242   -45.596
   -24.155   -15.955    9.607   40.318   66.804   93.173  120.056  149.294
CT1790:345          -102.803   -87.984   -60.904   -81.575  -223.946  -412.965
  -507.975  -488.871  -450.086  -377.406  -205.577   -56.496    9.322   22.302
   33.956   32.129   12.659    -4.934   -59.379  -163.848  -202.815  -190.219
  -150.555  -117.867   -60.242   12.599   59.382   91.979  120.860  148.807
CT1790:340           -85.421   -64.112   -25.645   -39.896  -295.303  -687.367
  -856.483  -919.585  -871.308  -737.875  -398.107   -74.016   29.654   19.359
   20.374   26.760   31.570   23.658   -34.065  -130.300  -175.623  -199.164
  -206.354  -185.676  -102.114    6.426   57.831   85.508  113.687  144.880
CT1790:335           -81.489   -53.697   -25.083   -69.261  -435.259  -976.878
-1185.162 -1218.545 -1157.538 -1022.610  -563.853  -102.495   36.775   18.352
   15.550   25.874   42.686   43.570    9.350   -48.465   -86.626  -128.044
  -172.028  -165.079  -101.574   -10.110   44.885   79.345  113.803  150.122
CT1790:330          -120.820  -108.277   -82.224   -62.720  -226.050  -474.544
  -618.459  -821.925  -972.599  -908.091  -490.115   -70.410   44.284   21.924
   16.314   30.455   52.513   56.818   46.169   24.785    -1.818   -41.776
   -96.037  -101.245   -60.783    -8.861   32.817   76.174  117.118  156.230
CT1790:325          -155.563  -128.800  -112.702   -75.455   92.591  414.374
  427.946   41.683  -425.297  -517.203  -249.741   -17.453   41.951   39.707
   46.970   47.614   56.316   60.907   52.501   49.729   37.782    7.693
   -42.400   -52.566   -29.166    -0.135   35.773   79.992  121.529  161.238
CT1790:320          -190.492  -173.689  -160.036    -1.073  588.797 1278.192
 1387.649  902.797  261.352   63.270   35.989   45.960   57.549   47.580
   34.091   29.489   17.525    5.206    5.521   24.150   22.921    4.742
   -19.984   -21.934    -6.834   10.239   38.145   81.007  125.523  169.689
CT1790:315          -174.081  -114.227  -137.756   -59.531  595.407 1600.186
 1786.271 1158.616  353.713  138.353  107.546   71.314   75.332  107.585
  101.023   74.752    0.304   -40.548   -41.431   -31.494   -34.222   -24.850
   -16.623   -12.989    -9.383    -6.013   23.971   80.643  133.855  181.917
CT1790:310          -227.484  -199.200  -123.268   79.167  526.241  997.072
 1069.118  705.494  200.688   39.000   95.024  138.541  148.159  197.481
  218.750  159.987   38.243   -13.947   -26.208   -21.670   -22.443   -24.956
   -26.467   -22.793   -16.943   -10.087   18.685   70.799  126.577  179.809
CT1790:305          -178.034   -90.917   -31.254   52.072  283.379  583.122
  627.595  368.500   62.770   -41.992   23.120   82.778   89.062   96.332
   95.639   69.706   11.618   -16.740   -11.128   13.154   17.268    -0.735
   -26.002   -28.812   -22.840   -14.194   15.018   64.496  117.389  167.583
CT1790:300          -162.378  -105.030   -35.059   59.421  184.989  340.868
  353.526  167.606   -27.578   -93.470   -71.257   -51.279   -49.320   -54.672
   -63.223   -53.559   -30.240   -21.150   -15.360    -0.288    3.936    -6.018
   -22.590   -22.805   -10.951    5.590   32.068   71.257  110.459  152.073
CT1790:295          -135.312   -81.774   -38.332   13.835   90.656  175.955
  178.421   63.768   -49.365   -87.618   -86.861   -85.551   -83.032   -76.447
   -71.140   -65.728   -53.743   -44.421   -31.835   -16.006   -10.345   -11.271
   -17.413   -14.658    -3.426   12.200   34.539   69.175  108.471  149.746
CT1790:290          -135.379  -103.075   -67.886   -31.464    -2.637   36.857
   38.032    -6.896   -46.977   -62.911   -51.904   -37.454   -34.606   -30.228
   -20.507   -25.014   -36.192   -34.336   -18.439    7.034   16.162    8.576
    0.296    2.510    2.410    3.373   27.260   75.074  119.609  160.654
CT1790:285          -127.725  -102.454   -73.610   -48.021   -37.542   -30.232
   -33.076   -52.504   -72.707   -74.406   -41.652   -18.529   -12.050   -13.813
   -12.020    -4.082    4.709   10.256    8.883    5.037    8.745   19.837
   32.204   35.042   21.786    6.887   24.716   70.975  121.530  169.414
CT1790:280          -115.062   -95.590   -74.333   -54.698   -41.626   -24.684
   -26.331   -50.150   -69.162   -67.409   -44.849   -23.240   -13.933    -7.857
    1.837   11.883   28.721   34.880   22.810    -1.287    -0.850   24.662
   54.432   60.192   38.340   15.889   32.872   82.173  130.726  173.224
CT1790:275           -84.322   -68.702   -53.470   -40.206   -29.066   -19.198
   -28.767   -57.613   -85.714   -82.079   -64.243   -48.970   -30.336   -13.016
    -2.704    7.779   25.101   29.802   20.498    2.570    5.999   33.476
   69.139   76.105   50.265   24.580   37.899   80.391  121.809  157.803
CT1790:270           -40.946   -32.979   -29.108   -27.224   -24.858   -21.874
   -44.673   -97.119  -102.168   -97.109   -76.980   -16.504    -2.158    -7.714
    -3.271    0.903   11.471   15.901   10.418    2.546    9.334   32.839
   58.265   63.341   47.770   27.712   36.938   69.343  100.799  130.703
CT1790:265           -73.415   -58.029   -40.610   -30.427   -27.236   -24.831
   -56.600  -230.835  -408.552  -355.735   -87.268   52.882   77.218   51.418
   24.128   11.286    3.259    -2.308    1.631    3.306   14.413   64.683
  123.989  132.085   92.006   46.575   50.708   79.256  105.137  130.131
CT1790:260           -87.325   -72.819   -53.509   -37.607   -32.091   -31.480
   -37.778   -62.152   -47.616   12.665  210.469  365.770  322.359  134.509
   43.136   21.906   20.873   17.262   18.060   21.323   26.244   53.754
   85.735   91.388   72.141   42.130   49.343   77.765  103.396  127.883
CT1790:255           -78.422   -63.817   -51.391   -41.806   -34.046   -31.176
    -8.762   48.857  111.999  181.601  289.334  336.529  289.849  123.245
   24.845    3.932    9.678    5.929   15.404   33.964   27.090   -31.276
   -98.106  -102.505   -57.069    -2.956   30.381   64.801   99.748  130.799
CT1790:250           -72.598   -64.474   -58.913   -53.947   -43.734   -29.179
    4.356   77.632  145.616  182.808  212.543  218.023  176.952   75.257
    9.379   -11.600    -9.114    -9.639    5.909   33.181   10.785  -107.250
  -234.837  -242.339  -139.402   -23.317   27.291   58.596   90.218  121.118
CT1790:245           -73.573   -68.327   -64.414   -56.597   -40.738   -22.014
   11.091   83.809  156.871  172.940  132.075   92.509   62.681   27.130
    -1.671   -17.196   -20.154   -19.825    -1.750   28.505   11.082  -100.197
  -245.015  -254.280  -138.074   -18.417   23.574   46.192   77.984  110.520
CT1790:240           -84.164   -70.722   -58.726   -48.972   -34.965   -19.351
    9.587   62.424  116.849  122.717   79.732   51.387   30.531   12.377
    -1.503   -13.906   -22.369   -24.416    -9.694   17.974    8.724   -40.302
  -100.753  -106.650   -63.559   -10.019   26.677   52.241   77.447  106.327
CT1790:235          -102.203   -85.027   -69.431   -51.104   -30.804   -12.070
   11.910   46.704   78.553   83.091   62.258   43.174   28.834   21.807
   12.982    0.971   -15.078   -19.384    -4.821   18.473   16.541    -5.117
   -33.101   -33.141   -14.332    4.953   29.049   58.963   90.260  121.096
CT1790:230          -130.096  -108.265   -85.483   -62.490   -39.249   -15.232
    9.078   41.444   71.763   78.724   70.167   59.916   47.301   30.440
   15.939    9.984    -0.237    -4.473    7.713   21.130   23.534   23.013
   20.764   20.030   17.374   15.037   43.707   94.090  133.559  166.265
CT1790:225          -142.777  -116.670   -91.808   -66.943   -45.174   -24.695
    -1.622   31.221   60.108   68.132   66.985   60.459   46.236   24.467
   12.783   11.001   18.038   22.046   16.476   10.133    9.535    2.498
    -7.679    -5.551    3.561   13.234   38.248   79.663  125.462  169.750
CT1790:220          -160.703  -126.399   -95.749   -67.313   -44.569   -22.164
    0.130   27.074   49.095   49.996   41.409   33.183   10.819   -24.002
   -35.970   -31.737   -16.142    -7.806    -5.001    -5.506    -1.799    -2.446
    -7.860    -4.590    1.852    9.864   37.898   85.087  127.827  169.091
CT1790:215          -195.363  -151.336   -96.937   -53.360   -30.501   -10.065
    5.885   22.932   37.388   26.094    -5.758   -22.271   -42.826   -72.990
   -83.087   -66.811   -40.301   -27.586   -11.276    8.585   18.482   27.519
   40.660   43.648   30.766   21.376   40.949   81.437  124.584  165.927
CT1790:210          -207.617  -151.014   -86.454   -36.122    -9.242   13.179
   25.375   18.014    8.886    -4.446   -41.653   -68.599   -68.233   -60.010
   -58.359   -47.116   -27.210   -14.317    -1.966   11.655   22.514   36.684
   47.275   50.829   46.913   44.649   62.623   93.850  126.021  164.827
CT1790:205          -197.860  -136.307   -79.509   -34.073    4.925   39.949
   51.614   34.367   19.928   10.115    -2.162    -9.717   -13.789    -4.644
    0.898    -4.793    -8.571    -0.002   15.885   33.873   43.986   48.085
   50.871   51.052   41.202   32.117   50.705   89.785  132.888  178.077
CT1790:200          -198.306  -145.922   -87.409   -36.436    6.481   45.110
   57.626   43.554   31.434   28.311   36.769   40.264   27.385    6.287
    -1.039    1.537    2.631   12.436   35.045   60.133   69.404   62.772
   53.499   46.210   31.496   23.340   50.826  110.067  159.768  199.613
CT1790:195          -186.337  -142.143   -91.969   -47.001    -3.712   37.460
   50.572   33.901   18.497   18.460   26.551   23.576   16.571    -4.510
   -15.397   -10.381    -5.816    8.242   47.514   89.886  100.732   80.567
   56.936   43.867   22.142    9.434   36.526   96.901  151.480  196.426
CT1790:190          -166.964  -120.778   -78.187   -41.927    -7.309   22.337
   34.605   25.632   14.915   15.736   23.057   22.152   12.591    -5.790
   -14.517   -17.331   -22.049    -4.445   51.536  112.281  127.702   98.922
   65.797   52.139   31.034   13.850   33.971   83.936  131.430  175.618
CT1790:185          -170.674  -133.289   -90.150   -49.776   -17.160   11.776
   23.827   20.121   12.333    7.246    -0.394    -4.097   -11.394   -20.119
   -22.045   -26.118   -31.061   -10.924   50.204  118.965  138.049  113.548
   82.553   65.932   42.347   26.917   43.028   84.859  123.597  157.062
CT1790:180          -175.972  -144.152  -106.667   -72.308   -31.331    9.237
   16.342    -2.670   -20.188   -29.441   -48.966   -57.135   -54.492   -51.898
   -50.440   -46.258   -43.914   -22.334   41.672  108.703  131.142  115.796
   91.573   76.821   50.710   30.766   46.496   88.000  120.165  147.657
CT1790:175          -154.734  -131.585  -114.233   -88.669   -40.832    -5.497
   -11.061   -56.593   -93.209   -87.416   -74.231   -66.526   -57.084   -56.099
   -56.270   -54.778   -48.461   -26.759   30.000   99.476  126.232  117.699
  100.001   92.618   65.800   37.439   41.829   73.348  107.909  137.690
CT1790:170          -149.720  -139.896  -132.795  -123.857   -85.947   -44.865
   -66.163  -143.950  -161.923  -146.166   -74.188   -24.156   -19.529   -37.725
   -42.536   -65.624   -93.014   -80.524   -27.082   28.588   64.085  121.134
  165.615  158.598   92.879   41.881   45.532   71.320   95.195  122.475
CT1790:165          -134.481  -111.756   -89.287   -85.220  -116.554  -147.858
  -193.822  -354.804  -446.861  -363.302  -103.940    8.656    1.462   -46.996
   -63.922   -77.435   -97.323   -91.543   -68.287   -48.539   -12.473   74.097
  140.239  143.533   99.689   54.672   52.415   69.079   87.117  107.723
CT1790:160          -135.865  -116.432   -88.003   -82.290  -148.716  -212.550
  -251.613  -325.537  -348.173  -272.898   -66.902   22.702    5.296   -47.917
   -69.069   -72.784   -63.707   -57.969   -52.879   -34.252   -15.513    3.120
   21.249   32.394   32.482   35.381   54.317   74.732   90.472  108.539
CT1790:155          -129.467  -102.776   -78.104   -69.327  -108.843  -151.394
  -118.370    4.764   90.728   83.533   24.548    -7.944   -24.917   -56.237
   -78.499   -96.921  -116.175  -114.578   -77.936   -40.604   -36.136   -70.256
   -89.370   -73.978   -26.555   17.859   42.792   65.633   90.932  115.963
CT1790:150          -139.173  -113.334   -88.756   -57.487    -4.590   44.615
   98.603  248.295  346.710  279.297   77.685   -19.425   -49.762   -71.322
   -93.396  -128.936  -162.071  -165.888  -136.556   -95.078   -95.874  -157.975
  -202.171  -178.868   -97.024   -14.831   30.877   66.596  101.682  137.187
CT1790:145          -137.210  -110.854   -90.347   -43.939   86.215  201.203
  247.998  260.917  246.037  191.116   44.405   -39.146   -62.293   -74.878
   -91.314  -126.348  -163.191  -174.077  -170.417  -149.378  -149.299  -166.587
  -161.898  -139.967   -82.917   -24.111   16.775   59.504  104.458  148.034
CT1790:140          -146.270  -139.333  -122.938   -83.297    3.482   83.993
  119.124  127.983  125.389   79.285    -7.344   -44.608   -49.146  -245.161
  -240.699  -259.413  -288.992  -304.377  -316.557  -333.626  -336.716  -325.709
  -307.954  -285.271  -238.429   -32.380   11.015   63.891  111.466  156.185
CT1790:135          -130.543  -125.067  -121.582   -99.301   -56.043   -14.706
    -2.619   -27.923   -54.871   -59.708   -63.288   -67.114   -40.607   -98.627
   -72.705   -58.577   -39.668   -40.867   -76.747  -106.812  -115.740  -126.292
  -134.476  -131.920  -114.854  -100.036   11.607   59.673  109.395  154.014
CT1790:130          -126.844  -123.019  -122.634  -109.322   -78.042   -43.655
   -28.300   -11.525    3.412   -19.770   -73.049   -83.179   -34.332    2.347
   42.731  251.181  130.947  144.390  137.699  123.318  113.490   93.621
   77.281   55.886    5.766   -24.701   22.295   74.788  115.534  151.101
CT1790:125          -128.403  -120.999  -109.401   -91.200   -63.629   -36.172
   -20.908    -6.394    3.144    -5.551   -27.980   -22.017    2.311   39.269
   80.650  168.390  253.382  276.096  254.989  228.622  231.433  254.000
  259.460  214.672   94.671    -2.554    -4.647   50.220   97.409  136.376
CT1790:120          -120.229  -108.912   -97.747   -85.119   -70.919   -55.108
   -40.784   -23.632   -13.647   -15.553   -33.589   -31.490    7.869   66.755
  110.262  167.549  224.625  248.940  237.983  219.098  247.535  337.519
  388.944  329.513  143.568    2.723   -16.712   30.454   72.187  116.218
CT1790:115          -113.099   -99.265   -85.204   -72.549   -67.070   -62.698
   -52.648   -35.853   -22.662   -20.207   -26.396   -20.712    7.042   42.760
   70.891   96.133  111.689  132.831  148.681  164.845  223.796  366.918
  462.039  405.711  182.026    9.761   -17.574   26.246   66.948  108.962
CT1790:110          -110.779   -94.568   -77.164   -60.668   -45.327   -30.869
   -22.914   -25.416   -24.109   -14.211    2.589   14.914   15.995    9.020
   17.732   24.721   30.449   50.476   71.216  103.307  177.172  353.308
  480.755  436.262  222.916   41.404    9.707   53.654   81.850  109.622
CT1790:105          -113.051   -90.780   -73.571   -58.384   -42.032   -28.181
   -21.919   -22.518   -19.473   -12.859    -3.006    3.632    3.236    -3.059
    -0.823    -1.923    -0.001   21.086   50.003   93.038  169.448  337.038
  459.026  420.618  222.679   63.746   30.518   64.467   92.917  115.221
CT1790:100          -133.214  -106.636   -80.436   -60.904   -47.197   -34.216
   -30.759   -42.615   -47.336   -40.386   -29.103   -20.121   -10.118    0.585
    6.546    3.512    -0.436   25.986   78.029  134.701  208.769  334.540
  418.528  386.045  225.016   83.357   60.284   99.473  112.907  120.906
CT1790:095          -145.543  -121.820   -93.001   -68.578   -55.226   -44.672
   -40.180   -44.924   -46.306   -42.540   -34.885   -27.255   -10.222   10.563
   18.073   10.831    -2.392   24.196  106.048  182.788  256.513  364.124
  432.795  394.248  231.222  114.538   83.468   94.502  104.963  107.112
CT1790:090          -156.916  -132.702  -108.812   -86.347   -48.423   -11.767
    -8.670   -27.974   -36.799   -33.932   -25.446   -16.455    -7.223   11.655
   17.568    5.704    -5.308   10.756   72.327  155.256  217.462  323.705
  409.845  392.617  265.998  157.273  123.533  121.651  108.617   97.646
CT1790:085          -166.213  -134.560   -97.309   -65.045   -32.583    -5.632
    -4.404   -24.899   -28.919   -29.261   -34.567   -33.070   -22.703   -17.752
   -19.133   -19.325   -24.387   -32.483   -83.096  -110.361   -35.543  167.198
  300.581  307.740  220.016  150.788  126.210  115.344  104.411   94.346
CT1790:080          -170.191  -130.470   -84.780   -54.789   -52.695   -51.076
   -46.289   -50.715   -50.337   -32.758    -1.938    8.970    3.143    -5.172
   -13.187   -25.841   -33.576   -58.744  -156.506  -210.786  -148.922   48.280
  183.558  199.649  149.901  116.403  107.267  104.103   98.333  101.426
CT1790:075          -163.811  -128.890   -95.431   -70.059   -49.489   -32.864
   -30.499   -42.559   -40.788   -17.014   28.786   43.629   29.077    6.680
    -6.568   -32.705   -60.931   -82.260  -125.843  -143.187  -119.145   -44.567
   21.473   51.215   58.479   58.602   64.382   76.272   96.685  122.127
CT1790:070          -170.046  -138.222  -101.898   -67.841   -29.566    0.355
    -3.114   -38.386   -47.024   -14.611   43.780   62.016   42.626    7.956
    -5.604   -15.171   -25.475   -40.900   -60.682   -70.168   -71.886   -67.025
   -49.230   -37.628   -25.131    -5.753   34.886   92.566  133.433  172.482
CT1790:065          -170.607  -134.293   -96.123   -61.841   -19.533   14.271
    7.190   -43.866   -59.022   -24.400   45.343   68.806   47.879   11.918
    4.004   23.345   43.426   31.106    -3.457   -34.572   -50.783   -70.407
   -86.675   -96.261  -120.087  -122.919   -69.118   27.417  124.039  213.092
CT1790:060          -175.795  -128.736   -81.834   -48.932   -26.976   -11.319
   -13.371   -51.372   -66.686   -34.117   26.577   47.364   35.449   11.249
   12.014   49.179   80.726   69.993   21.001   -26.011   -50.244   -62.956
   -75.432  -100.993  -165.090  -192.907  -112.748   24.799  136.602  245.297
CT1790:055          -184.467  -135.996   -78.498   -35.414   -13.070    2.622
    4.694   -12.492   -16.676   -10.055    8.433   19.242   14.122    8.561
   13.648   41.236   74.803   66.432   18.284   -22.970   -48.624   -70.617
   -95.814  -133.995  -214.122  -241.042  -164.912   -22.120  119.772  252.930
CT1790:050          -177.927  -126.638   -78.855   -45.499   -27.426   -13.151
    0.423   13.087   17.318   10.266   -10.172   -16.483   -10.962    -5.569
    -0.587    9.451   14.032   12.512    6.209    -9.300   -38.926   -82.291
  -123.594  -167.544  -237.285  -264.843  -171.943   -12.791  120.830  255.464
CT1790:045          -164.625  -123.538   -88.528   -62.287   -45.990   -27.176
    -4.138   30.067   46.390   34.422    5.552    -3.083    -3.710    -4.953
    -0.228   13.157   24.235   24.940   23.915   13.063   -20.120   -80.084
  -132.741  -179.137  -252.820  -278.421  -198.816   -46.626  110.540  262.536
CT1790:040          -164.979  -135.238  -103.274   -75.637   -57.665   -39.162
   -16.021   18.970   33.628   30.641   23.215   20.158    8.567    0.779
    7.099   30.895   51.607   53.416   52.411   44.294    8.595   -57.454
  -111.869  -165.620  -262.503  -294.685  -195.083   -17.436  130.919  278.607
CT1790:035          -162.654  -140.699  -115.860   -87.125   -45.377    -9.520
    5.266    7.682   10.664    6.540    -6.534   -11.356    -8.830    -3.412
    4.298   27.502   50.971   55.112   52.374   41.907   15.455   -27.932
   -73.583  -130.670  -229.621  -274.655  -188.686   -25.860  129.736  278.389
CT1790:030          -152.042  -131.719  -112.415   -87.086   -47.145   -13.064
    -0.027    0.759    2.182    -8.210   -27.561   -33.338   -31.656   -32.373
   -26.324    -6.250    9.368   19.029   34.115   36.936   18.038   -13.142
   -50.656  -103.568  -195.991  -232.190  -143.316   14.228  144.215  268.379
CT1790:025          -149.091  -124.519  -100.861   -76.040   -47.555   -22.244
   -12.584   -13.767   -11.943   -12.818   -11.647   -10.195   -18.755   -26.740
   -25.306   -16.914    -6.243    2.296   16.561   24.268   11.654   -12.647
   -40.411   -84.633  -170.532  -203.769  -130.332    6.813  130.797  243.726
CT1790:020          -163.244  -132.759  -101.871   -77.613   -59.731   -42.660
   -32.233   -27.616   -22.399   -12.779    1.260    6.974   11.637   16.266
   14.493    1.636    -6.607    -2.614    7.584   16.922    7.735   -12.656
   -34.740   -71.133  -144.486  -179.325  -109.955   10.724  113.988  217.019
CT1790:015          -171.968  -142.448  -107.608   -78.209   -56.602   -37.009
   -28.634   -30.317   -26.103    -9.608   14.572   21.474   17.636   15.048
   10.669    -8.071   -16.653    -7.761   12.637   28.694   27.276   15.851
    -0.379   -36.759  -102.230  -127.589   -80.331   13.076   99.286  180.911
CT1790:010          -171.163  -145.571  -117.279   -90.664   -59.617   -32.155
   -26.387   -33.425   -30.580   -13.389   16.501   22.934    -6.900   -41.232
   -43.872   -33.717   -23.521    -4.781   37.497   69.120   73.537   65.150
   49.486   16.759   -46.322   -80.840   -41.491   29.961   87.779  148.739
CT1790:005          -164.012  -141.697  -116.333   -83.724   -40.959   -11.009
    -8.678   -28.461   -33.964   -23.487    -8.059    -4.300   -12.618   -27.839
   -26.944   -18.906    -9.572   13.573   62.266   89.416  106.673  120.462
  110.734   77.098    -1.342   -47.035   -27.868   27.729   78.740  127.226
CT1791:360          -155.495  -130.745  -108.731   -75.867    -8.096   39.928
   37.247    -8.660   -23.393   -11.875    4.328   10.562   18.168   27.141
   30.188   24.857   27.064   46.135  100.454  140.229  147.525  155.929
  152.481  114.371   25.672   -17.659    -2.337   35.060   68.750  110.643
