
filled_synop: 30 data points in equal steps of sine latitude from +14.5/15 to  -14.5/15

CT1847:360           66.587   64.014   62.546   61.372   69.875   54.498
  120.992  117.927  -231.054  -953.499 -1302.882 -1481.702 -1556.700 -1507.573
-1213.301 -1032.059 -1164.506 -2081.975 -2827.162 -2367.485  -611.723  643.386
  849.698  368.600   -62.963  -171.204  -115.646   -67.048   -48.151   -25.372
CT1847:355           79.568   67.897   57.563   51.778   65.806   50.286
   53.215    7.645  -420.193 -1413.964 -1919.528 -1858.797 -1402.782 -1186.411
-1021.486  -694.985  -807.182 -1739.754 -2425.911 -1986.102  -166.634 1362.532
 1547.795  747.951   23.597  -164.040  -114.974   -61.745   -46.140   -36.756
CT1847:350           87.869   75.435   64.102   51.502   49.883   23.230
   -10.005   -65.504  -418.834 -1284.481 -1725.125 -1743.597 -1609.999 -1475.221
  -950.955  -283.746  -336.010 -1085.293 -1567.504 -1169.852  396.569 1683.286
 1774.575  885.291   78.965  -146.941  -114.310   -64.026   -52.072   -48.466
CT1847:345           96.795   88.216   80.116   56.090   25.020    0.578
   -33.094   -74.121  -188.714  -420.973  -506.449  -692.170 -1233.845 -1298.926
  -485.571   48.343   -64.170  -639.489 -1012.568  -678.395  557.058 1434.607
 1461.853  701.000   57.915  -112.546   -60.850   -39.870   -51.716   -57.613
CT1847:340           93.709   93.232   81.333   41.920   -11.185    -0.295
   66.544  129.921  296.283  705.342  969.927 1389.072 2297.944 2451.751
 1477.315  487.318  184.009   -63.133  -267.292  -119.921  422.558  790.447
  782.999  399.791   39.671   -97.688   -92.945   -67.322   -59.714   -55.377
CT1847:335           64.157   69.051   75.685   54.360   -14.537   36.576
  267.361  501.178  697.725  901.304 1051.987 1540.161 2031.144 1992.787
 1437.096  618.645  331.245  332.531  383.766  374.907  374.094  375.769
  304.600   64.327  -126.295  -180.857  -117.510   -62.680   -36.261   -11.501
CT1847:330           74.274   74.171   67.273   40.921    -7.496   66.143
  336.180  595.879  788.091  998.753 1148.649 1280.209 1374.182 1298.767
  956.806  443.611  221.973  232.862  248.240  241.410  234.069  197.298
  112.754   -75.226  -224.738  -251.963  -170.867   -81.884   -20.419   30.162
CT1847:325           69.006   72.713   69.717   44.666    -1.493   80.063
  376.472  649.601  765.633  843.208  888.642  862.716  833.290  768.439
  525.786  243.882  119.866  108.141  107.614   91.955   76.797   45.905
   -19.617  -149.733  -249.531  -251.326  -174.138   -90.102   -27.800   26.802
CT1847:320           49.527   64.570   82.210   70.806   13.569   81.130
  387.398  650.358  633.774  367.617  225.820  184.671  145.179  105.969
   87.051   66.101   43.924   53.094   63.507   39.448    -6.169   -42.985
   -86.533  -131.700  -158.539  -160.465  -132.090   -98.732   -65.419   -24.770
CT1847:315           74.938   81.757   81.686   63.504   34.228  106.269
  367.361  588.398  484.954   44.369  -204.928  -287.954  -277.129  -252.642
  -158.486   -23.171   28.708   71.119  103.667   75.044   -17.926   -92.533
  -119.951   -92.017   -68.235   -69.576   -73.365   -78.280   -75.553   -67.195
CT1847:310           72.523   82.613   86.792   68.338   38.318   86.226
  307.417  497.454  356.474  -141.403  -457.755  -567.703  -565.927  -497.051
  -298.472   -54.583   63.322  150.452  191.076  143.684    8.393  -109.255
  -139.746  -102.095   -73.087   -69.032   -72.123   -75.563   -72.670   -65.895
CT1847:305           55.730   78.400  105.154   86.708   25.249   42.641
  208.433  333.232  198.758  -194.480  -423.043  -545.272  -636.904  -590.141
  -306.921   -22.970  107.239  245.041  355.726  283.113   47.126  -102.453
  -147.631  -132.795  -114.167  -104.829   -93.857   -81.647   -63.612   -39.914
CT1847:300           79.497  102.448  110.296   73.934   34.747   50.676
  153.505  213.285  113.973  -128.540  -306.345  -402.335  -394.658  -280.280
  -138.534   58.268  123.029  135.102  135.106  115.921   13.741  -125.678
  -206.631  -203.836  -172.409  -131.467   -94.752   -65.828   -45.184   -26.476
CT1847:295          105.745  110.601   93.233   54.476   37.943   95.165
  217.532  219.137   51.077  -150.563  -274.175  -479.196  -721.416  -710.131
  -355.744  102.420  314.873  245.723  219.021  205.159   86.215   -99.425
  -215.871  -245.924  -184.649  -119.929   -80.914   -54.718   -37.414   -26.527
CT1847:290           86.810   93.186   92.742   63.678   29.464   49.885
  100.739   75.024  -121.775  -365.468  -420.790  -423.038  -560.185  -527.594
  -295.491  -147.361   -62.484   78.619  175.889  172.731  101.788   13.746
   -55.260  -110.329  -142.752  -139.206  -111.465   -78.589   -50.437   -24.675
CT1847:285           77.616   81.313   76.005   47.430   14.399    2.953
    0.556   -46.687  -198.520  -436.322  -424.774   -90.001  408.589  507.940
  293.009   92.662   78.900  115.640  150.923  154.002  173.185  167.684
  101.528   -28.469  -133.520  -160.394  -140.488  -110.121   -83.040   -54.701
CT1847:280           63.089   52.610   43.306   25.813   14.721   -10.591
   -62.686  -127.398  -207.491  -406.621  -429.670   -14.053  686.326  867.908
  607.389  303.282  250.798  234.100  241.609  224.466  228.004  207.401
  130.747   -20.766  -140.519  -166.825  -140.214  -116.536  -103.801   -86.463
CT1847:275           59.209   52.456   46.809   43.845   44.210   19.340
   -47.314  -116.570  -138.375  -129.994   -60.102  124.360  421.448  558.581
  484.686  343.283  344.673  424.982  477.742  408.426  254.633  131.714
   62.028   34.946    6.112   -33.064   -66.854   -97.273  -125.478  -151.502
CT1847:270           53.332   46.992   39.857   48.855   84.595   67.300
   -40.878  -144.348  -121.893   12.871  115.359   69.741  -148.368   -87.055
  390.596  814.735  907.783  814.374  635.583  534.312  337.557  141.229
   48.725   73.957   80.461   35.060   -23.673   -84.527  -142.504  -202.196
CT1847:265           54.224   52.840   55.861   70.548   90.319   64.280
   -49.967  -158.344  -136.075   -38.376   40.065  109.625  115.851  220.055
  674.967 1281.039 1421.549 1243.999 1054.830  894.846  546.822  226.358
   98.925  108.239  119.344   77.859   10.971   -65.669  -136.278  -202.144
CT1847:260           63.707   63.400   63.346   67.643   84.898   52.647
   -40.423  -130.406  -108.598   -14.538   83.036  282.817  591.854  734.193
  698.216  655.016  822.755 1252.273 1516.810 1349.661  792.541  312.999
  142.013  121.430  116.817   73.687    7.813   -62.063  -124.278  -184.627
CT1847:255           64.320   64.236   70.338   82.242   90.596   44.880
   -70.936  -200.392  -159.206    9.989  151.545  327.706  514.393  539.941
  303.101    7.476   92.152  616.009 1084.213 1111.594  752.541  318.781
  160.646  103.752   74.560   41.177    -2.685   -55.071  -107.240  -158.375
CT1847:250           65.548   71.110   73.947   75.895  109.088   46.797
  -198.534  -430.657  -399.556   -91.348  118.515  147.166   87.885   15.159
  -283.221  -622.979  -601.905  -196.301  322.238  440.469  350.508  257.768
  178.945  106.411   58.185   17.498   -21.083   -61.113  -101.753  -145.022
CT1847:245           69.194   82.108   99.182  114.667  133.622   -21.040
  -528.855  -983.906  -980.418  -477.564  -114.736  -238.364  -488.098  -515.582
  -580.881  -678.407  -763.394  -842.500  -806.853  -545.900  -102.485  159.975
  160.780   82.279   31.024    -6.063   -37.530   -64.419   -90.036  -112.769
CT1847:240           84.961   79.250   75.582   69.131  130.446    -8.897
  -832.259 -1629.391 -1565.794  -963.439  -733.906  -651.982  -719.701  -721.718
  -524.587  -257.950  -258.563  -499.912  -634.941  -493.404  -102.513  185.399
  206.596  112.265   26.662   -16.293   -34.565   -52.751   -68.094   -83.402
CT1847:235           79.067   89.728   94.916  110.174  104.308   -50.463
  -578.431  -985.272  -816.139   58.684  555.626  393.943   -40.615  -135.199
    -1.956  230.563  306.367  246.886  172.661  198.954  277.658  350.864
  310.769  166.737   41.366   -15.279   -34.202   -30.122   -26.461   -30.778
CT1847:230           88.067  107.173  114.229  111.089   97.317  114.000
  120.560  206.922  746.731 1784.947 2055.930 1471.099  738.522  508.127
  480.178  563.306  635.723  658.023  618.569  568.458  502.117  403.925
  330.980  224.332  101.212    6.841   -26.323   -21.018    -4.258    6.586
CT1847:225           74.696  109.014  130.440  137.430  197.316  384.665
  648.122  918.754 1210.240 1419.904 1492.327 1280.678  930.997  648.117
  475.802  469.274  596.822  773.078  800.558  731.135  586.110  433.947
  300.425  166.970   56.653    -5.343   -18.965   -12.920   -12.955   -15.197
CT1847:220           71.611   99.422  130.716  178.556  266.785  430.776
  679.641  812.038  765.958  666.147  637.882  626.794  529.285  369.420
  308.963  353.173  521.201  748.813  933.800  840.490  619.329  422.051
  265.820  143.244   45.626    -9.671   -25.660   -16.095   -11.402   -16.322
CT1847:215           57.698   91.417  138.835  200.686  282.768  362.299
  396.178  355.506  194.753   -86.876  -137.121    8.159   84.557   95.969
   92.515  109.225  271.875  646.475 1089.537 1232.748 1040.697  618.677
  352.908  157.475   32.516   -16.634   -38.040   -28.483   -14.508    -8.601
CT1847:210           65.643   95.731  139.178  216.422  306.645  291.234
   70.186  -242.180  -473.048  -500.032  -422.673  -277.492  -160.047   -82.072
   54.309  268.405  491.472  846.486 1175.020 1294.946 1267.301 1013.198
  738.551  370.390   10.202  -123.141  -111.700   -52.021   -20.996    -4.822
CT1847:205           63.884   94.856  126.448  171.004  276.326  219.277
  -217.099  -676.958  -726.034  -417.473  -218.019  -139.768  -107.010   -45.383
  115.874  344.726  436.065  335.867  251.331  402.782  988.815 1411.007
 1222.159  529.159   -10.944  -128.143   -97.370   -69.383   -54.464   -32.245
CT1847:200           38.963   70.789  110.508  170.326  267.954  202.118
  -203.707  -624.120  -638.756  -243.985   25.311   57.236   -10.557   -19.986
  -103.872  -240.621  -250.330  -270.268  -349.061  -250.911   91.866  279.673
  252.153  151.175   25.716   -41.666   -58.101   -62.365   -63.501   -58.879
CT1847:195           59.802   79.074  106.092  162.723  254.398  198.296
  -126.768  -465.915  -455.768  -101.733  124.350  120.471    -7.161   -51.374
  -177.445  -400.157  -419.646  -249.823  -213.389  -335.700  -691.728  -948.498
  -853.659  -458.172  -121.542   -14.357   -26.354   -46.746   -55.460   -50.896
CT1847:190           86.125   92.625   95.469  129.917  233.577  195.978
   -61.551  -314.743  -317.663   -99.578   41.929   34.332   -43.446   -37.505
   37.310  154.618  237.199  678.851 1162.809  800.983  -614.361 -1581.233
-1558.746  -822.123  -153.327    3.577   -43.418   -72.871   -58.404   -43.527
CT1847:185           66.213   93.775  119.353  145.466  182.437  128.602
   -80.739  -291.444  -317.776  -256.578  -225.608  -168.895  -101.409   -53.609
  121.432  396.784  463.162  607.427  731.718  467.416  -554.325 -1476.112
-1507.237  -867.083  -203.728   16.264    7.827   -32.165   -40.107   -45.137
CT1847:180           48.641   86.229  115.921  125.699  131.338   83.092
   -66.362  -208.787  -237.950  -236.361  -244.392  -196.747  -113.686   -82.024
   -78.849  -101.567  -114.600   90.197  438.661  342.392  -297.271  -912.846
  -907.481  -480.424   -85.693   46.022   32.875   -11.862   -28.806   -70.063
CT1847:175           26.019   63.514  112.834   89.424   13.385   -41.087
   -81.015  -112.792  -122.336   -67.651   -31.252   -48.932   -83.826  -105.161
  -217.177  -413.121  -575.949 -1003.012 -1508.652 -1463.033  -746.331  -154.492
   -64.525   -95.674   -36.486   44.593   12.118   -26.769   -48.573   -71.515
CT1847:170           59.565   95.504  115.042   58.664   -56.206  -120.841
  -113.096   -96.599  -106.271   -76.969   -61.847   -62.586   -79.023   -92.960
  -169.696  -297.130  -525.148 -1293.686 -2090.782 -2101.078 -1388.772  -728.283
  -492.505  -238.938   -24.191   58.239   17.564   -26.964   -66.159   -97.028
CT1847:165           55.601   83.709  103.264   53.155   -49.811  -114.866
  -125.892  -131.072  -209.328  -346.910  -341.228  -330.006  -175.554   -78.739
   -49.312   -26.165  -180.735  -732.377 -1241.753 -1376.657 -1296.208 -1071.800
  -832.969  -398.310   -20.558   88.233   31.519   -36.593   -95.469  -142.619
CT1847:160           46.841   66.290   91.951   56.378   -18.477   -76.949
  -128.318  -165.261  -356.168 -1062.498 -1439.857 -1085.666  -253.938    4.360
   24.523   14.467   -70.297  -203.929  -306.299  -446.088  -727.433  -863.124
  -731.500  -331.872   36.514  124.987   28.284   -63.687  -122.698  -189.552
CT1847:155           50.080   75.249   95.467   80.176   46.570    -0.357
  -133.220  -277.228  -294.439  -412.403  -585.742  -333.197    7.077   38.739
    -5.467   -42.174   -76.709   -29.152   -28.093  -105.109  -325.244  -542.050
  -490.579  -232.077   17.512   77.530   14.349   -69.531  -130.949  -181.658
CT1847:150           38.389   60.733   84.744   95.043  106.166   91.750
    -8.000  -116.856  100.043 1209.486 1947.862 1390.098  271.140   -58.028
  -110.552  -125.349  -144.910   -64.358   20.845   -21.034  -203.779  -362.305
  -317.792  -139.205    3.665   29.438   -22.980   -74.635  -118.592  -167.965
CT1847:145           63.642   76.528   92.181  130.340  185.605  188.695
   90.670   -13.509  142.649  731.621  968.950  724.235   -24.387  -344.676
  -282.637  -158.577  -161.260  -265.466  -420.706  -405.987  -179.328   14.975
   48.706    5.455   -33.226   -36.113   -62.853   -97.076  -126.790  -157.213
CT1847:140           88.790   88.728   86.939  112.498  183.475  188.873
   94.581    -0.487    -6.653    -3.097   -76.881  -193.636  -340.898  -372.458
  -373.487  -121.314   -76.441  -282.782  -508.160  -490.966  -203.141   45.901
   85.088   24.398   -39.128   -41.040   -71.815  -103.120  -120.096  -132.444
CT1847:135           79.212   91.036  107.932  137.993  189.171  182.725
   77.742   -41.087   -95.557  -127.117  -152.510  -421.100 -1113.534 -1393.190
  -859.929  -248.579  -130.323  -158.573  -183.632  -219.161  -289.487  -335.037
  -300.218  -168.494   -54.686   -24.371   -59.627  -101.948  -124.500  -138.829
CT1847:130           65.759  104.989  145.447  173.992  210.685  191.539
   80.976   -48.701  -107.007  -125.980  -148.713  -170.138   -60.244    1.175
  -191.319  -300.233  -258.669   -66.355   97.772    3.903  -436.097  -849.334
  -849.713  -521.788  -192.583   -88.939   -98.927  -112.671  -107.934  -103.445
CT1847:125           51.200  128.624  219.480  240.801  230.686  198.845
   86.244   -41.657   -87.538   -85.538   -91.189   -10.444  248.683  318.346
  110.508  -225.724  -265.402    6.200  242.224   93.418  -528.440 -1036.687
-1042.968  -692.741  -351.948  -229.006  -180.220  -123.599   -81.016   -44.454
CT1847:120           93.598  168.620  226.884  219.398  161.083  106.257
   34.783   -46.138   -78.686   -65.311   -64.096   -73.359  -116.250  -149.566
   -36.748  150.584  145.885   -41.128  -247.488  -381.121  -619.092  -825.129
  -821.920  -605.669  -348.956  -226.239  -182.270  -139.933   -89.214   -39.842
CT1847:115           99.013  166.265  220.310  213.603  153.272   98.035
   31.308   -36.118   -59.145   -25.543    -7.579  -109.384  -402.608  -529.386
  -298.032  143.940  174.989  -259.190  -704.107  -812.366  -765.175  -711.949
  -652.548  -475.603  -284.345  -189.659  -156.954  -128.436   -93.038   -57.283
CT1847:110           75.635  144.694  226.600  220.599  142.002   86.050
   18.857   -51.155   -68.756   -22.817   14.176   -40.560  -170.087  -242.762
  -357.749  -609.535  -713.459  -687.901  -746.820  -774.829  -679.559  -553.950
  -487.177  -347.310  -198.757  -131.901  -118.397  -104.318   -89.296   -79.729
CT1847:105          104.734  159.310  199.512  175.666  103.334   45.076
   -16.247   -76.532   -99.431  -141.713  -184.026   -66.478  266.181  355.516
   20.898  -466.623  -601.897  -517.802  -372.386  -373.218  -435.298  -459.973
  -418.823  -286.633  -149.571   -98.782   -95.575  -102.950  -103.986  -103.667
CT1847:100           93.593  125.180  166.126  145.898   81.293   31.682
   -34.241  -100.724  -100.077   -23.381   41.134  125.452  305.626  324.733
  173.541   -69.509  -146.266  -116.163    3.522    0.419  -142.782  -289.294
  -287.594  -193.315  -123.098  -107.857  -114.998  -125.009  -124.105  -119.335
CT1847:095          109.684  139.277  157.545  127.260   54.617    1.637
   -38.461   -73.239   -48.191  118.934  254.378  254.943  200.433  159.866
   95.843   -21.592   -48.791   22.292   92.093  107.781  103.196   51.043
    3.939   -65.631  -135.991  -147.753  -132.360  -118.585  -103.336   -84.718
CT1847:090          107.344  132.907  153.995  121.334   47.179    -2.826
   -35.830   -67.200   -51.258   75.703  147.977  120.444    7.389   -36.580
   -35.893   -31.017    3.142  132.413  248.900  275.364  304.409  280.263
  201.933   27.388  -145.152  -182.571  -150.790  -116.471   -82.001   -43.589
CT1847:085          102.103  131.338  168.236  144.947   68.832   23.325
    -2.989   -21.654   -37.700   -48.803   -69.902  -115.362  -231.757  -256.375
  -158.869    -7.714   72.668  225.500  441.951  444.025  330.131  253.322
  158.701   -54.979  -251.932  -272.194  -190.545  -118.150   -60.251    7.186
CT1847:080          122.362  166.966  186.994  148.058   51.069    -1.658
   14.038   47.170    2.806  -152.644  -264.404  -293.670  -305.831  -264.626
  -124.299   65.416  160.101  198.136  157.997  116.135   28.191  -125.450
  -220.783  -272.061  -323.743  -313.541  -217.450  -112.346   -14.315   86.107
CT1847:075           96.526  145.682  179.163  134.819   25.483   -25.272
   29.285  117.079   58.451  -197.210  -365.921  -361.201  -231.945  -113.360
   38.741  280.174  411.525  463.943  529.552  435.320   51.487  -288.882
  -428.960  -453.246  -430.570  -384.164  -255.382  -108.120   29.495  164.255
CT1847:070           75.775  118.760  181.004  150.936   11.216   -50.894
    9.426  110.170   57.290  -222.204  -432.617  -387.337  -225.865  -128.149
   41.468  250.302  375.823  462.654  485.302  398.126   62.894  -292.033
  -466.710  -563.103  -599.919  -543.680  -321.884  -101.248   65.435  226.751
CT1847:065          106.495  156.929  184.048  129.345   11.298   -43.866
    -3.041   63.726   43.890   -53.296  -118.540  -112.491   -56.924   10.781
   97.749  192.389  304.386  468.892  637.236  591.758  262.007   -97.974
  -294.586  -467.493  -591.888  -569.238  -373.333  -136.411   61.965  243.648
CT1847:060           83.965  117.731  159.116  128.609   19.855   -37.650
   -22.656    9.413   16.564   58.767   90.303   89.907   82.091  122.507
  116.450   67.540  172.011  543.259  984.531 1007.808  666.762  317.498
   93.982  -202.693  -459.902  -494.463  -308.106  -111.884   41.843  200.505
CT1847:055           96.698  136.917  162.581  124.873   28.243   -31.313
   -42.287   -36.675   -30.723    7.196   34.535   50.450   30.585   38.694
   95.223  123.090  250.441  565.722  904.290  999.501  957.140  821.801
  582.284  124.241  -312.889  -421.280  -286.801  -119.307   14.361  143.851
CT1847:050           77.257  118.398  148.953  120.837   30.433   -39.047
   -88.339  -138.354  -145.762  -107.992   -78.237   -44.614   -12.465   24.573
  113.490  244.036  406.080  667.628  984.340 1118.485 1126.325 1045.711
  809.754  307.069  -214.876  -371.271  -239.310  -103.940    -3.570  104.240
CT1847:045           48.714   77.561  121.371  105.693   31.739   -34.239
  -120.497  -226.986  -240.945  -152.069   -65.563   -49.365   -83.853   -73.847
   37.910  219.049  410.274  720.285 1069.766 1219.092 1248.115 1154.786
  929.235  408.109  -165.926  -350.986  -251.454  -115.989   -20.702   72.766
CT1847:040           66.418  106.052  132.397  107.743   37.460   -35.119
  -147.503  -289.427  -302.772  -152.118   -20.687   -33.541  -187.456  -229.824
  -109.930  120.308  323.143  671.897 1109.748 1277.125 1295.127 1202.310
 1007.339  497.525  -126.173  -336.802  -227.730  -112.699   -42.262   44.329
CT1847:035           55.385   92.741  126.613   99.839   26.876   -48.768
  -173.660  -319.952  -329.313  -136.114   29.465   -17.356  -292.419  -389.878
  -230.627   30.981  181.351  400.134  691.332  822.508  974.948 1157.265
 1046.770  484.891  -143.306  -320.529  -242.256  -127.643   -52.017   26.646
CT1847:030           35.176   68.056  116.226   95.555   22.383   -44.812
  -176.723  -358.238  -377.637  -188.201   -52.443   -79.953  -233.318  -262.489
  -114.968  120.547  183.961   -66.426  -456.854  -412.731  161.294  692.455
  678.439  267.051  -160.923  -268.849  -183.201   -95.217   -43.795   14.697
CT1847:025           71.177   89.783   96.016   64.876    5.031   -55.364
  -128.581  -202.122  -234.137  -228.785  -250.532  -231.801  -166.743  -101.906
   48.798  261.196  260.482  -174.130  -845.218  -957.363  -608.593  -157.998
   -57.500  -113.556  -202.360  -225.786  -168.358   -96.613   -40.089   15.258
CT1847:020           90.893   88.101   78.432   34.181   -39.599   -90.740
   -96.007   -77.330  -120.446  -196.555  -306.760  -376.652  -420.222  -302.275
   -89.333  516.284  670.134   78.741  -742.293  -943.601  -857.066  -647.326
  -560.564  -474.076  -348.559  -277.518  -205.304  -112.770   -28.544   50.080
CT1847:015          104.318   85.166   71.940   22.377   -88.343  -153.297
  -111.983   -13.188   -84.408  -232.278  -344.409  -604.074 -1404.309 -1746.985
  -997.588  146.705  396.955   63.321  -443.163  -581.910  -651.307  -840.492
  -788.075  -529.972  -398.015  -335.053  -232.499  -121.979   -26.297   72.325
CT1847:010          105.182   91.397   69.982    5.058   -93.535  -154.253
  -131.536   -64.367  -226.900  -721.553 -1038.358 -1124.472  -985.595  -797.775
  -589.603  -325.105  -253.939  -186.946   -74.704   -84.923   -27.629  234.916
  254.860   -59.046  -309.710  -289.793  -210.204  -129.949   -49.655   29.927
CT1847:005           96.684   83.457   77.132   34.008   -54.337  -122.020
  -128.204   -92.857  -315.826 -1344.143 -2325.580 -1982.475  -498.222  179.725
   -48.490  -408.458  -500.004  -702.765  -911.604  -963.320  -884.824  -726.948
  -621.712  -471.619  -282.492  -190.146  -158.126  -121.962   -72.892   -28.887
CT1848:360          102.735   93.700   81.844   49.416    5.508   -41.283
   -68.227   -69.000  -186.919  -418.356  -451.323  -545.329  -642.096  -644.528
  -594.411  -634.476  -737.606 -1116.693 -1726.928 -1836.398 -1698.585 -1659.542
-1472.764  -887.216  -313.410  -161.139  -130.788   -99.455   -72.068   -48.367
