
filled_synop: 30 data points in equal steps of sine latitude from +14.5/15 to  -14.5/15

CT1879:360           74.679   65.016   53.719   40.175   28.024   23.604
   14.379    8.036   -33.904  -138.707  -197.244  -231.955  -228.488  -169.800
  -128.441   -63.230   -21.130    -7.078    4.352    -9.342   -81.840  -153.090
  -153.432   -99.518   -70.320   -63.929   -59.987   -85.833  -136.831  -185.442
CT1879:355           87.510   64.957   46.502   30.011   14.948   22.396
   54.756   83.872   31.043  -223.639  -534.217  -571.729  -307.660  -100.572
   -70.048   -82.120   -77.164   -48.978   10.510   14.333   -61.602  -143.635
  -147.482   -90.588   -59.032   -62.450   -75.171  -100.759  -147.700  -195.791
CT1879:350           94.365   71.618   43.026   11.266   -20.219   10.360
  197.238  444.101  473.559  244.567   -45.495  -128.384   -96.586   -43.881
   -44.615   -74.762   -90.247   -56.874    2.205    6.190   -36.628   -86.498
   -96.277   -68.997   -51.059   -58.817   -80.095  -114.205  -162.709  -203.379
CT1879:345           94.954   87.406   75.533   43.612   -15.501   12.146
  211.803  463.364  527.452  463.869  346.339  269.814  142.875   31.288
   10.659   44.520   52.829   61.039   47.832   21.392   -16.830   -60.187
   -72.257   -47.553   -34.755   -49.196   -80.154  -112.957  -156.007  -200.031
CT1879:340           79.103   63.957   49.725   26.613    6.928   34.900
  129.111  238.460  290.088  360.839  399.314  355.768  208.179   52.939
   27.622  136.791  225.449  183.619   61.794    3.931   -24.480   -60.615
   -75.473   -60.377   -51.478   -63.244   -86.330  -112.429  -147.449  -184.857
CT1879:335           70.141   48.175   34.208   28.278   19.439   40.600
   93.413  166.007  211.897  256.745  302.690  277.909  179.516   69.329
   24.894   12.609    4.505    2.137   15.665   10.057   -28.755   -82.909
  -100.709   -92.790   -86.774   -92.263   -99.723  -118.569  -147.921  -175.885
CT1879:330           60.388   54.791   48.386   37.015   25.537   39.492
   83.870  139.780  171.393  193.598  205.886  183.823  134.887   74.880
   23.359   -98.370  -216.067  -177.162   -36.153    3.126   -32.525   -84.230
  -101.504   -97.148   -91.827   -99.314  -104.635  -117.898  -148.624  -187.946
CT1879:325           53.779   60.293   60.675   46.690   19.188   25.627
   77.192  147.835  173.188  165.389  155.140  135.927   96.320   70.757
   31.920   -44.231   -77.439   -83.323   -47.196   -28.995   -44.038   -72.301
   -89.625  -116.840  -139.876  -129.680   -89.700  -104.466  -156.911  -202.722
CT1879:320           59.665   43.778   29.774   18.319    9.600   20.689
   69.681  138.790  159.176  117.922   50.025   17.893    6.254   -17.274
   -38.068   -38.938   -38.722   -38.687   -33.536   -32.624   -28.605   -28.840
   -45.294   -78.804   -99.906  -107.523  -103.581  -117.878  -157.651  -197.428
CT1879:315           70.907   45.627   25.811   11.079    -2.844    2.722
   40.423   84.634   94.685   75.059   48.017   22.717   -19.347   -53.561
   -66.816   -56.407   -46.629   -32.252    7.563   26.006    7.576   -17.458
   -37.522   -70.570   -96.033  -106.331  -107.205  -123.719  -159.447  -199.129
CT1879:310           86.921   69.429   45.910   24.703    2.723    2.187
   30.057   68.905   76.791   56.873   29.691    5.264   -24.733   -53.299
   -65.567   -73.735   -76.354   -51.661    -3.303   14.675    5.122   -17.798
   -37.863   -71.372   -96.307   -98.362   -85.097  -107.796  -160.571  -201.549
CT1879:305          119.916   91.116   62.353   30.848    -5.714   -14.713
   18.123   65.598   72.951   52.710   22.446    -3.443   -22.766   -51.448
   -62.800   -78.626   -89.338   -64.463   -12.486   11.940    3.326   -16.879
   -33.974   -62.357   -85.884   -91.714   -83.755  -101.400  -141.038  -183.888
CT1879:300          133.610  106.747   75.824   37.884    -0.125   -11.694
   16.752   59.435   55.697   33.204    -3.628   -42.207   -60.916   -90.884
   -90.065   -85.728   -87.268   -59.039   -30.097   -13.344    -4.991    6.031
    -6.100   -54.492   -92.711   -99.668   -89.319  -102.743  -139.860  -180.412
CT1879:295          157.386  126.912   94.414   53.579    3.379   -16.763
   12.791   65.875   50.450   -19.628   -69.153  -112.219  -214.674  -163.653
  -139.282  -135.310   -47.931   -15.982   -35.630   -34.415   -14.625    5.354
    -1.489   -31.396   -59.021   -72.866   -76.244  -100.477  -153.925  -198.854
CT1879:290          142.368  110.198   76.475   38.415    -0.174   -18.571
    1.275   48.049   32.734  -153.938  -478.896  -605.718  -678.684  -947.452
  -917.011  -389.775   -59.440   -19.445   -20.408    -8.536    4.263   19.185
   10.858   -29.306   -61.101   -66.087   -51.417   -66.897  -112.860  -171.085
CT1879:285          135.523  104.092   72.038   37.804    0.240   -21.432
   -30.345   -40.672   -48.257    -5.529  125.326  186.910  184.182  321.935
  315.873   62.287   -86.402   -76.476    -2.421   29.783   20.038    -5.685
   -18.476   -26.561   -39.336   -49.060   -46.549   -71.959  -127.749  -181.489
CT1879:280          124.825  103.336   77.099   41.809    1.658   -21.764
   -32.600   -40.787   -28.714   58.310  185.937  266.627  520.517  860.484
  824.889  310.214   -36.305   -57.585   10.605   33.315   26.784   13.775
    1.141   -18.007   -36.576   -55.568   -74.326  -101.127  -142.767  -178.923
CT1879:275          108.784   89.181   65.688   34.265    -3.202   -26.738
   -41.127   -58.535   -47.046   24.637  100.227  167.101  333.425  416.408
  393.946  206.579   17.956   -12.188   20.802   31.576   36.394   40.018
   26.418   -13.475   -49.430   -76.036  -101.989  -126.862  -152.479  -175.655
CT1879:270           88.216   68.274   47.673   25.662    2.482   -13.193
   -26.519   -42.683   -39.203   -20.477    -6.758   22.052   91.541  122.251
  114.232   85.590   44.087   28.094   49.046   60.678   57.313   40.476
   25.903   13.023    -6.505   -53.183  -125.782  -157.965  -161.121  -168.970
CT1879:265           86.284   59.105   34.513   12.209   -10.208   -27.125
   -29.441   -25.376   -26.725   -38.364   -51.520   -40.479   -16.692    8.232
    8.006    -3.506   -13.750    -4.338   44.985   71.553   70.003   62.551
   52.175   30.108    3.393   -33.272   -81.513  -120.367  -148.544  -181.768
CT1879:260           72.578   57.965   40.990   20.446    -2.803   -20.677
   -22.608   -23.331   -37.244   -60.972   -84.639   -80.908   -64.472   -25.001
   -19.136   -53.857   -73.914   -57.200    -7.153   16.694   37.159   49.884
   44.196   21.454    -3.854   -38.535   -81.754  -123.501  -171.237  -218.781
CT1879:255           49.769   46.486   42.336   40.374   42.376   34.280
   11.390   -16.286   -41.999   -87.284  -162.794  -180.208  -124.214   -71.735
   -60.920   -86.087  -100.986   -83.506   -19.173   27.179   32.197   32.396
   28.262    -1.308   -34.746   -66.246  -101.103  -141.323  -195.728  -241.689
CT1879:250           42.021   26.228   15.043   12.979   12.044    -1.532
   -18.546   -42.115   -77.267  -124.461  -154.832  -149.844  -135.776   -87.177
   -68.990   -97.854  -116.767  -102.694   -79.218   -64.311   -19.366   38.600
   45.457   14.445   -14.823   -41.677   -64.659  -101.104  -161.095  -227.748
CT1879:245           38.326   19.414    6.132    3.690   11.414    -1.899
   -36.908   -71.270  -115.943  -228.446  -346.483  -349.498  -239.497  -127.801
   -90.514   -70.394   -54.054   -56.205   -63.507   -51.572   -24.136   18.343
   30.500   18.887    0.347   -16.018   -25.837   -66.235  -130.333  -203.452
CT1879:240           26.488   23.138   24.705   24.122   21.671    -3.387
   -72.668  -152.197  -201.450  -287.659  -392.263  -380.541  -214.660   -79.940
   -43.050   -13.223    0.935   -17.239   -57.127   -64.732   -39.223    -0.369
   16.136   19.833    9.867   -17.925   -53.713   -97.321  -154.156  -209.275
CT1879:235           15.569   23.008   29.196   37.317   42.796   19.757
   -68.084  -169.827  -178.994  -105.460   -14.810    8.078   38.537  105.768
  114.656   67.358   39.900    4.585   -66.159   -88.610   -60.689   -15.773
    3.222   18.727   17.917   -14.786   -64.492  -106.229  -154.610  -204.225
CT1879:230           18.525    8.095   15.459   20.358   20.149    -1.493
   -65.393  -132.445  -106.977   90.517  248.216  229.504  114.578   32.086
   50.328   68.958   62.543   32.462   -35.557   -66.297   -59.600   -37.418
   -23.959    1.635    8.708   -14.731   -51.347   -94.935  -151.613  -203.403
CT1879:225           48.780   37.513   26.301   17.126    8.001    1.850
    4.309   13.317   41.628  197.841  315.299  213.209  -121.821  -333.226
  -258.257   -66.653   32.935   42.919    -1.958   -17.728   -41.874   -59.027
   -51.194   -17.347    -4.466   -26.356   -55.604   -99.523  -164.773  -217.099
CT1879:220           41.394   35.675   27.903   12.507   -10.352   -14.734
   13.067   46.342   57.001   93.728   75.428  -113.255  -628.291  -829.485
  -678.432  -245.350   -12.519   28.184   24.137   22.461   -18.904   -48.350
   -53.775   -52.770   -53.478   -45.676   -33.671   -65.907  -124.325  -186.292
CT1879:215           25.184   19.776    2.786   -21.181   -36.762   -25.946
   28.503   55.444   -19.797  -189.967  -328.902  -562.722 -1141.323 -1365.641
-1000.706  -208.878   39.803   49.262   32.900   25.444    -9.142   -31.195
   -29.089    -6.917    -1.834    -7.014   -17.874   -59.328  -116.299  -169.851
CT1879:210          101.163   52.509   12.025   -18.486   -36.155   -36.351
   70.159  147.675   13.707  -421.463  -645.794  -511.942  -137.474   29.646
    -0.671   81.423  188.324  168.878  121.131   77.872   12.699   -21.810
    -1.278   66.146   71.572   29.866   -16.436   -61.205  -115.882  -165.088
CT1879:205          122.735   79.304   33.790   14.481   15.539   29.700
   69.797   74.869  -109.200  -564.364  -725.268  -375.842  414.621  693.278
  600.058  358.110  269.390  243.856  212.547  161.415   61.503    1.031
   18.465   57.573   57.246   32.590    -1.673   -47.095  -101.874  -153.705
CT1879:200          173.219   79.015   37.156   19.603   23.664   38.034
   65.630   76.528   18.643  -119.509   -97.680  322.147 1111.427 1371.148
 1022.011  416.114  248.512  269.874  277.616  219.673   99.608   22.069
   27.225   58.466   47.528   18.038    -6.393   -47.132   -97.199  -145.187
CT1879:195            -6.824   -10.556   -11.487   -12.978   -14.429    -8.890
   28.911   75.335    -2.165  -432.471  -829.780  -654.940  262.192  863.005
  712.462  306.542  222.315  220.938  217.328  189.211  144.187  105.485
   75.930   51.927   28.095   19.191   12.836   -42.343  -127.105  -216.878
CT1879:190            -2.459   15.672    8.242   11.073   20.642   37.561
   71.263  111.585   67.302  -289.675  -634.397  -649.760  -632.676  -702.161
  -571.932   -77.043  105.097  114.490  128.553  124.957   95.193   68.491
   45.746   40.194   26.664    -0.945   -34.642   -78.989  -131.195  -179.506
CT1879:185           28.418   22.998   18.762   22.187   30.262   52.247
   89.698  125.632  250.783  638.447 1031.779 1028.949  577.142  258.830
  167.702   83.274   97.107  146.938  216.869  223.577  173.513  109.045
   72.915   62.889   38.725    -5.889   -55.118   -94.406  -135.982  -178.495
CT1879:180           31.521   41.132   31.440   24.354    9.654   22.595
   60.355   89.634  242.637  790.199 1310.125 1347.067  999.010  636.649
  465.525  253.482  157.531  209.926  319.534  337.817  249.292  147.774
  102.041   71.649   36.786    -7.304   -57.824   -98.255  -128.166  -156.495
CT1879:175           48.739   37.372   26.720   15.214    1.204    5.752
   30.544   70.869  205.384  562.928  900.232  924.680  708.618  452.054
  334.491  232.319  174.245  229.001  342.932  365.213  290.724  180.462
  124.650   81.239   36.905    -6.272   -54.863   -98.279  -134.092  -174.526
CT1879:170           26.524   22.744   17.293   11.794    4.926    9.269
   27.636   51.817  118.499  224.506  336.699  346.990  231.631  106.315
   65.834   99.904  141.563  204.528  308.765  340.308  274.063  171.490
  113.693   77.937   40.931    4.541   -28.735   -75.518  -136.434  -200.116
CT1879:165           20.987   25.138   28.557   31.289   33.910   39.903
   37.631   27.378   40.701   33.892   32.126   23.657   -24.210   -52.591
   -49.573   20.604   98.320  164.148  267.194  300.788  253.109  145.341
   89.768   64.690   40.594    6.838   -25.899   -79.553  -157.456  -226.220
CT1879:160           27.177   29.536   31.653   32.415   30.840   30.735
   27.211   19.890   12.266   -20.103   -56.660   -77.111   -94.400   -94.999
   -87.590   -47.225    0.115   69.335  231.750  297.921  242.019  104.546
   58.371   47.043   36.303    9.007   -25.592   -75.379  -147.648  -217.031
CT1879:155           30.813   32.968   33.318   31.194   28.857   28.266
   30.683   36.778   30.495    3.341   -29.028   -49.432   -74.351  -101.697
  -110.959   -95.241   -72.765   -48.119   66.411  165.672  109.463   10.468
    4.495   29.560   41.797   19.637   -26.686   -73.635  -123.386  -174.144
CT1879:150           26.729   35.151   40.867   40.982   36.481   36.255
   41.848   52.072   46.496   29.790   10.949    -5.309   -29.238   -40.329
   -57.875  -120.730  -174.731  -209.783  -327.931  -408.210  -290.640   -87.599
   -19.269   36.108   81.868   51.293   -41.570   -91.043  -109.645  -138.980
CT1879:145           15.503   20.477   25.918   35.115   47.281   53.496
   58.325   65.462   57.051   30.160    -7.090   -25.951   -38.940   -47.517
   -65.382  -109.464  -156.384  -226.593  -413.435  -496.933  -388.824  -141.102
   -35.432   34.525   91.471   65.208   -29.460   -94.446  -127.775  -156.268
CT1879:140           11.398   17.194   26.278   39.209   53.206   58.323
   57.292   58.586   49.524   13.400   -35.895   -51.714   -41.001   -29.349
   -29.230   -22.507   -23.239   -87.226  -249.559  -324.092  -295.763  -174.625
   -98.717    -5.395   78.158   54.813   -43.646  -108.364  -151.686  -188.926
CT1879:135           26.034   13.471   10.234   24.949   57.302   65.689
   42.994    0.401   -23.223   -35.394   -47.527   -48.052   -21.683   20.795
   45.364   87.955  106.969   70.554   -64.340  -165.583  -189.068  -209.128
  -190.875   -57.800   65.083   39.102   -72.490  -133.859  -176.542  -213.241
CT1879:130           37.100   43.314   49.902   56.550   61.069   56.816
   34.244    -2.983   -23.716   -30.459   -43.236   -43.185    4.687   56.755
   99.683  216.038  308.337  298.226  195.119  111.759   16.659  -144.945
  -183.322   -79.178   25.513   12.874   -62.273  -116.468  -150.120  -173.561
CT1879:125           48.378   50.412   51.453   52.376   54.504   48.653
   35.701   25.118   17.489    1.583   -13.915   -20.409    9.224   36.412
   75.533  189.234  319.382  340.459  303.568  282.033  172.566   -26.121
   -87.864   -34.083   32.935   16.095   -34.471   -66.995   -96.654  -126.841
CT1879:120           63.158   56.192   49.779   43.514   35.886   25.188
    9.862   -12.902   -33.264   -17.008    6.493   -13.194   -60.930   -76.683
   -44.913   -74.018   -61.018   35.637  223.954  299.223  215.177   51.732
   -18.281   -26.958   -28.354   -35.937   -41.397   -59.486   -87.130  -117.122
CT1879:115           70.991   59.915   49.182   39.667   32.770   22.437
   10.843    3.480   -19.990   -31.080   -35.518   -83.995  -312.820  -627.514
  -605.193  -333.476  -154.005   10.795  256.545  346.754  287.040  158.778
   75.394   19.733   -19.923   -41.913   -39.139   -57.389   -85.957  -117.395
CT1879:110           69.924   63.900   56.276   45.474   33.730   20.104
   14.502   17.451   -34.087  -143.773  -252.165  -328.209  -510.129  -631.858
  -508.420   -17.193  492.157  596.098  617.590  656.823  530.318  319.267
  189.988   82.482    0.411   -38.337   -41.010   -59.234   -94.039  -129.966
CT1879:105           68.186   63.021   55.640   43.619   30.001   11.174
    3.974    4.825   -89.403  -406.316  -766.944  -831.824  -653.648  -437.631
  -259.016   28.162  235.822  502.721  846.423  945.852  769.912  458.493
  295.076  130.433    -1.544   -34.508   -21.272   -52.774   -93.760  -139.360
CT1879:100           63.334   47.626   39.119   34.498   40.076   26.674
    -3.121   -27.178  -115.773  -456.082  -803.209  -819.245  -463.700   -96.992
   65.194  204.140  331.263  503.078  759.208  856.824  729.443  518.385
  394.612  215.332   69.666    5.311   -34.208   -79.938  -125.259  -171.065
CT1879:095           56.569   53.598   45.605   44.736   47.351   31.320
   -25.987   -95.104  -134.862  -191.998  -261.106  -217.922    -3.515  164.941
  220.625  254.413  315.486  355.843  387.067  418.670  447.337  438.313
  362.449  216.749  101.853   35.837   -26.402   -87.596  -139.829  -189.065
CT1879:090           56.971   48.122   40.156   34.769   32.688   20.604
   -27.132   -90.076   -54.270  197.941  446.499  479.298  340.682  211.468
  155.693   47.182    -1.203    -4.769    -3.725   34.866  167.512  311.800
  303.455  193.597  105.343   39.209   -36.389  -102.645  -153.920  -198.582
CT1879:085           76.048   61.021   44.796   26.579    5.458   -10.633
   -32.259   -54.858   17.282  297.107  601.928  659.439  456.216  189.596
   70.557   -63.593  -177.124  -223.039  -209.107  -156.162   -27.876  153.543
  207.134  179.414  139.213   65.087   -39.186  -106.830  -148.466  -191.367
CT1879:080           87.405   79.023   58.179   32.294    -1.366   -17.664
   -12.754    1.222   68.154  256.075  475.427  515.791  412.650  271.504
  169.566    8.318  -121.095  -207.117  -312.119  -331.829  -228.231   -38.209
   52.976  114.604  142.598   84.742   -30.051  -104.121  -152.732  -196.933
CT1879:075          103.521   81.603   54.212   19.026   -16.757   -24.408
    -0.752   34.984   91.043  195.044  323.167  348.829  291.362  207.298
  136.202   37.184   -57.405  -129.665  -263.930  -355.077  -293.205  -147.379
   -64.500   38.984  127.307  101.345   -12.368   -96.853  -156.414  -208.658
CT1879:070          105.964   76.353   47.270   10.418   -39.915   -50.221
    -4.256   63.840  107.068  162.314  215.255  216.428  159.219   67.850
   19.608   31.351   39.175   -23.369  -126.448  -165.583  -219.544  -263.232
  -221.216   -45.415  112.165   95.806   -22.210   -92.664  -147.193  -203.687
CT1879:065           90.810   73.020   52.222   27.141    -0.602    -3.086
   45.042  125.920  163.697  159.316  144.842  134.051   67.535    -7.742
   -25.294   26.045   64.627   10.167  -153.042  -269.297  -290.676  -269.872
  -226.079   -91.099   47.124   51.923   -24.319   -85.545  -142.172  -193.446
CT1879:060           84.997   66.111   49.236   31.945   12.926    6.984
   29.219   67.635   79.263   55.081   10.183    -5.814   -18.406   -30.349
   -21.524   49.606  120.728   57.736  -199.640  -359.513  -380.442  -326.857
  -287.339  -146.610   17.144   35.185   -26.146   -76.531  -134.785  -196.095
CT1879:055           84.719   55.298   32.622   21.673   19.101   13.842
    1.947   -17.906   -30.358   -41.139   -63.188   -69.260   -42.130    -2.823
   26.676   75.286  129.536  115.223    -6.659  -126.884  -197.296  -327.374
  -366.950  -220.008   -52.426   -29.122   -45.957   -74.016  -152.805  -219.822
CT1879:050           94.164   80.482   64.342   43.128   19.057    -0.101
   -18.461   -38.557   -50.336   -54.787   -53.169   -46.067   -20.508   20.930
   68.260  113.057  119.795  210.273  504.747  593.047  358.788  -157.297
  -323.126  -227.130  -108.618   -77.765   -54.064   -61.593  -113.706  -177.406
CT1879:045          123.537  125.283  113.056   78.798   25.932    -8.548
   -28.436   -42.630   -55.576   -59.004   -54.742   -51.675   -53.374   -64.552
   -12.376  206.021  450.253  533.190  774.257  944.250  627.221   -13.941
  -197.929  -140.631   -63.500   -62.595   -87.557  -105.531  -139.572  -175.295
CT1879:040          115.918   87.645   58.714   33.670   11.028   -13.742
   -40.777   -71.187   -93.551  -105.679  -104.283  -104.856  -142.042  -162.446
  -122.339   42.962  219.561  206.269   -13.400  -194.480  -148.478  -100.502
  -121.357  -114.541   -95.223   -87.258   -82.635   -97.176  -136.726  -176.100
CT1879:035           94.992   64.840   36.932   17.072    1.697   -18.592
   -47.405   -78.773  -104.257  -154.351  -225.072  -255.685  -256.608  -253.947
  -247.862  -255.847  -328.531  -408.484  -657.601  -776.570  -580.163  -192.245
   -71.796   -81.807   -88.209   -79.171   -70.137   -83.024  -120.457  -163.634
CT1879:030           97.262   68.396   41.536   17.612    -4.428   -26.744
   -53.839   -84.329  -102.705  -121.763  -137.623  -143.930  -134.825  -100.967
  -121.480  -207.946  -279.882  -376.659  -549.536  -581.302  -424.755  -131.927
   -47.155   -70.024   -88.577   -83.076   -67.515   -78.996  -123.450  -169.303
CT1879:025          121.328   95.649   66.660   33.056    -2.413   -28.801
   -45.817   -59.223   -55.810   -28.007   11.687   25.492   46.426   49.445
    2.908  -102.613  -175.692  -164.102   -54.525    9.505   40.843    -7.598
   -41.724   -78.649  -109.457  -110.458   -83.525   -85.870  -116.789  -153.949
CT1879:020          158.784  132.860   99.047   51.549    -8.525   -41.442
   -49.777   -51.215   -39.029   26.917  129.923  161.833  167.206  152.543
   89.046  -151.766  -361.203  -258.483  347.726  759.478  552.970   69.972
   -62.088   -73.537   -84.423  -101.212  -116.287  -132.267  -145.228  -160.583
CT1879:015          158.380  119.173   76.594   26.304   -27.847   -57.750
   -56.042   -42.868   -27.343   31.972  116.212  142.594  132.791  110.129
   39.335  -247.144  -518.588  -392.480   57.772  216.802  182.664    5.763
   -70.390   -69.813   -58.843   -72.612   -96.977  -127.988  -155.127  -177.636
CT1879:010          150.679  102.356   58.596   18.083   -22.374   -45.204
   -40.184   -21.456   -10.644    -5.743   -11.370   -15.099    -9.144   -20.717
   -52.659   -81.928   -50.674   -20.708   17.216   43.790   13.914   -61.864
   -94.356   -78.619   -61.767   -75.786  -107.289  -134.874  -167.885  -197.389
CT1879:005          144.054   98.514   53.925   12.301   -24.403   -45.513
   -40.733   -22.920   -23.508   -47.540   -81.904   -93.294   -90.026   -84.152
   -85.987   -59.280   -14.918   -11.409    -3.622   19.496   -12.432   -67.945
   -88.461   -74.382   -60.079   -69.705   -88.306  -117.583  -160.967  -197.410
CT1880:360          129.216  112.390   82.149   40.428   -12.584   -39.574
   -39.882   -25.895   -32.075   -61.737   -94.496  -106.237   -91.215   -68.898
   -76.941  -171.743  -276.940  -245.302   -98.976   -31.355   -42.725   -66.414
   -77.805   -72.867   -68.235   -79.223   -98.313  -119.040  -150.920  -188.169
