
filled_synop: 30 data points in equal steps of sine latitude from +14.5/15 to  -14.5/15

CT1860:360          158.605  129.355   95.967   57.934   17.738   -27.437
   -85.305  -139.692  -164.033  -186.650  -162.844   -37.625  154.063  212.873
  158.437   61.831    1.131   -58.397  -101.118   -61.554   99.936  244.626
  262.317  145.270   16.590   -39.118   -66.103   -91.075  -108.546  -117.215
CT1860:355          147.733  121.938   97.649   64.703   26.427   -15.718
   -84.411  -157.256  -158.442  -103.007   -29.243   74.773  204.572  268.102
  327.486  377.689  373.802  379.178  376.005  346.661  299.870  263.874
  229.726  128.148   13.838   -37.808   -60.690   -79.497   -96.108  -109.573
CT1860:350          143.541  120.147   96.277   60.710   17.237   -26.350
   -88.563  -151.787  -132.141   -21.784   53.329  135.326  219.274  277.078
  373.029  477.270  506.130  511.077  451.790  405.115  336.955  246.547
  197.210  107.929    -0.022   -51.648   -66.490   -83.503  -106.482  -127.813
CT1860:345          132.568  103.170   75.540   39.583    -6.398   -48.831
   -91.850  -135.059  -128.737   -22.322   59.671   79.979   78.832  113.328
  211.708  333.162  368.621  326.411  230.755  175.625  162.113  158.424
  136.537   67.805   -13.520   -48.667   -72.058   -93.800  -114.902  -143.841
CT1860:340          136.903  110.685   78.208   34.536   -16.817   -61.972
  -101.046  -135.468  -162.198  -207.358  -232.466  -221.483  -215.794  -166.240
   -61.827   99.507  146.191   24.696  -137.734  -172.088  -114.568   -52.817
   -44.398   -36.878   -37.555   -53.988   -80.599  -103.791  -123.197  -143.664
CT1860:335          127.829  107.471   86.101   42.022   -18.782   -67.517
  -108.631  -141.357  -198.677  -344.695  -417.327  -447.160  -453.656  -405.818
  -287.554   -79.721   -39.782  -189.752  -338.931  -373.900  -320.966  -226.017
  -187.915  -133.818   -80.937   -68.931   -80.394   -97.650  -116.796  -136.653
CT1860:330          129.572  111.378   91.041   39.260   -26.368   -73.423
  -112.403  -147.122  -184.873  -262.575  -313.490  -332.841  -392.350  -392.653
  -241.515   -66.080   -52.390  -187.711  -342.402  -386.720  -353.357  -304.846
  -275.584  -188.344   -99.156   -81.023   -99.262  -115.949  -125.068  -133.593
CT1860:325          163.687  140.221  106.693   50.998   -34.408   -84.680
  -114.704  -126.672   -79.599   40.761  114.382   88.753   39.485   32.224
   51.404   96.672   90.663   29.241   -25.111   -93.064  -217.598  -299.930
  -311.499  -230.639  -138.402  -112.818  -127.119  -137.806  -132.069  -117.367
CT1860:320          161.044  127.406   81.004   11.254   -66.140   -99.385
  -118.442   -95.239    2.684  201.071  307.513  309.983  303.050  282.651
  213.450  160.628  158.433  210.592  228.800  147.802   -92.888  -292.845
  -328.082  -234.443  -159.276  -141.073  -137.279  -131.683  -112.699   -89.092
CT1860:315          150.024  105.514   62.228    -8.208  -107.798  -127.496
  -122.475   -91.804   67.563  319.331  387.801  427.280  348.882  289.446
  219.535  137.435  160.394  350.245  456.317  368.306   88.973  -135.265
  -200.023  -187.379  -180.090  -166.013  -124.403   -89.701   -65.556   -44.257
CT1860:310          161.569  120.006   66.508   -19.259  -121.543  -124.292
   -19.310  111.218  340.729  867.951 1090.348  802.028  368.417  256.356
  242.357  254.516  277.948  414.489  504.998  429.660  247.747  100.023
   -12.646  -158.544  -264.281  -254.811  -180.648  -102.341   -39.873   11.522
CT1860:305          137.815  104.412   67.261    -7.144  -120.018  -122.255
    -5.287  132.947  343.605  670.430  784.396  610.076  227.617  116.101
  223.164  338.537  352.777  332.281  259.978  201.192   98.003   -52.318
  -144.254  -230.045  -300.361  -277.621  -184.715   -97.753   -28.121   39.178
CT1860:300          130.501   90.559   45.433   -31.334  -140.047  -148.747
   -50.350   69.123  190.194  347.508  409.135  366.805  271.959  233.310
  269.058  337.564  341.643  349.782  368.373  254.818   -27.918  -247.679
  -318.701  -298.248  -267.316  -235.769  -171.273  -103.904   -45.479    8.520
CT1860:295          129.572   91.270   42.158   -46.107  -146.683  -146.909
   -46.943   49.322  119.864  214.914  256.596  231.171  200.025  183.914
  197.979  227.254  201.890  106.097    4.179   -75.204  -211.738  -327.789
  -352.724  -288.367  -224.092  -195.373  -157.710  -116.604   -76.133   -35.404
CT1860:290          115.973   89.287   65.753    5.136   -95.135   -88.765
   56.913  185.489  209.194  167.824  141.858  110.792   54.515   30.106
   37.321   23.839   -13.546  -114.409  -215.941  -250.957  -233.521  -228.216
  -243.688  -255.368  -258.636  -236.448  -186.181  -137.468   -97.696   -53.470
CT1860:285          126.484   87.420   44.098   -14.788   -77.692   -52.544
  138.153  305.819  305.631  191.827  128.008   69.274    -2.587   -28.172
   -17.088   19.359   -13.573  -119.261  -201.338  -224.171  -159.702   -94.650
  -106.540  -175.056  -222.249  -214.913  -182.255  -141.431   -99.327   -55.927
CT1860:280          132.528   86.338   46.140   10.377   -36.057   -13.202
  141.142  279.302  256.226  121.404   12.287   -21.830   -66.192   -76.342
   -47.360   -17.937   -42.333  -123.120  -199.086  -211.252  -139.642   -69.556
   -63.714  -113.364  -164.561  -166.363  -140.802  -116.270   -92.838   -66.759
CT1860:275          144.000   91.372   37.722    2.793   -16.040    3.823
  148.699  269.652  170.115   -87.417  -258.149  -223.541   -78.342   29.273
   22.781   -44.999   -95.762  -171.413  -238.860  -244.181  -160.360   -72.791
   -54.304   -85.203  -123.916  -126.642  -110.904   -97.528   -87.783   -78.461
CT1860:270          160.509   98.124   35.809   11.504   19.293   21.589
  113.637  205.178  -115.129 -1109.355 -1688.499 -1301.108  -249.707  311.428
  268.161    1.664  -124.760  -213.103  -261.718  -268.382  -193.015  -105.103
   -80.012   -90.350  -106.710  -107.693  -106.752  -103.998   -97.820   -92.080
CT1860:265          161.915   95.348   32.565   22.314   57.867   50.476
   77.247   64.609  -500.273 -2130.603 -2961.619 -2139.316   -26.970  863.118
  682.805  103.449  -115.200  -185.998  -208.964  -228.111  -187.164  -140.852
  -124.606  -113.322  -104.270  -100.187   -98.931   -97.801   -94.688   -91.109
CT1860:260          138.850   70.269   19.353   18.105   76.953   77.189
   48.350   -36.777  -555.625 -2010.180 -2656.680 -1510.313  786.393 1539.639
 1088.730  256.223    -2.143   -58.987   -80.100  -125.283  -153.725  -174.063
  -172.589  -145.008  -117.459  -106.149   -98.233   -94.023   -95.232  -100.404
CT1860:255          164.497   83.240   13.042   23.792   79.366   91.911
   44.836   -44.458  -162.581  -416.993  -429.159  161.200 1299.846 1626.174
 1056.238  345.034  129.858   49.305    -4.199   -63.156  -123.843  -177.076
  -185.012  -152.659  -125.022  -118.045  -115.007  -112.548  -112.943  -114.631
CT1860:250          170.815   84.476    -3.023   11.676   67.274  103.384
  178.556  226.932  332.673  671.961  857.922  807.571  599.960  552.808
  461.899  211.852   94.069   68.763   33.365   -23.523   -87.977  -138.057
  -155.332  -145.488  -134.880  -133.898  -146.356  -151.227  -140.838  -120.831
CT1860:245          101.320   29.131   -10.576   12.694   64.844  117.726
  232.283  328.707  445.124  657.339  718.976  564.156  203.006   97.184
  131.729  159.993  121.595   88.766   50.295    2.244   -63.503  -120.730
  -141.789  -134.320  -126.606  -124.974  -127.568  -128.152  -123.572  -115.560
CT1860:240          117.983   57.041    6.176   26.294   78.267  133.341
  230.125  309.037  354.155  389.682  357.232  232.168    6.108   -58.284
   10.386  121.005  130.533   96.835   70.473   28.137   -51.527  -109.298
  -134.027  -128.025  -120.819  -119.126  -117.313  -116.266  -116.990  -118.051
CT1860:235          121.294   64.448   11.044   29.983   79.709  122.997
  215.328  284.892  260.279  164.093   85.147    -6.978  -131.007  -153.689
   -78.637   36.141   72.599   59.614   71.416   31.836   -60.319  -115.870
  -144.983  -121.224  -101.603  -102.409  -110.349  -115.893  -121.778  -129.694
CT1860:230          108.511   41.191    -2.114   12.919   55.928   76.783
  122.929  137.167   15.300  -242.627  -352.857  -408.963  -419.253  -380.935
  -266.970  -156.862   -33.681  140.037  167.025  181.050   77.616   -97.361
  -162.911  -107.515   -59.426   -65.181   -90.441  -121.810  -152.646  -181.841
CT1860:225          155.854   82.585    4.347    -2.109   34.367   33.629
   38.303   25.418  -161.971  -673.998  -889.028  -665.605  -242.374  -111.729
  -129.509  -114.320   87.299  856.616 1513.167 1360.523  528.064   -33.241
  -123.923   -49.301    -4.011   -29.785   -97.603  -157.158  -189.708  -215.319
CT1860:220          133.778   70.330   16.450    -2.451    -3.149   -12.143
   -13.558   -33.235  -158.419  -418.737  -513.895  -398.323  -124.056   -22.700
   -15.915    -6.868  116.497  605.364 1048.164  960.018  407.654    -0.828
   -80.508   -40.508   -14.755   -32.515   -76.394  -128.339  -174.045  -215.306
CT1860:215          113.241   61.695   17.608    -2.402    -9.351   -18.274
   -40.943   -63.250   -68.977   -38.787   -18.248   -25.249   -21.853   -11.902
    9.387   27.240   -22.473  -358.970  -743.343  -699.429  -348.634  -121.879
   -76.805   -52.579   -34.559   -46.226   -84.359  -122.460  -159.487  -198.461
CT1860:210           95.404   44.431    -5.622   -21.800   -22.413   -23.856
   -40.576   -51.051   26.063  229.692  298.157  221.474   50.731   -13.641
    -5.155   11.027  -133.344  -749.544 -1282.793 -1213.672  -627.783  -180.030
   -87.620   -73.592   -60.811   -68.946  -108.752  -142.594  -165.466  -185.818
CT1860:205          105.184   52.328    8.397    -2.056    1.204    9.450
   22.802   48.963  158.345  454.678  577.951  397.823   53.428   -68.800
   -43.854    -9.555  -122.801  -449.229  -682.983  -698.537  -462.227  -185.910
   -92.276   -76.222   -70.578   -77.736  -108.474  -137.806  -159.504  -175.769
CT1860:200          123.763   72.811   21.097    9.735   14.948   28.236
   52.165   84.264  170.088  342.958  388.326  287.055   75.057   -15.641
   -16.604   -15.363   -71.706  -146.118  -207.281  -225.197  -186.347  -132.087
   -89.242   -84.009   -84.219   -95.174  -130.697  -159.801  -174.340  -180.707
CT1860:195          106.197   59.121   22.844    5.668    -6.146    6.019
   59.930  117.229  161.755  217.870  227.833  166.992   70.557   17.218
    2.051   28.110    8.214   -33.844   -90.383  -101.343   -79.425   -69.941
   -64.066   -82.150   -98.500  -109.934  -126.957  -141.630  -150.528  -155.734
CT1860:190          118.290   65.904   23.708    4.895    -5.733    6.185
   64.608  121.418  146.790  163.724  160.588   74.470   -82.340  -133.819
   -70.039   14.754   20.188    4.286   -13.558   -24.456   -33.684   -45.018
   -58.886   -85.425  -106.592  -118.963  -122.052  -123.945  -129.505  -137.718
CT1860:185          145.859   93.299   36.112   12.830    -0.812    5.080
   61.070  116.553  128.493  121.457  116.267   69.547   -20.644   -48.540
   -23.925   -11.233    -8.935    4.307   23.970   13.195    -8.057   -17.047
   -42.990   -87.319  -120.947  -135.450  -122.701  -114.700  -122.281  -136.700
CT1860:180          129.669   82.158   39.497   15.335    -0.965    2.590
   35.442   65.527   74.687   70.381   68.683   97.364  176.280  198.152
  116.958   52.234   50.596   32.437   44.437   37.498   34.833   43.334
    5.816   -53.961  -106.882  -132.687  -133.122  -131.045  -133.392  -136.797
CT1860:175          107.902   71.462   40.693   18.743    1.687    -1.587
   19.991   40.303   37.893   18.637   17.857   40.791   97.166  134.973
  143.883  120.652  164.320  178.102  123.503  139.325  197.002  177.925
  105.539   18.014   -74.526  -121.422  -128.943  -129.303  -131.788  -133.398
CT1860:170          105.294   80.745   57.037   30.933    -6.845   -17.930
    4.659   27.898   10.970   -57.987   -81.236   -57.001   -67.415   -27.267
  228.524  519.159  630.109  708.206  755.158  743.189  610.667  435.136
  293.187  101.232   -56.958  -103.978   -96.582   -98.262  -108.519  -118.145
CT1860:165          104.016   73.285   46.070   24.683    6.988    -2.135
    -4.186    -6.756   -15.682   -40.414   -48.321   -14.528   67.344  121.456
  173.019  275.872  445.826  967.221 1422.616 1358.336  844.236  377.781
  211.087   91.582   -27.439   -72.042   -81.462   -93.263  -109.738  -132.551
CT1860:160          111.177   82.231   54.960   36.253   22.074   15.147
   18.594   20.211   17.039   12.068    2.403    7.011   12.874   16.636
   -66.122  -210.304   -61.368  629.610 1180.325 1122.340  563.792   60.264
   -77.160   -71.512   -49.620   -38.265   -60.168   -92.680  -124.270  -160.233
CT1860:155          114.872   90.519   64.869   51.156   44.709   39.781
   48.066   54.198   51.882   63.989   59.148   28.245   -12.827   -36.151
  -183.575  -357.217  -248.222  329.546  829.635  677.750   -12.398  -437.679
  -496.899  -280.698   -55.712   -17.030   -67.681  -114.534  -148.595  -187.352
CT1860:150          103.395   68.636   39.817   22.382   11.425    7.121
   34.788   53.517   23.239   -39.088   -87.434  -120.230  -153.395  -163.910
  -168.082  -137.378  -169.246  -466.966  -815.780  -880.610 -1020.510 -1198.142
-1065.341  -500.068   -51.398   27.637   -35.784  -105.512  -156.791  -201.618
CT1860:145           98.067   65.954   36.259   16.986    3.162    -8.739
    7.661    8.861   -75.124  -278.458  -380.911  -357.378  -272.565  -226.730
  -147.747   -77.069  -125.245  -366.817  -529.645  -558.077  -360.476   -74.088
   -26.777   -29.169   22.675   30.425   -42.129  -110.639  -163.041  -221.534
CT1860:140          109.360   64.939   24.777    7.889    6.382    -7.314
    -6.570   -13.924  -128.546  -420.158  -570.375  -478.431  -236.328  -121.484
   -57.786    -2.701   -13.297   -79.662  -141.408  -144.033   -42.934   60.048
  114.227   95.772   41.952   16.128   -35.101   -95.741  -151.743  -207.607
CT1860:135          120.403   68.071   20.099    7.490   26.472   14.597
   -19.075   -69.043  -199.831  -492.073  -640.994  -515.697  -185.123   -24.964
   23.980   86.637   98.335   40.671    -8.512    -0.121   68.214  120.804
  136.894  100.457   48.784   10.548   -43.448   -96.431  -147.707  -199.993
CT1860:130          119.081   58.547   11.697    2.187   35.552   24.178
   -37.227  -117.563  -238.014  -494.379  -600.650  -438.103   -91.327   52.396
    3.984  -139.657  -157.760   -79.251   -16.590    7.375   52.506   87.582
   92.748   70.115   42.739    2.948   -57.878  -114.381  -161.312  -204.290
CT1860:125          165.063   88.600   21.192   14.840   40.942   15.001
   -65.696  -157.185  -244.216  -438.117  -486.583  -246.717  200.862  341.382
  174.343  -107.954  -166.180   -91.942   -23.351    -4.489   22.618   46.368
   51.459   48.557   38.779    4.055   -54.114  -114.548  -168.516  -219.056
CT1860:120          189.803  110.464   22.838    0.566   21.345   -12.835
  -105.265  -185.105  -218.868  -279.517  -254.727    5.326  434.703  544.384
  396.325  204.761  136.987   62.833   16.864   20.089   32.642   42.295
   45.104   59.191   62.107   24.462   -38.211  -100.663  -165.908  -238.172
CT1860:115          142.115   77.011   25.985   11.007   20.353   -22.145
  -179.101  -322.255  -282.351   -88.217   49.510  190.155  371.865  409.667
  327.400  235.035  180.715   97.505   65.388   70.560   79.888   89.718
   81.519   68.464   52.257   11.675   -52.619  -118.076  -180.722  -243.237
CT1860:110          134.630   78.516   30.999    7.370    -1.344   -53.289
  -231.183  -382.319  -282.907   67.459  253.492  282.780  233.384  196.694
   75.018   -98.069  -103.404   55.859  102.998  143.385  180.460  144.804
  120.170   88.317   53.788    5.327   -61.764  -125.803  -183.102  -238.576
CT1860:105          151.499   99.099   45.157    6.175   -23.463   -65.374
  -196.421  -298.670  -173.994  260.437  478.653  369.446   86.180    -6.459
   -51.524  -104.353   -74.355  289.581  742.024  694.498  339.905  168.429
  141.097   86.302   27.864   -17.024   -62.243  -113.923  -171.265  -237.583
CT1860:100          147.016   90.703   40.592    4.168   -29.785   -66.267
  -123.510  -156.195   -51.281  245.676  385.600  290.729   34.256   -64.460
   -75.746   -29.426   -51.349  -201.420  -359.169  -289.073   -31.363  132.799
  146.594   98.667   52.365    3.810   -62.269  -124.603  -181.402  -236.990
CT1860:095          153.178   94.382   42.346    8.986   -20.005   -38.085
   -44.553   -36.956   27.184  176.531  246.332  185.361   37.540   -21.988
   -66.619  -114.783  -171.548  -407.118  -664.339  -606.730  -243.938   47.553
   99.596   84.782   68.863   27.505   -48.239  -120.181  -184.053  -244.229
CT1860:090          171.220  109.071   40.797    5.822   -22.209   -34.103
    -3.623   32.046   58.751   95.171  114.766   93.011   34.982   14.768
    3.058    -7.998   -37.161  -153.626  -236.877  -219.527   -92.663   25.457
   57.184   90.530  106.724   66.712   -20.589  -108.463  -183.797  -264.423
CT1860:085          149.053   89.463   33.141    1.496   -20.931   -26.396
    9.275   43.303   39.057   -16.904   -34.193   17.320  105.599  143.871
  174.596  211.704  237.594  342.782  475.670  442.201  237.762   84.446
   66.862  122.888  164.384  120.833   19.551   -89.608  -186.073  -276.804
CT1860:080          151.380   86.375   20.252    -2.807    -3.035    -6.292
   13.790   28.956    8.312   -77.920  -100.520    0.961  202.772  292.003
  268.371  216.711  263.988  478.559  640.478  594.833  344.121  126.809
   83.076  124.965  147.124   97.402    -2.583  -100.250  -184.895  -268.672
CT1860:075          124.461   62.346   13.911    5.460   25.306   28.411
   29.082   27.601    -3.975   -94.479  -106.614   -29.673  129.483  221.306
  272.713  285.176  326.966  420.895  456.629  427.076  318.088  192.917
  142.081  140.958  133.333   83.842    0.131   -88.311  -170.336  -250.373
CT1860:070          130.249   63.051   10.586    7.579   40.318   46.102
   20.105    -9.329   -40.259  -146.306  -195.836   -98.918   65.325  153.280
  284.277  439.959  473.681  393.280  303.102  271.753  247.776  216.655
  185.827  158.302  125.661   73.005    -5.259   -83.674  -157.286  -229.290
CT1860:065          155.740   92.057   20.959    5.811   24.532   23.770
    -3.123   -34.531   -27.469   16.697   60.256   66.383   45.132   63.320
  184.402  359.069  373.593  231.455  176.335  152.027  153.279  200.756
  186.754  148.039  109.642   60.087   -21.076   -99.716  -157.866  -212.505
CT1860:060          141.727   74.376   19.896   15.310   41.999   46.882
   21.707    -7.082   31.836  200.415  316.633  267.107  119.724   73.927
   49.499   -12.344   -22.151   -80.926  -202.872  -176.738   -18.652   76.683
   73.662   88.762   98.163   60.656    -3.193   -68.415  -130.398  -189.699
CT1860:055          149.984   72.123    7.731    -0.693   36.207   50.549
   37.188   21.961   58.816  165.697  223.048  219.640  164.599  123.898
   49.441   -50.211   -35.212  105.479  292.841  315.454  195.389   64.474
   13.247   39.622   75.542   52.742    0.655   -55.463  -114.372  -178.557
CT1860:050          165.253   95.611   11.133    -6.574   32.742   49.660
   41.956   30.428   56.078  119.889  168.487  169.974  135.364  103.132
   88.145   84.313  157.041  476.722  903.045  957.084  580.010  134.814
   10.121   30.992   56.229   28.745   -13.402   -60.493  -112.195  -168.265
CT1860:045          140.356   62.300    -4.295   -19.303   14.260   30.733
   36.919   39.310   60.029  117.561  151.929  128.887   51.911    0.618
    0.768    -1.579   81.730  497.841 1011.815 1077.873  704.233  203.590
   53.425   33.080   21.919    -2.618   -25.536   -51.933   -79.930  -108.004
CT1860:040          119.231   59.864    9.271    -6.486   11.775   26.623
   38.229   49.457   56.478   87.873  102.134   66.355   -28.559   -94.059
  -150.839  -261.316  -247.212   -56.335  193.508  256.038  210.312  145.389
   99.796   54.681   15.434   -12.359   -32.664   -51.206   -72.619   -95.790
CT1860:035          115.509   79.527   37.365   18.419   28.350   30.714
   33.712   46.513   43.778   24.842    -8.891   -71.608  -162.571  -212.772
  -275.762  -371.182  -389.292  -370.025  -331.636  -248.724   -98.066   89.263
  115.642   60.732    5.327   -19.612   -32.892   -41.811   -54.947   -83.961
CT1860:030          101.706   64.072   31.537   21.030   39.734   50.388
   45.429   34.120   -16.551  -175.666  -315.292  -360.323  -353.398  -328.922
  -354.111  -378.025  -383.898  -390.583  -352.382  -277.642  -146.986   60.288
  134.159   87.380   14.480   -15.360   -21.742   -28.323   -42.320   -59.147
CT1860:025          102.357   73.814   41.473   23.270   33.408   38.318
   23.130    5.272   -31.851  -183.134  -352.278  -379.424  -289.651  -209.964
  -225.672  -257.703  -286.037  -312.319  -338.334  -293.381  -128.507   82.508
  147.360   89.507    5.230   -19.768   -35.037   -39.341   -42.425   -67.892
CT1860:020          139.433  108.063   71.560   47.267   40.879   28.963
    3.995   -43.201   -84.926  -171.218  -259.470  -185.052   40.908  190.770
  142.816   -82.893  -243.109  -296.640  -340.824  -327.672  -179.503   36.693
  119.948   73.837    0.766   -13.880   -22.172   -53.459   -89.021  -104.082
CT1860:015          132.462   99.741   67.669   41.445   23.638    4.053
   -24.792   -66.863   -39.386  234.907  591.161  668.194  597.133  485.972
  347.725   27.057  -186.808  -263.473  -327.715  -332.294  -224.856   -14.286
   80.626   65.434   15.487    -1.290   -36.948   -60.069   -84.061  -107.734
CT1860:010          132.199  101.000   60.742   26.629    9.208    -4.952
   -23.071   -85.886   -93.000   49.002  323.775  407.658  330.950  165.033
   74.016    -4.796   -92.671  -169.531  -273.858  -311.780  -214.622   -38.375
   33.246   26.788    5.348    0.631   -41.116   -65.821   -92.580  -120.180
CT1860:005          114.732   90.193   63.274   31.550    4.173   -19.763
   -36.026   -30.151   -24.101   -38.646   -25.533   30.248   94.708   80.370
   17.424   -82.855  -186.888  -373.238  -651.644  -786.458  -551.623   -83.438
  128.526   89.792   12.860   -15.476   -41.738   -64.910   -87.120  -112.205
CT1861:360           82.617   64.884   52.106   35.623    -4.358   -58.059
   -67.070   -68.188   -50.357   26.121  170.508  221.019  186.582  120.252
  100.232   90.521   63.216   28.407   -72.896  -139.807  -100.516   18.088
   50.366   25.556    -6.912   -37.518   -70.046  -100.907  -133.037  -163.465
