
filled_synop: 30 data points in equal steps of sine latitude from +14.5/15 to  -14.5/15

CT1780:360          -140.990   -97.319   -58.595   -32.721   -10.926    1.662
    4.734    4.337    4.121    1.654    3.942    1.063    -5.890    -5.433
    -1.418    0.354    -3.090   -11.224   -16.834   -16.358    -7.484    1.108
    5.053    5.682   11.298   31.434   65.228   98.711  128.665  156.584
CT1780:355          -139.043   -94.536   -49.018   -28.653   -18.584   -10.579
    -6.431    -1.941    -4.655   -15.595   -16.821   -12.578   -14.012   -11.135
    -0.504    6.299    5.308    2.016    0.247    -5.559   -21.222   -30.523
   -25.350   -15.061    -4.095   16.806   49.198   81.721  110.396  141.180
CT1780:350          -135.732   -87.805   -48.895   -32.975   -26.016   -22.571
   -40.133   -58.219   -55.204   -39.402   -28.370   -13.151   14.609   25.616
   20.596   18.366   17.360   12.231    5.571    -1.538   -18.085   -29.067
   -26.334   -12.784    3.540   21.989   45.569   71.283   99.647  130.728
CT1780:345          -149.575   -98.555   -54.208   -34.596   -26.778   -25.151
   -47.641   -69.089   -68.137   -50.531   -34.813   -20.008    -2.713    6.355
   15.368   23.364   25.281   20.695   14.803    7.236    -7.605   -20.117
   -20.325   -10.419    2.387   20.874   46.785   73.350  101.088  132.279
CT1780:340          -151.666  -103.735   -56.609   -35.899   -28.820   -24.432
   -36.173   -51.342   -49.897   -37.059   -24.638   -12.951    -3.402    0.329
    3.276    4.109    7.901   18.037   24.782   21.265    5.314   -13.458
   -17.155   -11.295    -3.175   16.244   46.417   76.717  107.385  138.895
CT1780:335          -142.081   -98.699   -59.655   -41.466   -33.733   -25.528
   -21.227   -20.079   -18.208   -13.894    -5.222    4.284   19.942   23.447
    4.749   -14.494   -10.580   19.275   43.770   40.861   13.575   -11.759
   -16.383   -14.206    -9.495   10.641   45.225   80.198  114.632  149.572
CT1780:330          -140.416  -101.103   -62.508   -43.447   -34.296   -22.587
   -13.963    -8.620    -4.647   -10.641   -12.240    -1.183   14.661   15.105
    -4.774   -24.051   -21.930    8.141   37.350   32.682    3.435   -15.541
   -20.135   -22.881   -19.764    2.504   46.695   87.241  121.540  154.378
CT1780:325          -136.530  -107.606   -80.878   -63.141   -51.831   -38.963
   -20.568    -3.578    -0.148    -9.170   -11.248   -10.391   -10.648   -12.400
   -15.827   -23.162   -26.082   -29.726   -34.304   -28.945   -18.611   -16.630
   -21.849   -38.920   -50.363   -29.578   17.191   67.047  112.333  155.836
CT1780:320          -139.882  -115.815   -91.265   -77.190   -71.256   -58.195
   -36.911   -15.766    -5.987    -2.355    -1.816    -0.283    3.669    1.832
   -13.363   -31.077   -36.487   -33.672   -25.443   -21.011    -9.697    0.828
    -5.804   -35.036   -55.476   -36.188   12.550   63.863  114.574  168.557
CT1780:315          -146.338  -125.622  -104.625   -86.222   -71.532   -53.978
   -29.015    -5.883    7.707   25.040   33.463   23.983    5.529    -2.130
   -14.869   -34.092   -37.245   -23.127    -8.366    -6.146    -9.554   -12.213
   -18.281   -40.320   -55.147   -31.240   27.106   84.145  134.476  184.057
CT1780:310          -152.248  -142.441  -130.304  -102.328   -64.762   -37.166
   -12.134   10.438   17.874   25.955   31.326   14.449   -14.207   -21.370
   -11.019    5.711    4.256   -10.179   -16.872   -17.088   -17.978   -20.958
   -23.737   -40.187   -49.511   -23.888   36.492   98.941  149.873  196.410
CT1780:305          -153.407  -150.672  -148.379  -109.280   -47.444   -17.303
    -9.975    -9.376    -8.754   -21.067   -29.195   -29.863   -34.162   -32.793
   -11.382    7.905    6.948   -16.207   -38.194   -34.575    -5.477   13.593
    9.764   -19.582   -35.955   -11.476   44.970   99.397  147.446  194.415
CT1780:300          -186.951  -168.221  -140.090   -84.681    -5.896   29.549
   20.450   10.800    2.098   -23.404   -34.641   -34.923   -31.892   -27.673
    -7.867   14.974   14.901    -8.995   -29.274   -25.440    8.436   35.393
   33.022    4.129   -16.839    0.663   44.771   88.233  125.719  161.624
CT1780:295          -198.113  -168.879  -131.841   -72.058    0.949   33.609
   22.958   10.562    1.271   -25.176   -38.527   -31.160   -14.057    -5.811
    2.004   16.230   17.020    0.849   -16.016   -15.742    -2.304    5.325
    7.301    1.048    -3.011   15.307   51.714   86.910  116.273  143.655
CT1780:290          -196.340  -162.349  -128.752   -78.957    -8.373   21.848
    8.194   -10.661    -9.418    2.817   10.452    2.992    -8.787    -7.077
    7.632   15.757   16.115   18.930   23.577   14.119   -11.991   -28.079
   -22.238    -3.333   12.115   29.980   55.895   80.967  105.975  131.070
CT1780:285          -182.097  -141.682  -101.855   -63.511   -25.630    -3.805
    -2.926    -2.867    -3.078    -6.139    -2.627   10.229   29.877   37.030
   31.730   25.216   20.483   12.147    2.845    -4.372   -14.656   -20.463
   -17.925    -8.026    4.219   23.507   49.822   75.357  101.139  128.063
CT1780:280          -169.237  -135.135  -102.159   -69.639   -35.127   -16.860
   -20.412   -23.150   -20.177   -21.292   -17.818    6.043   39.119   47.147
   35.863   18.085    8.953    -5.213   -22.525   -28.448   -30.750   -34.626
   -30.603   -19.536    -7.224   14.104   44.255   74.608  105.005  136.118
CT1780:275          -160.183  -133.885  -108.691   -75.947   -34.094   -14.517
   -25.744   -37.859   -29.488   -10.854    0.942   18.271   42.165   46.301
   31.009   14.770    4.775    -7.644   -14.178   -22.494   -35.420   -42.733
   -38.237   -24.492    -8.632   14.577   50.667   85.234  115.299  143.630
CT1780:270          -158.754  -122.064   -88.044   -55.964   -25.666   -10.483
   -22.107   -31.217   -20.269    9.145   26.799   30.209   26.964   24.396
   16.962    5.525    -1.757    -7.449   -13.674   -21.393   -32.272   -39.866
   -39.581   -38.479   -31.798    -6.777   33.384   74.601  112.434  149.159
CT1780:265          -161.419  -116.658   -75.724   -50.919   -33.577   -22.964
   -24.309   -24.732   -14.608    7.575   18.572   14.966    3.724    -0.550
    -2.124    -6.550   -10.676   -14.643   -19.204   -27.214   -42.547   -54.276
   -52.779   -45.188   -33.227    -6.693   33.690   73.771  112.465  152.910
CT1780:260          -164.890  -119.757   -70.458   -48.352   -43.751   -32.384
   -14.416    8.303   13.171    -0.328   -13.215   -19.364   -26.654   -29.000
   -22.050   -12.931   -10.532   -17.978   -26.080   -33.219   -48.303   -59.196
   -56.419   -40.135   -20.136    5.056   41.982   80.771  118.104  155.246
CT1780:255          -154.957  -113.386   -73.185   -55.876   -56.377   -45.883
   -14.890   18.987   18.660    -8.190   -35.201   -53.094   -74.227   -77.523
   -52.089   -20.265    -5.048    -8.233   -16.452   -21.247   -32.553   -43.188
   -42.812   -36.290   -26.476    -0.086   42.314   84.374  123.814  163.533
CT1780:250          -138.681  -104.901   -76.495   -58.644   -43.332   -25.767
    -3.648   16.872    6.602   -30.789   -66.364  -104.258  -131.145  -120.681
   -89.318   -26.613    6.153   15.679   11.968    9.326    3.846    -1.846
    -4.045    -9.051   -10.859   10.173   49.254   91.765  133.956  171.723
CT1780:245          -140.498  -103.868   -69.531   -49.598   -36.208   -23.261
    -8.239    4.158   -16.486   -85.109  -132.636  -189.560  -294.453  -307.382
  -174.188    7.705   58.778   46.010   37.251   34.383   25.054   18.043
   14.848    8.240    6.275   25.697   62.835  100.609  137.314  174.937
CT1780:240          -141.591  -102.605   -62.400   -49.175   -54.321   -47.948
   -28.139    -9.325   -26.390   -83.573  -110.150  -144.239  -216.892  -219.238
  -107.500    1.741   32.551   29.404   12.722   12.183   17.925   14.621
   14.707   10.822    7.160   28.733   74.894  115.821  149.708  182.837
CT1780:235          -134.233   -98.231   -68.482   -57.903   -59.880   -56.005
   -52.013   -52.714   -52.133   -53.116   -47.945    -2.727   91.896  119.709
   80.834   64.186   65.653   43.115   19.455   13.882   27.239   39.045
   33.487   11.974    -1.663   16.954   57.795  100.782  138.828  173.168
CT1780:230          -148.953  -110.384   -74.371   -54.819   -48.152   -40.778
   -43.061   -50.449   -40.451    -9.484   22.094   78.088  178.593  213.991
  169.086   93.852   70.534   49.180   25.502   13.221    6.961    0.504
    -1.993    -7.252   -10.761    9.860   51.743   90.889  126.922  163.343
CT1780:225          -160.790  -123.434   -81.475   -55.424   -38.844   -26.746
   -31.177   -40.790   -25.290   16.622   54.958   90.692  130.845  143.953
  124.886   71.401   45.884   35.096   23.798   12.340    -1.080   -11.081
   -14.880   -14.337   -10.796    7.823   45.058   84.554  120.757  154.551
CT1780:220          -164.383  -127.685   -91.996   -63.880   -35.103   -18.231
   -23.264   -31.164   -16.734   22.224   55.696   76.837   95.084  102.118
   85.051   53.952   38.025   30.935   25.879   17.976    6.580    -7.389
   -14.059   -19.093   -21.857    -0.785   45.572   88.582  125.563  161.159
CT1780:215          -162.107  -128.924   -94.607   -60.979   -25.984    -5.679
    -6.536   -12.846    -4.143   12.865   30.229   52.713   80.634   90.731
   75.532   54.383   46.273   51.132   57.995   50.836   37.412   26.344
   13.809   -10.834   -26.454    -9.143   37.296   87.443  131.084  170.068
CT1780:210          -156.685  -118.427   -81.729   -41.430    9.258   33.794
   22.119    9.018   11.567   13.620   25.069   40.378   62.282   72.499
   71.157   70.360   67.299   63.208   60.503   55.994   48.183   35.779
   21.925   -10.309   -34.043   -17.496   33.504   84.109  123.127  163.419
CT1780:205          -163.906  -125.344   -87.244   -45.968    0.643   25.061
   15.967    1.253    3.331    3.574   10.444   33.392   62.121   73.577
   76.526   76.576   71.290   58.088   45.540   42.481   47.857   46.602
   33.799    2.909   -21.025    -8.075   35.084   79.135  118.274  157.405
CT1780:200          -167.541  -134.100  -100.426   -59.813   -13.688   12.401
    6.079    -6.114    0.730   13.295   27.559   56.748   93.058  104.056
   95.357   64.301   53.252   53.890   52.937   52.182   60.731   62.777
   52.684   23.343    -1.187    8.557   44.441   82.506  115.873  148.051
CT1780:195          -172.385  -146.932  -122.041   -85.767   -36.679    -8.554
    0.928    6.795   13.558   22.342   36.815   78.386  152.020  173.677
  132.549   68.476   55.909   65.427   73.515   71.772   72.428   72.333
   65.366   43.261   27.235   34.998   60.595   86.331  109.599  136.017
CT1780:190          -168.427  -150.893  -126.029   -80.702   -21.278    9.298
    8.860    5.184    3.594    -5.482    -4.098   25.026   94.711  124.043
   99.324   80.095   77.695   68.052   59.649   57.137   53.765   49.020
   45.635   34.923   24.515   33.728   59.839   85.719  107.447  128.594
CT1780:185          -137.607  -129.568  -122.752   -87.333   -23.340    5.021
    0.286   -10.638   -25.096   -64.561   -85.346   -95.036  -134.028  -137.366
   -49.001   45.448   63.385   42.317   22.229   23.106   27.390   27.196
   29.527   40.196   49.226   58.223   70.995   84.716  102.453  122.282
CT1780:180          -153.820  -126.690   -95.775   -53.767    -1.793   23.148
    7.660   -16.026   -33.005   -63.890   -82.382   -98.729  -113.636  -105.470
   -73.495   -27.636    -8.793    4.530   15.255   21.400   29.508   39.425
   42.812   40.459   39.026   48.709   65.991   83.513  101.598  120.642
CT1780:175          -159.669  -127.855   -94.729   -50.793    1.838   27.245
   19.185    5.315    -9.738   -44.534   -63.948   -64.701   -50.777   -40.900
   -44.085   -38.145   -28.743   -18.971    -3.933    6.182   19.877   34.824
   39.304   36.876   38.287   48.846   66.170   83.662  101.638  120.859
CT1780:170          -164.572  -135.310  -107.617   -69.510   -12.552   14.544
    0.411   -20.145   -24.500   -28.193   -30.260   -25.794   -14.692   -11.830
   -24.994   -46.921   -46.027   -30.434   -18.050   -10.817    -7.347    -8.073
    0.375   11.722   18.954   34.764   60.003   85.064  105.726  128.134
CT1780:165          -151.749  -132.535  -110.548   -80.926   -47.940   -29.078
   -29.348   -35.845   -31.074   -14.182    -3.614    6.547   20.986   23.716
   14.666    -1.141    -4.950    -3.807    1.599    4.835    9.560   18.406
   23.143   24.351   29.376   43.794   66.339   88.921  108.166  125.541
CT1780:160          -132.853  -122.061  -113.696   -89.966   -52.666   -32.373
   -28.235   -22.464   -16.725    -9.840    -1.937   13.952   37.645   42.732
   27.288    8.374    3.272    -2.775    -8.251    -8.027    -9.287   -10.791
    -4.819    5.949   17.168   35.076   60.495   85.479  110.422  136.533
CT1780:155          -154.123  -132.916  -109.720   -81.907   -50.539   -32.880
   -36.907   -44.707   -38.147   -15.812    2.063    4.260    3.721    3.577
    -6.463   -22.457   -23.992   -12.429    -3.586    -5.535   -19.968   -30.900
   -27.162   -11.704    5.753   24.952   50.990   78.088  104.056  129.089
CT1780:150          -159.724  -137.351  -113.646   -84.839   -52.560   -34.687
   -42.130   -54.624   -50.962   -38.885   -30.416   -26.258   -31.455   -34.473
   -31.178   -29.995   -25.806   -10.234    3.268    1.629   -20.130   -41.262
   -39.693   -19.212    3.324   22.252   46.772   72.007   95.825  120.239
CT1780:145          -162.119  -145.125  -132.972   -98.987   -39.318   -11.289
   -28.299   -52.386   -49.080   -33.267   -21.421   -18.277   -17.221   -16.519
   -18.174   -20.502   -15.078   10.902   37.177   33.170    -1.254   -28.813
   -30.736   -26.351   -20.340    -1.067   30.970   62.046   85.295  109.439
CT1780:140          -182.490  -165.000  -140.746   -95.684   -29.356    1.801
   -14.778   -40.814   -39.093   -20.646    -8.260    -5.617    -2.756    -0.855
    -7.207    -8.660    -4.109   10.723   27.460   25.169    4.669   -14.573
   -18.365   -14.833    -6.459    9.897   34.300   60.430   86.440  113.292
CT1780:135          -189.149  -163.031  -133.261   -87.656   -23.418    8.684
    -8.108   -33.980   -30.675    -5.176   12.095    6.482   -13.677   -20.727
   -22.801   -23.326   -21.030    -8.464    3.263    0.515   -16.830   -34.189
   -36.173   -29.742   -20.522    -1.166   30.100   63.256   94.493  124.448
CT1780:130          -192.523  -162.300  -133.195   -92.480   -31.802    -1.985
   -10.707   -27.624   -22.837    -1.409   13.325    3.384   -25.786   -34.565
   -33.179   -23.775   -22.180   -17.239    -9.526   -15.619   -38.999   -58.305
   -59.688   -48.605   -34.955   -13.293   20.517   54.987   90.578  129.207
CT1780:125          -180.680  -147.238  -112.899   -76.768   -36.923   -13.392
   -17.053   -23.748   -15.527    -6.630   11.005   17.433   14.013   14.424
    1.059   -10.392   -23.194   -23.591   -21.057   -28.743   -44.932   -60.973
   -60.056   -44.159   -26.391    -3.003   31.746   67.707  101.673  135.683
CT1780:120          -164.203  -135.046  -106.602   -80.768   -57.216   -40.298
   -38.175   -44.749   -24.516    1.544   40.692  111.718  183.886  175.387
  168.812   72.300   21.055   16.390   19.866    5.071   -18.784   -34.757
   -34.961   -22.725    -7.064   14.418   43.937   72.365  100.779  129.980
CT1780:115          -168.935  -133.848  -100.305   -70.483   -41.899   -22.675
   -20.567   -23.365    4.896   45.944   88.629  232.353  539.605  623.024
  432.270  156.256   68.985   35.815    9.177    -7.213   -18.283   -30.549
   -30.124   -18.291    -5.555   13.498   40.427   67.254   93.764  121.360
CT1780:110          -170.812  -132.868   -99.106   -80.226   -68.887   -53.391
   -36.176   -17.789   27.515  110.218  174.573  267.678  503.845  585.984
  381.774  125.931   59.315   29.220    6.786    -4.470   -11.649   -19.655
   -20.301   -11.658    -0.612   16.603   41.887   68.983   96.889  125.742
CT1780:105          -175.369  -138.921   -97.442   -98.712  -133.297  -127.203
   -88.960   -10.117   39.735  103.268  144.925  104.602   -16.597   -70.691
   -66.268   -68.521   -64.737   -18.544    4.714    5.526    -1.090   -12.385
   -15.317   -14.713   -10.260    8.235   40.409   71.978  101.028  130.860
CT1780:100          -154.407  -122.890  -102.144  -151.383  -285.312  -318.778
  -210.350  -111.091   -57.106   61.307   98.427   -49.689  -426.811  -563.933
  -381.276   -99.539   -18.807   21.226   71.236   75.520   30.640    -8.278
   -14.364    -9.837    -1.166   19.399   54.684   92.036  125.718  157.990
CT1780:095          -166.293  -140.221  -118.350   -65.295   52.309  123.469
  183.030  289.274  285.292  143.145   55.147   -18.109  -135.544  -167.253
  -150.271   -61.850   -17.749   11.660   29.279   32.089    7.025   -19.807
   -21.662   -15.535    -7.028   20.075   65.958  110.955  154.055  199.077
CT1780:090          -188.443  -154.801  -117.355   -46.182   63.137  129.086
  172.093  179.032  168.842  109.390   45.201    0.458   -50.244   -74.020
   -64.534   -38.528   -19.169   -11.756   -13.863   -10.858   -13.161   -18.010
   -17.162   -13.183    -5.028   19.612   61.611  105.034  145.382  185.221
CT1780:085          -172.799  -147.403  -121.131   -55.264   47.046  108.202
  112.053   88.942   71.657   40.852    6.953   -17.095   -34.655   -48.671
   -45.045   -46.295   -42.747   -33.064   -25.584   -21.835   -24.708   -23.804
   -18.284   -10.475    -0.930   23.997   65.662  105.145  139.615  173.790
CT1780:080          -162.418  -143.003  -130.202   -87.413   -20.692   24.277
   25.422    7.439    -4.775   -16.716   -33.785   -45.996   -40.513   -43.728
   -43.818   -35.191   -30.816   -41.291   -43.774   -39.590   -39.395   -40.343
   -30.130    -1.414   26.338   47.971   71.986   97.944  128.499  161.435
CT1780:075          -193.813  -168.148  -133.739   -84.808   -18.242   25.817
   40.344   55.029   40.444   -15.547   -52.879   -58.399   -40.564   -37.441
   -50.816   -70.753   -70.103   -50.862   -31.342   -24.135   -21.951   -20.608
   -15.068    -6.786    3.234   25.997   60.206   93.131  124.519  157.043
CT1780:070          -205.726  -162.840  -116.860   -67.144    -3.344   40.807
   61.548   78.832   64.264    2.796   -36.330   -49.179   -48.388   -47.777
   -52.229   -62.762   -57.812   -27.893    7.135   12.927    0.579   -10.825
    -9.693    -4.419    3.780   25.376   59.045   93.273  125.759  157.735
CT1780:065          -214.489  -159.637   -99.073   -49.557    0.601   35.493
   52.854   59.211   44.459   -12.950   -58.642   -62.607   -52.630   -48.555
   -32.473   -11.307    -0.488   10.417   20.144   19.420    3.186   -14.196
   -14.758    -5.693    6.092   29.040   66.812  104.911  132.714  161.621
CT1780:060          -192.305  -148.198  -101.447   -55.669    -0.878   36.485
   47.289   48.631   36.993    -3.087   -34.657   -37.800   -25.207   -17.665
    1.296   28.906   40.076   36.207   27.535   21.024    -0.233   -24.136
   -26.967   -13.501    4.230   28.514   66.081  102.607  133.907  162.949
CT1780:055          -171.152  -137.833  -100.243   -56.771    -5.424   25.243
   31.800   29.032   20.979    -0.048   -17.329   -16.641    -1.745    7.187
   17.582   32.135   41.602   44.870   47.150   41.536   10.900   -23.405
   -29.520   -18.247    -2.157   22.203   61.071  100.628  136.246  170.480
CT1780:050          -145.084  -114.463   -87.349   -50.484    9.246   39.771
   30.356    8.077    -1.455    -9.045   -12.578   -14.027    -5.458    2.476
    -1.234   -18.390   -12.034   31.182   74.422   72.756   23.517   -24.770
   -30.801   -17.447    -2.260   22.402   66.344  109.135  147.390  185.678
CT1780:045          -139.468  -104.068   -72.142   -41.922   -12.624    3.382
    -9.879   -33.095   -45.558   -61.742   -73.851   -73.882   -65.271   -57.451
   -46.946   -35.207   -20.772    7.911   41.579   46.206   27.010    5.669
    -0.040    -4.835    -6.982   13.270   53.495   96.838  136.133  173.045
CT1780:040          -127.462   -98.732   -73.345   -52.470   -43.654   -37.110
   -40.166   -51.476   -65.976   -98.529  -121.376  -121.986  -111.432  -100.430
   -77.730   -46.305   -29.183   -13.125    -1.484    2.470    3.136    2.198
    1.282    -2.512    -2.033   18.618   60.079   99.697  132.190  162.913
CT1780:035          -139.295  -121.383   -98.650   -68.533   -25.564    -3.390
   -13.326   -29.752   -45.116   -81.584  -105.835  -107.549   -97.678   -86.384
   -66.655   -36.467   -21.816   -17.696   -13.232   -11.289   -17.305   -23.340
   -23.429   -22.088   -18.554    2.058   40.472   81.455  117.974  152.069
CT1780:030          -136.606  -118.632   -99.069   -70.201   -24.270    0.751
    -7.433   -26.674   -37.985   -56.091   -66.537   -66.120   -57.309   -47.637
   -37.864   -20.642   -11.338   -15.562   -18.640   -20.047   -30.339   -39.284
   -38.852   -31.825   -20.616    -1.527   28.578   61.107   94.560  131.044
CT1780:025          -121.552  -105.304   -91.991   -67.501   -20.468    2.919
   -12.083   -43.616   -48.518   -35.721   -26.058   -21.575   -16.103   -12.166
    -9.524   -13.657   -14.116   -13.539   -21.469   -24.879   -30.496   -39.746
   -39.328   -30.044   -17.307    -1.237   20.207   44.724   74.186  108.384
CT1780:020          -130.685  -111.541   -89.469   -63.214   -30.136   -11.005
   -18.081   -36.865   -37.396   -18.351    -1.228    7.840   19.672   24.863
   19.844    7.691    4.745    9.394   21.370   20.436    2.272   -17.289
   -17.778    -7.502    4.112   20.403   44.540   69.167   93.372  118.658
CT1780:015          -127.411  -108.974   -90.006   -65.362   -33.034   -13.159
   -16.770   -28.535   -26.642   -14.031    0.235   11.725   30.396   38.931
   30.225   12.089    6.803   12.157   24.060   25.024   17.890    9.800
   10.679   15.973   22.736   38.617   64.465   89.877  111.996  131.862
CT1780:010          -121.952  -107.954   -98.958   -77.593   -36.888   -14.580
   -18.402   -32.502   -30.448   -20.649   -12.665    0.630   18.698   24.179
   19.456    -0.179    -7.836    -3.520    -4.263    -4.256    4.241    9.925
   13.492   17.960   22.774   40.004   73.714  103.358  124.770  143.008
CT1780:005          -127.057  -105.338   -82.818   -57.702   -27.508    -9.394
   -19.530   -42.484   -40.069   -15.556    4.500   12.403   17.733   21.376
   22.980   22.145   18.019    8.629    -4.469    -8.850    -8.110    -6.855
    -3.500    -1.042    -0.241   16.992   48.911   83.174  116.614  150.834
CT1781:360          -135.534  -104.336   -72.049   -50.475   -39.846   -29.734
   -27.327   -31.155   -26.211    -7.855    9.676   11.751    5.163    6.104
   18.152   46.818   52.464   21.771    -9.215   -16.150   -13.385    -5.713
    -3.638    -5.261    -1.803   17.630   52.033   89.212  128.678  173.150
