
filled_synop: 30 data points in equal steps of sine latitude from +14.5/15 to  -14.5/15

CT1841:360           29.984   47.652   64.886   80.732   94.515  104.845
   77.851   69.221  121.076  202.051  253.679  235.767  208.332  132.004
   -42.098  -480.744  -578.775  -110.300 1057.681 1633.311 1672.401 1648.291
 1386.419  472.871  -217.243  -310.899  -108.861   -51.238    -2.223   41.033
CT1841:355            -5.047   21.520   44.384   62.058   83.226  105.606
   86.296   56.842  118.336  314.445  459.120  418.858  260.625   76.701
   -86.736  -426.115  -519.810  -158.558  512.547  930.701 1598.467 2227.044
 2029.149  806.375  -164.686  -313.593  -109.607   -64.336    -8.017   33.342
CT1841:350            3.143   17.420   31.011   34.147   44.576  104.625
  255.714  404.483  497.747  662.213  816.450  720.751  350.848   52.402
   -98.060  -292.329  -330.007   -16.588  619.470 1098.114 1824.289 2669.456
 2491.418 1035.420  -135.941  -347.142  -184.689  -117.970   -44.180   26.199
CT1841:345           -11.537    8.532   32.249   40.922   53.943  147.904
  382.607  610.215  705.073  781.795  804.706  672.389  298.513    -4.760
  -135.210  -178.859  -132.851   -28.460  197.020  520.514 1354.270 2422.770
 2346.651  970.922   -71.039  -218.894   -91.570   -87.838   -29.799   19.047
CT1841:340            -4.316   10.985   24.078   21.817   38.547  161.607
  456.463  709.668  779.563  745.668  651.571  476.845   64.346  -317.676
  -381.978  -275.446  -287.243  -379.400  -719.132  -662.822  145.098 1068.852
 1172.037  716.013  282.441   75.088   -85.478  -141.362   -68.333    -1.588
CT1841:335           -11.526   11.048   36.915   47.207   63.529  197.072
  448.140  649.436  681.328  592.934  467.976  283.190   -23.266  -214.972
  -302.996  -204.676  -160.378  -418.338  -930.330 -1024.182  -735.977  -289.586
   -72.915  177.708  317.715  214.249   -84.409  -181.992  -127.546   -28.784
CT1841:330           -27.197    8.413   46.922   81.234  121.947  192.332
  395.674  561.668  560.181  426.589  289.669   80.906  -346.122  -589.807
  -636.985  -373.042  -214.810  -465.096  -944.317 -1130.070 -1281.859 -1382.232
-1169.310  -350.329  195.154  166.741  -130.740  -173.269   -48.737   33.714
CT1841:325           -42.509    6.671   57.823  114.139  173.101  242.043
  306.021  337.036  276.775   83.656   -87.921  -222.810  -536.460  -836.101
  -799.689  -540.853  -530.866  -607.361  -685.734  -903.483 -1504.776 -2099.323
-1971.821 -1086.829  -390.920  -225.259  -248.682  -184.465   -89.664   30.906
CT1841:320           -37.548   12.704   69.356  134.616  193.416  234.347
  298.777  351.324  290.007   14.780  -212.373  -169.239  279.800  623.127
  495.739   85.563  -137.592  -273.830  -343.828  -601.093 -1454.736 -2417.634
-2409.376 -1539.006  -831.079  -544.320  -316.523  -141.965   -49.103   60.070
CT1841:315           -21.825   29.351   79.676  141.272  196.419  206.653
  198.694  175.562  130.244   14.890   -60.149   40.508  533.661  938.860
  814.748  321.699   60.166  -109.006  -292.602  -606.152 -1389.367 -2376.874
-2398.940 -1543.589  -874.981  -602.844  -312.755  -114.966   -30.135   76.841
CT1841:310           19.371   53.691   88.743  127.418  156.535  144.154
   68.392    -6.881   -35.374   -25.981   17.058  104.546  202.687  166.256
  229.040  223.903   95.269   17.511    -0.948  -212.853  -748.875 -1257.343
-1344.697 -1124.904  -829.801  -557.464  -267.622   -71.180   31.152  108.871
CT1841:305           48.665   64.181   73.186   85.247   95.798   63.301
   -28.511  -104.585  -118.031   -70.357   -15.517   68.450  221.730  383.759
  466.237  553.587  566.363  397.691   73.347  -196.347  -407.581  -679.511
  -789.654  -708.386  -580.994  -404.566  -188.513   -61.096    6.455   70.534
CT1841:300           66.030   59.253   51.653   44.470   30.441    1.737
   -56.703  -108.394  -115.735   -95.074   -64.301   -29.777   -33.325   44.537
  251.180  650.346  845.490  723.716  442.350  228.788    -7.658  -209.864
  -287.701  -329.948  -328.871  -252.250  -141.553   -44.996   24.315   79.262
CT1841:295           65.236   36.064    6.049   -21.734   -47.376   -71.224
   -97.278  -114.432  -119.115  -116.676  -108.654  -170.538  -568.854  -865.347
  -560.308  320.142  694.261  657.152  513.520  371.792  138.319   -71.536
  -142.779  -194.593  -243.147  -175.616   -56.957   11.122   35.238   68.741
CT1841:290           76.528   27.782   -19.933   -70.241  -118.894  -147.996
  -156.112  -172.191  -168.028  -135.561  -129.462  -123.925  -359.424  -575.980
  -183.821  778.678 1196.923  921.738  252.265   -11.331   -68.433  -140.980
  -199.043  -229.129  -253.250  -174.402   -18.194   79.955  102.084  106.078
CT1841:285           74.240   49.839   25.777   10.467   -21.835   -99.986
  -217.273  -315.467  -342.916  -295.254  -201.822   -52.790  292.532  674.349
  779.619  913.124  970.891  573.920  -173.665  -410.514  -263.078  -104.420
  -112.261  -137.050  -150.011  -110.449   -37.779    2.228   34.528   58.633
CT1841:280           87.930   80.278   71.586   84.658   87.405    5.438
  -179.898  -334.671  -445.561  -726.491  -888.065  -762.549  -311.458    -6.504
  124.700  206.186  220.567  246.266  447.372  499.403  329.166  144.933
  117.772   47.831   -43.748   -69.318   -89.636   -80.683   -23.612   24.418
CT1841:275          109.627   81.493   53.944   36.102    3.721  -107.313
  -319.111  -469.683  -570.490  -842.006 -1067.268  -879.358  -296.827   20.523
   97.404  133.255  155.089  214.895  352.477  381.005  437.340  529.303
  450.234  156.221    -3.338   -27.193   -45.961   -46.885    -6.882   30.803
CT1841:270          141.998   92.246   40.171    -4.623   -59.083  -170.332
  -331.049  -451.162  -535.494  -447.601  -171.492   -12.741   17.292   37.161
   45.820    -9.114   -29.824   -38.204  -117.720  -146.394   -81.855  -105.395
   -91.617   -43.831   -11.979    -9.926   -34.128   -29.258   -10.772   16.692
CT1841:265          149.892  103.243   47.004   -21.546   -94.553  -162.575
  -234.700  -317.157  -343.951  -154.616    6.140  145.822  139.383   75.821
   40.869   -11.183   -21.493   -81.417  -198.436  -256.137  -381.573  -430.413
  -356.753  -103.305   34.077   32.418    3.268    -1.077   14.047   27.874
CT1841:260          155.979  114.429   52.072   -22.040   -80.270   -87.653
   -82.737  -128.615  -217.772  -186.054  -132.361  -118.753  -197.613  -210.111
  -141.926   -13.548   63.111  102.317   90.365   -21.076  -263.865  -396.857
  -296.443   -35.707   58.686   39.582    5.867    3.918   12.177   20.436
CT1841:255          130.851   81.735   34.361   -25.001   -64.027   -12.716
   89.776   60.104  -173.282  -404.645  -500.591  -755.927 -1271.701 -1415.013
  -942.872  -197.140   77.087   18.101   -60.653    1.735  183.092  348.114
  350.826  217.541  133.961   82.235   39.901   18.527   12.821   10.252
CT1841:250          102.204   61.880   27.017   -12.742   -31.604   29.304
  146.971  207.953  145.246   -27.678  -234.806  -862.713 -1727.617 -1889.352
-1143.530   -45.183  245.299  185.699  169.852  268.730  352.283  324.347
  327.806  240.520  135.954   71.707   45.269   25.270   14.617    -1.287
CT1841:245           80.394   55.405   33.081    0.395   -16.922   22.427
   79.308  161.954  311.957  336.040  233.204   -11.857  -391.732  -559.899
  -275.558  324.077  469.178  406.152  420.953  563.138  628.657  573.782
  429.642  236.824  123.011   59.508   20.513    -7.464   -14.663   -17.558
CT1841:240           56.768   38.095   21.775    -1.082   -13.338   -22.344
   -31.963  138.542  563.063  905.940  965.927 1031.483 1364.442 1394.783
  889.326  277.248  230.506  346.973  425.104  542.641  662.910  645.833
  515.648  288.861  132.630   57.529   11.251    -8.420    -3.782    -4.854
CT1841:235           45.638   21.543    3.442   -15.002   -25.941   -65.022
  -104.340   33.429  497.656 1018.782 1153.322 1125.262 1200.858 1113.062
  738.162  167.892   52.179  222.635  445.104  576.387  675.341  700.474
  551.971  307.028  143.643   55.242    2.936    -7.049    4.956    9.412
CT1841:230           64.604   55.555   47.692   42.433   31.211    6.351
   -51.739   -54.136   90.364  410.186  619.752  684.021  652.317  595.902
  382.252   57.197   36.583  307.790  570.092  597.293  512.287  431.217
  332.785  186.526   79.363   28.748   -16.253   -32.548   -12.232   16.235
CT1841:225           60.558   50.025   47.587   49.098   41.971   14.181
   -69.175  -107.565  -103.040  -133.859   -73.738   -80.665   -17.506   52.545
   89.055  180.840  296.467  519.097  683.716  618.623  355.610  153.426
   72.627   88.988   57.133   13.907   -17.947   -13.542   20.245   40.134
CT1841:220           62.675   47.058   34.580   34.878   30.185   -14.681
  -115.103  -153.070  -171.501  -355.271  -552.069  -438.337  -194.985   -76.856
   60.295  421.880  675.718  746.339  859.882  826.138  431.350   66.058
   -64.629    -2.630   32.455   15.839    5.224    -1.752   13.160   31.076
CT1841:215           74.802   61.012   46.298   32.937   12.175   -30.991
  -152.033  -203.458   -65.799  422.238  737.467  624.345   46.414  -195.882
   -26.094  299.724  513.961  838.722 1090.650 1066.023  715.863  249.774
   70.446   92.792   57.337    1.275    -9.796   -15.634    -0.053   18.654
CT1841:210           85.064   70.639   48.450   12.838   -23.310   -44.574
  -112.801  -150.059   12.678  662.564 1101.996  935.884  172.908  -112.000
   93.333  596.976  943.964 1337.088 1881.125 1933.323 1387.396  781.584
  526.057  265.924   62.000    -6.876    -6.693   -19.828    6.765   22.222
CT1841:205           88.242   52.859   16.381   -22.041   -54.316   -51.848
    3.791   70.697  116.280  111.286   17.142   23.727  -113.833  -160.290
  131.052  714.244 1063.914 1462.259 1914.552 1970.829 1758.941 1477.314
 1138.682  476.173   61.095   -33.723   -49.595   -61.606   -31.666    1.003
CT1841:200           89.067   38.739    -1.978   -39.566   -69.336   -61.229
    7.785   39.851   -20.804  -264.405  -420.585  -399.464  -297.663  -155.374
  171.779  747.475 1040.674 1189.105 1209.980 1203.750 1290.237 1225.952
  990.212  480.282  106.006   19.443   -25.817   -52.943   -29.957    1.621
CT1841:195           90.870   46.596    2.644   -42.755   -80.091   -98.684
   -61.795   -61.569  -167.516  -404.655  -524.805  -486.288  -315.036  -116.550
  210.564  774.363  982.045  655.729   76.555   -62.122  104.356  223.429
  236.048  135.778   89.921   85.146   13.361   -18.401    1.227   15.639
CT1841:190           93.208   58.450   19.554   -24.443   -63.078  -101.635
  -136.595  -190.871  -303.512  -512.123  -619.107  -534.399  -316.089  -123.674
  117.561  471.523  477.672  -190.424 -1103.766 -1378.911 -1282.027 -1039.480
  -764.881  -185.018  115.534   91.274   -20.373   -18.763    -7.353   11.437
CT1841:185           93.061   56.602   18.185   -20.311   -60.427  -126.104
  -215.036  -306.567  -431.513  -658.137  -737.769  -614.216  -293.958   -92.391
   -68.193   -75.594  -245.378  -968.574 -1799.649 -2138.846 -2251.658 -2168.784
-1765.821  -711.774   -70.174   33.306    -1.999   16.785   25.566   42.571
CT1841:180           89.102   52.020   13.670   -19.627   -52.712  -112.199
  -177.899  -254.377  -427.931  -764.149  -894.480  -718.658  -257.219   -56.941
  -154.776  -354.351  -575.050 -1086.214 -1653.609 -1961.355 -2304.501 -2408.711
-1959.376  -819.182  -204.516   -76.043   -64.930   -16.936    0.212   42.546
CT1841:175           79.471   48.961   17.021   -12.961   -43.807   -86.547
  -127.857  -187.285  -304.020  -498.467  -551.318  -437.695  -155.983   -43.405
   -86.721  -187.783  -303.372  -449.642  -579.680  -868.020 -1501.917 -1835.857
-1530.330  -798.348  -389.758  -233.570  -136.540   -41.901    6.628   63.868
CT1841:170           56.577   41.892   22.134    -3.214   -29.919   -56.378
   -69.416  -101.711  -135.771  -183.979  -206.793  -164.997   -99.901   -55.415
   17.552   98.364   55.712   41.119   -35.078  -294.685  -836.975 -1168.954
-1049.346  -649.527  -388.507  -245.387  -139.957   -68.051    -5.786   62.656
CT1841:165           16.914   18.028   22.372   34.131   35.340    1.724
   -79.930  -135.293  -108.316   -26.287    -2.494   -18.899   -62.014   -54.700
   -14.993   11.863   28.758  109.103  111.907    -7.764  -283.702  -455.792
  -458.723  -452.609  -382.875  -256.209  -133.851   -55.602    -3.007   45.874
CT1841:160           71.018   41.193   27.414   32.603   38.651   13.525
   -40.749   -73.024   -73.426   -71.556   -74.016   -68.568   -74.475   -60.316
    9.348   60.676   42.266   11.872   -83.944  -302.756  -638.227  -758.897
  -629.829  -418.352  -282.471  -173.407   -80.752   -35.767    -6.620   29.467
CT1841:155           63.603   36.192   30.328   32.680   28.712    0.535
   -60.629   -96.235   -78.605   -18.709    -2.077   -17.762   -36.552   -34.452
   -17.226    -4.054   -19.375    -8.580   -51.379  -187.572  -472.211  -604.166
  -490.542  -336.095  -249.067  -160.287   -87.477   -47.138   -10.999   32.662
CT1841:150           69.852   62.029   45.511   22.635    2.367   -18.102
   -52.257   -58.920    -9.419   79.423   98.941   57.957   -24.005   -59.638
   -39.640   -21.803   -57.437  -131.191  -234.030  -315.153  -414.434  -462.952
  -399.792  -336.486  -270.816  -171.726   -86.134   -30.365   12.835   52.289
CT1841:145           -26.814    2.691   12.415    3.830    -5.755    -2.549
    -6.123    3.610   49.004  126.355  124.264   19.181   -91.724  -140.382
  -118.853   -97.823  -168.385  -313.654  -400.653  -322.832  -101.915    2.886
    -6.630  -101.947  -119.423  -139.322  -109.685   -50.796    3.646   50.956
CT1841:140            -6.724    9.909   21.487   26.251   24.582   36.546
   57.308   79.605  130.001  205.575  199.325   22.830  -217.960  -297.611
  -260.264  -214.350  -304.212  -538.561  -687.088  -590.848  -227.800   -29.719
   -34.896  -137.254  -149.435  -137.785  -103.656   -49.501    4.309   53.409
CT1841:135           20.075   18.105   20.306   26.857   34.677   51.519
   66.671   88.162  141.933  213.077  222.205  153.033   56.091    -9.969
  -100.748  -205.046  -329.950  -506.641  -616.563  -561.291  -366.583  -270.501
  -259.481  -266.890  -228.963  -176.691  -120.087   -67.410   -10.182   48.045
CT1841:130           18.281   17.796   18.228   16.415   18.015   39.693
   77.485  104.773  144.595  194.331  224.194  303.755  406.451  375.204
  171.717   -77.431  -230.147  -422.155  -576.279  -639.675  -692.586  -683.659
  -557.850  -325.387  -204.338  -158.712  -117.791   -67.294   -11.887   42.423
CT1841:125            2.692    0.921    3.547    5.485   13.148   40.243
   79.383  102.871  112.275  106.451  122.911  229.022  391.956  400.820
  247.122   43.140   -89.821  -261.353  -410.533  -494.295  -594.388  -604.757
  -465.935  -217.348  -118.981  -105.621   -97.569   -61.145   -16.381   32.848
CT1841:120            7.885    3.570    3.236    3.600   10.726   37.058
   89.828  113.023   91.276   34.933   25.986   81.387  172.588  183.141
  119.169   22.772   -53.952  -145.027  -227.564  -269.599  -304.287  -311.312
  -254.484  -159.229  -102.733   -88.233   -91.819   -59.633    -7.779   39.571
CT1841:115           20.850   13.520    4.849   -10.592   -12.181   21.509
   92.181  114.404   54.604   -71.539  -115.636   -80.496    6.424   29.994
    3.172   -56.976   -95.125   -88.880   -89.784   -96.171   -82.533   -80.764
   -72.849   -80.118   -83.451   -92.857  -104.513   -74.201   -15.899   37.473
CT1841:110           25.433   15.665    4.039   -17.618   -22.470   14.610
   94.163  112.479   31.715  -150.985  -234.312  -195.337   -63.223    -8.527
   -18.453   -37.576   -46.589   -46.532   -40.246   -29.683   16.379   47.124
   26.646   -51.211   -84.024   -96.026  -109.921   -92.828   -43.427   17.622
CT1841:105           20.733    5.480    -6.080   -23.325   -23.845   17.204
  127.293  162.121   69.198  -153.104  -256.344  -234.663  -123.185   -77.669
   -56.267   -36.478   -33.232   -60.798   -85.977   -72.397   -20.724    9.506
    8.482   -19.467   -39.984   -67.411  -102.653   -83.667   -22.271   28.324
CT1841:100           19.485    4.450    -7.053   -23.699   -22.165   28.068
  140.518  174.036   75.763  -135.205  -235.571  -224.017  -139.673  -105.773
   -94.217   -93.608   -94.355  -116.056  -137.960  -111.626   -41.554    3.358
   17.556   18.061    2.793   -40.866   -91.673   -85.202   -34.897   17.908
CT1841:095           18.406    6.859    -5.368   -21.103   -13.384   38.054
  144.831  176.977   91.017   -99.941  -207.137  -200.807  -129.518  -102.222
  -102.694  -108.868  -107.102  -125.277  -129.802   -84.306   47.847  128.780
  130.184   71.460   31.544   -11.451   -67.272   -71.304   -31.385   16.837
CT1841:090           22.784   19.677   19.573    9.066   19.303   71.126
  184.896  219.829  145.215   -14.469  -111.339  -143.742  -142.376  -136.081
  -111.988   -96.877   -90.175  -112.737  -137.919  -100.598   79.305  215.748
  189.658   77.491   34.539    7.997   -31.808   -26.371   12.618   39.114
CT1841:085           22.814   18.879    5.766   -14.258    3.488   98.570
  287.035  342.135  231.060   -12.637  -154.654  -193.908  -177.416  -152.421
   -81.277    -3.949   22.183   -21.898   -91.452  -104.009   -93.778   -82.095
   -55.401   13.277   37.678   10.849   -35.104   -43.190   -18.977   16.302
CT1841:080           14.920   33.673   48.782   33.229   47.143  159.688
  425.574  508.444  326.358   -99.077  -324.756  -362.107  -294.681  -230.806
   -95.959  120.746  196.201  118.422   37.511   -40.663  -310.548  -478.370
  -375.094   -73.122   30.388    -3.889   -68.804   -61.779   -17.604   16.980
CT1841:075           -46.131    -4.005   38.429   84.858  142.990  241.945
  429.208  467.483  259.433  -173.254  -401.338  -496.094  -542.661  -505.222
  -267.159   57.875  177.816  176.952  103.687   38.325  -125.582  -236.747
  -181.418   53.019  142.448   79.597   -35.460   -59.454   -31.720    7.414
CT1841:070          -107.003   -24.963   56.807  150.203  223.001  247.276
  270.581  243.589  115.908  -148.266  -367.086  -455.916  -629.512  -642.766
  -340.549   84.272  247.928  388.203  485.867  426.146  227.946  124.109
   74.034   35.201   30.153    1.789   -62.364   -56.238   -11.197   24.691
CT1841:065          -129.392   -27.651   74.698  183.097  254.388  244.318
  174.095   97.424   79.468  180.640  154.928  -119.471  -521.819  -563.112
  -274.210  144.425  300.120  365.432  408.902  334.326   54.505  -142.279
  -141.158  -117.799  -112.828   -93.428   -75.370   -51.947   -14.865   21.808
CT1841:060          -163.067   -47.747   61.422  200.688  297.744  271.614
  189.916  104.625   44.390   29.544   -53.665  -241.697  -539.605  -557.673
  -283.768   78.258  178.949   64.061   -59.059  -110.144  -200.020  -244.338
  -227.934  -179.136  -146.405  -115.123   -74.717   -49.698   -21.099   15.630
CT1841:055          -194.605   -54.239   98.881  255.807  329.762  278.092
  174.286   39.078  -162.983  -423.491  -555.538  -600.209  -610.233  -541.857
  -341.325  -107.837   -69.011  -320.619  -590.684  -587.926  -393.678  -279.293
  -232.857  -195.355  -165.759  -132.070   -89.291   -53.012   -17.796   17.582
CT1841:050          -218.830   -68.829   76.694  287.337  402.401  302.124
   97.014   -91.210  -409.873  -993.100 -1239.705 -1068.645  -695.499  -517.665
  -365.390  -209.245  -181.021  -402.440  -609.945  -598.158  -329.524  -123.121
  -108.761  -103.194   -76.486   -69.723   -64.607   -39.158    -7.451   22.758
CT1841:045          -214.030   -46.821  137.776  332.874  405.935  220.805
  -167.971  -460.018  -740.099 -1104.919 -1232.837 -1100.975  -721.655  -484.214
  -311.907   -71.082   -15.752  -195.999  -348.065  -360.902  -272.621  -196.911
  -140.856   -68.810   -36.355   -37.977   -50.062   -35.922    -5.512   26.528
CT1841:040          -189.534   -57.898   63.006  253.032  346.312  149.346
  -208.312  -467.342  -718.578  -966.816  -997.032  -894.314  -772.091  -627.979
  -246.677  147.139  223.891  134.182   60.280    9.131   -92.476  -139.875
  -114.619   -56.137   -38.571   -43.391   -49.092   -30.349    4.852   36.489
CT1841:035          -131.052   -28.177  102.552  236.781  256.141   76.810
  -260.477  -486.983  -669.662  -866.946  -816.914  -367.497  192.045  398.646
  335.279  298.037  316.692  355.116  376.065  335.422  238.176  149.516
   74.337    -4.087   -42.288   -49.435   -50.663   -30.313    6.207   37.703
CT1841:030           -75.727    -1.613   53.687  144.661  171.230   -27.047
  -358.224  -527.957  -599.630  -666.681  -492.812  272.711 1223.004 1471.189
  969.736  425.815  360.142  468.087  515.848  494.717  466.575  385.473
  237.854   34.774   -44.420   -54.132   -59.315   -43.590    -5.304   37.083
CT1841:025           -49.807   10.133   74.551  144.205  132.457   -47.073
  -360.930  -500.467  -474.438  -392.951  -196.787  401.140 1130.804 1336.868
 1015.688  607.315  558.437  686.673  715.109  597.743  382.673  229.784
  128.700   28.557   -31.706   -54.058   -72.498   -44.753   12.792   56.822
CT1841:020           -12.627   21.290   46.510  103.671  100.777   -67.402
  -344.758  -443.035  -306.921   -70.859  102.997  302.893  465.513  541.651
  630.698  687.906  744.701  869.131  914.884  724.023  197.857   -99.585
  -134.038   -45.845   -44.314   -59.272   -73.760   -49.942    4.276   55.188
CT1841:015            6.093   29.062   62.158   99.896   74.306   -86.099
  -356.231  -417.853  -214.965  149.831  321.278  326.149  251.236  244.023
  255.782  337.133  428.815  653.008  835.341  673.583  133.649  -165.216
  -185.317   -59.120   -50.521   -64.834   -73.657   -53.686    -8.487   41.499
CT1841:010           36.802   36.241   32.108   51.316   29.850  -102.210
  -377.568  -439.514  -195.198  282.158  462.238  377.744  183.804  112.799
   -80.864  -295.774  -202.534  258.917  591.961  571.456  287.029   98.300
    0.695   -13.018   -56.385   -75.779   -79.033   -54.926    -3.983   36.791
CT1841:005           45.526   39.689   38.077   40.397   12.224   -86.584
  -243.442  -247.673   -44.286  304.735  420.685  327.523  123.215    9.982
  -209.033  -406.245  -264.829  288.294  744.161  817.863  676.867  534.543
  322.917   32.107  -119.208  -129.235   -92.676   -62.456   -10.105   39.273
CT1842:360           51.408   34.110   15.881    -0.023   -16.441   -37.698
   -74.773   -41.101   96.063  317.957  381.801  298.468  142.281   39.361
  -116.877  -274.779   -78.845  634.218 1181.524 1355.814 1332.801 1222.780
  845.111  176.640  -111.239  -103.726   -48.650   -33.170   17.110   54.106
