
filled_synop: 30 data points in equal steps of sine latitude from +14.5/15 to  -14.5/15

CT1904:360          156.706  126.813   94.390   52.292   10.145   -38.767
   -18.794    -5.443   26.494   53.829   85.053  148.084  176.999  148.716
   79.106   49.057   42.254   38.381   27.748   12.281    1.749    -5.235
    -9.534   -12.837    -6.638    0.516   -20.157   -51.747   -89.643  -128.748
CT1904:355          153.987  117.632   76.123   31.483    2.581   -58.669
   -26.894   -12.371    6.604   25.191   49.940   84.372   98.177   91.978
   68.101   55.374   38.745   21.946   11.276    6.185    -1.035   -17.757
   -37.819   -42.975   -36.387   -12.374   -31.874   -54.658   -88.733  -126.763
CT1904:350          138.700   97.547   61.781   31.338   11.092    6.435
   25.362   49.452   65.067   67.836   64.800   57.403   55.228   54.226
   40.641   17.883    3.320    3.254    9.181   11.793   14.017   18.127
   14.318    1.014   -11.384   -19.695   -37.283   -76.143  -118.136  -152.132
CT1904:345          124.871   91.038   63.130   38.014   20.065   16.233
   30.908   46.770   53.595   51.033   48.784   50.605   44.522   31.967
   25.044   12.471    -4.288   -11.256    -1.540   19.020   20.497    4.072
   -10.320   -10.879   -10.513   -15.689   -30.739   -65.023  -107.623  -150.150
CT1904:340          127.486   95.745   67.697   39.006   17.253   16.672
   28.682   41.217   51.149   53.925   48.818   45.235   35.782   22.493
   15.437   17.379    8.598    -6.004    -6.238    4.205    3.075    -2.781
    -8.489   -10.926   -11.249   -13.461   -27.320   -59.683  -100.099  -141.986
CT1904:335          124.368   99.647   73.594   44.856   20.749    9.230
   14.678   27.071   39.821   46.095   37.433   16.803    6.266   15.488
   22.469   13.431    -5.050    -9.192    -7.934    -5.121    -8.517   -12.689
   -15.237   -17.620   -20.338   -27.651   -45.182   -74.409  -105.797  -133.516
CT1904:330          117.308   99.915   80.918   58.891   31.600    3.439
    0.073    7.532   13.979   16.002   26.939   40.059   34.171   27.912
   33.153   42.168   34.897   21.564    -0.847   -14.220   -16.462   -18.017
   -20.395   -18.367   -12.943   -17.970   -36.874   -64.379   -92.133  -117.711
CT1904:325          121.585  103.340   79.525   48.227   16.617    -1.607
    -4.027    -0.555    2.000    3.511   14.756   24.636   30.962   41.770
   51.971   50.611   33.585   18.637   14.219    1.261    -6.413   -10.977
   -17.059   -26.303   -24.794   -21.253   -30.809   -53.506   -79.865  -108.570
CT1904:320          125.821  101.432   75.841   44.459   17.184    7.924
   10.630   13.663   14.047   15.191   17.369   18.387   18.846   19.361
   19.923   32.748   66.236   75.023   52.083   11.333    -6.078   -18.863
   -28.657   -31.015   -24.006   -23.738   -39.003   -64.182   -91.471  -121.897
CT1904:315          127.262   86.049   55.623   33.822   20.146   18.604
   22.774   18.596    8.508    3.879    1.706    3.855    4.876    -2.838
    -9.288   10.386   75.483  100.853   55.251    4.494    -4.526   -14.624
   -32.732   -40.610   -36.241   -38.839   -55.423   -90.297  -127.842  -158.436
CT1904:310          129.508   93.034   59.181   32.536   17.582   12.056
   12.035   16.122   17.924   11.160    -4.288   -16.752   -13.426    -2.295
    6.753    6.808    -5.749   -18.596   -16.730   -11.381   -11.051   -20.069
   -26.528   -24.826   -17.617   -15.800   -35.273   -82.157  -132.196  -170.184
CT1904:305          127.010  107.505   82.473   50.076   22.943   14.463
   15.815   15.723   14.826   12.614    6.096    2.272    7.787   22.800
   31.380   24.589    -8.751   -39.900   -50.620   -45.531   -38.765   -26.744
   -19.033   -14.697    -5.504    -2.986   -20.438   -63.206  -116.689  -168.944
CT1904:300          122.632  102.356   76.587   46.992   21.771    4.764
    -2.884    -5.139    -2.662    5.126   18.997   31.903   27.937   19.836
   21.557   24.913   10.249    -8.533   -34.063   -35.256   -26.655   -19.992
   -18.303   -12.033    3.785    8.190   -14.729   -61.357  -109.564  -157.687
CT1904:295          141.447  107.499   73.264   40.840   19.842   12.677
    5.805    -0.282    -1.885    8.588   29.776   40.049   33.316   19.018
    5.594    1.009    -7.100   -14.793   -13.332    4.135   18.335   18.063
    3.824    -9.304   -11.933   -11.681   -25.424   -62.634  -105.846  -146.846
CT1904:290          148.514  111.531   74.895   39.692   21.172   18.611
   18.051   21.153   33.625   40.589   31.885   23.619   16.144    5.725
    0.460    -4.215    -9.224    -9.288    -3.977   11.666   27.248   25.653
    5.182   -21.091   -32.225   -36.320   -48.866   -81.764  -123.988  -166.724
CT1904:285          127.376  102.268   72.762   41.173   23.775   28.069
   35.758   44.301   44.019   37.455   33.731   19.677    -5.066   -22.521
   -28.681   -19.057    -9.985    -0.756   21.353   36.179   33.291   24.080
   11.226    -7.176   -27.466   -45.249   -61.959   -93.544  -133.858  -169.815
CT1904:280          116.726   89.551   60.742   32.360   16.956   18.164
   19.996   18.947   26.835   33.326   20.903    -4.272   -39.786   -66.617
   -67.091   -38.979    -9.259   12.898   31.246   40.082   38.241   30.962
   24.869   12.754   -11.096   -33.105   -50.522   -78.569  -115.538  -154.787
CT1904:275          104.792   76.362   54.347   35.427   18.669    6.399
    6.165   13.050   15.857    4.773   -11.256   -32.009   -52.853   -63.382
   -65.866   -42.767    -8.266   16.359   25.127   32.967   41.597   43.156
   35.498   23.844    -0.112   -25.022   -42.924   -66.487  -103.238  -143.611
CT1904:270          108.482   81.807   56.205   31.307   11.625    -0.772
    -0.911    1.462    0.828   -13.794   -35.431   -46.096   -58.354   -63.601
   -44.819   -28.972   -39.234   -43.782   -26.267   13.592   42.068   50.386
   48.013   39.352   15.607   -13.033   -35.535   -59.325   -93.774  -131.181
CT1904:265          113.103   89.368   66.609   43.121   22.976    6.933
    -1.368    -3.020    -1.055   -21.811   -95.099  -198.490  -208.560  -126.520
   -65.642   -41.887   -40.083   -41.756   -36.322   -12.902   10.464   37.094
   56.982   56.004   27.196    -7.977   -34.485   -60.301   -89.655  -120.591
CT1904:260          126.372   98.866   76.683   52.883   31.421   17.371
   10.414    5.184   12.264    1.320   -63.643  -127.064  -137.350  -121.375
   -97.226   -90.465   -71.415   -57.380   -39.206   -12.118    9.319   27.878
   45.710   46.030   15.954   -18.030   -43.040   -76.137  -105.942  -126.480
CT1904:255          146.926  115.154   81.510   48.275   24.495   18.896
   11.366    2.390    -1.652    -4.201    -9.254   -20.736   -36.387   -77.380
  -118.763  -138.519  -106.930   -62.871   -33.154   -24.429   -17.892    3.583
   32.443   42.953   23.051   -12.441   -44.540   -72.757   -97.684  -119.471
CT1904:250          162.238  134.781   95.133   49.156   23.640   22.926
   18.224    3.237    -8.842    0.891   31.480   57.554   48.363    -3.762
   -57.444   -77.821   -65.053   -57.770   -51.748   -41.096   -24.763    -5.410
   20.030   36.772   23.433    -7.091   -38.190   -62.922   -86.962  -110.933
CT1904:245          155.235  127.429   92.683   51.303   22.670   18.970
   20.546   17.468    5.621    9.747   50.948  106.033  105.839   43.346
    -4.650   -22.037   -31.432   -36.254   -33.079   -25.906   -18.683    -8.286
    7.217   18.644   12.892    -0.570   -23.522   -52.867   -80.863  -107.915
CT1904:240           19.491   -39.638   -18.175   31.693   68.298   83.678
   85.868   81.000   67.678   39.465   29.156   35.375   34.475   26.396
    -7.402   -21.459   -17.875    -8.761    -4.251    7.970   20.899   29.005
   41.902   41.031   19.773    -6.291   -24.998   -42.031   -62.071   -88.467
CT1904:235            8.867   -21.982   -22.799   11.003   53.076   64.142
   56.850   49.836   44.178   33.735   27.324   27.400   23.006   18.847
   16.483   12.557    2.396   -14.865   -16.910    -3.950   12.437   17.205
   14.695   10.049    3.988    0.109   -12.477   -23.780   -40.153   -62.714
CT1904:230           13.539   11.119   10.500   23.813   39.345   38.859
   30.861   30.193   30.315   28.892   24.953   19.708   12.672   13.330
   26.194   29.935   15.822   -14.953   -27.347   -22.026   -12.548    -6.298
    8.198   18.813    0.109   -40.790   -57.179   -45.880   -42.676   -56.060
CT1904:225          107.003   87.085   63.687   16.072   -27.051   -22.412
   10.896   22.252   24.813   26.918   20.624   12.075    -4.650    -4.856
    7.181    6.757    -0.921   -25.654   -35.610   -33.575   -23.644   -13.030
    7.527   20.788    3.545   -42.905   -70.199   -82.919   -87.679   -93.898
CT1904:220          166.855  119.177   67.012    8.326   -33.517   -32.189
    0.792   17.345   26.806   37.067   24.249    1.415   -20.351   -20.447
    -0.560   18.048   10.585   -33.174   -49.565   -42.530   -27.322   -16.966
    5.518   21.228   11.679   -11.987   -34.575   -68.863  -103.538  -135.140
CT1904:215          194.095  143.238   94.785   31.937   -19.985   -25.700
    3.421   12.619    7.911    4.973   -23.234  -109.670  -204.300  -202.545
   -95.863    1.071   17.028   -19.424   -34.037   -30.943   -12.830    -3.771
    3.320   12.551    9.120    -0.062   -19.307   -61.561  -116.165  -169.915
CT1904:210          201.670  153.471  104.136   49.791    8.664    -0.560
    7.724    6.000    -5.458   -12.588   -62.957  -254.879  -429.929  -430.932
  -229.230   -15.447   20.565   -17.379   -32.993   -35.292   -34.257   -29.180
   -10.682    4.020    4.257   14.587    1.753   -69.258  -146.613  -195.518
CT1904:205          204.125  163.779  124.263   72.603   27.722   18.134
   26.574   26.163   17.226   10.302   -23.665  -208.762  -491.593  -505.139
  -201.637   13.665   31.968    -1.203   -16.585    -9.046    0.046    3.748
    6.426    9.672    3.792    -6.696   -26.419   -75.397  -130.509  -171.379
CT1904:200          203.101  161.825  117.562   66.803   28.504   23.323
   42.589   51.500   62.838   70.468   79.293  136.542  190.742  184.431
  107.422   21.589   16.660   47.198   58.103   49.280   27.942   18.778
   19.896   23.954   12.981   -15.753   -39.954   -61.885   -87.032  -124.759
CT1904:195          195.933  156.933  119.929   74.437   34.619   28.475
   40.239   50.593   75.991  117.198  150.078  287.744  519.635  531.003
  247.235   25.306    6.794   58.262   81.387   65.307   19.312    2.565
   11.999   19.829   14.618    9.192    -5.101   -36.639   -75.169  -119.177
CT1904:190          187.376  146.989  105.204   61.785   28.865   13.924
    3.975    -0.647   21.142   66.979   93.780  118.585  118.062   98.929
   53.197   -21.043   -29.254   21.042   49.556   45.357   26.864   19.796
   11.620    6.182    0.509    0.729    -6.780   -41.402   -90.245  -139.113
CT1904:185          176.358  137.989   99.176   49.401    8.059    -5.029
    1.299    3.000    -5.414   -29.362   -39.188   -45.393   -73.074   -88.310
   -84.049   -82.208   -77.368   -33.924    -7.000    0.139    2.938    2.728
    -6.237   -20.664   -23.657   -14.663   -20.000   -65.169  -116.926  -164.177
CT1904:180          159.201  122.419   86.656   51.799   24.639   10.655
    5.947    1.409    -7.614   -15.683   -20.946   -54.652   -84.010   -93.912
   -99.364   -94.752   -89.109   -68.602   -55.820   -40.557   -13.689    -4.079
    -7.962    -7.754    -9.157    -1.201    -3.281   -47.251  -116.236  -188.314
CT1904:175          145.039  110.705   80.773   49.896   22.781   12.378
   10.442    5.202    -0.393    -2.383    -8.386   -28.881   -47.790   -53.541
   -48.673   -34.260   -40.356   -61.854   -64.227   -61.391   -54.417   -47.060
   -31.933   -17.798   -11.682    3.302    -2.559   -75.901  -166.864  -231.832
CT1904:170          137.611  105.805   73.213   38.248   11.633    4.231
   13.033   11.670    0.233   -20.668   -31.670   -21.672    -1.250    1.878
    -7.139   -11.592   -19.893   -54.538   -73.755   -70.842   -57.524   -48.565
   -36.255   -21.057   -13.213    6.209    0.514   -69.812  -160.223  -227.337
CT1904:165          129.908  102.075   73.397   35.225    2.652    -2.283
   12.695   15.233    -0.481   -28.310   -36.832   -32.715   -31.734   -23.740
    9.944   33.519   27.668    -0.694   -16.129   -27.195   -34.578   -37.332
   -22.372    -2.442    0.088    8.076    4.147   -41.394  -108.498  -180.582
CT1904:160          122.162   85.490   52.506   21.661    -1.892    -8.764
    -3.521    -4.000    -9.518   -19.125   -19.507    -8.635    7.372   19.231
   35.394   50.654   70.854  111.339  116.411   77.825    5.298   -23.325
   -18.636   -12.566    -8.842    3.449    -4.810   -51.880  -105.712  -159.481
CT1904:155          124.852   80.234   46.640   23.519    4.521    -8.934
   -22.032   -27.705   -16.466    4.092   14.265   25.084   36.707   49.432
   66.739   77.690  109.388  184.413  195.014  141.720   30.056    -0.564
    1.567    4.045    4.953   10.179    0.256   -40.765   -96.210  -150.033
CT1904:150          139.109  105.637   71.499   29.628    -4.973   -13.978
   -10.651    -8.493    4.091   21.295   30.431   39.449   44.535   52.506
   78.944   81.708   68.526  105.497  123.327   57.110   -24.824   -36.309
    -6.628   18.829   18.801   11.288    -4.536   -56.576  -108.117  -145.711
CT1904:145          146.491  123.362   95.769   47.058    -1.351    -5.183
   17.715   24.462   24.077   20.860   26.129   41.636   54.835   55.474
   66.630   61.089   -58.754  -396.169  -513.258  -359.403  -115.339   -43.843
   -28.136   -17.470   -13.001   -11.500   -22.894   -55.094   -88.054  -114.889
CT1904:140          132.974  108.556   76.921   41.287   13.127    4.104
    5.646    5.927    8.589   10.307   12.267   18.686   26.695   22.319
    9.124   -21.068  -118.235  -278.513  -330.387  -234.950   -68.230   -20.451
   -21.023   -20.355   -18.452   -16.187   -18.694   -33.892   -51.330   -70.169
CT1904:135           71.940   48.474   26.307   12.012    4.043    9.577
   37.304   55.047   51.668   34.978   23.529   13.839    8.060    6.412
   13.475   11.630    -1.659   -20.280   -26.266   -23.317   -16.096    -6.999
    -5.440    -3.727    3.412   21.250    9.283   -28.910   -75.811  -125.840
CT1904:130           60.759   37.709   17.276    3.730    -1.546    6.359
   32.748   48.145   40.353   19.633   10.534    5.741    2.653    3.159
   12.339   17.372   15.666   10.573    6.839   10.237   12.327    8.253
    -4.343   -15.788   -14.789   10.168    0.710   -46.652   -93.916  -131.586
CT1904:125           40.435   35.469   24.825   14.283    7.773    7.196
   25.709   36.755   32.785   24.861   20.949   14.689    8.019   10.524
   19.141   25.215   30.945   33.502   33.033   41.903   58.001   54.475
   25.781    -7.718   -21.263   -31.363   -48.497   -84.197  -118.502  -147.856
CT1904:120           22.860   34.579   37.604   28.436   15.085   10.452
    5.394    2.475    3.035    6.490    8.677   13.002   15.284   20.621
   40.853   61.010   65.343   55.044   48.574   49.720   50.038   40.250
   20.787    -0.576   -15.131   -27.100   -40.364   -63.164   -92.950  -123.600
CT1904:115           51.517   50.126   44.826   34.244   22.375   14.751
    7.645    3.107    1.307    -1.014    -2.811    2.893   11.245   18.037
   30.522   40.463   50.060   67.141   75.209   65.710   42.204   28.450
   13.592    -5.615   -19.520   -24.981   -36.719   -71.396  -106.622  -135.404
CT1904:110           63.637   54.575   45.964   34.074   21.601   14.626
   10.886    7.838    6.095   10.377    9.821    -1.327   -16.695   -18.150
    -7.798    3.056   13.768   30.354   38.872   37.888   29.979   20.743
    3.973   -16.273   -26.579   -25.980   -26.848   -49.262   -84.854  -120.580
CT1904:105           76.091   59.234   43.477   27.340   12.907    4.310
    -3.321   -10.089   -11.305    -6.688   -10.553   -25.062   -46.619   -51.941
   -45.896   -35.134   -25.334   -10.757    1.924    7.014   16.294   16.097
    -2.716   -24.803   -30.102   -13.203   -10.373   -47.022   -93.775  -133.961
CT1904:100           84.140   62.018   41.548   23.038    7.355    -2.566
    -6.574    -9.459   -14.002   -16.734   -23.178   -41.200   -67.256   -73.897
   -63.432   -47.163   -38.989   -35.712   -32.283   -22.086    -3.144    2.664
    -9.131   -26.625   -32.770   -23.983   -19.436   -47.744   -93.912  -144.717
CT1904:095          103.319   80.966   53.551   21.762    -4.985   -15.950
   -11.811   -11.983   -17.422   -23.070   -31.058   -44.847   -65.734   -70.722
   -58.084   -41.457   -34.067   -27.937   -18.984   -16.113   -11.405    -8.003
   -13.332   -17.877   -22.086   -19.366   -24.635   -65.073  -123.174  -174.180
CT1904:090          106.187   84.843   60.744   27.427    -3.928   -13.297
    -4.396    -3.638   -13.677   -30.249   -40.204   -47.948   -50.337   -45.719
   -40.242   -31.334   -25.753   -25.027   -23.516   -22.830   -24.401   -25.673
   -22.813   -19.923   -23.509   -25.823   -34.643   -81.388  -141.963  -189.055
CT1904:085          102.935   77.934   52.915   25.229    1.209    -8.045
    0.357    1.302   -13.781   -47.846   -68.451   -66.250   -57.985   -48.902
   -29.799    -7.165    -1.461   -12.519   -24.664   -23.287    -8.907    -2.179
    -6.013   -11.988   -18.596   -22.522   -32.045   -68.810  -125.060  -181.091
CT1904:080           97.917   70.595   47.336   26.701    7.883    -4.011
    -7.122   -15.938   -28.755   -48.197   -54.460   -56.598   -57.785   -49.558
   -10.866   38.047   45.753   13.287   -15.621   -14.497    0.026    3.374
    3.220    6.118    -0.942   -15.662   -33.643   -74.271  -128.334  -174.547
CT1904:075          101.902   75.533   51.985   29.305    8.613    -4.028
    -7.493   -15.490   -34.748   -73.553   -88.088   -68.331   -18.092   10.071
   22.603   34.386   37.909   35.468   33.470   23.889    7.631    0.668
    -1.558    -6.073   -12.669   -15.842   -24.755   -60.756  -112.823  -163.262
CT1904:070          122.479   94.665   63.250   26.087    -8.420   -24.155
   -18.168   -22.594   -41.329   -87.465  -106.801   -73.365    -8.847   16.938
   33.112   40.644   39.332   29.633   19.307   12.161    1.025    -4.155
    -0.862    9.388    4.247   -10.828   -31.770   -73.558  -129.083  -181.130
CT1904:065          130.609  117.505   98.598   71.907   44.250   23.116
    -2.240   -15.042   -26.737   -51.788   -53.017   -23.397   41.946   71.666
   58.673   33.032   22.223    7.333    -5.480   -13.515   -24.130   -26.966
   -10.548   17.384   11.781   -19.598   -52.216  -106.843  -173.837  -222.963
CT1904:060          154.049  116.316   81.129   44.534    8.511   -18.139
   -52.221   -76.699   -63.762   -13.774   17.659   35.960   57.388   65.839
   52.215   30.038   15.930   -19.972   -55.688   -53.472   -29.440   -18.423
    -5.207   15.509   11.473   -13.768   -44.989   -84.587  -133.388  -177.843
CT1904:055          168.352  113.604   65.700   23.064   -14.704   -39.598
   -60.772   -72.435   -53.162    9.778   45.346   49.336   29.304   17.549
   11.570    -0.971    -9.844   -16.506   -13.410   -14.704    -4.389    7.933
    9.192   13.675    9.103    -3.183   -19.136   -60.725  -115.217  -162.168
CT1904:050          178.094  132.570   83.463   24.650   -28.849   -53.536
   -56.275   -53.967   -36.887   12.334   43.208   44.858   33.192   28.538
    4.958   -28.668   -37.104   -26.826   -24.258   -19.316   -10.152    -8.001
    -0.793    6.787    2.363    -7.278   -21.887   -59.410  -111.467  -163.670
CT1904:045          178.069  145.931  109.285   60.145   10.290   -13.600
   -29.895   -46.580   -39.626   -15.833    -4.663    0.160    1.553    -0.005
    -3.009   -10.213   -10.914    8.212   28.392   27.818   17.647   15.261
   11.306    8.128    0.760    -9.412   -23.180   -61.267  -116.776  -173.068
CT1904:040          171.521  142.251  114.517   87.563   61.061   44.064
   27.210   21.451   10.753   -24.896   -41.912   -40.214   -34.540   -32.670
    -9.760   34.568   48.734   38.903   38.244   38.342   26.593   17.933
   10.029    -1.586   -12.612   -17.498   -26.452   -72.548  -133.843  -183.416
CT1904:035          157.658  113.312   67.221   12.554   -37.188   -48.243
   -13.734    -0.278    -5.479   -23.171   -35.068   -37.907   -35.991   -31.888
   -25.223   -19.688   -12.062    7.359   17.588   22.325   20.026   12.428
    5.787    -5.032   -15.819   -20.127   -27.209   -59.518  -106.737  -152.359
CT1904:030          133.470   90.321   50.927    8.498   -31.036   -40.501
   -13.927    1.775    -6.241   -28.972   -39.333   -40.759   -32.724   -24.144
   -30.424   -41.267   -35.688    -6.139   27.213   33.494   37.175   40.773
   23.570    0.397   -13.815   -22.634   -33.917   -61.521   -93.935  -127.571
CT1904:025          110.031   86.061   56.476   27.769    3.999    -9.699
   -11.787   -14.264   -28.325   -60.548   -74.969   -63.231   -36.576   -26.030
   -27.667   -31.244   -27.657   -23.036   -18.316    -5.162   15.143   19.251
    8.158    -8.002   -20.701   -39.774   -60.669   -81.650  -100.752  -122.426
CT1904:020          128.575   98.638   70.428   36.139    0.485   -16.768
   -24.647   -30.842   -45.032   -77.196   -86.349   -58.382    -0.621   22.347
   16.716    5.729    1.821    -3.883    -4.409    2.320   20.159   24.967
   13.105    -4.265   -15.344   -23.633   -36.314   -62.949   -95.957  -128.404
CT1904:015          141.238  106.568   68.952   21.501   -22.248   -37.189
   -31.340   -28.571   -29.899   -39.963   -38.964    -7.245   52.330   76.083
   66.323   47.435   38.242   27.146   18.568   21.748   34.120   36.593
   25.021    7.814    0.445   13.129   13.964   -26.677   -81.230  -127.806
CT1904:010          154.607  111.854   67.419   11.893   -41.719   -53.632
   -15.973   11.244   16.821   13.980   18.759   41.797   76.921   89.825
   79.826   65.176   56.098   42.413   34.937   32.746   31.782   27.434
   15.523    -3.994   -12.173    -1.886    4.971   -22.024   -67.908  -119.404
CT1904:005          204.026  149.830   94.556   34.226   -16.559   -31.178
   -13.973    3.295   20.584   46.616   64.085   75.321   80.408   77.825
   64.034   35.173   21.135   15.559   10.816   10.838   16.734   17.276
   10.491    -2.818   -10.945    -6.683    -3.707   -39.149   -90.002  -132.001
CT1905:360          190.516  153.708  113.561   52.744   -14.144   -32.571
   -18.513    -6.871   11.127   48.256   73.679   78.835   81.417   80.681
   57.472   17.634    1.169    2.688    5.936    5.841   12.371   18.281
   16.883   14.599    8.046    -6.313   -23.807   -54.723   -97.839  -137.929
