
filled_synop: 30 data points in equal steps of sine latitude from +14.5/15 to  -14.5/15

CT1865:360          103.156   85.818   64.841   27.940   -11.177   -16.762
   27.946   47.981   -21.158  -275.238  -451.725  -439.015  -280.371  -168.230
  -135.758   -90.034   -99.284  -288.308  -485.820  -461.923  -170.045   90.347
  223.992  407.728  451.386  253.871   43.772   -43.788  -109.747  -195.233
CT1865:355           79.408   43.590   17.156    6.622    -1.470   -15.565
    2.337    5.014   -40.098  -158.886  -270.804  -246.829  -203.980  -162.699
   -86.277   36.209   51.870   -87.153  -309.551  -336.739  -182.882   -42.735
  105.505  307.964  361.956  251.159   69.822   -47.520  -141.210  -218.757
CT1865:350           57.200   46.892   35.691   32.343   26.300    -0.544
   -65.244  -127.710  -132.698   -32.466  104.436   63.674  -109.482  -128.108
   64.290  362.293  411.794  248.141    -3.572   -85.337  -103.169   -81.706
   22.275  230.767  304.827  211.919   70.203   -27.707  -124.778  -218.865
CT1865:345           52.157   52.501   44.410   33.358   19.125   -38.427
  -194.876  -306.926  -299.616  -219.861  -178.004  -115.040    -9.419   57.087
  227.406  600.869  729.020  476.182  109.222    5.579   -44.144   -76.655
   -11.318  173.014  247.130  175.799   68.323   -27.828  -127.407  -217.745
CT1865:340           59.541   46.761   32.784   19.176    6.299   -32.187
  -197.808  -354.354  -312.264   -31.549  177.594  210.728  164.887  153.946
  227.594  376.652  419.448  358.711  204.065  141.499   78.422   25.090
   48.486  161.732  195.968  146.740   71.907    -9.006  -108.311  -205.372
CT1865:335           62.942   34.054   12.417   -11.636   -33.186   -37.658
   -26.881    2.872   69.927  304.141  526.947  490.268  199.230   70.168
   67.439  120.719  159.771  230.380  318.325  321.573  226.695  162.843
  151.688  168.787  159.196  123.235   84.345    2.827  -106.259  -203.319
CT1865:330           58.577   35.128   12.399   -12.672   -31.557    -6.413
  115.395  245.425  312.001  367.070  379.037  303.304   -29.725  -260.732
  -211.815   -23.654   77.182  142.829  258.634  302.682  303.323  294.888
  261.957  202.228  156.201  128.247  100.542   27.704   -76.390  -186.562
CT1865:325           50.221   41.928   32.550   16.217    -4.746   31.399
  153.297  258.170  296.204  253.826  179.671  126.911    7.383   -76.743
   -82.795   -59.403    -4.828  107.373  235.556  301.362  411.016  479.989
  411.247  286.830  203.988  160.748  118.055   34.084   -75.826  -185.550
CT1865:320           52.733   51.862   44.585   32.547   22.063   48.605
  130.536  208.191  239.731  218.661  202.301  201.346  248.216  284.442
  231.924  106.930  144.944  394.174  681.477  752.381  650.836  516.551
  426.485  323.926  235.785  175.490  110.148   19.103   -89.219  -185.449
CT1865:315           73.119   66.382   58.798   43.878   25.892   39.993
   84.548  127.843  168.560  233.897  277.461  303.961  350.394  366.494
  335.814  236.804  302.436  802.006 1427.351 1483.853 1010.582  536.669
  402.654  318.148  236.170  169.070   96.608   18.597   -68.523  -160.506
CT1865:310           78.391   65.760   52.958   33.505   14.401   21.126
   47.119   75.439  119.424  220.842  302.976  307.796  260.392  223.271
  198.282  130.626  166.532  629.162 1376.667 1456.183  845.733  361.189
  276.549  245.474  192.657  142.601   89.681   22.090   -61.484  -145.882
CT1865:305           82.156   59.253   42.029   29.217   17.726   23.666
   46.699   71.373  100.693  155.059  195.934  189.419  133.665   86.271
   51.228    -6.248   -64.217  -102.097   -96.744   -89.030   -86.932    -6.301
   52.524  105.976  132.209  122.999  101.576   38.201   -56.417  -143.990
CT1865:300           78.805   60.031   45.072   30.497   18.538   24.818
   57.143   94.972  112.728  110.680  101.215   92.129   68.731   44.699
   15.824   21.385   -39.301  -532.617 -1453.584 -1618.650  -938.330  -311.495
  -158.220   -31.178   61.433   82.692   81.527   45.511   -42.599  -140.427
CT1865:295           93.044   74.542   57.150   30.554    0.240    0.274
   41.041   84.879   96.651   87.339   78.774   72.297   61.057   53.858
   42.239   93.932   39.119  -391.508 -1000.870 -1112.100  -851.172  -472.133
  -311.256  -128.369   -13.845   24.715   57.846   16.718   -91.825  -168.325
CT1865:290           97.046   72.254   45.425   15.040    -9.622   -10.431
   21.695   55.134   58.940   38.477   20.964   22.844   48.474   71.018
   72.485   97.393   45.956  -163.147  -431.240  -514.628  -482.430  -367.613
  -278.135  -181.403   -96.966   -29.505   35.760   22.774   -60.423  -146.034
CT1865:285           86.417   60.426   37.826   13.147    -8.818   -12.481
   13.359   34.463   25.516   -16.974   -60.103   -55.114    1.197   47.106
   68.173   96.350   64.741   -28.699  -188.204  -266.257  -283.955  -290.217
  -259.301  -206.052  -151.188   -76.346    9.592    9.071   -62.136  -142.023
CT1865:280           75.906   55.523   36.583   11.712   -15.110   -26.690
   13.818   66.938   55.684   -38.036  -128.330  -129.129   -69.044   -19.078
   20.463   83.548   69.372   57.511   -15.027   -81.713  -169.615  -263.236
  -259.024  -205.927  -161.728   -93.129    0.807   -18.769  -113.694  -180.017
CT1865:275           50.296   52.417   55.619   57.658   56.970   40.148
    -6.906   -59.119   -87.472  -113.983  -125.684  -131.697  -160.090  -172.122
  -114.063   78.693  184.669  106.828   26.191   -10.455  -100.024  -177.105
  -191.904  -198.163  -182.697  -116.768   -22.395   -12.884   -76.291  -154.974
CT1865:270           20.870    -8.621   -20.431   10.257   59.988   42.054
   -58.904  -166.048  -193.805  -170.855  -141.812  -128.668  -105.789   -92.611
  -132.107  -299.619  -404.290  -318.741  -213.666  -197.200  -148.654  -120.411
  -127.164  -158.265  -162.651  -105.619   -24.406   -44.242  -124.428  -181.914
CT1865:265           25.236   28.192   34.105   47.360   57.065   22.448
   -99.288  -225.405  -246.597  -165.072   -73.984   -40.809   13.777   60.747
    -5.755  -189.871  -255.730  -233.218  -149.396  -118.427   -92.453   -60.385
   -70.796  -120.814  -134.333   -88.836   -19.174   -27.679   -98.925  -176.953
CT1865:260           42.406   45.094   45.886   50.703   53.074   17.826
   -92.864  -203.411  -213.009  -120.381   -24.918   10.162   48.879   66.561
   29.386   -73.201  -113.735  -104.801   -62.920   -46.611   -42.282   -40.711
   -51.825   -82.607   -93.250   -61.071   -10.545   -30.386  -106.728  -184.152
CT1865:255           41.025   30.527   23.329   30.826   46.950   24.436
   -62.631  -161.410  -169.933   -68.996   32.043   52.690   16.573   -36.106
   -38.782   -35.638   -38.116   -19.063   12.848   15.525    -5.083   -49.683
   -63.363   -67.535   -70.016   -43.691    0.501   -33.241  -125.533  -196.776
CT1865:250           66.254   53.608   41.082   26.821    9.844    -8.616
   -28.999   -48.572   -51.324   -15.238   30.140   28.111   -37.655   -74.398
   -65.919   -23.615    6.827   38.484  104.591  115.573   40.195   -33.872
   -54.971   -67.865   -73.327   -49.306    -7.563   -22.262   -89.973  -172.640
CT1865:245           72.147   47.062   27.633   18.067   14.129    5.720
    3.351    0.945   -11.752   -60.399  -124.535  -137.046  -136.868  -150.106
  -122.976   -49.286    -9.032    9.438   24.732   18.412    -5.884   -43.917
   -62.552   -67.053   -66.933   -48.506   -13.740   -44.068  -124.463  -187.713
CT1865:240           69.909   50.796   33.016   15.242    -2.737   -11.831
    3.362   20.519    7.442   -60.434  -126.625  -130.507   -84.318   -36.736
   -26.544   -27.308   -13.343    -3.185    6.689    -2.756   -30.250   -63.957
   -83.362   -89.965   -89.422   -65.926   -29.478   -42.650   -99.260  -161.396
CT1865:235           78.837   59.082   37.788   12.316   -14.203   -26.727
   -12.977    2.428    -7.663   -59.503  -109.170  -103.969   -42.058   12.088
   19.829    -9.683   -15.012   16.256   86.128   88.484    -5.355   -95.753
  -118.609   -94.147   -76.497   -56.219   -31.133   -46.712   -98.446  -157.850
CT1865:230           82.346   64.856   46.254   25.309    3.780    -9.043
   -14.553   -17.176   -21.910   -47.089   -72.316   -58.751   14.891   86.736
   91.252   33.192   13.507   54.913  127.842  121.972    8.666  -129.777
  -157.884   -97.186   -67.377   -51.374   -20.983   -49.019  -126.773  -186.990
CT1865:225           75.130   59.401   40.093   17.320    -6.400   -21.987
   -32.630   -41.187   -33.220    0.105   29.942   48.240   68.254   78.223
   96.146  119.478  155.370  203.423  278.513  267.960  139.805   -17.405
   -78.715   -93.876  -101.123   -80.362   -36.326   -46.330  -102.683  -167.813
CT1865:220           60.151   47.086   33.363   16.702    -2.656   -17.337
   -38.820   -60.694   -46.863   37.500  137.406  155.483   93.977   50.079
   63.628   98.986  143.791  248.923  454.475  485.872  299.590   55.669
   -29.839   -81.855  -120.358  -108.294   -68.232   -85.020  -138.903  -184.406
CT1865:215           44.056   33.543   22.145   12.385    3.373    -8.288
   -36.564   -67.529   -55.249   20.225   94.494  105.971   55.361    9.355
   17.445   37.615   71.596  192.635  433.301  482.646  322.281  132.466
   39.021   -68.975  -140.260  -124.642   -71.705   -78.178  -128.596  -179.583
CT1865:210           29.139   20.867   15.391   12.943   10.700    7.233
    -2.746    -9.193    1.828   25.581   48.755   56.430   45.321   40.200
   34.432    2.735   18.913   77.994  197.015  232.303  204.614  182.376
  104.534   -51.713  -144.355  -120.919   -63.062   -68.618  -116.830  -176.291
CT1865:205           32.159   17.401    6.295    0.685    -2.371    -0.916
   10.620   24.393   35.394   50.134   61.194   67.371   56.466   43.431
   50.655   20.167   49.028   55.306   24.963    -7.261   28.110   58.293
    -4.550   -54.171   -82.447   -75.084   -48.142   -76.586  -149.791  -204.219
CT1865:200           39.337   26.276   12.133    -6.090   -22.291   -22.320
    5.321   39.569   53.768   62.422   70.228   80.795   87.341  109.893
  149.231  143.302  154.954  322.389  493.257  415.456  157.263  -190.409
  -275.026  -149.194   -85.562   -70.458   -54.305   -71.875  -124.181  -179.530
CT1865:195           42.668   34.662   25.898   10.980    -8.195    -6.880
   21.056   50.167   58.156   48.767   27.431   36.524   63.136  103.650
  231.853  497.676  692.790  991.556 1575.349 1596.629  589.128  -377.284
  -500.924  -262.066  -128.858   -90.196   -71.761   -79.909  -115.060  -155.033
CT1865:190           43.105   28.898   22.137   16.759   13.301   19.540
   43.246   66.117   63.347   39.365   19.216   10.457   -27.550   -23.096
  183.256  654.753  917.608  943.019  852.161  656.286  158.511  -373.200
  -451.629  -242.466  -137.812  -113.122   -96.788  -103.589  -128.849  -147.508
CT1865:185            6.004   11.046   17.179   23.552   28.491   36.366
   54.956   71.597   56.868    5.672   -47.524   -86.995  -166.016  -188.259
   -36.510  246.289  325.315  117.328  -298.210  -387.593  -204.753  -121.870
  -161.949  -167.704  -159.279  -132.265  -107.883  -104.503  -116.952  -135.576
CT1865:180            -2.438    2.753    9.066   19.699   34.203   44.124
   53.877   59.084   36.007   -17.420   -73.204  -143.842  -265.563  -316.959
  -269.037  -162.399  -133.988  -349.600  -596.596  -579.312  -144.942  209.310
  150.138   -83.007  -173.662  -142.582   -93.499   -95.466  -121.575  -135.785
CT1865:175            -9.272    3.847   15.152   29.517   44.595   53.927
   57.277   57.332   38.796   15.577   -20.295  -126.385  -348.775  -460.313
  -436.111  -267.502  -179.531  -235.678  -301.508  -247.119   -22.326  139.467
   92.090  -107.068  -197.702  -166.098  -109.230  -100.011  -114.117  -117.935
CT1865:170           -13.629    0.311   14.457   31.011   50.360   60.377
   71.220   80.310   63.962   45.562   17.636   -90.802  -441.269  -726.284
  -631.479  -256.662   -72.415   -49.067   -11.824    7.751   27.956   54.273
   10.484  -164.883  -252.174  -212.811  -136.372  -107.552   -92.946   -87.818
CT1865:165           -13.855    8.015   22.303   41.598   62.352   72.371
   82.996   86.591   60.025    6.408   -46.934   -65.181   -65.854   -94.092
   -44.889   -19.020   -63.177   -60.525   -21.773   -20.192   -60.224   -90.161
  -129.280  -189.960  -218.629  -200.270  -150.801  -120.181  -103.848   -88.595
CT1865:160            1.594   23.168   42.770   61.193   79.746   85.742
   81.436   70.463   30.969   -66.082  -156.475  -109.889  292.988  820.302
  821.078  385.146  161.410   67.944   -83.968  -182.765  -242.973  -314.092
  -334.853  -291.629  -255.023  -214.667  -152.878  -123.274  -109.666   -97.433
CT1865:155           12.493   32.108   50.307   68.354   82.415   77.516
   56.525   29.417   -21.172  -178.670  -358.312  -335.852   -83.411   93.821
  198.578  328.367  315.108  222.968   16.118  -119.105  -228.285  -329.297
  -357.198  -308.829  -262.235  -215.074  -154.883  -120.352  -106.848   -97.606
CT1865:150           26.344   38.672   50.159   64.170   84.102   78.552
   34.018   -19.642   -66.916  -201.705  -361.855  -358.669  -232.535  -101.833
   13.299  320.411  512.766  407.162  135.649   -26.694  -167.067  -335.939
  -372.691  -270.395  -190.051  -166.813  -147.467  -126.799  -118.850  -108.598
CT1865:145           43.862   45.008   48.649   54.753   58.586   46.233
    -1.400   -70.253  -109.588  -107.222   -94.260   -77.274   -65.352   -31.761
   40.506  226.451  316.052  280.114  185.506   85.766  -112.175  -344.700
  -385.398  -291.404  -218.770  -179.310  -144.839  -123.748  -115.268  -112.051
CT1865:140           62.198   51.952   43.033   37.010   35.505   31.524
   31.929   39.723   39.036   89.275  137.259  153.686  155.406  155.081
  160.441  128.462  117.310   44.296   -58.285  -139.390  -246.152  -356.557
  -368.047  -284.386  -211.637  -176.256  -148.561  -133.585  -133.606  -132.142
CT1865:135           70.095   64.281   55.399   39.140   20.566   14.431
   55.879  110.793   96.061  132.005  207.652  222.944  144.927  112.872
   90.542  -111.704  -273.519  -358.221  -532.824  -633.273  -522.946  -371.283
  -314.813  -243.244  -187.445  -169.492  -163.259  -152.475  -148.391  -141.466
CT1865:130           66.374   63.964   57.618   42.476   25.319   17.747
   51.105   92.738   -23.361  -434.845  -849.408  -822.874  -438.633  -154.126
   -58.640   -10.188   -30.996  -239.737  -586.728  -705.181  -558.328  -314.447
  -243.749  -203.022  -169.857  -153.091  -151.565  -148.441  -146.867  -144.923
CT1865:125           57.880   46.642   35.800   28.963   32.275   24.132
    4.322    -1.489  -135.734  -896.877 -1532.853 -1474.444  -726.785   -21.807
  218.782  601.389  768.020  418.481  -173.868  -402.477  -321.149  -191.986
  -169.921  -143.533  -120.913  -121.139  -128.756  -132.934  -144.195  -151.922
CT1865:120           54.486   40.812   32.529   31.689   35.315   38.277
    -4.347   -64.186   -98.368  -359.333  -905.917  -902.872  -198.301  186.460
  336.007  643.754  766.295  583.859  182.221   20.103   -83.207  -180.154
  -175.572  -114.539   -92.162   -98.773  -117.375  -132.146  -144.060  -155.955
CT1865:115           74.333   50.591   36.015   30.028   18.026   26.563
   39.507   68.353  439.951 1826.541 2927.912 2696.023 1186.599  338.364
  159.368  129.833  102.150  121.428  172.104  135.334   -10.511  -148.946
  -153.724   -92.426   -77.743  -104.874  -140.895  -153.008  -164.096  -171.404
CT1865:110          128.289   88.901   57.723   34.993    9.074   19.075
   61.955  149.072  495.608 1390.498 1850.083 1745.581  931.344  351.000
   25.388  -440.120  -597.372  -370.818   -45.679   -14.022   -66.517  -122.079
  -131.673  -110.811  -104.530  -117.345  -136.308  -152.973  -165.203  -165.587
CT1865:105          175.543  145.718  115.458   72.932   17.769   17.581
   52.866  131.301  375.830  904.817 1269.925 1097.021  532.621  144.693
  -101.594  -276.551  -356.455  -272.519   -94.698   -40.725   -27.013   -23.000
   -48.676   -91.288  -112.465  -118.996  -123.797  -128.543  -129.668  -124.805
CT1865:100          202.467  184.159  149.976   92.021   34.850   31.838
   66.697  118.227  241.168  418.732  520.198  432.570  206.503   75.452
   59.391   22.592   -33.828   -25.552   -34.358   -31.177   14.309   31.632
    -8.466   -64.649   -90.801  -110.077  -117.534   -88.894   -63.502   -58.111
CT1865:095           58.979  263.863  172.727   97.385   52.089   51.133
   82.026  124.669  176.927  246.307  296.991  235.486  139.536   97.288
  289.611  553.525  535.897  254.326   42.062   38.043   73.657   70.209
   23.494   -43.681   -78.389  -106.652  -117.313   -91.097   -53.172   -34.042
CT1865:090            1.998   11.771    -9.252   -36.903   -48.617   -36.433
    5.681   55.328  111.414  207.600  265.045  249.399  133.874  164.000
  806.502 1956.805 2035.243 1074.138   15.911  -122.611   27.108   80.893
   52.003   -15.955   -59.970  -112.291  -140.000  -121.753   -81.875   -45.753
CT1865:085            2.339    2.986    -0.600   -14.105   -30.399   -23.546
   19.539   72.174  130.088  225.957  284.520  281.511  207.131  201.680
  182.503  -130.653  -384.955  -401.935  -354.958  -362.024  -154.184   61.505
   71.238    -4.885   -45.792   -83.560  -110.558   -99.245   -81.093   -71.186
CT1865:080           11.893   14.339   11.151    4.543    -1.945    3.593
   37.923   79.524  105.875  147.111  180.886  169.723  144.596   74.675
  -310.125 -1086.277 -1340.454 -1072.021  -521.400  -268.511   -65.151   92.801
  111.457   32.909    -8.904   -42.901   -78.181   -92.761   -92.706   -91.813
CT1865:075           30.169   35.800   35.986   27.076    9.823    9.384
   26.354   44.795   58.992   67.769   76.763   56.944   45.455    4.329
  -203.210  -686.449  -863.000  -706.711  -301.457  -132.815    -3.658  113.535
  133.919   57.683    -4.069   -41.757   -74.361   -86.857   -89.718   -98.234
CT1865:070           50.347   48.644   44.671   34.155   16.066   11.243
   25.023   43.416   41.278    3.937   -36.832   -60.520   -43.516   -58.879
  -129.841  -150.633  -132.176  -141.161  -154.850   -94.731    6.197  102.021
  105.358   24.296   -25.142   -55.652   -86.607  -104.598  -107.885  -108.647
CT1865:065           64.492   45.902   31.040   21.670   14.182   10.847
   25.258   46.000   40.898   10.827   -21.403   -49.345   -90.105  -132.558
  -152.179  -118.107  -123.773  -117.023  -153.881  -144.578   -46.413   43.827
   50.234   -15.374   -73.941  -104.880  -128.917  -135.343  -116.697  -107.131
CT1865:060           70.361   52.516   36.699   26.352   20.370   14.556
   16.057   19.644   12.527    -0.998   -12.441   -42.062  -116.406  -188.531
  -225.681  -247.221  -256.217  -217.963  -114.718   -38.770   11.523   57.213
   56.701   -31.283  -105.165  -139.593  -157.787  -161.230  -137.860  -122.479
CT1865:055           77.097   68.548   58.184   45.338   29.101   10.291
   -17.015   -52.659   -69.274   -54.900   -29.398   -45.306  -113.999  -189.726
  -235.530  -301.990  -355.098  -311.574  -158.892   -61.549   -23.754   22.387
   25.012   -66.073  -137.961  -164.645  -177.701  -184.552  -180.573  -165.413
CT1865:050           88.733   77.449   62.426   43.485   22.374    -0.205
   -39.383   -91.547  -108.939   -90.373   -55.660   -57.702   -84.367  -120.668
  -162.128  -239.773  -292.958  -302.303  -299.984  -263.860  -166.444   -14.317
   35.458    0.194   -35.086   -83.673  -149.493  -188.198  -188.139  -182.390
CT1865:045           96.386   79.874   60.827   38.175   12.321   -14.354
   -52.238   -96.621  -113.749   -88.638   -43.434   -35.706   -46.766   -71.446
  -104.969  -188.121  -244.434  -269.609  -314.131  -304.773  -189.583    -2.787
   62.530   70.771   65.138   -18.958  -171.244  -228.191  -212.312  -198.955
CT1865:040          104.158   73.815   45.046   18.336    -5.347   -25.793
   -45.169   -63.689   -82.486   -68.122   -64.595   -73.781   -28.125   -18.201
   -30.962  -142.057  -253.340  -239.983  -167.452  -102.620   -63.302   13.245
   52.298  122.334  158.048   64.575  -130.131  -241.695  -261.165  -241.183
CT1865:035          107.422   69.764   36.058    5.473   -24.747   -46.891
   -42.523   -21.645   -49.545   -76.661   -65.227   -56.764   -74.001   -29.825
   11.231   -22.275   -56.213   -14.105    -0.707   -14.000   50.812  121.396
  132.963  145.576  142.143   40.641  -159.409  -234.074  -195.978  -178.855
CT1865:030           98.459   75.373   50.647   21.515    -6.586   -24.734
   -19.323    7.327   -37.213  -247.032  -497.582  -550.084  -494.669  -309.010
  -186.814   58.017  329.758  381.504  403.274  455.573  349.013  187.759
  146.455  124.973   80.553    -8.474  -148.241  -228.666  -215.022  -191.915
CT1865:025           89.880   74.302   54.901   28.902    -2.511   -20.829
   -20.723   -13.218   -78.924  -435.249 -1002.903 -1146.220  -921.179  -811.070
  -652.514   -99.175  235.188  329.612  337.612  316.696  318.871  281.402
  237.976  166.241   87.055   -20.491  -157.688  -227.965  -239.235  -219.355
CT1865:020           86.578   64.696   40.788   14.648   -11.926   -24.716
   -28.771   -34.980   -45.726   -43.456   35.078   28.633  -111.732   -51.333
    9.449  146.512  314.142  304.277  132.306   69.016  172.297  293.883
  296.786  210.727  118.974   20.885  -125.972  -192.916  -172.252  -171.066
CT1865:015           76.462   53.100   29.385    0.051   -33.601   -44.461
   -39.282   -33.253   61.162  438.370  840.643  873.625  613.759  387.564
  330.945  229.147  153.346   96.300   -62.729  -108.616   28.914  237.669
  284.092  222.594  157.973   42.998  -129.677  -203.811  -200.130  -184.692
CT1865:010           56.075   33.534   12.832    -5.137   -23.230   -29.789
   -26.755   -17.577   70.933  436.550  784.650  842.355  597.344  309.254
  221.301  108.687    -4.598  -125.458  -293.659  -318.760  -176.023   15.879
   85.463  133.524  134.842   33.616  -116.479  -188.042  -191.017  -181.280
CT1865:005           34.233   19.912    8.343    -1.271   -11.426   -13.865
    -7.850    8.466   55.119  158.594  288.424  317.159  215.725  132.613
   85.541   38.632   -36.607  -220.976  -472.883  -520.772  -320.891   -81.960
    5.863   86.039  116.890   32.728  -107.008  -155.634  -143.076  -155.682
CT1866:360           21.452   13.107    5.730    -0.179    -5.658    -8.357
    -4.641    -0.860   -42.711  -230.632  -345.902  -296.225   -96.373   31.865
   73.311  114.920   81.287  -111.211  -383.561  -428.205  -270.192   -72.789
   36.702  163.201  200.969   79.797   -88.583  -154.761  -177.757  -186.291
