
filled_synop: 30 data points in equal steps of sine latitude from +14.5/15 to  -14.5/15

CT1886:360          112.546   96.694   79.937   65.302   45.056   23.685
   -14.824   -56.656   -54.147    -6.763    8.924    4.507   -21.082    -5.014
  155.997  407.451  408.978   93.674  -227.412  -264.645  -140.872   -43.753
   -23.999    -2.984   19.912    9.137   -45.774   -98.624  -130.969  -157.152
CT1886:355          103.719   93.408   84.427   85.906   94.744   79.896
   28.227   -11.110   -11.955   25.142   40.568   30.906    2.191    8.794
  100.739  209.509  198.970   36.365  -125.421  -158.444  -112.462   -46.784
   -17.716   16.635   43.809   32.675   -17.937   -77.718  -126.279  -167.043
CT1886:350           95.874   87.964   78.691   72.557   70.884   55.998
   28.302    3.320    -3.063    8.552    6.367    -7.199   -12.279    -9.858
   -76.414  -190.367  -200.148  -108.757   -49.876   -49.430   -44.507   -24.873
    -2.456   29.864   55.939   44.807    -4.013   -59.132  -111.180  -167.912
CT1886:345           90.586   81.123   70.951   56.198   36.282   17.225
    0.794   -14.052   -32.656   -60.079   -88.814  -137.619  -229.513  -262.108
  -223.428  -160.321  -134.452  -112.936   -62.220   -42.154   -33.772   -29.756
   -16.299   19.242   56.155   49.545    8.259   -44.913   -97.362  -152.712
CT1886:340           85.976   77.442   65.353   43.961   18.345    -1.830
   -22.991   -40.531   -57.593   -89.763  -122.406  -187.410  -283.210  -314.081
  -249.861  -118.224   -69.095   -65.061   -58.564   -50.254   -52.666   -53.084
   -44.054   -16.230   16.131   14.392   -15.914   -50.168   -87.608  -131.771
CT1886:335           73.861   69.143   64.804   39.656    -0.936   -26.347
   -41.453   -46.598   -34.548   15.116   39.088    1.644  -101.728  -142.884
  -119.218   -60.300   -33.102   -33.062   -39.215   -38.620   -46.438   -47.869
   -45.256   -28.782    -4.536    -7.426   -35.915   -67.383   -94.258  -121.727
CT1886:330           83.218   75.719   68.170   40.498    1.151   -21.970
   -37.039   -47.387   -15.346  129.663  216.287  182.230   64.949    7.018
    -2.854   -12.163    -4.827   13.000   26.658   24.406    -7.276   -43.227
   -54.172   -39.488   -12.574   -15.448   -47.209   -78.069  -102.326  -126.455
CT1886:325           99.932   94.415   85.139   58.259   11.626   -14.708
   -23.723   -26.745    1.646   85.823  133.212  120.829   60.491   35.910
   19.366    1.749   20.910   99.368  184.326  180.926   91.118   -25.117
   -60.457   -40.908    -9.732   -14.535   -46.251   -79.994  -105.270  -127.022
CT1886:320          105.826   99.678   85.967   52.943   11.277   -10.310
   -14.888   -13.016    -8.724    -5.462    6.837    1.455   -21.639   -28.523
    -6.386   24.002   59.476  205.481  326.303  313.403  186.296   -10.913
   -65.482   -29.816   14.244    8.631   -29.341   -68.864   -95.665  -117.698
CT1886:315          102.199   97.033   85.097   52.111    -9.966   -35.141
   -18.172    -2.025   -12.474   -59.931   -75.333   -25.776   49.740   67.518
   70.680   38.659   37.458  191.549  450.228  431.328  156.763   -41.003
   -64.536   -30.673    4.879    7.245   -12.408   -38.514   -68.040  -102.773
CT1886:310           57.416   59.530   57.840   27.360   -11.290   -23.851
    0.054   19.749   11.220   -31.079   -39.868   42.311  221.274  269.645
  167.072   54.807    -1.528  -182.035  -417.913  -416.924  -223.710   -96.761
   -67.242   -34.317    -2.852    0.885   -16.006   -38.927   -66.658   -99.347
CT1886:305           45.688   46.384   50.230   39.940   27.695   20.554
   19.963   19.938   19.472   16.601   24.280   52.765   89.575   90.965
   81.286   43.217   -21.927  -231.751  -409.628  -414.831  -259.285   -97.205
   -56.275   -32.789    -9.551    -8.008   -31.883   -57.577   -84.194  -117.257
CT1886:300           62.609   52.352   43.629   35.946   27.341   20.282
   15.727   10.635   12.945   19.104   20.320   17.221    6.614    1.700
    4.426    5.468   -30.448   -99.418  -129.068  -149.228  -153.485  -117.604
   -81.120   -35.384    3.839    2.997   -33.144   -75.763  -111.517  -141.300
CT1886:295           94.676   68.938   44.602   29.404   20.980   13.539
    9.055    6.085    7.990   20.578   22.466    -8.963   -64.182   -78.595
   -54.670   -24.151   -31.881   -44.811   -61.721   -74.526   -89.781   -99.477
   -80.837   -34.936    8.479    0.171   -59.850  -112.972  -135.881  -146.534
CT1886:290          113.016   88.891   59.626   36.567   18.219    8.392
    5.564    5.420    3.059    3.063    -4.254   -24.959   -55.512   -63.710
   -56.657   -43.404   -38.550   -27.727   -29.163   -35.636   -47.833   -65.406
   -59.986   -26.338    3.005    -1.880   -35.367   -79.734  -110.760  -134.038
CT1886:285          113.921   90.800   64.348   41.595   13.914    1.208
    8.350   15.785    9.939    -3.491   -18.919   -28.165   -33.690   -33.882
   -14.608   22.937   39.511   41.203   41.502   37.532   14.445   -17.605
   -26.478   -14.679    2.509    -2.597   -26.109   -56.545   -83.972  -113.761
CT1886:280           85.202   70.240   57.419   40.264   21.147   15.303
   36.681   55.349   42.918    4.409   -22.777   -34.085   -41.220   -44.454
   -31.643   -11.199    7.606   42.948   78.747   82.922   50.981    9.364
    -1.144    -0.689    -0.385    -9.061   -30.089   -55.819   -75.316   -96.558
CT1886:275           79.049   61.151   48.885   37.815   28.583   23.743
   39.750   56.086   39.103   -12.617   -47.528   -61.984   -71.279   -75.157
   -84.699   -95.488   -83.292   -32.024   36.246   54.655   44.012   27.521
   18.767    8.763    -4.770   -14.320   -26.819   -46.022   -68.139   -94.801
CT1886:270           89.340   70.060   51.962   46.647   43.422   37.692
   35.126   30.267    8.882   -39.784   -77.050   -89.198   -95.345   -98.403
  -101.206  -111.793  -105.431   -76.236   -45.284   -35.592   -24.876   -12.981
    -6.387   11.236   25.940   16.876    -8.923   -42.009   -70.288   -98.656
CT1886:265           86.472   65.971   49.124   44.128   49.065   44.458
   34.112   19.976    -0.883   -29.915   -50.495   -64.606   -74.754   -70.411
   -54.927   -22.881   -14.995   -37.755   -50.786   -57.463   -65.845   -68.071
   -63.230   -33.837    -2.921    -1.977   -20.980   -48.465   -73.898  -101.751
CT1886:260           96.422   81.674   69.094   59.882   52.704   43.335
   37.489   28.320    3.604   -38.337   -56.224   -56.903   -51.930   -34.276
    -4.147   26.259   32.501   10.127    -7.984   -31.803   -68.810   -91.311
   -94.044   -64.456   -34.415   -32.532   -45.001   -62.565   -79.134   -97.483
CT1886:255          100.076   96.110   90.221   70.073   38.306   22.492
   23.310   17.226   -11.268   -76.870  -102.538   -67.921    -7.933   36.518
   85.001  111.804  120.989   97.712   54.464   13.837   -40.933   -79.474
   -93.399   -72.145   -48.461   -50.297   -67.120   -82.397   -90.775   -96.374
CT1886:250          105.198   88.324   69.177   44.054   18.024    4.778
   12.361   12.262   -18.832   -87.902  -106.793   -64.515   20.272   89.920
  213.159  356.648  374.655  267.919  149.945   92.734   19.642   -55.610
   -82.490   -70.049   -56.273   -58.237   -67.844   -81.657   -88.973   -93.197
CT1886:245          106.951   83.736   61.840   41.294   17.891    2.199
    0.463    -4.810   -34.165  -100.533  -119.253   -78.166   -21.962   50.603
  245.739  453.628  485.775  412.590  345.477  267.808  122.142    2.105
   -41.651   -53.452   -64.249   -71.230   -70.431   -74.474   -80.141   -86.248
CT1886:240          121.985   93.453   63.271   40.801   19.359    -1.734
   -33.058   -61.127   -72.864   -85.769   -82.338   -48.775   -14.322   46.802
  203.369  358.383  382.671  317.747  238.052  177.168   96.445   25.831
   -12.436   -32.914   -48.998   -65.168   -76.914   -70.988   -69.040   -72.334
CT1886:235           94.479   59.889   32.412   19.955   18.485    1.670
   -36.691   -70.128   -72.363   -55.579   -38.284    -0.176   58.109  111.279
  166.594  210.145  223.282  180.685  102.913   60.332   37.894    9.825
   -15.769   -31.042   -46.482   -58.071   -64.530   -63.192   -63.804   -62.588
CT1886:230           90.242   45.582   15.098   14.123   24.179    9.976
   -26.897   -57.808   -59.549   -42.313   -24.558    8.804   57.247   95.602
  148.151  223.294  220.074  119.289   44.207    5.724   -29.907   -52.588
   -62.812   -53.250   -46.752   -50.927   -57.032   -65.014   -69.163   -70.701
CT1886:225          117.063   77.549   32.860   26.156   36.963   22.262
   -20.776   -52.951   -60.032   -58.659   -49.807   -27.675    -0.377   24.181
   36.199   45.080   35.502   -24.015   -98.035  -114.568   -86.909   -69.281
   -72.978   -68.415   -61.855   -66.211   -81.131   -95.372   -97.098   -92.523
CT1886:220          102.953   68.158   35.457   19.031    7.355   -15.713
   -66.237  -115.160  -111.629   -68.761   -38.844   -34.855   -61.559   -58.925
   -34.311   -29.815   -34.673   -30.087   -24.289   -41.592   -55.121   -52.146
   -52.934   -52.482   -51.210   -54.118   -59.064   -69.823   -78.953   -88.879
CT1886:215           87.184   58.398   29.312    9.882    -0.541   -25.560
   -77.799  -124.433  -120.442   -78.671   -41.303    2.335   77.613  115.609
   97.740   80.113   60.166    8.891   -34.036   -52.807   -57.599   -54.046
   -52.337   -46.830   -41.659   -46.057   -56.780   -74.202   -87.922  -102.384
CT1886:210           88.059   58.578   34.213   18.832    6.642   -19.500
   -74.937  -125.591  -118.593   -63.031   -13.044   50.026  154.093  193.181
  161.276   95.470   53.806    -1.063   -63.455   -82.105   -67.297   -47.333
   -44.127   -43.930   -43.875   -54.241   -75.901   -99.305  -112.594  -124.814
CT1886:205           99.214   74.187   49.019   27.923   11.382   -15.734
   -71.476  -119.402  -108.661   -46.652    6.152   63.287  144.547  176.718
  139.452   70.959   37.230    -2.454   -42.915   -52.428   -31.993    -6.742
    -7.330   -23.153   -38.326   -54.591   -73.853   -92.206  -107.070  -119.410
CT1886:200          104.272   70.604   39.678   14.396   -12.032   -39.105
   -82.130  -122.042  -106.314   -39.381    7.458   30.937   47.254   51.542
   33.116    9.059    -2.379   -10.379   -14.991   -10.198    9.778   28.204
   20.342   -19.961   -60.012   -77.596   -84.928   -90.543   -97.091  -106.180
CT1886:195           88.731   53.933   22.937    3.845    0.846   -21.180
   -69.740  -105.470   -87.414   -22.328   10.481    2.647   -31.180   -41.752
   -40.661   -36.930   -32.745   -16.648    9.602   22.502   38.585   51.225
   41.100    4.694   -35.528   -60.165   -73.733   -85.384  -100.027  -115.777
CT1886:190           91.916   65.272   45.341   29.288   14.068    -8.250
   -47.369   -74.235   -59.711    -5.362   13.265    -2.169   -40.446   -51.097
   -56.381   -64.182   -51.619   -25.688    1.788   21.459   62.739   91.927
   78.087   34.591    -9.330   -38.039   -58.741   -77.419   -96.295  -114.368
CT1886:185          101.834   85.050   67.631   43.831   12.176    -9.584
   -30.205   -47.028   -38.429    7.842   17.282    -7.985   -43.462   -47.213
   -37.584   -15.152    9.177   13.124    7.267   32.648   92.435  120.725
   96.782   31.013   -28.777   -55.267   -65.870   -79.055   -93.549  -105.745
CT1886:180          118.143   98.358   77.468   53.439   26.822    7.233
    -9.493   -22.814   -26.801   -21.860   -39.013   -79.673  -141.994  -143.768
   -74.441    3.766   58.678  134.869  199.013  200.201  143.319   93.355
   59.272    5.787   -44.578   -68.995   -75.107   -78.320   -87.134  -100.902
CT1886:175          127.313  101.729   75.076   45.738    7.684   -11.391
    0.530   13.701   -11.002   -66.463  -117.965  -188.763  -281.287  -284.184
  -173.219   -23.704   62.837  166.410  254.340  248.397  137.497   41.915
    3.654   -25.495   -52.553   -67.536   -64.031   -64.361   -78.557  -105.107
CT1886:170          126.226   89.744   51.845   18.095   -16.492   -36.315
   -18.016    -0.409   -38.267  -126.715  -202.289  -290.063  -401.223  -409.293
  -290.562  -133.097   -38.859   48.604  103.544  115.226   74.711   30.065
    5.216   -15.796   -37.886   -58.433   -71.945   -84.375   -99.796  -116.458
CT1886:165          125.794   86.708   50.686   23.849    0.607   -17.938
   -17.901    -8.352   -34.085  -107.720  -173.923  -251.565  -335.383  -344.569
  -264.169  -131.372   -51.038    -6.352   34.093   53.657   53.214   53.513
   40.154   14.565   -10.463   -36.746   -71.813  -102.390  -118.158  -113.834
CT1886:160          133.601  101.069   69.662   42.060    9.855    -7.674
    6.520   27.409   26.912   19.636    -5.303   -62.969  -148.037  -182.555
  -140.595   -63.244   -14.627   16.623   47.609   64.450   59.073   51.005
   37.956   21.171    4.017   -22.231   -57.644   -90.966  -111.175  -116.965
CT1886:155          144.627  116.637   86.133   56.406   13.050    4.520
   48.876  101.646  134.662  202.104  216.379  155.637   18.460   -49.944
   -33.840    9.049   42.344   70.162   93.426  102.222   91.387   78.005
   56.736   26.206    -2.348   -29.677   -57.363   -82.576  -103.355  -121.083
CT1886:150          139.713  107.476   73.400   45.002    8.585    7.100
   72.856  152.290  196.400  274.555  298.236  212.784   31.414   -40.642
   -15.343   37.605   78.024  125.240  155.719  159.986  136.598  100.523
   66.821   19.666   -26.472   -52.901   -65.713   -78.326   -97.023  -119.119
CT1886:145          119.683   77.977   43.444   18.241    -8.481    4.213
   92.696  170.238  171.909  141.571  106.684   32.869   -84.048  -112.603
   -42.860   60.535  116.020  184.499  233.789  232.757  174.875  106.771
   67.920   21.794   -24.627   -51.294   -60.132   -72.505   -93.828  -119.246
CT1886:140          111.703   69.097   34.787   12.108    -6.966    6.078
   97.439  169.846  118.431   -51.839  -134.499  -167.918  -179.969  -160.398
   -64.973   63.629  111.692  171.561  235.286  226.996  157.950  103.883
   72.683   27.182   -16.466   -45.622   -65.801   -85.273  -108.568  -134.481
CT1886:135          118.149   84.466   50.946   34.465   23.142   32.468
  104.906  156.804   73.983  -173.428  -260.232  -207.991  -111.277   -74.851
   -15.448   32.643   34.938    4.749   -30.474   -11.248   52.117   82.170
   68.113   29.991    -7.501   -38.024   -70.486  -102.717  -129.456  -153.865
CT1886:130          118.124   84.763   55.572   36.891   22.948   30.570
   81.166  111.833   49.125  -134.294  -185.188   -37.135  173.874  207.649
  155.592   32.706   -19.969   -66.577  -100.103   -85.070    -7.285   53.764
   54.599   27.915    -0.548   -32.427   -72.518  -110.108  -143.536  -175.392
CT1886:125          112.962   88.910   66.633   47.827   32.168   33.899
   63.234   80.785   62.542   -19.290   -18.188  251.307  708.755  766.424
  410.469   41.379   -51.256   -80.055   -81.515   -68.651   -11.312   39.038
   44.268   26.266    5.879   -26.399   -76.851  -128.235  -171.076  -207.202
CT1886:120          115.354   96.068   77.955   62.472   44.413   42.604
   64.543   83.367  103.650  141.645  185.857  342.840  628.886  645.000
  283.497   -41.884  -115.660  -101.730   -54.393   -44.345   -10.061   21.091
   29.844   34.796   29.311    -5.455   -69.672  -130.815  -177.226  -221.088
CT1886:115          117.963  102.937   87.834   74.639   60.517   58.239
   63.944   71.782  106.149  183.697  212.709  104.938  -148.047  -202.005
  -129.967  -145.479  -144.261   -67.462   -19.665   -23.609    7.322   40.508
   38.718   38.217   33.361    -0.105   -59.810  -121.182  -173.534  -221.646
CT1886:110          123.570  106.425   88.111   82.810   82.996   81.123
   71.949   70.147   97.608  162.795  175.358   64.110  -108.554   -86.246
  227.447  536.503  558.926  344.062   63.366   39.793   84.953   61.267
   37.375   25.856   10.708   -20.799   -67.161  -114.306  -160.959  -207.907
CT1886:105          103.180   99.231   96.473   82.797   56.985   50.991
   60.851   71.731   92.474  135.579  142.005   89.224   12.832   77.306
  585.501 1228.823 1240.959  868.238  629.355  508.962  249.713   58.805
   21.911   18.300    4.522   -25.827   -73.533  -121.648  -161.255  -201.842
CT1886:100          116.152   98.614   83.794   72.462   64.184   59.293
   59.930   66.234   78.426  102.788  105.866  100.905  101.257  122.168
  239.095  329.482  322.813  290.176  275.976  212.237   87.733   34.359
   34.543   33.209   24.967    -1.609   -49.356   -98.314  -142.216  -183.761
CT1886:095          139.095  114.481   89.898   67.722   41.212   29.339
   28.949   29.194   39.298   73.035   74.196    8.114   -57.591  -133.344
  -524.592 -1006.981 -1070.495 -1029.783 -1123.700  -950.322  -390.507   -31.679
   34.472   22.821   15.393    -3.520   -47.454   -90.167  -125.691  -161.345
CT1886:090          143.818  112.403   82.415   62.068   48.305   36.599
   25.707   19.697   20.113   29.047   19.245   -84.905  -309.282  -429.283
  -550.568  -722.630  -783.767  -766.465  -669.117  -569.645  -311.205   -65.705
    2.820    7.751   10.082    -6.968   -47.742   -87.953  -127.694  -170.091
CT1886:085          136.843  103.777   78.783   64.891   53.419   39.101
   20.678    8.185   14.975   39.440   47.228   63.467  118.456   91.355
   -37.743   -76.926  -110.140   -97.615   17.191   37.416   -18.218   -32.605
   -13.221    4.875   13.312    -8.184   -55.123  -105.723  -152.053  -194.429
CT1886:080          140.444  122.238  102.770   82.201   54.839   38.071
   20.391    7.940   22.416   80.060  112.462  186.900  349.550  359.717
  220.410   93.073   81.485  134.769  147.794  142.484   70.883   10.357
    3.795    6.776    6.287   -22.023   -85.070  -141.889  -176.463  -205.486
CT1886:075          134.600  105.345   76.169   52.495   30.762   15.685
    7.350    2.543    5.829    6.052   10.406   44.177   38.957   36.549
   96.827  109.073  107.726  108.381   80.543   70.384   38.103    -6.254
   -15.914    0.207    9.874   -10.820   -51.790   -94.978  -134.959  -173.139
CT1886:070          122.776   86.407   54.543   29.944    6.070    -5.703
    0.593   10.430    3.334   -19.919   -26.378   -25.055   -15.664    2.098
   34.140   81.350   91.882   79.441   63.456   48.928   31.363   11.939
    2.991    7.411   10.372    -7.519   -40.991   -75.118  -112.405  -154.203
CT1886:065          111.268   74.563   38.421   11.597   -12.064   -20.903
    1.820   25.389   10.684   -44.190   -75.862   -65.611   -20.649   14.730
   26.464   42.489   57.159   76.708   83.253   60.314   34.284   24.551
   22.367   19.387   12.048    -7.098   -40.555   -75.834  -112.281  -150.975
CT1886:060           96.536   61.386   30.091    7.207   -11.365   -14.552
   21.866   54.646   30.707   -56.995   -98.135   -79.425   -51.359   -11.435
   87.283  162.804  175.738   90.529   -46.390   -84.910   -40.473    8.360
   20.199   26.573   25.619    3.535   -39.844   -84.434  -124.245  -163.157
CT1886:055           88.727   53.571   21.317   10.942   15.607   15.012
   19.672   23.202   21.951   18.877   19.308    5.382    -6.683   43.244
  344.529  716.831  670.941  195.780  -188.550  -211.406   -64.368   29.493
   39.218   29.434   20.213    -3.491   -46.603   -88.493  -128.201  -169.424
CT1886:050          104.968   65.783   31.844   17.520   10.537    4.322
    3.738    2.393   10.072   35.655   45.697   32.550    0.366    9.999
  171.606  410.393  402.915  163.427   -21.861   -43.492   -11.844    2.908
   14.054   19.112   17.929    -0.610   -35.916   -73.504  -114.958  -161.326
CT1886:045          118.566   79.151   41.130   28.051   25.364   14.551
    -9.163   -27.720   -13.966   34.482   52.564   34.500    -0.607   -35.801
  -176.952  -397.040  -400.589  -123.640  128.250  131.990   29.116   -13.408
    6.719   20.400   23.949    7.759   -27.973   -66.545  -108.448  -154.418
CT1886:040          103.666   66.307   30.774   21.006   27.312   16.893
   -17.028   -39.604   -27.728   19.732   36.702   31.028   25.478   -26.994
  -291.771  -600.790  -631.888  -461.627  -356.901  -283.792  -116.709    2.436
   44.603   42.090   38.978   19.418   -31.398   -78.344  -118.593  -159.010
CT1886:035          113.181   75.274   45.144   39.795   41.892   28.240
    -8.891   -37.920   -33.672    -1.927   12.392   12.405    6.494   -26.625
   -74.504   -91.911  -193.930  -476.811  -645.464  -583.797  -298.030   -61.709
   16.109   42.810   58.272   38.931   -22.354   -89.079  -146.634  -198.443
CT1886:030          135.075   93.624   52.290   40.696   42.362   27.864
    -7.228   -38.070   -39.319   -22.112   -12.582    1.246   21.328   13.999
   20.448    1.419   -90.261  -360.877  -569.263  -533.543  -291.049   -93.897
   -15.198   40.150   75.883   52.982   -30.249  -107.088  -168.407  -228.148
CT1886:025          119.208   81.179   53.019   41.457   37.539   23.246
    -0.972   -18.954   -27.302   -34.910   -33.985    -6.534   39.498   45.321
   35.989   14.617   -47.114  -190.391  -299.434  -301.467  -203.687   -98.250
   -35.048   19.670   57.769   40.106   -27.699   -98.514  -156.170  -206.587
CT1886:020          124.415   90.872   61.403   44.371   37.114   21.590
    -8.284   -33.418   -38.621   -29.261   -22.349   -16.785    -6.681    -3.312
    4.201    7.347   -21.511   -81.325  -135.931  -142.900  -107.224   -68.269
   -33.085   10.845   43.258   25.409   -39.145   -99.598  -146.081  -185.069
CT1886:015          119.508  100.417   80.336   57.306   25.580    5.810
   -14.319   -37.772   -39.551   -22.833   -17.994   -31.026   -60.576   -61.553
   -26.616    2.135    -7.234   -24.750   -38.905   -54.517   -70.721   -75.490
   -55.817   -15.449   10.598    -1.552   -49.611   -97.983  -138.162  -176.270
CT1886:010          123.619   93.501   68.800   57.312   53.396   39.486
   16.517    -2.825   -11.271   -13.761   -13.546   -13.709   -14.590    -7.174
    6.514   14.901   15.453    8.390   -22.917   -40.494   -59.246   -78.174
   -70.601   -32.674    0.273    -4.119   -32.871   -64.903   -99.897  -139.986
CT1886:005          104.049   83.206   67.517   58.894   55.289   41.342
   19.300    3.691    -2.682    -2.705    -0.355   10.023   22.529   37.751
   76.635  108.696  114.131  109.888   79.484   45.247   -21.846   -75.100
   -72.268   -37.231   -14.462   -16.659   -30.979   -50.236   -75.452  -106.193
CT1887:360           94.106   90.977   89.099   75.489   56.029   35.680
   -10.062   -51.090   -41.713    9.393   27.818   26.072   12.974   25.333
  124.208  243.571  233.360  137.317   82.496   52.028    9.949   -10.097
   -12.087    -4.022    4.196    -7.515   -38.086   -64.027   -78.895   -92.598
