
filled_synop: 30 data points in equal steps of sine latitude from +14.5/15 to  -14.5/15

CT1880:360          129.216  112.390   82.149   40.428   -12.584   -39.574
   -39.882   -25.895   -32.075   -61.737   -94.496  -106.237   -91.215   -68.898
   -76.941  -171.743  -276.940  -245.302   -98.976   -31.355   -42.725   -66.414
   -77.805   -72.867   -68.235   -79.223   -98.313  -119.040  -150.920  -188.169
CT1880:355          126.955  104.589   77.436   40.969    1.582   -16.879
   -16.811    -4.139   -15.232   -56.804   -95.074  -103.568   -88.454   -42.026
   -27.858   -87.765  -115.296  -111.639   -72.231   -40.068   -52.784   -59.673
   -72.486   -90.543  -100.820  -103.091   -98.210  -111.458  -156.105  -197.954
CT1880:350          113.298   92.069   71.242   51.077   26.649   22.785
   42.686   73.731   61.896   -20.185  -169.018  -225.296  -150.697   -36.136
   16.513   64.130   26.312   45.959   55.932    -2.979   -33.970   -68.670
   -93.096  -116.691  -136.938  -124.359   -69.688   -72.255  -136.978  -195.976
CT1880:345           94.579   72.542   51.095   28.516    7.493   24.391
  113.953  244.125  251.472  102.814  -112.674  -167.649  -164.546   -94.713
   -16.555  369.767  848.532  794.149  316.582   81.086   18.091   -73.179
  -116.467  -103.668   -79.551   -73.242   -53.864   -55.793  -101.653  -170.910
CT1880:340           79.949   54.339   34.742   18.838    -6.807   11.698
  141.840  362.306  407.248  188.700  -266.844  -431.683  -244.770    -8.847
   42.190   62.990   67.167   80.667  102.148   85.376   33.058   -63.820
  -105.256  -108.883  -108.641   -94.666   -40.268   -45.341  -131.498  -210.002
CT1880:335           91.896   70.867   51.660   28.845    1.644   25.576
  141.501  309.445  356.522  309.258  238.351  201.980  123.646   80.970
   18.497  -323.864  -739.796  -669.149  -197.733   19.508    7.645   -45.525
   -68.994   -84.423   -92.227   -82.116   -47.074   -48.315  -114.138  -191.171
CT1880:330          119.447   91.766   61.045   24.489   -12.176    -1.761
   79.394  189.779  237.859  298.271  375.025  364.684  251.863  104.505
   17.277  -112.894  -145.907  -160.456  -109.001   -29.643   -18.643   -37.032
   -48.882   -67.942   -83.302   -78.514   -51.664   -56.713  -110.947  -183.426
CT1880:325          138.474  105.571   74.724   40.634    -4.464    -6.854
   44.218  126.236  165.688  208.490  254.638  241.754  168.792   55.433
    -3.125    -1.861    4.553    -1.368    -8.747   -10.655   -14.466   -38.934
   -51.543   -73.981   -92.024   -88.352   -55.510   -67.268  -148.665  -215.530
CT1880:320          135.490  114.036   85.378   44.319    1.826    -2.219
   44.100  119.883  153.505  138.031   97.490   65.709   38.040    -4.767
   -33.565   -18.150   -12.197    -8.597    2.764    0.414   -20.022   -71.741
   -92.221   -81.876   -71.448   -66.909   -44.765   -49.467  -107.122  -179.828
CT1880:315          116.208  115.147   98.774   67.833   21.493   11.085
   47.895   99.803  114.542   85.448   38.059    8.826    -9.547   -18.254
   -31.364   -45.179   -52.766   -42.006   -13.494    -6.464   -23.841   -50.154
   -64.882   -74.533   -76.565   -66.997   -41.461   -50.415   -93.798  -150.696
CT1880:310          104.561   93.063   77.479   56.317   31.872   27.413
   55.471   96.183   99.542   65.128   21.875    -6.556   -32.074   -56.812
   -65.072   -63.932   -63.617   -49.521   -19.800    -7.874   -25.453   -54.953
   -70.484   -81.855   -89.209   -85.973   -68.631   -76.975  -117.064  -157.468
CT1880:305           88.928   76.775   63.920   54.581   43.740   42.106
   64.100   96.279   85.889   38.431   -20.323   -55.901   -78.227   -88.865
   -85.132   -69.070   -48.749   -33.838   -14.796    -6.796   -22.263   -52.758
   -68.003   -75.877   -80.843   -78.842   -66.037   -76.329  -113.350  -153.252
CT1880:300           78.747   61.989   48.248   38.736   32.358   33.780
   54.946   80.198   55.845   -35.053  -134.893  -171.080  -197.057  -165.295
  -134.507  -107.159   -75.950   -58.119   -25.751    -0.864   -10.909   -37.823
   -50.611   -61.355   -67.813   -65.480   -53.625   -66.089  -107.646  -148.969
CT1880:295           69.350   54.338   41.022   31.700   25.644   22.352
   31.384   51.980   24.299  -128.753  -354.288  -417.629  -336.014  -233.190
  -199.695  -138.762  -113.184   -99.287   -57.147   -34.862   -33.605   -40.069
   -46.971   -56.595   -66.460   -67.051   -53.382   -57.275   -81.464  -112.029
CT1880:290           73.720   54.878   39.584   29.076   21.828   14.588
   10.170    6.475   -15.488   -89.620  -218.961  -244.408  -112.920   51.925
   80.556   26.030   -27.542   -43.017   -50.911   -51.303   -41.279   -21.316
   -21.700   -40.486   -57.952   -60.965   -48.616   -52.999   -70.666   -92.657
CT1880:285           90.607   68.886   52.640   39.514   27.724   19.173
   14.992   13.546    9.926   33.192  102.366  152.525  215.243  322.071
  323.455  150.447    4.719   -24.291   -17.852   -10.355    -5.974    7.963
    4.500   -23.807   -51.125   -62.110   -66.545   -79.534   -98.652  -116.680
CT1880:280           98.994   86.645   69.974   46.506   18.587    3.230
    3.052    5.066    9.805   54.711  114.915  152.407  212.052  255.597
  240.510  119.829   -12.012   -35.018    -5.585    6.276    8.947    3.864
    -8.228   -28.029   -47.405   -65.019   -79.238   -95.967  -119.180  -143.284
CT1880:275           93.920   82.173   66.759   42.919   11.273    -4.980
    -0.851   14.427   24.309   36.790   45.072   59.438  103.361  131.573
  121.522   58.255   -18.146   -24.404   36.113   71.628   54.748    6.179
   -17.195   -28.193   -42.709   -63.252   -83.656  -105.823  -136.280  -164.369
CT1880:270          111.538   76.650   45.079   21.433    2.554   -10.723
   -14.437   -14.971   -14.932   -12.847   -12.405    -3.792   21.044   50.897
   52.582   24.920    0.144    2.509   39.793   62.884   62.300   52.989
   36.950    -7.610   -50.820   -72.827   -86.362  -106.085  -133.512  -163.007
CT1880:265          122.936   87.068   54.296   23.281    -7.036   -27.184
   -32.967   -39.726   -50.479   -55.457   -65.872   -66.192   -49.224   -23.891
   -15.140   -15.590   -13.145    -6.260   11.407   26.793   37.528   49.460
   41.426    1.785   -45.823   -71.339   -86.653  -107.781  -133.340  -159.500
CT1880:260          131.999  105.166   74.593   39.846    1.973   -22.028
   -25.688   -13.852   -20.135   -52.994   -97.297  -105.775  -100.078   -82.688
   -69.877   -54.467   -33.430   -24.860   -23.051   -15.156    9.630   55.770
   59.564   22.350   -18.910   -50.243   -90.548  -118.482  -133.911  -151.549
CT1880:255          130.978  101.294   67.068   24.781   -21.387   -50.234
   -47.962   -31.510   -45.298   -98.904  -174.117  -189.938  -165.872  -129.331
  -109.723   -91.841   -81.000   -68.849   -51.185   -35.563   -11.796   30.193
   36.972    7.974   -28.233   -54.114   -80.488  -106.647  -131.435  -159.747
CT1880:250          110.869   85.010   58.139   29.526    -0.885   -27.997
   -51.290   -70.726   -93.614  -142.002  -210.924  -222.017  -166.026   -89.709
   -59.531   -40.877   -21.142   -20.095   -42.107   -46.588   -34.269    -6.377
    2.929    -4.803   -18.130   -35.559   -51.973   -78.520  -120.266  -161.787
CT1880:245          108.687   80.529   52.133   24.619    -2.463   -32.651
   -74.375  -126.575  -158.914  -161.138  -171.828  -167.646   -94.160   -42.761
   -17.417    2.901   10.434    2.341   -42.725   -63.629   -46.417    -9.488
    2.816    -3.293   -12.295   -31.376   -58.067   -91.240  -134.991  -176.983
CT1880:240           95.418   69.319   45.495   22.248    -0.683   -30.376
   -75.956  -125.752  -152.495  -120.139   -14.274   26.814   -11.326    -3.041
   25.861   26.731   24.943   12.523   -40.767   -62.279   -46.659   -14.963
    0.333   14.960   19.038   -10.371   -60.041   -99.700  -143.338  -187.658
CT1880:235           82.008   67.564   45.644   21.697    -2.473   -32.520
   -77.396  -118.463  -160.547  -266.712  -410.505  -426.029  -264.983  -126.968
   -72.779   -30.272    -2.844    -1.284   -31.043   -42.183   -34.174   -14.671
    0.319   34.770   52.753   16.540   -52.243  -102.886  -141.413  -177.779
CT1880:230           65.485   49.418   32.412   14.204    -3.035   -25.652
   -72.998  -118.413  -162.816  -284.227  -410.827  -462.366  -431.036  -361.953
  -281.434  -129.363   -18.945    2.767   -13.643   -17.973   -25.315   -25.244
   -14.114   27.663   46.738    8.565   -63.762  -107.340  -139.494  -173.842
CT1880:225           64.559   47.166   28.848   11.016    -5.426   -17.549
   -23.386   -36.466   -64.209  -100.454  -178.508  -267.965  -430.552  -507.373
  -421.496  -160.320   14.889   44.353   16.038    1.064   -20.323   -36.812
   -33.043    4.377   23.094    -7.816   -61.684  -102.114  -139.154  -175.587
CT1880:220           73.445   53.195   35.296   13.666   -12.063   -12.531
   58.502  154.862  159.767  123.440   73.778   -19.940  -316.700  -469.157
  -373.851   -71.077  127.550  138.115   73.000   37.699    2.414   -29.278
   -34.500    0.891   20.703    -9.758   -60.314   -99.750  -142.567  -183.828
CT1880:215           75.026   58.083   41.230   20.757    -6.056    -2.507
   77.065  185.258  189.752   47.892  -144.076  -187.269  -185.428  -189.672
  -114.241   96.126  210.450  203.250  141.041   93.412   46.901    -2.231
   -23.684    -9.202    -0.193   -19.959   -51.264   -88.244  -138.635  -192.629
CT1880:210           66.066   49.451   34.311   18.458    3.632    1.519
   13.715   16.834    0.529   -60.706  -227.982  -236.515  106.430  441.587
  509.767  404.299  308.059  269.562  205.470  152.702   96.974   24.470
   -13.815   -16.719   -13.318   -32.103   -52.822   -80.599  -124.968  -177.718
CT1880:205           58.228   40.191   25.392   18.463   14.352   10.631
    -0.165   -12.916   -14.632   55.820  231.778  344.071  481.391  731.446
  786.739  516.790  250.496  215.409  229.923  205.302  144.926   42.481
    -9.608   -31.227   -55.270   -70.075   -61.163   -83.598  -134.213  -183.873
CT1880:200           64.045   50.135   36.138   20.876    7.340    -1.966
   -16.559   -28.181   -39.575   -70.504   -30.765   38.034   82.453  229.767
  290.286  259.662  237.837  228.611  226.218  218.362  168.492   98.922
   54.952   17.446   -17.653   -48.230   -75.821  -107.674  -146.559  -187.275
CT1880:195           73.452   67.403   54.526   25.696   -14.974   -30.466
   -30.997   -16.394   -17.471  -219.142  -654.159  -786.199  -527.312  -399.764
  -348.847   -43.019  176.742  201.355  178.705  152.704  133.877  112.112
   78.868   46.180   20.164   -26.696  -101.628  -146.581  -170.499  -195.088
CT1880:190           71.936   59.151   44.121   25.547    9.550   20.084
   52.677   74.946  118.108  284.043  549.586  600.794  349.430  135.559
   95.532  105.426  159.204  180.433  198.486  197.753  156.021   83.186
   39.252   19.442    2.452   -34.161   -82.732  -124.592  -159.702  -193.394
CT1880:185           64.194   61.105   59.202   56.042   43.827   73.271
  182.831  337.412  451.789  677.801  986.852 1024.184  721.105  300.986
  185.632  166.915  158.410  178.531  253.057  284.810  224.674   94.322
   34.262   17.102    -0.472   -30.586   -52.050   -86.578  -137.845  -185.187
CT1880:180           67.589   65.468   60.493   45.835   21.948   52.534
  181.602  337.615  437.960  572.967  671.106  651.110  490.066  235.417
  149.666  137.117  134.064  165.894  261.615  301.832  256.679  160.463
  105.307   66.656   35.364    0.494   -33.281   -72.392  -118.885  -171.223
CT1880:175           65.988   72.587   68.626   46.865   19.210   41.045
  144.860  265.772  323.030  352.663  346.160  313.232  230.951  111.738
   68.757   79.999   91.920  136.584  243.097  285.920  264.046  197.258
  149.201   99.239   46.193    5.216   -32.485   -83.416  -139.263  -192.792
CT1880:170           47.883   71.691   83.669   72.321   41.956   48.772
  108.070  188.654  208.970  140.531   97.508   94.721   19.356   23.482
   25.300   37.999   72.948  127.033  256.401  326.284  299.135  207.762
  159.956  129.511   99.938   42.910   -33.728   -97.879  -166.948  -232.394
CT1880:165           37.878   23.013   13.475   14.491   20.932   25.688
   26.237   45.090   49.078  -107.839  -373.055  -445.355  -250.777   -70.543
   -53.905   -58.026   -40.404   24.413  194.937  293.748  260.410  159.567
  117.201   87.895   47.334    -0.749   -57.678  -115.747  -176.199  -231.947
CT1880:160           27.933    -1.033   -17.876   -15.528    1.180    -9.265
   -92.327  -201.353  -209.448   -65.517  128.556  154.612   38.376   -56.155
   -93.351  -131.588  -155.750  -117.772   -19.101   35.030   82.429  125.110
  122.443   84.050   43.450    -3.679   -65.796  -118.563  -171.433  -223.616
CT1880:155           15.489   14.370   12.405   14.408   17.421    8.155
   -44.664  -101.685   -54.140  215.660  542.370  565.974  288.795   39.961
   -36.970  -107.346  -151.042  -163.900  -159.516  -130.688   -55.798   50.698
   83.152   70.290   53.403   17.613   -37.047   -92.224  -152.393  -207.876
CT1880:150           35.139   57.186   71.930   67.208   45.409   33.752
   25.850   22.064   63.841  207.085  343.225  349.584  200.115   33.405
   -25.646   -59.779   -92.260  -131.348  -191.062  -199.807  -135.538   -22.920
   20.915   36.279   42.137    9.686   -48.530   -97.392  -150.698  -205.593
CT1880:145           75.815   83.416   79.273   58.967   32.251   21.359
   31.713   40.825   52.467   67.035   53.139   40.916   43.983   26.144
    6.984   16.808   23.280   -15.025  -113.252  -164.520  -141.164   -74.861
   -42.097    7.315   42.482   15.050   -51.528  -113.093  -175.853  -235.013
CT1880:140          107.882   89.057   72.099   58.564   48.156   39.539
   35.047   42.485   47.201   23.238    4.868    8.511   21.267   46.563
   57.141   87.335   97.062   72.439    -4.984   -58.286   -74.709   -66.370
   -50.801   -10.218   23.904    -6.166   -83.730  -142.279  -209.140  -267.097
CT1880:135           71.906   57.532   43.661   31.069   20.043    9.118
    -4.810   -27.686   -41.285   -36.934   -25.126   -15.820   16.545   61.217
   87.822  134.070  168.930  155.959   93.285   44.680   -28.148  -114.305
  -116.286   -30.105   37.348   10.912   -64.533  -128.145  -187.385  -239.739
CT1880:130           36.960   32.383   34.362   36.003   34.637   28.171
   13.608    -2.757   -15.812   -33.634   -50.920   -53.797   -36.035   -19.722
    8.612   79.437  134.797  134.178   79.138   25.434   -49.762  -136.781
  -137.877   -35.279   44.493   15.283   -64.311  -110.868  -147.002  -185.978
CT1880:125           25.884   31.256   37.643   46.209   54.080   53.643
   42.988   28.814   10.026    -9.801   -33.611   -56.120  -107.822  -146.675
  -124.896   -67.440   -14.571   26.634   73.733   75.468    0.866   -86.509
   -94.720    -5.955   57.280   28.298   -43.224   -97.645  -137.191  -174.812
CT1880:120           25.205   25.026   24.167   22.720   21.740   19.404
   26.436   29.762    1.815   -28.393   -67.505  -110.274  -197.677  -256.145
  -225.427  -155.076   -74.445    8.954  129.061  172.131  102.781   10.770
   -17.533   26.061   56.065   20.524   -53.331  -105.420  -148.970  -186.800
CT1880:115           17.971   15.908   18.366   23.584   28.657   30.588
   46.438   55.956    4.211  -127.428  -259.132  -306.480  -329.389  -316.892
  -226.179   -70.897   66.331  167.398  276.057  310.626  223.864  105.329
   50.952   50.025   51.591   17.716   -40.271   -95.007  -140.483  -183.910
CT1880:110           22.588   16.658   15.923   25.562   42.659   46.223
   60.170   72.156   -11.763  -288.753  -557.200  -593.570  -457.522  -255.671
  -107.256   92.311  244.829  375.767  497.096  514.542  411.294  198.763
   95.732   65.519   39.963    -1.350   -37.824   -83.951  -135.229  -189.679
CT1880:105           24.432   25.840   29.599   39.673   49.764   41.695
   28.174   12.316   -64.984  -351.635  -726.978  -777.336  -468.860  -145.458
   12.294  256.287  468.660  594.676  745.819  787.424  643.736  333.072
  191.688  117.257   46.685   -10.533   -42.549   -86.684  -141.620  -199.999
CT1880:100           44.423   52.854   55.867   54.116   49.601   32.236
    -7.922   -50.177   -90.295  -180.807  -257.975  -247.829  -159.519   -27.689
   73.334  261.649  447.729  542.230  733.781  865.816  718.368  440.141
  328.198  204.858   71.971    1.833   -34.711   -89.250  -149.935  -211.393
CT1880:095           56.482   58.224   55.737   50.144   41.337   22.388
   -36.463  -112.384  -109.118   45.688  249.222  297.074  219.151  120.698
   95.160   10.830   -70.931   -55.824   -51.812   -33.954  138.268  445.674
  483.199  284.904   92.949    6.116   -53.625  -107.369  -157.047  -207.986
CT1880:090           48.124   64.090   68.174   53.499   28.536   16.755
    0.807   -15.399   25.827  202.897  424.616  467.598  360.362  215.454
  136.437   -25.107  -145.652  -205.286  -382.197  -439.198  -166.906  279.099
  368.595  226.976   64.146   -12.102   -74.992  -133.001  -168.116  -203.874
CT1880:085           53.209   37.788   24.344   14.266    5.455    2.396
   10.019   23.467   71.439  204.213  343.816  362.431  264.639  130.807
   63.682    -4.894   -61.149   -87.393   -77.322    -6.765  111.383  323.253
  381.529  270.099  142.074   51.868   -42.554  -114.747  -163.789  -205.475
CT1880:080           61.978   33.322   10.727    -0.770    -4.449    -1.677
   14.547   34.156   71.756  146.349  217.560  214.965  130.410   43.350
    6.628   20.678   23.786   18.930   69.902  142.619  253.948  386.082
  413.305  289.139  162.001   72.510   -26.918   -98.806  -145.751  -184.833
CT1880:075           70.790   57.370   42.209   22.167    2.043    0.025
   19.224   43.183   66.339   82.280   89.990   80.694   35.893    -6.862
   -16.083   36.735   50.243    -0.697  -104.390  -126.126   24.471  239.653
  304.388  234.766  151.131   79.210   -25.870   -99.278  -134.799  -176.265
CT1880:070           79.677   78.888   71.211   49.846   20.346   12.279
   18.145   27.517   45.960   80.183  103.411   98.320   70.597   44.501
   39.281   73.102   74.446   -58.935  -349.212  -432.600  -295.194    -7.595
  108.011  158.285  179.050  108.175   -26.889  -105.582  -155.849  -195.521
CT1880:065           69.551   65.459   60.044   49.834   36.610   31.688
   25.962   11.830   19.131   88.765  171.785  183.943  126.187   76.670
   81.466  118.381  112.155   -25.033  -459.198  -701.409  -494.166  -159.411
   -41.471   75.639  164.770  135.952   19.263   -69.823  -120.638  -159.102
CT1880:060           53.988   40.110   31.016   31.183   35.746   36.375
   41.739   54.784   56.467   60.000   48.729   46.748   68.369   81.074
  115.777  204.388  220.492  143.463   25.278   15.933  -132.070  -192.300
  -126.822   42.412  177.509  150.199   17.132   -46.455   -72.635  -111.487
CT1880:055           50.337   33.698   19.583    6.678    -5.844   -10.281
    8.897   25.781    3.235   -47.688   -91.965  -105.944  -126.148   -86.748
    -2.483  236.452  413.401  302.531  -120.362  -362.802  -329.235  -240.355
  -179.203   -40.318   64.799   67.983   15.674   -38.408   -89.433  -133.552
CT1880:050           60.211   43.227   27.375   11.842    -1.138    -8.900
    3.379   15.564   -41.143  -251.599  -465.120  -505.248  -456.071  -386.855
  -268.092   55.154  242.531  169.899  -111.772  -261.690  -255.844  -174.863
  -130.169   -69.021   -13.569    -9.979   -30.332   -53.669  -104.360  -154.118
CT1880:045           76.594   62.395   46.408   25.947    3.543   -12.911
   -10.943   -11.746   -79.926  -329.844  -597.299  -594.667  -349.396  -160.837
   -76.430   36.831   71.197   23.666   -74.147  -131.409  -122.722   -95.052
   -83.479   -94.187   -99.799   -83.842   -52.596   -57.562  -101.413  -149.045
CT1880:040           96.861   80.534   59.403   32.974    5.323   -17.446
   -30.449   -40.425   -59.876   -94.859   -91.487   -29.273  199.001  469.999
  452.444  172.931   -14.743   -94.055  -119.810  -111.613  -131.460   -99.957
   -72.437   -98.434  -122.841  -106.215   -65.515   -58.716   -99.965  -148.430
CT1880:035          101.964   88.993   72.342   48.929   23.761    -2.626
   -53.271  -114.087  -112.327   -13.896   95.376  164.188  284.722  352.434
  309.010   95.623  -108.580  -249.737  -500.765  -606.309  -455.837  -165.121
   -78.788   -85.152   -90.549   -74.376   -37.152   -41.498  -105.332  -162.478
CT1880:030           75.843   55.286   35.778   18.460    0.490   -22.233
   -64.177  -104.509   -87.757   12.317  129.211  182.807  222.106  232.069
  172.947    2.273  -134.472  -294.795  -636.275  -786.947  -565.595  -196.896
   -99.256   -99.138  -102.633   -87.476   -58.179   -53.105   -90.624  -146.192
CT1880:025           55.976   29.572    8.751    -3.787   -12.290   -28.007
   -63.669  -102.636   -87.587    9.500  119.745  153.708  139.694  110.003
   58.862   -81.026  -217.067  -239.513  -171.420  -122.108  -127.608   -73.954
   -42.639   -63.706   -82.095   -70.450   -32.301   -40.790  -115.122  -180.622
CT1880:020           52.733   37.220   22.688    9.387    -4.535   -21.049
   -47.901   -72.267   -58.667   11.640   91.139  107.536   61.647   13.967
    -9.543   -15.296   -19.297    -7.587   96.121  141.150   90.893    3.199
   -18.516   -61.734  -104.780   -91.503   -40.942   -35.640   -96.242  -166.445
CT1880:015           80.318   57.957   37.008   18.175    -0.185   -17.855
   -38.431   -56.801   -52.410   -16.989   21.431   23.447   -29.789   -82.851
   -79.672   12.293   85.739   89.586  101.286  103.353   74.790    2.573
   -28.024   -73.829  -115.335   -97.149   -35.037   -26.057   -70.432  -139.394
CT1880:010          126.447   85.914   50.646   20.580    -8.611   -29.905
   -37.709   -39.942   -42.216   -47.503   -51.718   -56.154   -81.944  -111.826
  -104.113   -35.105   16.316   19.012    1.748   -14.440   -11.637   -22.874
   -37.431   -61.701   -76.127   -70.609   -40.825   -48.420  -111.428  -167.187
CT1880:005          121.404   95.123   66.736   33.358    2.167   -17.299
   -30.045   -43.326   -52.898   -65.969   -76.357   -75.571   -56.597   -31.042
   -38.838   -97.555  -142.571  -134.549  -121.496  -126.332  -111.894   -88.565
   -87.229   -77.771   -70.205   -61.317   -39.300   -48.379  -104.611  -163.096
CT1881:360          122.475   97.813   69.653   30.678   -11.041   -30.501
   -27.114   -21.923   -31.064   -59.581   -82.084   -76.044   -31.997    7.070
    9.304   -18.410   -28.306   -45.865   -64.202   -71.868   -88.316   -93.958
   -92.711   -76.811   -62.694   -55.573   -44.294   -53.724   -88.655  -135.875
