
filled_synop: 30 data points in equal steps of sine latitude from +14.5/15 to  -14.5/15

CT1792:360          -109.651  -100.566   -87.516   -61.064   -21.621    -1.298
   -19.652   -49.784   -51.493   -26.458    -3.468    3.646    4.789    7.675
   13.463   17.777   23.728   36.673   53.030   59.956   64.348   67.055
   43.468   -27.398  -131.006  -154.138   -98.400   -30.052   30.445   98.432
CT1792:355          -118.704  -103.661   -88.149   -63.939   -21.724    1.405
    -8.826   -30.364   -34.963   -32.272   -24.114   -18.182   -15.684   -10.643
    4.704   26.547   37.479   41.082   41.054   46.341   62.530   83.143
   61.941   -15.913  -115.833  -139.819   -98.008   -42.462   12.329   79.497
CT1792:350          -128.908  -110.545   -90.588   -58.955   -18.978    2.377
    -3.596   -20.213   -27.686   -35.026   -38.525   -33.355   -25.778   -15.304
    4.331   34.729   48.031   41.339   24.363   24.566   54.488   88.781
   68.436   -19.652  -129.224  -150.614  -107.832   -42.603   21.253   88.161
CT1792:345          -142.198  -121.292   -98.356   -69.628   -26.774    -3.635
    -3.288   -14.454   -22.460   -35.292   -40.136   -35.736   -30.579   -19.299
    3.622   33.014   43.939   40.395   33.084   30.616   46.802   68.980
   48.817   -29.036  -123.081  -137.657   -73.830    -1.418   51.592  102.484
CT1792:340          -149.133  -129.993  -106.828   -69.347   -27.573   -12.182
   -10.550   -20.845   -27.898   -55.694   -69.544   -51.061   -23.023    -1.674
   14.133   29.543   34.020   32.620   32.845   23.396    1.002   -12.934
   -30.640   -73.924  -121.828  -116.082   -60.811    6.885   57.193  100.592
CT1792:335          -150.218  -133.692  -117.012   -84.786   -29.709   -24.612
   -45.089   -63.732   -69.234   -86.403   -75.667   -46.534   -16.396    5.553
   27.954   53.419   55.584   19.279   -28.714   -46.439   -59.827   -84.165
   -94.349   -80.369   -62.181   -49.253   -20.633   13.333   50.105   90.516
CT1792:330          -146.131  -119.334   -91.155   -52.373    -9.778   -24.891
  -164.764  -299.177  -284.958  -164.311   -78.683   -26.769   23.306   54.230
   55.989   44.383   37.241   29.212   22.081    3.513   -33.728   -59.655
   -69.774   -68.149   -59.397   -42.345    -9.419   24.786   55.564   86.352
CT1792:325          -131.414  -107.833   -94.991   -88.816   -60.418  -115.254
  -346.619  -564.512  -522.469  -245.712   -68.350    6.508   67.192  100.733
   87.796   55.997   41.923   36.660   34.711   18.619   -14.486   -50.695
   -62.350   -57.621   -52.450   -34.889    0.210   34.191   60.814   82.059
CT1792:320          -131.803  -108.036   -76.303   -80.058  -104.685  -163.025
  -375.758  -597.832  -551.958  -260.267   -26.068   57.106   96.651  121.688
  100.158   47.086   23.811   21.557   21.148    6.765   -23.191   -58.580
   -69.345   -57.042   -38.591   -21.375    4.497   31.188   53.800   72.558
CT1792:315          -112.662   -88.005   -73.847  -106.274  -169.489  -232.785
  -358.961  -508.084  -466.870  -220.525   -11.651   65.093   90.699  104.733
   84.050   33.048    8.459    2.602    2.047   -10.205   -39.518   -72.097
   -81.393   -70.179   -49.735   -31.082    -5.390   18.849   39.086   59.824
CT1792:310          -112.777   -79.294   -54.311  -100.156  -221.401  -298.071
  -330.873  -357.638  -317.502  -160.334    -7.254   47.974   51.001   51.961
   39.164    9.877    -6.266   -10.439   -11.023   -18.877   -42.416   -72.377
   -79.975   -68.957   -49.207   -35.994   -24.122    -8.720   14.424   43.483
CT1792:305          -112.647   -80.068   -61.364  -126.267  -261.331  -325.094
  -301.096  -243.030  -187.893   -83.307   10.441   37.300   13.549    2.627
    -6.280   -19.190   -24.411   -19.364    -7.920    -9.773   -27.497   -51.627
   -58.491   -55.293   -43.092   -33.111   -25.937   -15.067    5.987   33.706
CT1792:300          -140.372  -106.140   -73.747  -122.709  -262.159  -308.804
  -242.907  -136.188   -79.935   -29.570    7.518   14.981   -12.353   -24.333
   -31.686   -36.515   -35.775   -26.395    -7.562    -0.641   -11.236   -22.533
   -25.289   -33.153   -32.289   -28.340   -10.747   11.261   28.503   45.879
CT1792:295          -146.182  -120.923  -102.004  -146.519  -234.457  -252.185
  -147.374   -11.438   27.221   11.280    -1.640    -8.550   -25.898   -31.971
   -33.944   -34.772   -33.669   -29.477   -22.253    -5.294   18.233   30.859
   28.101    7.925   -30.438   -38.765   -13.698   20.341   46.617   67.513
CT1792:290          -144.004  -127.705  -116.891  -126.479  -160.674  -146.029
   -40.137   70.373   83.863   15.130   -29.180   -29.418   -15.987   -10.183
    -9.017   -10.532    -8.536   -13.399   -21.456    6.347  143.926  257.325
  260.631  179.561   21.644   -19.446   10.925   43.336   65.332   88.547
CT1792:285          -160.400  -144.351  -127.896  -112.471   -92.047   -56.576
   29.730  107.036   95.206    5.414   -38.987   -28.942    9.228   22.973
   19.489    8.437   10.307   24.484   26.574   44.346  233.622  454.264
  442.242  224.479   19.040    0.964   28.340   52.225   75.795  100.372
CT1792:280          -160.955  -137.967  -114.695   -58.143   15.541   54.300
   68.434   61.718   40.711   -20.842   -54.303   -31.164   30.147   49.814
   37.047   12.587   12.690   68.435  141.099   91.453  -136.011  -342.466
  -347.404  -194.946   -37.981   15.834   38.489   58.058   84.144  111.916
CT1792:275          -186.611  -165.454  -124.107    -8.584  141.171  188.130
  128.831   66.688   27.778   -32.755   -54.409   -31.203   26.884   46.027
   37.358   18.125   10.020    7.321   -15.443  -115.805  -533.692  -978.551
  -968.057  -556.503  -122.498   11.517   48.080   76.197  107.471  137.315
CT1792:270          -156.569  -137.886  -119.240    -2.084  193.887  242.410
  122.387    -2.845   -41.451   -70.094   -83.001   -46.187   29.623   50.880
   28.264    -4.331   -10.489   14.623   44.536    -3.299  -104.778  -123.817
  -144.769  -142.841   -55.072    9.996   42.207   71.343  110.098  148.457
CT1792:265          -200.238  -166.444  -106.128   23.715  195.203  234.154
  102.485   -29.850   -62.899   -49.983   -40.139   -18.629   22.421   33.062
   12.347   -21.438   -21.840   17.855   57.856   57.490   59.133   55.880
   44.749   16.240   -14.483    3.994   41.607   74.523  107.001  142.146
CT1792:260          -177.641  -150.846  -104.546   17.113  189.051  228.203
   95.167   -32.253   -53.673    -4.679   23.597   26.438   23.840   19.796
    3.208   -18.637   -12.649   23.219   64.152   95.671  125.747  152.740
  138.979   77.979   15.969    -4.522   33.064   76.006  110.500  146.524
CT1792:255          -148.801  -130.963  -112.016    8.825  203.311  246.331
   99.243   -44.612   -50.315   47.585   84.402   69.724   24.363    6.067
    -2.066    -4.729    9.066   30.514   71.284  138.243  202.132  216.338
  204.629  126.491    4.152   -38.818   20.132   85.641  127.916  174.734
CT1792:250          -204.537  -150.451   -75.897   60.883  248.783  290.518
  148.523    6.086    -1.267   98.913  133.512  102.674   20.258   -11.229
   -13.833   -14.242    3.889   20.493   49.993  186.716  569.091  868.141
  818.936  434.500   -22.910  -143.899   -45.372   62.848  145.978  233.296
CT1792:245          -225.996  -146.390   -44.922  102.521  271.699  308.244
  187.966   58.318   33.582   93.749  111.312   75.678    5.100   -14.157
   -23.907   -39.953   -18.201   29.352   82.727  247.539  849.224 1351.838
 1258.857  591.670  -124.950  -272.817  -136.236   40.630  189.832  338.915
CT1792:240          -207.973  -116.479   -27.470  109.094  311.663  351.811
  217.136   81.880   15.163   -30.647   -38.559   -55.463   -44.755   -28.031
   -30.258   -43.278   -18.206   69.900  178.713  255.449  536.099  818.465
  684.195   72.059  -444.093  -471.705  -215.896   51.806  256.249  376.980
CT1792:235          -175.348   -67.473   44.529  165.310  281.119  288.106
  131.578   -35.940  -143.460  -343.295  -450.191  -336.551  -104.346   -25.065
   -17.746   -19.590    -5.598   29.233   55.492   -22.712  -487.670 -1046.704
-1105.749  -865.362  -675.817  -563.377  -309.289   12.095  284.190  391.057
CT1792:230          -132.976   -27.603   65.325  138.227  215.167  204.842
   47.090  -114.475  -198.239  -276.867  -298.691  -234.617   -74.963    -6.690
    -4.519   -13.084   -14.591   -10.523    -6.695  -114.647  -487.795  -787.806
  -867.841  -782.039  -564.024  -399.861  -172.362   61.731  252.686  246.061
CT1792:225          -133.222   -37.621   53.707  109.861  147.262  136.746
   23.522   -89.736  -106.312   -39.761    3.916    4.766    1.585    1.497
    -7.670   -21.148   -31.848   -41.861   -50.159  -111.490  -245.413  -365.602
  -389.602  -317.617  -210.896  -121.027   -30.377   64.878  164.856  270.968
CT1792:220          -142.379   -50.298   31.823   76.784  103.337  108.842
   61.814   20.657   45.333  148.064  184.101  145.148   44.196    -1.320
   -17.967   -34.918   -49.892   -67.276   -90.030  -117.476  -132.719  -146.145
  -138.424   -68.498    -0.945   42.764   73.750   90.360  120.197  164.943
CT1792:215          -175.069   -88.282    -0.975   36.216   53.649   76.466
  102.074  122.744  154.183  241.663  268.350  183.931   40.388   -11.777
   -18.628   -15.747   -24.566   -44.668   -65.949   -77.145   -83.886   -95.873
   -84.771   -36.223    -1.150   29.020   56.784   76.507  105.421  140.892
CT1792:210          -160.533   -82.745   -16.885    2.455    5.997   41.363
  135.018  212.858  213.754  151.121   98.718   62.982    2.606   -29.645
   -23.166    -0.002    5.065    4.027    6.393    5.780    -6.444   -13.379
   -11.034    -1.105   10.243   26.551   50.142   72.883   96.194  119.955
CT1792:205          -176.451  -108.258   -38.708   -12.457   -12.190   22.648
  128.099  214.734  199.371  106.802   57.583   17.078   -23.722   -42.537
   -37.708   -30.647   -12.690   34.942   78.468   93.318   80.546   71.322
   61.096   41.506   32.151   36.889   68.239   98.239  117.127  134.103
CT1792:200          -172.777  -117.150   -66.952   -32.871    -4.273   31.852
   91.784  143.410  130.878   59.122   15.738    -2.173    -7.457   -14.976
   -26.501   -34.887    -9.217   63.524  126.362  166.451  190.678  186.957
  164.705   92.763   12.763    -3.035   38.596   87.973  124.074  153.948
CT1792:195          -185.031  -129.989   -79.496   -49.949   -25.460    -0.301
   22.679   41.052   34.829    3.551   -16.088   -18.280    -5.187    -6.185
   -14.668   -14.792   13.190   97.395  193.660  266.296  385.564  469.217
  432.798  232.998   26.395   -25.379   22.948   82.184  125.131  166.579
CT1792:190          -214.061  -154.335   -91.745   -60.118   -36.044   -13.899
   -11.101    -8.947    -8.884   -16.822   -22.264   -22.190   -22.446   -31.888
   -44.903   -70.218   -53.592   24.186  112.610  209.172  439.327  614.517
  579.351  289.895   12.975   -39.025   26.312   95.226  134.643  169.001
CT1792:185          -188.900  -151.412  -114.735   -81.707   -46.672   -23.314
    -6.089    9.727    7.217    -9.176   -16.036    -6.684   21.737   16.733
   -42.899  -113.515  -121.572   -95.985   -57.964   25.841  243.262  417.942
  417.255  240.322   38.827   -13.333   29.106   82.539  118.507  147.260
CT1792:180          -170.031  -149.489  -123.066   -83.048   -34.651    -6.575
    6.198   15.423   14.522    0.435    -8.799    0.029   19.419    9.152
   -44.173  -108.223  -136.610  -185.544  -223.197  -176.814   -14.643  136.552
  168.058   98.715   22.543   21.889   53.384   85.386  105.179  118.543
CT1792:175          -154.089  -140.163  -125.924   -85.174   -25.982    1.674
    9.260   12.376   15.759   26.611   28.881    9.903   -20.428   -39.036
   -51.534   -64.946   -98.565  -205.830  -298.254  -290.241  -217.251  -140.196
   -83.000   14.331   99.287  123.331  116.638  105.669   94.785   78.413
CT1792:170          -167.337  -141.941  -112.463   -66.832    -8.608   17.903
    9.042    -6.279    -5.459    6.404    4.622   -16.934   -59.019   -76.344
   -68.600   -53.987   -76.881  -153.943  -229.709  -253.001  -273.814  -265.145
  -202.393   -35.962  132.040  172.490  135.205   88.319   58.804   34.851
CT1792:165          -176.666  -148.755  -116.349   -66.771    -7.797   14.020
    3.330   -15.968   -28.562   -41.817   -47.640   -65.538   -83.721   -86.502
   -82.626   -76.107   -88.131  -102.359  -112.078  -148.446  -253.782  -317.491
  -268.198   -83.846  106.310  159.509  128.292   85.893   60.635   41.683
CT1792:160          -187.876  -157.057  -125.789   -85.522   -35.130   -19.873
   -26.480   -34.344   -69.505  -153.974  -180.102  -152.736  -101.014   -84.635
   -82.904   -88.905   -95.478   -81.906   -73.955  -115.987  -259.706  -364.987
  -320.768  -139.060   22.674   77.561   80.689   81.199   84.421   81.779
CT1792:155          -158.653  -139.700  -115.662   -80.230   -40.201   -46.012
  -121.617  -198.373  -215.371  -239.717  -244.956  -173.152   -64.437   -29.150
   -42.220   -59.438   -69.271   -84.955  -104.216  -129.043  -170.906  -194.024
  -173.520  -102.728   -20.403   24.442   42.185   57.135   73.620   87.996
CT1792:150          -112.744  -107.016  -102.627   -84.740   -50.148   -78.478
  -183.278  -261.606  -248.674  -145.835   -70.753   -39.950   -26.009    -2.771
    7.695    8.026    -2.309   -47.664   -93.962  -111.550  -108.988  -102.942
   -91.561   -61.424   -27.221    -0.913   16.368   33.584   48.464   61.290
CT1792:145          -119.563  -101.921   -84.898   -65.919   -45.011   -93.240
  -273.570  -408.319  -358.590  -144.435   -18.866   13.905    7.386   28.486
   47.834   64.978   63.724   32.321    -3.168   -27.893   -65.382   -96.369
   -90.418   -47.135    -2.943   21.206   32.270   43.609   58.943   75.868
CT1792:140          -131.234  -102.482   -79.556   -66.400   -57.404  -133.137
  -413.083  -611.503  -542.748  -220.078   -50.385   -12.686   -19.115    8.812
   50.992   95.871  106.629   90.907   71.192   47.587    -6.178   -51.696
   -53.903   -19.729   14.529   32.698   46.703   61.791   78.709   95.809
CT1792:135          -142.266  -120.489   -96.265   -91.418   -70.772  -120.305
  -426.828  -675.324  -608.276  -277.179  -126.415   -87.656   -61.585   -18.680
   38.043   83.694  102.826  113.329  115.271  100.795   58.735   25.127
   14.082   16.565   24.259   37.227   59.500   79.561   94.923  108.398
CT1792:130          -143.393  -119.732   -99.759   -91.808   -89.411  -112.559
  -144.791  -156.929  -207.665  -294.226  -294.321  -206.866   -36.646   36.685
   55.121   64.998   85.545  115.273  136.022  131.106   95.000   56.440
   42.415   37.480   33.476   40.517   58.191   75.681   89.580  101.350
CT1792:125          -164.401  -139.156  -102.607   -61.362   -16.979   58.684
  227.132  331.089  196.916  -264.734  -479.005  -313.532   -13.984   68.884
   55.708   33.778   52.262  106.210  158.042  164.394  138.869  109.609
   90.684   64.283   39.528   36.938   54.380   73.244   88.867  102.917
CT1792:120          -157.938  -128.260  -101.434    -8.636  113.987  219.060
  513.119  738.611  602.522  137.273   -48.723   -35.725   54.726   73.505
   37.706    -7.906    7.862   79.661  142.279  158.827  159.563  152.836
  131.311   74.436   27.558   23.519   50.027   75.715   95.044  114.915
CT1792:115          -169.336  -137.948   -88.825   22.413  164.478  285.325
  454.539  540.523  509.819  389.534  301.868  195.407   82.424   46.537
   30.082    7.291   17.797   64.333  108.314  129.592  148.246  155.042
  137.424   80.544   25.796   16.888   40.222   67.026   86.806  103.690
CT1792:110          -171.975  -137.227   -82.759   29.725  170.626  263.725
  341.446  380.310  362.440  295.909  226.919  157.756   58.643   17.899
   21.603   28.551   36.700   54.231   73.540   95.677  131.324  156.962
  144.204   85.119   27.485   17.655   42.970   69.781   87.662  101.269
CT1792:105          -159.236  -123.286   -89.314   13.116  160.445  234.245
  237.896  226.854  206.999  156.583  107.537   71.776   28.042    6.483
   19.376   40.510   46.616   45.596   53.916   75.782  118.606  150.927
  143.095   87.182   37.366   30.879   61.254   90.188  103.305  113.222
CT1792:100          -154.064  -124.455   -81.095    1.056   97.012  141.758
  121.292   96.530   70.572   27.266    -0.944    -8.139    3.119    2.493
    8.148   17.193   20.983   14.548   12.626   38.354  101.591  154.240
  152.350   95.250   40.582   28.879   45.109   66.202   83.796  100.650
CT1792:095          -134.692  -103.558   -71.958   -12.794   69.234   98.962
   65.520   36.383   10.766   -30.949   -50.165   -42.249   -13.241    -6.156
    -0.631    3.968    8.098    3.684    5.167   33.701  102.885  158.759
  159.167  105.041   56.171   44.404   57.572   71.399   83.126   97.320
CT1792:090          -134.309  -104.708   -71.391   -25.022   25.937   46.614
   27.643    6.937    -9.773   -31.642   -39.597   -39.079   -31.013   -28.974
   -19.440    -4.106    -1.655   -20.193   -28.502    4.990   89.282  162.065
  167.227  105.916   45.157   30.990   45.974   65.910   80.077   91.428
CT1792:085          -127.097  -104.746   -81.772   -52.951   -17.016    -0.171
    -9.143   -18.202   -17.085    -8.344    -1.852    -8.700   -23.431   -31.846
   -41.196   -47.002   -46.566   -46.128   -37.020    -0.570   88.037  173.934
  183.181  117.933   52.590   37.054   51.867   67.189   74.534   79.086
CT1792:080          -124.822  -107.300   -88.455   -71.377   -56.994   -47.495
   -49.336   -47.076   -29.113   10.254   36.798   30.412    5.671    -7.990
   -30.067   -56.406   -62.299   -53.033   -38.978    -3.148   86.063  168.532
  180.746  128.683   75.104   58.562   62.190   68.135   69.856   70.150
CT1792:075          -118.157  -106.261   -96.092   -91.957   -90.845   -85.385
   -86.083   -80.764   -47.746   18.755   58.335   78.349   79.192   69.862
   49.147    2.357   -14.059   -13.410    -7.683   17.944   85.436  147.043
  162.240  135.001  104.673   92.981   87.681   81.540   71.834   61.230
CT1792:070          -116.822  -106.300   -95.854   -89.961   -86.515   -78.211
   -75.490   -63.427   -29.663   34.735   70.989  123.286  210.582  224.152
  156.338  101.185   80.362   30.396    -2.623   12.805   65.740  116.018
  133.186  137.144  139.690  131.011  113.919   95.688   77.623   56.968
CT1792:065          -129.225  -116.100  -102.231   -91.391   -82.645   -71.422
   -58.778   -42.677   -12.919   44.456   71.820   62.515   51.610   55.484
   63.098   80.959   80.911   33.459    -6.917    7.198   44.469   85.785
  106.642  129.586  151.238  139.726  108.853   76.038   44.523   13.161
CT1792:060          -133.313  -118.089  -101.552   -85.743   -69.990   -53.502
   -32.630   -12.686    1.228   17.862   15.729   -55.538  -193.391  -214.292
  -103.780    4.389   36.993   38.126   40.992   70.133   98.381  133.619
  145.908  160.118  176.012  151.248  113.807   76.278   39.560    4.493
CT1792:055          -127.139  -112.753   -98.482   -77.402   -51.383   -32.733
   -12.530    5.917   12.406   15.464    3.022   -65.769  -163.667  -175.300
  -120.704   -46.667    2.530   74.782  145.901  201.601  245.572  241.220
  258.928  245.404  187.014  142.472  109.515   75.252   45.573   15.363
CT1792:050          -123.641   -98.338   -73.164   -50.518   -29.890   -14.710
    -9.558    -7.079    2.012   21.579   17.013   -26.566   -89.623   -98.452
   -63.677   -12.579   32.788   99.230  161.367  262.932  554.376  751.639
  711.543  437.854  190.947  122.589   96.025   69.886   45.846   21.501
CT1792:045          -123.086   -87.474   -54.714   -32.818   -18.271    -5.054
    1.289    5.505    7.487   17.437   17.603    -8.432   -31.747   -32.360
   -30.309   -22.674   10.701   88.739  156.815  210.781  415.282  590.302
  545.300  314.185  149.320  119.049  103.651   79.120   53.743   29.408
CT1792:040          -129.219  -101.016   -74.663   -48.635   -26.201   -10.877
    3.326   12.284    4.076   -31.201   -52.301   -49.610   -49.040   -46.847
   -31.932   -14.649    -2.479   10.262    5.471   -59.749  -335.616  -568.071
  -499.806  -167.656   89.447  138.474  112.422   83.836   65.470   49.463
CT1792:035          -130.946  -108.885   -88.707   -64.520   -36.675   -19.020
    -5.353    5.121    -2.596   -26.126   -35.258   -47.209   -63.847   -62.505
   -31.399    2.885    2.839   -10.884   -38.683  -179.201  -651.398  -987.961
  -906.237  -422.644    4.745  115.504  100.139   84.994   83.113   80.791
CT1792:030          -136.044  -128.968  -122.481   -88.926   -34.006   -15.287
   -34.691   -48.318   -42.218   -24.238   -15.558   -21.766   -30.696   -29.886
   -14.442    7.430    4.635    8.627    -1.945  -103.053  -360.594  -497.168
  -469.106  -233.643    -0.897   76.141   73.886   79.124   94.740  109.417
CT1792:025          -153.040  -139.626  -119.858   -83.537   -41.281   -27.259
   -56.496   -78.807   -63.915   -20.568    0.572    9.696   18.306   17.828
    -1.992   -24.464   -25.218   12.277   31.348   -15.427  -102.020  -154.815
  -153.053  -103.132   -37.380   23.037   54.689   77.071  101.605  125.951
CT1792:020          -156.825  -137.530  -115.357   -87.457   -49.679   -33.708
   -47.911   -54.901   -37.553    3.143   26.234   37.217   47.701   45.212
   11.812   -28.072   -31.424    -2.860   13.608    -0.445   -28.644   -69.845
   -71.414   -44.197   -24.703    2.080   34.370   67.611  101.482  134.722
CT1792:015          -150.238  -128.007  -104.106   -78.093   -51.691   -33.206
   -26.336   -19.057    -1.126   29.128   46.608   48.755   39.421   32.048
   19.580    6.157    5.509   19.859   38.671   36.066   16.078    -9.689
   -18.269   -19.133   -23.644    -8.540   25.259   63.532  100.474  138.171
CT1792:010          -150.068  -122.574   -95.174   -67.563   -40.362   -21.316
   -11.003    -3.197    7.234   25.849   35.743   33.293   18.270   12.969
   16.486   19.904   23.348   29.565   40.015   47.074   63.178   71.785
   61.291   12.387   -47.586   -38.773   12.282   61.516  106.453  153.883
CT1792:005          -146.712  -111.045   -77.560   -51.628   -25.418    -6.547
    -4.132    -7.715    -7.800    -9.037    -9.168    -6.753    -0.085    6.590
   11.037   11.664   16.969   16.989   25.334   35.419   67.674  119.000
  100.616   16.825   -58.740   -51.593   11.469   73.310  124.732  167.455
CT1793:360          -147.357  -115.273   -77.506   -45.033   -14.900    3.709
    0.887   -12.548   -21.539   -44.149   -58.490   -47.517   -13.160    8.929
   15.049   13.667   29.418   37.756   27.720   34.581   24.368   -18.036
   -48.475   -68.338   -90.113   -79.242   -13.922   61.599  125.558  168.407
