
filled_synop: 30 data points in equal steps of sine latitude from +14.5/15 to  -14.5/15

CT1874:360          106.202   72.223   40.662   10.708   -21.530   -37.255
   -50.095   -52.943    8.701  159.925  231.792  177.820   36.454    -4.778
   45.670  114.724   82.603    2.487   -69.848  -117.954  -166.025  -189.788
  -166.713  -110.723   -66.343   -53.892   -58.133   -64.392   -71.174   -79.618
CT1874:355          112.870   86.063   59.815   30.504   -13.188   -23.471
    -0.488   27.898   52.616   89.641  105.152   44.527   -61.738   -86.230
   -25.749   39.479   38.685   16.192   -37.110   -69.684  -114.284  -152.538
  -149.796  -104.861   -66.177   -61.216   -78.828   -89.370   -86.847   -78.188
CT1874:350          111.481   72.654   37.901   12.518    -9.569    -9.470
   37.345   88.921   98.465   71.056   53.443   25.749   -23.226   -34.558
   42.827  151.081  159.639  112.164   32.003   -11.401   -58.366   -98.846
  -110.278   -94.756   -76.610   -70.556   -72.898   -75.535   -74.806   -72.230
CT1874:345          125.247   84.214   45.621   20.328    -1.005    4.930
   62.713  121.992  135.106  109.458   90.463   80.043   60.673   55.927
  194.405  467.693  481.116  265.066  125.343   76.828    0.910   -67.141
   -89.943   -87.797   -83.460   -81.161   -75.533   -71.365   -69.685   -69.261
CT1874:340          137.100  102.668   66.808   46.473   20.005   25.794
   86.610  145.024  169.769  187.413  186.729  173.899  158.260  123.707
   -38.623  -295.174  -290.693   -34.993  128.392  112.275   16.158   -49.965
   -72.120   -80.799   -87.729   -89.014   -81.602   -75.598   -74.041   -74.406
CT1874:335          130.973   85.173   47.284   33.722   30.813   41.481
   89.117  134.204  166.152  226.982  247.582  207.403  137.860   72.484
  -156.721  -449.915  -466.958  -258.614  -100.282   -59.333   -23.459   -13.815
   -29.571   -51.461   -69.214   -78.241   -77.504   -76.043   -76.234   -77.167
CT1874:330          151.530  107.747   63.555   49.744   44.376   45.633
   74.758  106.218  111.742  127.527  141.890   92.624   34.013    -2.448
   -40.851   -34.667   -31.399   -11.201   70.459   85.342   58.748   44.863
   19.817   -35.257   -82.212   -97.175   -88.700   -82.405   -81.521   -80.823
CT1874:325          137.827   96.309   53.326   47.253   66.270   69.477
   55.867   48.622   39.154   17.347    7.270   -22.196   -50.055   -69.418
   -45.569    9.918   32.723   66.697  104.676  126.092  122.155  102.102
   67.881   -11.767   -81.561  -103.468   -96.156   -91.737   -93.572   -96.452
CT1874:320          115.202   79.292   51.053   45.576   50.465   48.479
   23.470    -4.841   -12.083   -47.822   -96.896   -96.568  -119.744  -136.257
   -80.856   -15.578   21.316  102.258  167.435  180.789  159.242  134.399
   92.215    -3.791   -85.902  -112.535  -106.104   -96.017   -91.194   -87.858
CT1874:315          108.820   80.343   49.146   47.038   62.328   69.747
   82.429  101.341  125.272  240.306  305.921  179.770    -5.472   -52.213
   -47.111   -25.032    -2.627   50.332   97.047  113.038  109.645   92.293
   61.925   -11.054   -76.799  -101.412   -94.693   -89.633   -92.571   -96.695
CT1874:310           98.826   65.757   41.755   40.446   51.215   61.066
   88.060  113.107  136.933  184.024  185.196  149.061   67.044   28.482
    -2.515   -32.978   -31.723   -13.491    4.276   24.439   66.009   95.160
   73.402    7.545   -52.476   -82.912   -94.020  -101.568  -111.168  -120.794
CT1874:305          108.006   74.890   51.856   48.435   54.371   60.407
   78.043   93.324   97.795   93.168   75.958   68.775   56.921   39.090
   15.269   -10.509   -20.276   -44.220   -68.381   -46.073   34.612   97.660
   85.387   17.778   -45.569   -78.940   -97.128  -114.508  -131.450  -145.923
CT1874:300          138.735  104.264   64.594   58.152   69.697   72.773
   76.891   80.138   68.259   30.880    8.724    3.724    8.426    2.343
    6.535    3.990    -3.319   -25.065   -42.795   -25.970   33.773   80.714
   71.283   11.955   -44.202   -77.050   -96.702  -118.384  -143.800  -172.724
CT1874:295          112.839   80.655   54.872   53.780   69.050   72.304
   67.392   61.263   43.500    -0.351   -28.511   -28.937   -11.889   -10.089
    -4.135   13.083    8.978   -16.230   -26.325   -12.131   28.205   64.626
   61.613   14.731   -36.284   -69.858   -94.323  -117.201  -140.751  -163.197
CT1874:290           93.007   70.009   50.653   50.049   69.500   73.652
   58.302   40.080   27.873   19.259    9.973    -7.509   -22.932   -32.609
   -53.744   -80.535   -86.794   -91.254   -98.852   -67.362   32.597  115.883
  113.861   47.648   -15.433   -53.419   -87.822  -120.212  -148.215  -174.103
CT1874:285          102.373   68.941   38.827   34.803   55.956   61.610
   50.078   32.584   20.235   15.205    7.485   -15.888   -57.452   -77.998
   -81.324   -86.266   -90.028   -99.869   -98.246   -68.382   18.300  103.811
  107.708   48.078   -12.024   -47.245   -75.656  -102.044  -128.351  -154.868
CT1874:280           98.767   61.692   35.311   40.616   70.016   74.242
   49.906   18.509    3.060    -2.614   -11.316   -23.004   -38.086   -50.549
   -62.122   -64.737   -62.452   -69.923   -71.485   -42.553   24.473   79.502
   78.972   38.643    -3.006   -35.249   -65.863   -94.365  -122.056  -149.170
CT1874:275          112.178   81.668   47.292   49.178   86.766   90.324
   43.165    -7.666   -18.595    1.280    4.203    -8.985   -35.206   -49.546
   -59.147   -78.778   -65.996    -7.713   51.207   72.069   70.483   67.682
   60.674   31.261    -3.882   -34.102   -62.293   -92.673  -119.632  -146.650
CT1874:270           95.727   68.777   48.138   48.662   67.531   64.472
   25.170   -25.401   -38.129    -7.187    3.334   -18.391   -56.233   -65.686
   -63.436   -45.393   -20.357   25.306   78.644  101.981  107.676  111.045
   95.689   51.022    9.436   -22.478   -51.686   -80.629  -111.867  -145.049
CT1874:265           91.172   66.400   47.793   52.543   74.735   71.453
   34.303   -11.550   -37.731   -44.945   -52.420   -87.490  -143.027  -146.054
  -108.991   -49.949   -15.061   22.594   43.302   67.924  106.795  120.747
  106.940   59.063    9.282   -25.023   -55.034   -86.044  -120.770  -157.646
CT1874:260          103.227   70.847   38.552   35.949   67.484   65.463
   39.206    8.855   -39.042  -135.288  -188.523  -192.792  -204.631  -192.780
  -117.150   -31.443    -1.671   42.626   97.354  115.842  121.215  127.369
  119.963   80.520   38.244    -0.197   -45.979   -92.988  -135.406  -181.027
CT1874:255          101.224   70.529   45.177   41.975   53.782   43.642
   16.926   -14.884   -75.073  -215.322  -267.528  -187.864   -17.548   44.694
   53.052   20.705    3.100   -16.832   -21.844   -12.509   26.570   65.955
   73.350   55.954   32.277    3.077   -40.819   -86.795  -129.471  -171.148
CT1874:250          114.914   87.938   55.857   44.709   50.449   35.437
    -0.165   -44.108  -101.362  -251.808  -315.315  -121.569  273.702  387.213
  272.532   76.438   10.117  -104.091  -226.789  -216.114   -83.215   18.002
   37.155   37.132   32.984   11.209   -31.144   -75.663  -117.763  -165.449
CT1874:245          103.821   85.608   68.822   65.798   75.061   62.004
   19.658   -33.280   -80.999  -147.621  -173.708   -16.800  312.768  405.571
  300.938   84.572   21.842   -58.604  -125.427  -131.137   -87.291   -34.509
    -8.907   22.026   45.106   27.668   -21.700   -74.096  -121.633  -168.430
CT1874:240           71.607   64.047   64.300   75.936  100.234   91.957
   50.493    -2.300   -69.208  -119.355  -125.472  -164.591   -11.476  114.014
    -8.036   -49.153   -19.543   -21.066   -38.368   -42.986   -62.138   -66.753
   -46.553    7.339   55.216   42.790   -16.303   -75.700  -125.032  -171.481
CT1874:235           63.540   60.181   55.981   72.657  131.101  132.499
   67.693    2.303  -120.886  -458.806  -692.932  -962.265 -1490.057 -1594.124
-1038.145  -217.407   -14.063   -19.080   -23.792   -19.471   -66.719  -100.769
   -81.802   -12.856   37.699   27.620   -26.082   -81.332  -120.112  -160.169
CT1874:230           64.641   65.715   70.671   85.954  108.685   97.819
   26.733   -47.531  -103.618  -265.669  -426.122  -728.949 -1559.708 -1830.718
-1129.059  -282.782   -99.585   -70.547   -48.081   -36.957   -53.375   -60.340
   -48.027    -6.122   34.907   27.167   -17.150   -65.072  -110.505  -158.000
CT1874:225           69.590   73.744   78.166   81.640   90.011   81.920
   21.570   -37.111  101.987  688.310 1105.904 1021.578 1001.805 1047.464
  507.188   -12.814  -122.245   -91.985   -57.913   -51.026   -43.393   -36.688
   -26.642    -0.560   26.351   16.102   -22.155   -62.232  -106.199  -155.792
CT1874:220           75.001   81.863   90.304   90.259   79.621   77.027
   41.365   -15.695  190.246  883.586 1363.665 1514.842 1588.027 1464.644
 1005.961  206.992   -79.547   -72.263   -25.433   -25.594   -24.862   -25.573
   -20.215    -6.668    2.795    -9.094   -44.041   -80.172  -112.816  -145.568
CT1874:215           80.427   85.867   88.665   86.151   78.195   74.521
   47.599   -13.557  125.910  579.780  925.945 1043.629 1016.060  840.205
  607.454  191.698   -15.662   -32.065    7.909    4.563    -4.977   -18.231
   -17.732    3.282   24.537    9.955   -34.925   -77.808  -112.549  -144.553
CT1874:210           82.649   86.097   86.736   81.982   67.633   54.258
   33.470    1.698   61.545  247.537  444.601  489.977  408.496  301.959
  195.870   96.267   14.234    2.132   37.735   39.046   21.321    -2.314
    -9.246    5.008   24.509    9.294   -33.070   -75.003  -107.963  -136.164
CT1874:205           77.120   81.561   85.765   79.138   57.911   45.123
   36.761   26.036   65.860  138.224  224.031  232.049  149.309   96.988
   52.355   31.370   16.165   22.130   60.261   66.512   39.318   12.103
    1.373    1.522    3.879   -11.676   -46.573   -77.736   -99.355  -120.523
CT1874:200           73.206   76.461   77.688   71.256   52.278   40.818
   38.738   38.266   58.043   92.502  132.225  128.779   84.599   60.623
   42.526   38.555   41.832   41.165   56.501   60.375   43.087   38.639
   22.970   10.276    0.398   -19.141   -42.440   -64.890   -87.204  -109.338
CT1874:195           68.455   68.153   72.104   67.150   49.171   39.811
   43.927   52.911   66.853   89.111  110.265  109.525   93.663   89.849
   83.115   77.827  104.996  133.556  154.404  158.451  144.069  102.560
   49.549   15.494   -10.591   -33.692   -45.653   -59.058   -79.860  -107.169
CT1874:190           80.099   70.979   66.158   56.281   43.424   37.501
   47.512   61.149   74.620   99.238  120.174  122.784  112.482  117.788
  127.533  117.932  202.028  539.081  730.621  731.351  572.595  216.092
   72.326   14.234   -26.029   -55.239   -70.720   -89.595  -111.321  -132.741
CT1874:185           92.748   73.517   57.291   47.503   39.864   35.226
   43.938   58.504   67.939   85.698  104.273  105.353   88.114   98.918
  158.433  243.070  345.133  996.425 1982.047 1925.880  937.289  185.295
   51.007   13.639   -34.370   -69.347   -90.461  -108.564  -123.030  -136.323
CT1874:180           92.093   80.883   66.968   60.528   61.177   58.285
   35.987    5.346   12.033   48.127   70.372   69.799   44.945   41.992
  105.479  196.733  160.872  -181.350  -667.259  -654.620  -228.113   56.806
   77.752   18.973   -36.214   -62.924   -77.351   -96.115  -121.790  -154.955
CT1874:175          107.339   81.823   60.892   55.250   59.573   55.369
   32.495    6.745   15.021   53.608   75.858   75.492   66.963   67.540
   78.327  114.837    -9.043  -811.665 -1847.222 -1841.819  -880.308   -48.299
   95.089   46.403    -5.091   -33.196   -59.684   -83.197  -113.513  -148.465
CT1874:170          109.014   80.356   54.885   42.255   42.325   42.473
   38.729   41.298   54.807   84.846  104.472   93.884   49.367   30.985
   61.651  113.998   19.651  -442.125  -883.729  -891.545  -489.116   -12.002
   90.924   49.045    -1.107   -28.166   -60.438   -89.017  -115.271  -137.915
CT1874:165          106.111   74.791   45.046   22.865    -2.260   -12.644
    7.513   31.722   49.308   94.411  118.444  107.939   73.071   65.591
   88.970  125.862   88.889   42.250   89.976   67.980    -7.020   11.065
   46.476   39.844   15.780   -11.721   -66.920  -113.161  -126.356  -125.613
CT1874:160          105.134   76.872   49.591   22.231    -5.887   -13.933
   14.827   57.946   71.274   79.621   83.424   72.838   47.599   47.652
   78.980  127.772  136.751  173.332  179.009  166.240  135.395   72.422
   61.906   34.639    4.090   -19.022   -40.424   -63.162   -89.425  -116.397
CT1874:155          107.985   85.957   65.185   41.799    9.548    -5.709
   17.443   49.752   50.880   17.032   -19.737   -27.307   -40.151   -35.681
   21.592   93.698  126.080  158.222  142.111  132.110  122.875   90.940
   66.916   36.568    6.663   -12.313   -12.329   -22.269   -56.773  -106.410
CT1874:150          112.681  102.978   94.157   70.513   29.214    5.466
   10.352   27.160   16.910   -13.927   -42.454   -78.114  -144.030  -156.426
   -50.406  150.089  229.662  191.630  141.776  134.472  123.072  103.647
   79.971   45.606   12.753   -13.492   -35.846   -55.429   -75.415   -99.166
CT1874:145          120.477  114.665  103.474   81.272   41.311   15.354
    7.229    3.060   -17.510   -49.996   -87.336  -133.086  -214.110  -237.002
  -173.508   -65.630    -3.780   76.236  152.106  179.082  156.577  121.952
  100.456   65.221   28.042    -3.278   -39.662   -73.167   -97.126  -113.585
CT1874:140          116.350  103.914   86.412   65.797   38.704   14.263
    2.576    -2.748   -29.650   -97.797  -158.934  -199.258  -244.388  -254.005
  -241.364  -221.516  -180.880   -78.773   77.168  141.521  139.828  130.909
  120.049   89.182   52.261   18.570   -19.995   -59.752   -95.887  -128.213
CT1874:135          105.444   93.399   77.510   57.596   31.952    6.751
   -18.698   -47.991   -79.230  -140.787  -197.314  -199.156  -165.145  -144.759
  -150.339  -193.996  -191.213  -118.292    -9.112   51.705   85.999  104.030
  102.326   82.654   61.660   31.344   -12.209   -54.371   -87.262  -118.105
CT1874:130           81.197   66.655   54.697   38.029   18.036    -4.779
   -37.733   -82.083  -107.669  -110.109   -97.090   -83.911   -15.040   29.602
    -2.194   -96.570  -124.161   -81.628   10.764   65.497   83.542   90.616
   90.598   52.339    7.180   -18.282   -25.287   -37.059   -59.681   -83.847
CT1874:125           66.124   52.063   46.671   36.120   16.668    -4.959
   -38.321   -84.970   -99.635   -70.842   -24.788    -2.694   20.723   23.371
    -2.043   -83.230  -117.449   -82.564   -10.752   35.272   62.375   85.424
   92.258   50.539    -1.593   -26.332   -31.386   -39.377   -56.218   -72.730
CT1874:120           75.705   58.484   45.078   30.062    8.757   -12.852
   -32.701   -58.114   -65.294   -36.452    4.968   12.478    -4.125   -28.311
   -54.281   -98.283  -110.154   -73.258    -5.607   36.830   65.245  101.729
  112.815   64.646   15.018   -12.792   -36.792   -54.729   -74.847  -104.962
CT1874:115           93.948   74.746   50.875   29.138    9.147    -9.335
   -21.234   -31.386   -31.859    -2.767   26.005   21.308   -16.201   -46.268
   -58.406   -77.533   -71.857   -38.618    9.370   40.255   62.389   96.745
  111.716   75.421   39.594    7.535   -24.648   -55.454   -84.059  -109.627
CT1874:110          100.235   87.182   68.822   45.832    5.609   -18.745
   -15.037    -3.997    -0.617   10.330   12.234    4.364   -22.357   -36.964
   -32.693   -17.886   12.807   54.326   85.459  102.919  109.521  102.238
   93.464   66.878   56.946   24.176   -29.433   -81.987  -117.659  -140.897
CT1874:105           56.530   64.333   67.614   41.916    -8.973   -32.943
    -9.581   29.865   31.101   15.292    5.708    -9.823   -39.832   -43.675
   -13.564   29.237   76.360  162.627  270.109  289.072  221.602  144.988
   92.808   96.056   98.625   58.237   -19.255  -104.271  -178.135  -245.823
CT1874:100           14.135   29.931   64.506   55.903    -2.025   -30.257
    -3.049   51.033   46.153   -26.505   -84.532   -81.640   -55.596   -37.748
    -5.459   40.771  104.022  211.277  335.188  353.565  258.294  142.455
   63.665  103.605  103.627   61.566   -22.137  -106.697  -180.484  -253.882
CT1874:095           65.012   63.421   58.562   40.576   14.923    -2.169
    -9.851   -14.720   -29.844   -78.144  -116.486  -105.272   -65.525   -42.639
   -22.064   -18.038   47.743  221.012  385.335  408.855  313.554  134.210
   42.760   82.629   97.453   58.894   -17.280  -101.606  -176.438  -248.644
CT1874:090           89.398   68.234   43.968   24.631   13.848    -1.309
   -26.829   -60.998   -75.301   -67.804   -52.507   -49.167   -31.310   -10.661
   -15.564   -44.511   24.392  335.937  707.976  741.756  476.037  122.804
   21.266   57.387   83.335   47.480   -24.364  -100.380  -167.779  -236.561
CT1874:085           91.026   77.767   63.685   42.824   13.088   -10.297
   -32.225   -52.094   -60.793   -63.708   -63.871   -49.038   -17.978    -4.073
   -19.739   -58.638   -11.778  295.287  785.759  829.566  486.948  179.295
   67.477   92.118   98.417   73.614    2.170   -83.289  -155.186  -223.078
CT1874:080           94.849   80.865   64.174   39.833    8.733   -14.418
   -36.135   -60.104   -62.390   -33.682    -5.793    -6.013   -22.288   -33.263
   -53.605   -98.570  -109.481  -182.370  -387.455  -427.419  -307.562  -292.642
  -261.848   -93.777   36.196   69.169    -0.074   -77.988  -140.399  -201.761
CT1874:075          105.827   77.935   49.191   20.561    -5.961   -22.130
   -30.059   -33.279   -25.918    -0.691   23.570   19.317   -19.175   -51.763
   -64.912   -63.044   -82.646  -237.471  -444.159  -515.502  -543.207  -462.520
  -383.844  -242.411    -2.388   59.296   20.463   -34.343   -74.618  -102.841
CT1874:070          101.989   73.578   43.299   13.474   -19.833   -39.244
   -27.033    8.894   28.177   36.532   37.057   29.282    -4.351   -35.514
   -24.848   38.187   57.312   -38.810  -224.410  -330.249  -424.000  -461.674
  -407.581  -281.179   -47.775   20.477   -11.570   -41.169   -55.310   -69.679
CT1874:065           83.473   57.979   35.048   13.990   -17.129   -38.358
    -9.811   60.698   87.505   75.967   50.716   43.009   43.053   33.494
   61.992  147.267  199.677  180.142  103.749   22.180   -71.835  -156.493
  -173.242  -120.496   -19.715   10.010    -7.525   -34.198   -51.660   -50.261
CT1874:060           80.908   56.026   32.699   12.121   -17.949   -33.490
    8.049  103.050  131.481   89.083   22.288   10.828   49.467   88.928
  138.793  221.024  271.503  273.214  227.710  168.622   77.583   -55.625
  -106.938   -75.951   -25.158    -9.568   -26.408   -45.643   -54.344   -59.146
CT1874:055           88.831   63.609   34.110   14.625    -1.895    -9.507
   32.319  137.247  149.236   49.050   -65.065   -90.383   -59.456   -21.570
   51.827  161.336  230.543  263.104  283.569  255.914  159.962    5.927
   -66.550   -58.250   -32.420   -31.134   -43.527   -56.872   -62.542   -64.937
CT1874:050           92.285   64.659   34.917   17.883   13.866   21.799
   67.893  152.777  135.475   -55.906  -261.266  -290.577  -187.199   -78.090
   -12.000   69.130  144.115  221.000  316.916  314.692  190.893   16.845
   -56.958   -55.450   -38.380   -37.947   -38.386   -40.456   -40.345   -39.509
CT1874:045          105.890   65.675   22.694    4.203    8.778   19.499
   60.164  135.174  107.077  -126.044  -403.698  -431.252  -320.123  -234.148
  -120.661   48.490  146.580  225.472  289.010  271.781  164.258    -4.063
   -74.158   -72.894   -56.191   -51.849   -47.004   -44.072   -43.649   -45.953
CT1874:040          132.181   73.506    4.431   -20.765    1.302   13.766
   32.719   65.594   36.959    -8.801   -32.395   -94.890  -211.707  -208.527
   -91.785  136.433  242.536  267.838  297.791  269.662  119.012   -43.468
   -93.078   -78.909   -66.183   -62.226   -57.449   -55.418   -55.443   -56.624
CT1874:035          121.259   69.173    7.705   -15.604    4.480   13.007
   18.510   33.610    -1.114   -55.871   -73.428  -109.555  -187.711  -181.045
   -69.158  133.964  214.411  182.170  124.875   82.967    -9.145  -103.324
  -126.936   -93.193   -56.459   -48.863   -59.621   -70.152   -70.309   -66.052
CT1874:030          104.035   42.783   -10.040   -24.243   11.400   25.367
    2.221   -29.327   -84.094  -249.184  -392.458  -356.730  -177.491   -64.519
    -9.544   51.984   59.299   -39.874  -197.844  -251.075  -233.098  -198.713
  -176.221  -122.479   -62.433   -44.189   -56.973   -70.280   -72.375   -70.796
CT1874:025          124.842   60.033    -9.722   -29.880   20.249   31.872
   -25.752  -119.183  -180.022  -349.822  -499.663  -406.821   -41.756  147.347
  121.584   -26.141  -119.314  -224.394  -357.817  -396.238  -324.275  -204.324
  -152.461  -108.919   -66.317   -46.215   -48.752   -53.989   -57.326   -61.895
CT1874:020          108.325   54.832   -10.068   -33.007    9.606   16.050
   -56.949  -191.775  -242.225  -297.584  -333.242  -223.594  141.348  335.519
  252.934   11.350  -115.287  -238.296  -360.032  -389.277  -304.925  -152.074
   -95.666   -89.603   -89.354   -73.451   -64.841   -58.244   -55.660   -56.492
CT1874:015           98.881   47.056    1.675   -10.850   12.176   10.331
   -57.951  -177.472  -187.103   -42.146  129.944  198.513  296.179  356.342
  269.398   62.062   -65.272  -204.936  -379.324  -426.790  -332.414  -188.725
  -128.509   -91.104   -61.610   -41.980   -38.173   -36.157   -35.856   -41.122
CT1874:010          116.604   69.200   11.027   -19.532   -13.615   -18.480
   -52.835  -121.254   -98.720   91.300  279.318  302.697  190.432  106.871
   93.505   88.339   34.377  -109.651  -302.880  -361.092  -297.913  -197.481
  -151.100  -107.132   -65.789   -41.615   -28.820   -21.159   -25.784   -41.675
CT1874:005          111.644   56.703    5.897   -22.939   -33.499   -45.038
   -48.405   -50.168   -15.263  106.514  211.747  219.265  103.559   19.811
   20.013   74.901   58.163   -38.479  -166.244  -219.164  -214.623  -183.123
  -153.565  -101.626   -44.792   -22.307   -29.092   -41.969   -52.230   -65.501
CT1875:360          106.323   56.236   10.379   -18.327   -31.524   -41.525
   -30.206    -4.146   30.257  106.650  167.535  172.249   81.178   15.466
   27.938   85.124   81.166   26.157   -38.318   -83.533  -123.286  -150.912
  -145.018   -97.690   -39.531   -21.519   -35.549   -54.506   -67.185   -79.904
