
filled_synop: 30 data points in equal steps of sine latitude from +14.5/15 to  -14.5/15

CT1794:360          -123.927  -103.920   -84.900   -65.388   -41.828   -27.724
   -22.739   -24.488   -28.006   -49.537   -59.303   -39.793    -3.751   17.313
   26.088   29.089   60.039  147.513  239.593  271.814  263.031  237.643
  192.658   86.151   -10.453   -28.294   22.780   70.003  102.812  138.458
CT1794:355          -112.143  -102.344   -93.029   -71.073   -40.325   -29.244
   -27.953   -43.973   -45.006   -52.498   -56.788   -30.730    9.566   33.442
   42.050   43.435   84.575  227.261  364.234  433.194  496.869  481.383
  429.558  241.169   30.966   -26.625    9.205   62.113  101.915  135.527
CT1794:350          -105.521  -100.718  -100.626   -81.102   -34.994   -27.325
   -21.964   -39.357   -35.580   -43.819   -44.823   -11.257   19.321   40.432
   45.971   40.244   76.912  252.671  476.683  554.522  700.025  834.519
  766.725  399.463   67.741    2.404   41.789   74.227   98.577  136.590
CT1794:345          -107.585   -94.457   -75.534   -48.395   -20.104   -57.426
  -140.712  -175.195  -171.324  -131.217   -43.199   13.131   23.455   41.811
   40.664   30.883   20.361   -58.317  -169.569  -114.157  197.855  455.117
  447.980  250.967   70.828   41.227   63.661   87.764  107.822  126.893
CT1794:340          -113.855   -97.574   -75.600   -82.554   -54.243  -127.555
  -607.551 -1086.751 -1038.643  -467.369   -64.966    9.743   12.015   30.634
   36.746   32.319    -7.866  -174.057  -344.103  -387.939  -417.471  -438.533
  -375.490  -159.193   16.657   71.799   92.412  112.518  126.459  133.397
CT1794:335          -107.593   -88.945   -75.001   -93.677  -111.583  -225.536
  -841.710 -1545.569 -1469.509  -608.008   -73.518   14.879   42.150   71.422
   57.035   38.571    -0.453  -108.030  -206.785  -301.398  -530.035  -686.148
  -630.677  -335.063   -31.445   65.869   80.781   88.865  105.428  123.464
CT1794:330          -111.912   -99.067   -79.158   -73.294   -83.220  -108.769
  -408.123  -839.570  -805.682  -311.707   -50.357    -5.815   32.578   53.869
   41.459    8.819   -23.310   -53.502   -96.186  -190.690  -444.820  -663.081
  -628.858  -342.973   -51.948   48.575   62.798   70.343   92.357  114.524
CT1794:325          -108.478   -95.499   -86.456   -51.379   -24.207   38.223
  504.808 1142.667 1080.155  355.583   -26.156   -31.409   28.452   40.212
   36.016   17.567    -1.214   17.415   34.539   -46.732  -271.358  -436.403
  -423.063  -247.099   -63.618   11.505   27.129   49.683   83.811  119.168
CT1794:320          -146.221  -132.261  -104.536    4.311  166.811  333.099
  861.205 1462.798 1382.762  537.967    3.063   -48.118   15.116   22.568
   24.409   33.581   24.946    5.826   -20.564   -62.182  -133.458  -200.254
  -204.770  -165.420  -117.302   -62.797    -3.425   54.244  107.063  155.601
CT1794:315          -143.818  -112.371   -92.370    -8.941  138.289  243.886
  320.918  288.468  255.771  147.931    1.412   -38.096   -24.796   -29.099
   -24.383   -22.168   -30.345   -50.022   -74.237   -88.525   -89.640   -96.174
  -100.336  -104.942  -106.251   -74.419   -15.333   48.664   99.600  156.192
CT1794:310          -157.369  -139.746  -110.387   -57.658   13.642   57.974
    0.000   -83.610  -101.561   -58.545   -32.779   -37.023   -16.390    -9.811
   -22.636   -40.287   -48.562   -53.578   -53.526   -55.959   -45.763   -37.383
   -42.709   -64.718   -85.655   -65.356   -15.310   38.444   88.132  137.201
CT1794:305          -149.412  -132.181  -113.288  -100.438   -81.917   -95.552
  -205.194  -311.268  -304.431  -166.451   -46.074   -15.507    -0.726    7.067
   -10.213   -41.857   -51.298   -44.348   -29.407   -24.438    -8.592    4.632
    -3.534   -35.763   -67.158   -55.354    -9.439   36.723   78.579  120.945
CT1794:300          -158.448  -142.661  -118.217  -120.392  -122.859  -147.956
  -328.821  -524.087  -501.061  -246.804   -54.723    0.598   29.239   45.141
   16.619   -33.500   -44.909   -29.249   -10.226    -3.414    9.720   16.372
    3.805   -36.101   -71.082   -59.872    -8.137   42.338   76.751  111.966
CT1794:295          -144.926  -126.619  -109.046  -116.447  -139.255  -188.262
  -361.561  -563.599  -539.696  -261.178   -52.519   10.088   37.894   52.949
   34.355    -1.206    -9.147    1.639   15.973   19.094   14.549    1.601
   -16.495   -56.849   -95.113   -87.909   -41.942    6.786   50.376   94.176
CT1794:290          -156.294  -135.498  -105.961   -74.645   -42.933   -61.387
  -209.240  -410.141  -399.834  -174.527   -12.439   32.471   39.929   46.080
   31.492    4.180    -0.304   16.516   43.049   46.839   32.857   14.654
    -8.907   -61.190  -108.294  -106.133   -61.760    -7.618   41.893   89.853
CT1794:285          -161.023  -136.880  -118.318   -65.375   90.134  137.769
   22.120  -118.814  -119.171   -43.223   27.327   49.209   34.034   31.872
   14.454   -18.043   -22.291    6.634   34.940   42.573   48.198   50.147
   23.396   -61.140  -131.266  -126.346   -60.983    6.122   47.276   92.090
CT1794:280          -155.510  -136.026  -112.057   -73.221   -24.150    -8.550
   -10.375   -22.066   -14.282    -1.436   12.332   22.733    9.396    4.671
    2.787    -0.470    0.306    1.793    7.567   20.412   45.996   63.149
   44.706   -25.429   -94.290  -104.162   -65.730   -14.011   28.071   65.112
CT1794:275          -150.591  -134.250  -110.722  -117.153  -175.774  -194.951
  -161.346  -115.617   -92.815   -57.028   -28.412   -11.756    1.008    7.732
    4.951    -4.708    -5.549    -4.546    -0.691   25.134   99.507  154.805
  142.356   51.630   -48.403   -69.385   -42.023   -14.445   11.538   45.728
CT1794:270          -131.960  -114.870  -103.789  -124.236  -171.084  -185.768
  -181.386  -166.349  -141.490   -89.450   -50.124   -26.633    2.111   14.409
    9.013    -1.992    -2.771    -6.534    -3.997   27.788  147.843  274.267
  262.438  128.872    0.687   -34.805   -27.980   -14.079    0.060   17.918
CT1794:265          -125.894  -110.427   -99.982  -105.736  -138.194  -148.493
  -136.366  -113.092   -90.770   -64.555   -35.035   -13.761   15.549   30.406
   12.250   -27.830   -36.067   -18.545    3.959   31.044   83.174  130.657
  128.602   72.647    2.633   -20.874   -14.132   -10.914    -5.914    5.269
CT1794:260          -128.114  -121.482  -114.874  -112.668  -116.168  -112.068
   -85.005   -48.691   -29.273   -22.988   -14.850    -0.704   16.305   22.732
    9.887   -20.850   -27.698   -12.046   17.932   36.066   18.089    -6.042
   -16.444   -24.493   -26.646   -36.351   -26.096    -8.328    6.531   24.789
CT1794:255          -131.480  -130.571  -125.102  -115.215  -104.622   -92.249
   -62.028   -17.355    1.181    -5.815   -10.872    -0.933   16.120   24.325
   14.385   -12.143   -17.359    1.079   28.422   52.548   58.134   49.836
   32.477   -19.865   -71.825   -83.765   -41.758    0.968   30.308   61.798
CT1794:250          -126.049  -132.552  -140.284  -132.405  -107.949   -86.497
   -65.995   -44.117   -29.602   -19.820   -12.742    -5.994    -0.718    4.055
    4.650    -0.382    4.029   21.689   45.175   87.473  195.237  302.865
  279.245  102.600   -90.408  -131.822   -79.541   -10.252   43.428   90.011
CT1794:245          -134.387  -136.923  -141.108  -130.979  -101.814   -78.199
   -68.995   -63.960   -55.775   -39.478   -25.743   -22.209   -27.020   -26.452
   -14.578    -1.620    8.741   25.415   41.039   89.048  265.513  459.209
  444.647  208.811   -71.751  -132.577   -53.473   21.429   70.792  121.201
CT1794:240          -162.718  -158.307  -146.021  -121.997   -87.664   -64.037
   -54.746   -54.294   -54.067   -51.369   -53.519   -48.200   -40.232   -32.010
   -17.398    -1.345    7.221   11.352   19.928   52.309  159.536  266.540
  253.433   97.617   -86.083  -115.288   -51.745   26.797   89.160  143.790
CT1794:235          -164.270  -153.080  -144.401  -118.831   -63.345   -32.141
   -20.898   -10.560   -21.366   -65.658   -87.248   -82.487   -54.203   -31.451
   -19.135   -10.542    -9.165   -34.516   -61.566   -55.616   -21.762   35.482
   29.158   -36.091   -75.051   -66.823    -7.279   54.785  102.633  150.313
CT1794:230          -159.850  -140.813  -121.279   -87.871   -38.443   -10.059
   -13.941   -33.314   -59.460  -134.708  -188.709  -170.385   -94.662   -52.220
   -33.343   -22.108   -23.985   -69.420  -134.549  -151.430  -201.422  -274.493
  -268.779  -200.437  -134.040   -99.599   -41.704   30.561   91.102  140.885
CT1794:225          -165.370  -140.058  -109.994   -73.594   -14.015   20.825
    -4.127   -57.238  -101.043  -188.663  -255.266  -227.239  -112.039   -44.834
   -29.686   -27.590   -30.633   -55.319   -82.009   -94.156  -128.862  -132.612
  -128.638  -127.395   -92.010   -68.067   -24.091   26.303   60.348   88.271
CT1794:220          -170.245  -136.734  -102.405   -56.824   13.835   52.907
   16.025   -62.567  -109.934  -172.700  -210.308  -191.186  -102.975   -43.903
   -25.784   -17.949   -17.635   -42.834   -83.701   -78.964   -21.431   57.860
   84.128   50.499    -2.441    -8.298    7.252   20.542   22.319   17.804
CT1794:215          -187.726  -151.197  -112.289   -67.391    2.873   41.613
    6.960   -58.497   -90.959  -124.375  -159.939  -139.221   -69.331   -35.849
   -21.348   -11.638    -8.093   -23.714   -43.684    -6.417  139.517  283.425
  323.946  306.701  229.123  174.057   94.702   19.522   -27.190   -63.881
CT1794:210          -189.611  -153.447  -111.786   -62.415    0.892   43.738
   26.238   -19.712   -36.034    -2.118   10.819    4.753   -15.544   -26.651
   -12.022   -11.589    -8.673    -9.772   -10.543   40.030  268.125  550.943
  577.280  429.057  297.477  237.210  154.502   49.414   -34.200   -95.085
CT1794:205          -180.374  -147.517  -113.853   -72.176   -18.461   25.770
   64.284   94.096   75.844   77.963   85.792   54.581   13.667   16.077
   12.538   -28.078   -30.521    -2.900   39.910   66.598   58.587   19.069
   41.654  130.052  176.563  155.956   97.867   32.036   -17.302   -63.334
CT1794:200          -166.742  -138.743  -105.288   -63.657    -7.831   45.412
  125.420  234.814  180.355  -147.416  -352.801  -354.085  -149.564   -15.527
    -0.241   -37.770   -39.291   -16.042   12.419   16.358   -80.827  -194.098
  -190.178  -103.683    -2.126   15.320   21.716   29.776   27.895   24.360
CT1794:195          -144.317  -116.781   -89.096   -41.787   24.876   89.418
  128.629  127.711   18.418  -438.920  -832.240  -735.099  -232.482    -8.091
    -7.903   -35.691   -34.310   -22.486    -3.498   13.110   21.895   47.520
   39.849   -22.922   -82.218   -90.922   -45.198    9.877   54.597   98.747
CT1794:190          -148.128  -110.961   -77.327   -27.883   45.208  120.948
  216.832  325.888  325.239  161.784   -40.324   -48.175   29.227    -2.776
   -32.446   -52.590   -58.696   -45.577   -24.437   21.589  180.408  343.980
  338.177  150.319  -105.787  -157.872   -81.819    2.078   69.910  145.046
CT1794:185          -169.002  -126.571   -79.201   -16.304   51.625  129.340
  321.257  617.405  732.483  914.797 1160.846  950.625  299.709    -3.822
   -53.032   -64.007   -77.264   -70.241   -58.915   -13.520  218.832  499.778
  488.918  183.836  -158.081  -214.220  -127.818   -10.871   95.457  198.871
CT1794:180          -172.175  -114.833   -59.430    2.331   57.629  122.109
  258.723  433.361  502.204  582.828  544.820  455.552  158.450   -50.971
   -81.477   -62.368   -75.791   -92.011  -102.980   -91.756   -23.238   69.781
   48.948  -129.008  -303.002  -289.168  -133.849   26.150  143.643  262.071
CT1794:175          -175.747  -117.163   -58.233    1.006   64.639  119.087
  142.617  143.528  147.780  114.475   53.723   17.766    -3.227   -36.383
   -60.953   -51.505   -65.836  -114.386  -176.236  -213.739  -357.405  -563.560
  -577.698  -437.042  -296.703  -226.166  -114.968   22.952  140.577  244.199
CT1794:170          -184.122  -124.148   -58.748    -2.865   68.346  114.961
   88.014   28.577    1.042   -60.691   -98.312  -102.299   -41.939    -8.585
   -23.120   -43.210   -62.723   -91.325  -125.804  -150.794  -175.517  -161.555
  -162.239  -180.076  -159.032  -114.826   -38.658   37.907  102.021  163.808
CT1794:165          -159.651  -102.849   -44.177    8.687   68.381  101.332
   63.816    -9.728   -45.791   -83.751  -109.046  -103.494   -50.244   -20.982
   -15.625    -9.974   -18.085   -54.813   -99.060  -110.457   -57.762   16.409
   24.577   -19.063   -73.573   -58.359   -11.861   34.371   78.345  120.978
CT1794:160          -149.250   -95.263   -37.828   13.057   74.395  103.334
   60.701   -21.566   -57.188   -71.018   -74.094   -68.125   -40.320   -18.978
    -6.095   11.637   10.713   -29.420   -96.545  -106.850   -20.871   82.518
   97.398   53.498    -6.327    -6.802   18.049   42.597   65.335   90.125
CT1794:155          -147.736   -94.275   -35.965    9.088   63.710   89.779
   53.803   -18.048   -47.721   -50.290   -49.014   -39.482   -21.130    -6.925
    6.737   18.537   17.867    3.952   -18.764   -24.480   -13.149    3.133
   12.648   23.423   30.222   36.068   32.044   29.587   42.072   64.073
CT1794:150          -143.500   -67.800    1.338   43.271   65.934   70.650
   32.974   -33.938   -61.838   -46.404   -24.949   -12.115    -2.918    9.214
   26.987   40.734   45.417   45.455   48.738   40.895   -14.797   -94.216
   -90.760   -10.444   70.279   84.139   63.099   38.685   25.147   17.604
CT1794:145          -157.040   -71.091   11.262   49.919   59.335   51.378
    3.232   -66.152   -98.488  -101.004   -92.029   -65.651   -11.276   33.138
   49.859   52.574   55.591   53.381   46.108   39.534   22.693    -0.419
    8.663   55.977  106.127  112.618   85.310   48.184   18.226    -8.170
CT1794:140          -167.765   -85.837   16.447   58.769   36.018    6.685
   -48.595  -134.040  -174.936  -203.962  -204.618  -161.995   -49.650   29.447
   50.473   50.780   53.704   39.287   15.644   11.891   47.143  113.021
  129.773  122.861  133.119  129.973   94.225   51.505   18.350   -16.241
CT1794:135          -139.118   -50.045   29.470   58.393   52.052   27.336
   -75.074  -251.711  -316.614  -329.917  -332.220  -262.368   -74.664   39.594
   54.172   24.886   17.410   15.334   10.936   11.039    6.309   -15.313
    -6.018   51.470  101.827  107.256   87.783   58.612   31.331    6.347
CT1794:130          -135.684   -59.555   16.212   45.760   37.002    2.989
  -101.987  -260.838  -312.937  -264.361  -174.794  -112.076   -16.344   54.620
   63.546   22.505    7.226   17.836   45.082   53.694   35.720   13.494
   14.510   36.536   64.710   69.141   59.066   48.830   41.181   32.889
CT1794:125          -133.651   -69.982   12.676   45.991   10.836   -29.849
   -93.799  -197.936  -220.124  -136.774   -17.112   34.898   59.978   79.296
   77.145   43.090   30.633   38.876   60.592   69.767   77.714   80.239
   74.286   56.603   31.523   30.148   42.565   52.589   55.810   58.267
CT1794:120          -102.922   -29.681   27.808   28.169   -61.580  -139.171
  -159.025  -151.137  -123.380   -40.204   53.234   87.956   78.400   61.093
   57.738   43.056   36.947   52.901   87.315  100.357   97.425   85.113
   61.980   23.833    -8.759    -6.783   23.675   52.963   71.811   88.912
CT1794:115          -114.511   -64.788    -0.791   19.565   -57.930  -137.574
  -138.023   -79.106   -35.309   13.194   61.480   73.894   53.150   29.624
   26.858   30.229   33.173   52.072   96.062  112.126   63.759   -40.299
   -75.000   -57.488   -20.747    -2.639   21.040   45.498   69.723  103.892
CT1794:110          -110.322   -59.725    -1.131   16.953   -60.802  -132.880
  -111.238   -11.896   47.572   63.445   64.436   59.169   32.303    5.169
    -0.408    7.460   15.832   33.993   80.608  102.050   63.991   -14.040
   -44.031   -50.696   -34.593   -15.530   10.837   44.474   79.055  116.826
CT1794:105           -97.737   -49.270    -0.882   14.890   -33.634   -82.040
   -59.758   34.106   88.451   82.433   45.308   28.105    7.419   -12.166
   -18.513   -15.653   -13.077   -13.672   -26.831   -25.978   -12.274    -0.195
    3.725   -10.797   -26.846   -31.082    2.179   46.476   84.200  125.063
CT1794:100          -110.334   -66.918   -12.619   17.642   -14.286   -44.509
   -12.352   76.899  121.289   99.453   41.710   15.832    3.019    -5.316
   -13.235   -20.588   -25.663   -30.525   -50.379   -32.638   55.674  191.778
  229.098  168.867   35.487   -16.264   10.511   45.457   82.616  131.935
CT1794:095          -112.357   -56.775    -8.104   15.818    0.759   -10.766
   15.315   83.295  115.088   87.537   31.416    8.743    5.335    6.701
    -2.655   -20.057   -28.864   -36.848   -62.927   -23.103  208.504  621.746
  711.285  462.168   74.132   -62.132   -31.733   27.727   98.173  197.199
CT1794:090          -119.123   -74.574   -28.339    2.992    7.907   17.514
   42.465   83.806   96.440   63.836   14.255    -2.001    1.481    6.755
    -2.354   -24.277   -38.410   -42.090   -58.477   -22.560  189.537  550.858
  611.362  282.892  -240.482  -356.253  -207.590    0.783  160.384  314.382
CT1794:085          -129.964   -94.199   -59.351   -27.065   10.309   44.785
   61.601   74.674   75.633   47.686   11.258    3.577   16.639   16.767
   20.545   15.403    1.483    -5.705   -24.578   -16.389   21.957  100.721
   92.547   -93.695  -329.006  -369.880  -187.500   44.973  208.754  268.397
CT1794:080          -150.824  -120.342   -83.576   -36.156   31.248   80.819
   85.627   58.732   45.032   39.441   38.076   38.125   67.657  100.789
   90.927   72.229   69.454   51.782   30.107   20.839   -75.840  -256.673
  -309.218  -297.502  -312.460  -281.779  -136.983   45.335  186.179  309.164
CT1794:075          -152.848  -123.861  -100.482   -56.231   45.962  123.885
  119.666   63.101   39.893   35.979   33.251   26.359   16.921    5.472
   19.519   41.109   44.202   50.097   40.425   33.240   49.463  108.166
  104.842   44.895   31.438   37.858   62.598   92.521  141.831  208.705
CT1794:070          -178.683  -142.995   -98.400   -38.071   56.049  123.506
  122.721   81.859   57.365   37.113   18.856    4.258   -25.200   -46.865
   -28.326   25.797   54.293   58.996   62.086   71.446   99.912  144.274
  146.186  113.780   54.674   43.919   74.248   96.251  113.337  135.605
CT1794:065          -179.795  -136.282   -86.593   -22.202   70.171  131.830
  133.981  104.066   77.020   33.574    -9.158   -27.611   -45.248   -49.911
   -38.444    -3.017   21.955   33.230   39.676   56.358   88.900  127.543
  131.904  104.602   54.332   39.121   58.273   84.571  103.505  120.204
CT1794:060          -165.898  -114.990   -72.057   -15.012  104.445  190.260
  172.673   84.179   40.890    -2.582   -52.538   -66.034   -54.914   -47.457
   -37.964   -21.032    -5.148   11.225   15.751   33.548   84.443  138.725
  144.738  104.431   40.580   26.317   51.589   81.423   97.173  112.538
CT1794:055          -181.052  -128.147   -68.226    7.650  118.924  185.293
  148.394   25.613   -27.699   -35.129   -37.529   -40.902   -32.684   -24.971
   -22.302   -19.454    -5.408   23.810   70.317  104.579  137.511  189.276
  196.856  144.692   76.692   55.201   61.327   76.423   89.759  103.526
CT1794:050          -194.190  -134.405   -69.017   -10.211   76.414  135.867
   94.329   -27.866   -71.006   -46.564   14.773   21.127   -12.013   -32.774
   -27.789   -21.465   -10.643   21.181   65.999   97.032  129.796  156.555
  158.538  126.596   73.244   57.191   74.810   95.732  105.960  116.581
CT1794:045          -166.124  -121.777   -71.205   -19.886   42.771   78.266
   30.460  -108.590  -157.837  -101.581   -28.467   -13.742   -15.515   -19.715
   -18.685   -21.313   -13.887   12.520   52.433   83.275  114.425  145.348
  150.651  116.672   66.762   49.682   60.778   82.109   98.065  111.690
CT1794:040          -134.427  -102.916   -73.069   -44.933    -2.781   25.795
    -3.493   -72.688   -94.497   -75.417   -37.811   -23.784   -15.975    -9.614
    -8.832   -15.774   -13.828    1.063   19.494   44.514   94.961  160.130
  176.698  134.405   68.599   48.087   60.747   78.251   90.672  106.409
CT1794:035          -113.905   -96.042   -78.343   -58.496   -33.545   -14.421
   -20.450   -41.116   -45.685   -32.431   -13.111    -3.086    -0.711    1.665
    2.107    0.251    1.836    -1.014   -14.725    -0.479   67.372  168.221
  197.433  155.661   79.147   56.847   63.840   78.175   87.198   94.312
CT1794:030          -100.964   -86.381   -72.428   -57.503   -40.521   -29.403
   -26.264   -28.225   -25.639    -7.660   16.248   24.558   13.081    2.069
    1.749    5.851    5.641    -5.993   -35.796   -34.765   23.988  126.424
  161.276  140.029   95.460   81.056   82.574   84.049   78.769   71.240
CT1794:025           -96.996   -83.534   -68.683   -52.329   -31.765   -13.841
   -13.930   -31.669   -36.998   -12.065   22.354   34.044   21.783    5.949
    5.551   14.383   15.695    3.137   -26.523   -36.270   -16.808   18.615
   41.344   65.067   88.847   95.963   82.507   65.170   54.143   46.174
CT1794:020           -93.039   -76.061   -57.082   -38.966   -18.722    -9.070
   -16.272   -47.321   -60.926   -27.524   21.216   43.598   38.381   25.213
   25.204   31.848   34.866   24.887    6.181    -7.779   -35.228   -86.326
   -87.032   -19.163   83.287  110.722   79.786   43.740   26.600   23.452
CT1794:015           -81.531   -64.044   -47.566   -39.506   -33.732   -27.199
   -49.007   -97.431  -113.726   -73.454    -0.493   45.452   52.999   45.725
   42.283   27.087   15.632   10.638   11.558    1.219   -49.672  -146.409
  -165.672   -76.410   72.895  123.393  110.950   80.348   53.524   30.725
CT1794:010           -75.586   -66.806   -56.202   -49.048   -88.796  -149.021
  -204.936  -287.600  -326.429  -253.904   -57.842   32.760   36.896   21.662
   23.313   15.536   10.641   13.212   28.479   25.787   -32.281  -150.317
  -184.260  -105.393   45.952  100.023   83.539   59.625   33.497    -2.381
CT1794:005           -73.240   -65.739   -49.326   -29.423   -45.604   -88.190
  -164.977  -441.324  -601.735  -506.691  -165.291    5.402   23.279   10.199
   14.963   20.239   29.676   41.157   73.706   90.977   34.550   -94.533
  -131.483   -71.967   32.738   76.406   75.408   54.153   11.474   -32.107
CT1795:360          -113.553  -103.102   -89.334   -50.712  170.348  643.835
  665.548    5.350  -610.834  -624.869  -264.635   -29.654   13.115    5.594
   19.167   28.680   35.297   68.719  146.604  194.948  159.430   25.180
   -38.154   -20.400   49.836   62.637   53.426   43.900   34.304   39.479
