
filled_synop: 30 data points in equal steps of sine latitude from +14.5/15 to  -14.5/15

CT1821:360           -67.205   -31.249    -3.388   65.888  275.269  301.321
   -88.180  -639.789  -824.087  -957.284 -1049.464  -826.907  -272.305   -33.301
   18.804    5.775   50.347  145.403  203.987  206.129  137.391   15.686
   -24.597   -28.520   -36.808   -43.738   -37.366   -30.832   -23.270   -12.811
CT1821:355           -73.461   -24.728   36.076  117.792  233.341  215.743
   -55.179  -379.748  -568.934  -875.490 -1060.081  -844.136  -277.944   -27.686
    9.303    8.205   66.750  268.748  576.833  574.448  280.000   62.217
    4.512   -21.240   -32.816   -37.078   -30.544   -24.386   -20.305   -16.746
CT1821:350           -72.012   -16.852   45.039  103.299  192.344  209.737
   84.081   -72.553  -171.633  -165.298   -87.213  -123.385  -181.820  -146.298
   -87.099   -34.056   15.234   11.403   -88.552   -98.175   -41.394   -57.275
   -78.264   -60.227   -37.427   -33.363   -26.257   -20.990   -19.866   -20.736
CT1821:345           -63.532    -0.187   60.557  119.183  196.652  237.071
  213.044  155.922   91.999  105.477  120.195   27.193  -206.963  -283.442
  -187.363   -55.260    3.414    -3.959   -15.518   -17.850   -48.295   -68.066
   -77.910   -59.719   -37.750   -36.320   -35.387   -31.999   -27.123   -21.657
CT1821:340           -91.589   -22.853   64.335  171.185  289.137  342.103
  355.721  331.565  211.695  -113.339  -384.448  -374.826  -205.275  -131.759
   -87.059   -28.815   17.793   90.198  186.279  194.533  124.803   70.327
   40.206    -0.272   -32.922   -42.942   -39.053   -33.604   -26.620   -16.965
CT1821:335           -81.490    0.599   66.467  205.655  514.029  649.729
  571.975  429.932  283.251  -162.453  -505.709  -434.787   -76.105   68.020
   49.554   22.735   47.202  108.949  164.426  172.391  140.180   80.323
   46.313    1.764   -40.839   -51.993   -37.875   -19.968   -12.254    -5.572
CT1821:330          -103.544   -24.609   70.176  242.380  520.639  653.048
  549.362  323.439  209.035  125.841   56.249    3.635    -6.945    -6.405
    2.471    -3.630    8.005   69.054  145.951  163.515  132.081   89.636
   60.272   10.239   -44.412   -62.267   -49.523   -23.052   -10.118    -2.752
CT1821:325           -88.599   -16.859   58.902  187.759  409.155  525.388
  444.582  286.845  241.406  321.697  383.784  292.957   86.349   -16.568
   -22.983   -20.951   -21.167    -4.892   20.633   44.389   82.442  117.517
  106.851   33.725   -48.168   -72.931   -50.987   -27.364    -8.576    4.504
CT1821:320           -73.290   -13.140   47.208  109.801  172.462  217.127
  233.744  228.581  233.490  311.198  335.724  278.116  145.879   69.114
   13.820   -26.893   -49.766   -97.680  -148.498  -117.980   25.420  178.710
  181.346   57.638   -64.315   -90.896   -58.468   -29.250    -8.263   12.703
CT1821:315           -64.529    -4.387   55.572   77.895   61.618   77.943
  138.028  222.428  245.920  248.197  226.453  185.553   96.138   23.806
    -1.281    -8.633   -28.096  -111.737  -222.485  -198.661   -15.498  177.032
  195.085   85.321   -33.090   -59.368   -21.256   -22.704    3.365   10.968
CT1821:310           -54.084   10.524   64.203   68.498   18.844   12.059
   89.196  204.559  234.650  217.728  187.630  141.625   50.712    -6.615
   -14.758    -4.984    -8.154   -37.051   -81.442   -56.782   52.803  167.770
  174.964   89.922    -2.988   -23.943    0.426    0.035   10.773    6.745
CT1821:305           -77.305   -19.534   57.219   63.296   -22.983   -51.927
   22.348  149.915  175.953  167.127  159.472   91.935   -32.347   -55.736
   -66.387    -2.337   31.739   58.545  104.902  133.064  143.356  157.499
  146.362   65.901   -24.175   -65.812   -97.703  -101.186    4.505    6.741
CT1821:300           -42.283   26.603   75.554   60.322   -16.361   -53.428
   -48.059   -30.680   -26.817   -22.863   -28.143   -78.921  -274.948  -393.252
  -254.593   -35.796   31.277   63.739   97.770  137.335  200.855  262.837
  260.319  167.740   43.393   -38.666  -103.578  -150.370   48.142    2.070
CT1821:295           -52.810    6.279   63.785   61.672    4.230   -41.970
  -114.776  -210.253  -222.569  -134.981   -36.973   -23.486   -45.298   -35.185
   -28.735    1.161   22.355    6.900   -28.543   11.655  172.734  354.613
  378.037  259.943   86.474   -33.020   -99.585  -137.313  -161.097    -7.735
CT1821:290           -63.568    -8.939   55.736   60.211   15.073   -24.887
  -126.337  -260.751  -277.492  -152.277   -35.561    1.576   75.393  127.309
   90.337   28.629   18.292   -17.262   -85.991   -57.873  123.673  317.214
  327.885  180.912   14.291   -40.928   -34.290   -13.154   -88.119   -14.810
CT1821:285           -35.567   26.034   71.974   56.360    -6.641   -50.527
  -116.344  -198.890  -224.550  -174.586   -89.369   -70.039   -25.521   21.726
   39.747   32.128   28.837   18.992   20.594   33.604   53.666   96.164
  104.695   47.476   -19.037   -35.267   -47.460  -107.252  -254.118    -8.007
CT1821:280           -59.708    -6.970   66.697   67.907   -29.676   -77.139
   -44.974   20.487   -15.878  -240.630  -418.283  -377.632  -159.934   -51.324
   -18.485    8.863   18.580   -14.495   -41.796   -48.309   -83.492  -107.891
   -93.221   -41.829   29.131   41.107   19.331   -12.021   -38.161    -5.328
CT1821:275           -37.129   22.257   63.915   48.320   -18.134   -37.281
   76.359  272.351  251.447  -117.743  -465.391  -419.976  -160.964   -62.076
   -45.531   -35.676   -24.765   -69.925  -129.830  -142.355  -147.264  -121.176
  -111.573   -69.003    2.214   35.581   48.362   51.793   56.718   -30.985
CT1821:270           -45.266   10.097   59.220   73.349   27.670   23.379
  152.972  332.679  359.100  334.152  370.822  271.101   60.669    -5.678
   -17.309   -38.463   -13.156   16.243    1.056   -14.609   -35.233  -102.324
  -138.449   -98.634   -23.763    6.247   19.156   22.818   21.831   -39.182
CT1821:265           -56.282    -8.515   47.161   71.240   56.818   62.683
  144.809  273.271  319.385  349.816  321.099  271.619  119.904    5.273
    -1.721    -2.789   64.044  388.138  911.305  988.700  549.319   15.118
  -157.674  -127.809   -49.860   -36.888   -30.104   -28.260   -20.879   -58.866
CT1821:260           -42.472   16.858   61.309   76.571   66.509   70.684
   91.465  106.685  123.017  162.333  174.985  142.821   61.896    2.505
   10.212   31.882  123.806  587.620 1265.752 1349.624  856.596   81.715
  -149.662  -143.537  -107.727  -104.062   -87.477   -74.989   -59.426   -56.548
CT1821:255           -54.235    -0.376   61.465   75.935   33.373    9.798
   16.816   29.970   36.834   21.888    4.289    -7.959   -10.619    -8.250
   10.472   42.889   76.636  272.867  711.472  801.292  441.122  100.832
   -10.555   -69.359  -125.254  -148.231  -138.270  -119.817  -103.867   -41.234
CT1821:250           -46.515   12.198   71.696   69.937   -22.181   -76.244
   -55.730    4.054   13.212   -41.715   -74.660   -83.176   -52.022   -15.109
    0.736   38.606    -3.912  -395.296 -1069.406 -1174.372  -681.185   -15.993
  126.960   12.931  -139.637  -176.270  -141.533  -104.187   -84.082   68.545
CT1821:245           -19.875   50.494   91.653   44.827   -92.532  -157.215
  -106.390    7.324   21.690  -104.129  -238.891  -219.698   -80.009   -15.209
    3.247   37.624   -35.328  -545.222 -1379.434 -1479.086  -834.639   -17.388
  144.808   -14.015  -181.400  -210.710  -164.141   -83.952   -14.708   73.905
CT1821:240           -51.762    -0.193   85.976   71.076  -115.140  -206.111
  -111.323  100.827  136.769    3.750  -115.959  -101.869   19.462   88.920
   70.126   42.403   -25.161  -177.533  -267.802  -246.263  -221.729   -98.507
   -42.941  -104.721  -228.405  -245.846  -148.438   -39.237   32.113  107.258
CT1821:235            4.210   66.374  101.348   44.458  -106.845  -172.665
   -83.897   88.943  134.125  110.548   97.021   85.773   65.868   59.098
   53.108   28.718    -8.766   35.158  119.784  166.000  268.383  371.150
  364.018  119.054  -179.183  -251.594  -189.763   -62.507   31.637  111.459
CT1821:230           19.177   68.217  103.694   75.920   -58.200  -136.973
   -81.597   22.188   62.311   78.569   76.846   78.928   69.140   50.923
   44.029   35.862   14.249   17.739   19.532   74.824  360.677  711.582
  723.133  353.979   -95.828  -229.220  -158.131   -37.821   19.367   68.547
CT1821:225            9.898   37.276   75.409   53.992   -44.448   -97.115
   -77.150   -21.800    7.931   28.525   48.498   57.896   71.482   75.035
   55.017   39.746    7.059  -123.783  -388.193  -403.697   -34.588  417.306
  489.491  209.222  -112.855  -191.278  -137.605   -45.718    0.954   49.459
CT1821:220           28.790   83.030  112.370   89.684    2.510   -47.755
   -49.194   -36.074    -9.054   38.266   85.433   90.367   63.053   35.813
   21.803   23.548   -28.452  -207.256  -483.517  -486.529  -221.255   99.513
  187.267   66.606  -164.338  -237.956  -157.623   -64.148    3.275   86.939
CT1821:215            1.660   43.289   96.070   92.236   11.256   -52.536
   -46.098   -11.608   22.805  103.288  179.246  177.339   89.884   14.052
    -5.701   21.207   -22.148  -194.527  -460.350  -485.009  -125.178  409.672
  529.728  274.205  -132.294  -250.226  -180.755   -72.611   16.370  110.448
CT1821:210            -0.121   35.683   86.718   79.322    -7.077   -63.461
   -51.622    -3.314   36.498  138.882  267.354  256.534  106.801    -2.448
   -22.458   20.675   -19.303  -228.304  -549.992  -604.986  -313.407  237.179
  392.066  171.004  -182.685  -242.614  -143.239   -36.872   40.267  132.345
CT1821:205           29.401   70.311   96.855   83.038   -16.776  -101.255
   -90.267   -18.478   31.559   68.687   81.395   71.507   20.620   -32.829
   -43.648    8.262   -14.645  -271.426  -872.981 -1053.995  -752.585  -130.593
   85.985    7.460  -132.867  -166.546  -104.350   -17.750   55.441  128.608
CT1821:200           23.530   33.693   56.976   49.382   -37.347  -110.185
   -98.601   -24.824    8.625    4.056   -17.107   -31.202   -46.434   -55.977
   -59.246    -5.691    -3.876  -120.030  -331.982  -389.795  -370.943  -318.929
  -271.852  -226.918  -172.285  -131.924   -59.988    9.792   59.394  106.019
CT1821:195           45.351   45.558   47.782   31.510   -37.322  -112.823
  -114.187   -38.879    -4.859   -28.877   -87.317  -110.511  -106.277   -89.406
   -76.952   -42.702   -29.548   -50.028   -52.367   -61.823   -85.662  -129.351
  -127.816  -128.541  -126.243   -99.337   -63.709   -16.492   36.730   86.450
CT1821:190          160.745  123.226   77.260   28.354   -19.061   -64.055
   -97.773  -127.658  -159.858  -186.649  -223.590  -232.923  -199.598  -139.999
   -98.167   -47.504   19.626   -16.168  -196.611  -447.853  -500.009  -395.070
  -351.746  -282.574  -177.724  -160.455  -152.844  -154.028   -82.105  129.100
CT1821:185          178.858  131.667   78.529   23.781   -26.032   -75.386
  -133.630  -198.406  -259.333  -297.062  -338.981  -342.430  -282.168  -171.931
   -99.121   -13.031   68.241   55.918    5.681   -41.818   -86.093  -162.352
  -185.114  -136.746  -112.296  -103.736   -58.029    -9.370   51.564  132.694
CT1821:180          199.915  143.947   85.353   21.483   -40.938   -97.195
  -175.563  -308.520  -414.801  -441.197  -454.577  -426.023  -325.164  -187.100
   -87.028   16.999  123.405  167.818  112.440   44.189   76.309  159.471
  164.555   82.092   -65.370  -149.681  -114.957   -41.521   17.101   72.011
CT1821:175          174.402  125.867   73.115   20.825   -53.362  -142.848
  -254.480  -416.100  -522.299  -522.882  -473.924  -409.656  -293.864  -152.376
   -65.285    5.333   77.340  152.726  199.780  255.192  452.612  817.712
  916.814  648.555   90.690  -138.764  -111.143   -54.635   -25.779    6.673
CT1821:170          157.670  111.884   65.178    -3.081  -107.064  -211.692
  -332.886  -550.121  -657.860  -580.069  -404.609  -299.689  -193.836   -91.593
   -22.737    -1.812   32.602  154.622  387.871  585.522  782.685 1140.739
 1233.135  891.539  258.901   -57.469   -68.246   -32.028   -41.525   -34.745
CT1821:165          123.323   79.436   50.617   -13.955  -160.341  -307.166
  -446.048  -687.409  -795.239  -627.058  -266.189  -115.923   -56.820   -15.604
   18.363    -5.302    1.280  132.119  348.477  538.124  809.424 1229.203
 1321.315  955.170  305.773   24.887   -19.456   -25.807   -64.831   -81.407
CT1821:160          108.755   74.418   46.840    -7.987  -130.296  -264.123
  -354.793  -450.069  -472.886  -362.965  -134.971   -31.699   -33.607   -27.376
    -5.973   -23.027    -8.893  104.526  279.701  457.005  699.289  999.734
 1048.571  805.646  335.539   65.739    -4.791   -23.745   -72.558  -121.392
CT1821:155           86.924   67.139   39.805   -14.281   -95.886  -170.853
  -206.274  -223.193  -213.439  -196.366  -171.271  -147.357  -200.777  -170.050
  -146.389   -81.128    3.437   86.522  197.622  334.862  558.976  879.001
  951.971  703.026  296.704  106.007   37.757   -14.828   -91.886  -162.635
CT1821:150           71.878   36.266   14.449   -22.841   -91.937  -162.024
  -184.310  -183.366  -147.899   -54.540   -37.208   -33.114   -94.872  -309.035
  -272.142   -81.530    -3.585   32.080   83.440  184.135  352.307  629.322
  721.485  593.513  381.230  240.819  121.496   12.886   -94.567  -206.364
CT1821:145           72.369   30.722    -8.859   -55.909  -120.837  -184.767
  -205.483  -222.539  -167.169  136.898  596.003  676.389  474.264  425.651
  309.731   79.297   19.865    -9.546   -56.285    4.329  110.581  355.686
  441.482  401.875  344.067  261.315  143.958   20.691   -94.157  -208.815
CT1821:140           92.001   47.249    -2.915   -62.591  -140.280  -197.461
  -209.308  -214.151  -165.007   21.882  199.411  257.308  222.352  106.229
   91.714   33.691   22.041   41.451   -37.781   -47.007   67.315  187.641
  187.453  203.212  271.406  247.666  150.007   31.673   -77.528  -183.809
CT1821:135           91.215   47.059    4.485   -47.965  -144.443  -217.509
  -213.206  -165.759  -106.932    0.523  140.929  179.636  117.336   82.447
   76.076   34.259   93.010  399.999  864.001  938.942  721.962  185.535
    -0.907   86.670  223.006  211.213  126.826   23.648   -59.947  -147.653
CT1821:130           93.540   55.960    9.691   -51.082  -145.299  -212.201
  -207.076  -154.818  -100.862   -47.217   16.594   50.440   50.398   61.880
   83.534   89.879  196.742  769.455 2049.612 2388.376 1560.182  421.838
   74.831   55.451  178.698  202.336  138.244   34.050   -47.772  -122.372
CT1821:125           79.103   42.432    3.017   -48.943  -137.382  -204.011
  -197.880  -159.029  -114.204   -60.738   -35.516    -0.928   50.306   43.169
   79.709   91.027  167.315  561.251 1269.162 1384.098  837.663  -257.016
  -607.706  -390.510   41.359  182.606  130.613   37.526   -26.336   -96.542
CT1821:120           60.204   24.522    -8.979   -51.288  -127.203  -180.799
  -158.764   -81.027   -16.972   57.935  159.975  195.185  244.678  323.733
  265.496   81.629   68.479  239.524  586.092  616.964   43.375  -939.588
-1164.785  -685.754    8.781  178.210  129.340   56.132   11.469   -53.627
CT1821:115           62.827   20.309   -27.385   -81.680  -173.384  -228.540
  -157.771   36.453  128.907  157.383  154.227  137.677   90.184   42.105
   20.319   -55.087   -84.097  -170.896  -457.449  -573.325  -500.774  -342.604
  -290.896  -202.695   40.794  144.551  120.982   69.116   24.733   -33.256
CT1821:110           62.136   10.545   -44.509   -92.933  -166.728  -209.807
  -109.411  147.556  239.829  130.592   -72.679  -139.970  -152.638  -174.664
  -188.638  -228.305  -248.284  -173.901   -59.446    4.425   45.260   95.678
  105.815  100.775  121.106  124.701   95.947   54.258   10.668   -39.541
CT1821:105           65.174    7.544   -68.432  -108.464   -89.639   -67.747
    -6.256  140.967  171.756   29.266  -197.920  -260.849  -234.797  -214.371
  -221.498  -213.636  -145.503   39.834  514.685  741.816  601.871  274.838
  184.405  155.320  135.657  103.523   63.411   26.354   -14.076   -59.037
CT1821:100           21.161   -15.287   -49.165   -59.951   -31.964   -17.556
   -14.755   29.333   31.004  -100.870  -274.702  -307.962  -231.721  -178.229
  -228.191  -411.015  -454.821  -208.109  410.836  708.248  691.431  406.644
  327.289  327.036  258.656  167.347   93.141   28.455   -41.779  -109.198
CT1821:095            7.536   -16.315   -40.426   -63.980   -72.892   -92.946
  -164.348  -311.987  -393.679  -387.940  -336.428  -309.913  -235.464  -174.685
  -261.077  -627.611  -844.697  -632.852  -222.970   31.200  422.261  972.480
 1129.837  840.666  388.285  206.700  115.190   31.436   -58.006  -135.025
CT1821:090            -7.273   -26.862   -41.813   -66.989   -91.905  -124.964
  -242.976  -493.875  -610.244  -719.141  -878.028  -859.756  -468.534  -154.012
  -232.477  -524.683  -699.602  -903.782 -1305.167 -1254.885  -533.244  705.760
 1110.771  859.356  320.234  102.540   25.402   -10.477   -58.299  -106.460
CT1821:085           -31.315   -44.513   -46.487   -73.090  -134.488  -194.780
  -252.098  -357.683  -404.423  -396.508  -433.746  -413.284  -242.155  -151.532
  -238.793  -464.606  -642.312  -928.426 -1674.016 -1813.438 -1046.736  116.418
  506.425  441.584  199.235   86.890   36.687   15.326   -27.351   -61.239
CT1821:080           -13.539   -24.582   -43.888   -88.858  -185.684  -267.421
  -253.497  -127.311   -26.202  235.839  796.921  868.411  318.648   -70.170
  -190.808  -336.908  -453.743  -468.832  -281.073   -57.288   52.267  336.359
  515.112  398.619  141.327   23.346   -12.183    -9.398   -18.266   -28.989
CT1821:075           -12.259   -33.357   -57.906  -116.624  -253.490  -357.494
  -324.094  -166.163   -39.930  174.534  366.429  383.051  216.848   -40.339
  -152.974  -264.170  -356.376  -218.658  247.935  500.732  535.590  510.285
  526.855  372.415   80.017   -36.061   -26.492    5.901   16.981   36.346
CT1821:070            -4.488   -38.710   -54.519  -105.053  -305.179  -468.836
  -438.250  -313.893  -226.476   -68.376   67.458   76.438   32.175   -62.176
  -131.001  -205.182  -291.600  -308.502  -422.815  -491.459  -206.914   80.451
  159.325   95.529   -73.005  -117.994   -72.319    2.316   51.103   94.402
CT1821:065            -3.831   -35.478   -70.232  -128.948  -268.853  -366.643
  -336.090  -215.882  -138.722   -66.673   37.242   46.384   -11.384   -50.090
   -62.300   18.164   33.147  -155.485  -577.696  -708.810  -483.119   37.817
  230.290  126.917   -85.505  -139.347   -80.627    4.518   63.795  121.378
CT1821:060           -21.147   -53.006   -83.833  -103.859  -144.162  -159.705
   -75.060  126.134  203.269  149.867   21.351   -39.683   -67.417   -78.619
   -58.512  103.222  169.555   -90.675  -758.990 -1050.476  -904.720  -495.226
  -302.040  -247.648  -201.246  -137.298   -73.573    1.815   69.164  126.937
CT1821:055           -40.024   -49.886   -78.611   -64.282   68.329  193.566
  297.173  533.815  606.778  400.315   25.499   -96.855  -126.569  -162.721
  -141.130   -15.657   10.176  -178.294  -645.153  -858.167  -875.788  -806.187
  -711.508  -516.585  -225.812   -93.309   -41.131   13.071   64.202  100.675
CT1821:050           -67.482   -88.652  -108.761   -52.944  186.192  409.232
  477.793  493.063  431.772  219.992   -94.959  -195.925  -207.286  -155.580
  -122.599   -84.480   -90.291  -171.424  -326.892  -422.077  -490.129  -538.476
  -487.302  -345.251  -130.305   -17.802    0.173    3.836   20.602   34.220
CT1821:045           -69.165   -85.049  -101.269   -47.352  195.513  406.744
  373.012  154.925    0.988  -233.934  -530.597  -583.261  -379.243  -150.988
   -88.544   -78.539   -87.836  -118.227  -147.220  -167.564  -174.626  -153.938
  -107.095   -37.698   21.592   45.732   29.589    0.800   -22.560   -44.106
CT1821:040           -62.403   -69.498  -100.686   -88.637   83.759  262.673
  146.322  -377.251  -672.782  -701.855  -689.005  -674.715  -387.256  -105.625
   -30.857   -31.447   -42.168   -82.842  -185.252  -225.808  -106.637  150.751
  257.180  253.562  184.277  153.814   88.912    1.327   -66.488  -140.201
CT1821:035           -76.674   -91.142   -94.736   -86.384   -83.869   -69.865
  -105.348  -250.327  -399.751  -420.198  -339.584  -305.377  -263.959   -96.516
   -10.819    8.836    -1.984   -59.605  -254.172  -337.408  -168.868  196.758
  338.405  322.222  220.236  168.349  106.233   23.414   -54.394  -123.343
CT1821:030           -85.669   -75.321   -69.349   -54.139   -83.555  -120.327
   15.119  612.803  830.827  329.837  -637.892  -847.244  -498.665  -103.811
    4.396   59.102   93.630   27.176  -166.903  -230.234  -153.545   27.243
  109.511  153.229  152.661  135.304   80.029    9.722   -44.416   -95.094
CT1821:025          -110.674   -74.821   -42.632    -8.289   40.098   80.497
  185.731  619.760  781.699  331.029  -641.480  -909.297  -518.470  -138.208
   -28.926   12.786   27.725    2.097   -93.051  -132.194  -161.084  -171.650
  -135.932   -38.973   99.987  137.660   89.400   13.772   -50.938  -111.669
CT1821:020          -139.454   -88.902   -23.074   36.340  127.743  219.737
  123.946  -243.646  -464.606  -370.256    7.143  158.606    -3.250   -92.861
   -35.408   -16.253    -2.185    4.537   -52.728  -117.865  -137.995  -195.249
  -210.501  -125.949   57.379  118.311   71.859    -0.869   -52.672  -103.086
CT1821:015          -135.552   -59.857   24.213   67.883  100.227  126.083
  -211.227 -1264.756 -1918.201 -1585.198  -639.120  -315.448  -202.674  -112.349
   -26.231   -12.127    -1.353   87.630  306.763  417.547  265.503   -56.015
  -186.328  -151.923   -12.445   40.963   24.593   -13.736   -38.236   -58.806
CT1821:010          -130.287   -46.634   47.715  100.124   87.636   60.388
   -95.996  -629.468 -1115.633 -1037.003  -930.233  -880.540  -525.176  -171.314
   -24.058   36.858  124.556  230.786  425.720  529.138  383.550   23.863
  -149.216  -150.248   -58.715   -36.205   -30.668   -27.846   -14.577    2.020
CT1821:005          -135.833   -49.443   51.775  124.113  136.914   96.135
  120.664  854.443 1315.005  577.403  -550.451  -690.556  -518.683  -210.987
   -39.665   23.942   96.265  269.686  450.102  422.515  414.210  211.758
   39.801   -62.280  -107.910  -120.688   -73.080   -14.733   25.667   67.299
CT1822:360          -144.539   -63.844   24.725   98.821  207.866  285.306
  162.851  -224.633  -572.867  -710.625 -1014.952 -1053.406  -700.696  -285.941
   -95.160   12.731  141.650  398.184 1056.887 1397.759 1063.996  345.682
   21.168   -71.218  -131.464  -158.113  -105.174   -29.352   37.616  102.411
