
filled_synop: 30 data points in equal steps of sine latitude from +14.5/15 to  -14.5/15

CT1830:360            -2.683   50.413  116.383  155.498   89.962   -21.704
  -134.908  -248.472  -379.287  -426.734  -400.719  -368.040  -300.321  -247.297
  -169.490   45.530  519.412  876.023 1092.116 1340.766 1409.517 1241.705
  804.086  549.640  406.935  276.745  159.906   86.195   24.552   -38.015
CT1830:355            -8.949   50.054  129.882  183.040  125.029   40.484
   -97.714  -351.758  -631.923  -688.675  -617.150  -453.950  -317.742  -201.843
   -89.279  129.510  546.070  877.912 1095.655 1418.673 1540.925 1359.998
  897.574  651.476  483.566  280.442  146.336   92.126   37.558   -26.376
CT1830:350            3.022   92.911  182.018  221.161  162.740   70.056
  -105.170  -599.435 -1315.126 -1460.994  -996.962  -401.634  -183.677   -89.054
   30.450  188.926  336.271  460.827  646.584  890.547  988.607  989.466
  965.033  865.614  630.107  297.422  113.969   55.749   19.643   -22.811
CT1830:345           -20.155   54.971  156.232  227.439  175.815   88.485
  -106.295  -648.213 -1450.858 -1633.978 -1074.775  -433.286  -209.226  -117.761
   -17.192  125.781  290.726  384.517  382.355  167.093   56.914  268.219
  616.650  688.520  516.318  220.368   99.033   55.246   21.808   -20.529
CT1830:340           -32.837   35.785  138.906  202.578  138.749   54.683
  -104.817  -327.220  -560.418  -629.885  -641.258  -562.201  -416.459  -251.242
  -101.471   37.253  333.886  526.674  336.755    -4.644   -43.294   -23.666
  178.450  300.579  306.001  239.265  183.310  101.658   25.607   -46.784
CT1830:335           20.262  117.105  211.478  238.276  117.589   -75.360
  -256.498  -435.139  -557.858  -593.911  -702.201  -755.984  -617.384  -322.066
   -87.597   -32.988   -85.042  -177.113  -387.355  -963.256 -1192.370  -880.574
  -267.190    -4.587  117.603  224.535  239.850  146.349   38.721   -62.973
CT1830:330           43.250   86.131  164.011  194.090   -44.763  -456.569
  -725.881 -1032.980 -1431.268 -1475.632 -1007.547  -523.897  -354.761  -223.346
   -85.295   -92.041  -260.690  -388.403  -671.241 -1234.819 -1424.041 -1168.698
  -537.674  -211.837    -4.950  221.391  272.383  153.808   23.698   -81.039
CT1830:325           90.173  126.726  175.938  165.802   -89.961  -531.101
  -751.180  -940.792 -1103.866 -1073.756  -697.833  -223.449   -91.508   -94.205
   -80.107   -72.978  -116.226  -183.937  -297.623  -483.134  -577.772  -550.629
  -422.312  -308.680  -115.414  134.684  206.525  119.446   21.222   -58.615
CT1830:320          119.690  119.549  121.892   95.134   -76.601  -327.054
  -408.197  -351.032  -185.092  -111.564   -53.049   33.509   52.503   -29.116
   -94.983   -12.019  307.547  412.119  371.455  271.272  151.228   -12.623
  -316.047  -334.285  -163.873   49.648  124.077   77.683   29.618   -10.647
CT1830:315          129.626  107.385   79.139   61.976   77.484  128.479
  187.883  340.640  535.206  524.222  344.226  143.324   54.329   -38.136
  -104.743   -45.196  284.679  443.079  290.795   45.001   -74.190  -164.138
  -301.302  -279.304  -144.520    6.789   72.471   61.538   39.324   19.689
CT1830:310          112.315   81.823   42.395   39.755  183.166  445.497
  627.670  876.339 1108.214 1044.492  614.440  111.536   -55.588   -79.320
  -121.806  -179.657  -185.675  -269.206  -563.445 -1133.229 -1337.198 -1086.359
  -577.930  -302.788  -152.119   -33.545   34.750   28.935   29.953   34.000
CT1830:305          108.668   57.738   -13.011   12.073  310.692  747.589
  982.448 1146.934 1273.484 1156.988  678.362  176.856    -9.816   -35.095
   -72.731  -250.213  -646.370  -972.672 -1257.296 -1753.602 -1880.599 -1464.858
  -627.234  -256.988  -119.199   -34.804   27.541   30.900   36.545   44.245
CT1830:300          119.116   90.706    -7.765   -18.359  357.858  967.931
 1197.928 1176.969 1017.977  838.930  508.012  151.797    2.809    2.541
   -46.435  -212.074  -498.022  -719.679 -1116.554 -1744.775 -1863.683 -1363.462
  -402.500   -15.930   16.930   -45.920   -12.793    7.742   30.982   52.397
CT1830:295           48.713    4.459   -13.179   71.242  407.044  889.984
 1089.087 1017.015  847.886  685.478  386.711  112.469   -13.439   -10.594
   -25.988   -92.232  -191.460  -326.345  -612.011 -1087.565 -1187.852  -841.322
  -198.314   99.981  140.953   59.198   42.363   21.827   19.538   22.471
CT1830:290           50.535   82.658   96.088  134.083  309.514  538.414
  639.753  640.552  576.428  417.106   60.021  -244.554  -361.445  -276.797
  -109.390  -109.125   -33.725    -5.668  -164.121  -457.720  -535.607  -338.260
   35.424  193.494  199.604  127.384  114.799   88.659   40.782    0.141
CT1830:285           29.476   60.122   84.168  120.086  262.430  498.568
  582.522  503.940  375.831  211.139  -249.896  -654.277  -771.491  -900.425
-1046.200  -752.490  -110.919  118.280   56.160  -109.305  -181.703  -105.595
   73.643  138.454  120.699   84.807   93.337   61.270   26.635    -4.139
CT1830:280           56.933   56.124   56.112   84.804  163.062  243.642
  262.432  217.667  142.121    8.806  -365.613  -658.474  -634.797  -275.939
   28.511  121.926  235.750  293.866  269.652  159.759   64.192   -90.142
  -346.428  -396.649  -235.631   -31.492   39.960   35.900   28.165   31.461
CT1830:275          111.690   85.744   47.437   11.037    -7.058   -12.199
   -19.450   -49.716   -81.367   -67.359   54.889  174.279  273.953  500.554
  673.899  695.264  672.933  698.084  640.022  545.118  411.622  100.269
  -343.039  -476.311  -305.192   -34.145   43.835   61.217   68.564   74.414
CT1830:270          144.826   49.387   -36.880   -91.370  -126.656  -152.180
  -151.881  -132.107   -96.560   38.872  466.132  827.190  872.093  686.155
  571.071  622.452  647.818  586.968  712.420  827.763  729.797  339.637
  -219.452  -405.204  -273.858   -48.689   42.723   62.426   74.425   90.081
CT1830:265          178.774   72.908   -36.688  -117.368  -154.366  -177.351
  -152.374   -45.233   86.575  222.896  495.536  694.935  697.889  485.015
  346.886  448.676  888.484 1119.216  950.170  676.928  534.937  264.739
  -113.041  -246.375  -164.850    -2.200   59.140   86.457   92.963  101.403
CT1830:260          190.060   97.927    -7.197   -86.809   -95.581   -88.860
   -50.345   48.713  166.015  263.545  390.105  474.199  437.139  221.837
   67.740   53.471  113.039  162.417  258.540  359.080  333.550  172.835
  -104.425  -219.153  -157.371   -37.781    8.830   41.869   70.916  102.848
CT1830:255          178.830   67.137   -38.001  -102.206   -95.329   -64.920
   -20.772   67.418  158.383  230.309  298.752  338.064  289.210  146.074
   36.852  -194.974  -788.141  -993.179  -425.633  524.297  745.641  444.225
   -23.682  -188.286  -171.643   -90.741   -40.420    9.097   57.904  108.605
CT1830:250          194.287  105.169    -4.002   -94.915  -108.060  -102.172
   -59.748   60.205  184.019  243.977  260.488  262.593  220.739  142.626
   49.572  -148.432  -467.436  -452.265   -60.018  844.976 1122.393  726.063
   83.157  -140.927  -134.636   -90.124   -59.548    3.121   62.344  113.593
CT1830:245          181.732   90.274    -6.773   -77.120  -109.173  -135.946
  -101.583   37.479  190.960  244.825  237.558  227.370  190.485  142.654
   69.537   -67.177  -292.855  -313.498   24.084  604.822  775.862  517.840
   39.483  -104.559   -92.215   -55.749   -30.087   17.467   60.150   99.596
CT1830:240          158.832   92.287    3.419   -71.899  -130.723  -178.896
  -157.587   -11.038  163.612  199.622  138.101   80.693   60.837   65.084
   29.536   -81.483  -296.394  -366.126  -238.178   11.471  101.675   20.649
   -73.971  -100.660   -90.382   -50.387   -13.063   20.429   49.998   81.449
CT1830:235          165.444   88.894   13.906   -52.450  -107.381  -174.482
  -161.212   -30.224  114.284  130.800   20.591   -66.666   -77.185   -22.612
    -0.425   -63.800  -192.186  -265.074  -341.911  -475.393  -502.170  -394.820
  -230.431  -174.761  -105.269   -25.606    9.477   25.381   43.466   65.400
CT1830:230          153.441   77.505    1.717   -62.376  -116.620  -170.932
  -159.524   -38.367   96.045  100.162   -44.103  -154.874  -158.246   -71.514
   -14.662    7.594   39.494   10.132  -136.220  -376.267  -442.937  -392.411
  -257.916  -184.606  -113.249   -35.051    7.361   23.427   39.352   57.880
CT1830:225          172.627  100.612   20.052   -55.335  -105.863  -152.463
  -142.979   -43.210   76.404   77.269   -48.514  -142.408  -145.479   -70.102
   -25.296   37.703  216.788  248.936   75.095  -232.919  -337.498  -287.116
  -190.984  -134.876   -80.182   -28.194    0.398   13.344   30.748   52.007
CT1830:220          162.883   92.677   21.456   -40.926   -90.554  -143.964
  -131.521   -38.618   67.521   95.273   62.413   31.230    5.915   -32.450
   -49.320   -29.181   59.412   71.274   -54.088  -214.022  -255.318  -196.577
  -104.285   -58.488   -48.035   -49.390   -25.179    6.025   35.602   66.005
CT1830:215          176.324   97.076    4.811   -69.763  -110.734  -141.320
  -113.488   -11.417   78.876  125.242  177.807  196.220  141.576    9.417
   -61.067  -105.698  -200.318  -268.564  -259.639  -259.460  -259.582  -177.342
   -43.934    -1.197   -17.216   -50.047   -38.378    -2.578   39.192   82.133
CT1830:210          186.100   94.979   -17.862  -100.287  -122.360  -136.162
   -95.564   66.516  234.160  278.373  254.613  225.462  176.897   53.932
   -19.340   -46.029   -63.617   -95.732  -184.915  -305.547  -322.625  -191.593
   -18.843   16.812   -32.780   -90.328   -70.191    -4.672   52.502  101.593
CT1830:205          153.632   59.872   -26.900   -85.344  -114.950  -129.574
   -84.458   74.205  222.417  269.656  261.883  233.944  197.748  127.804
   91.586  116.538  222.451  241.228  101.050   -91.283  -141.207  -104.990
   -46.320   -34.468   -57.983   -91.232   -77.330   -21.811   38.595   94.397
CT1830:200          156.391   81.450    -2.523   -71.327  -111.124  -140.214
   -97.026   55.576  201.476  241.857  224.689  196.822  156.204   75.409
   50.925  111.048  222.629  262.947  247.284  214.428  172.664   95.088
    8.498   -31.995   -56.791   -75.683   -65.313   -21.549   23.475   63.333
CT1830:195          135.114   62.318   -12.075   -63.073   -94.797  -121.821
   -81.081   63.363  188.347  188.197  102.168   60.235    3.304   -66.399
   -40.397   51.856  189.779  247.681  303.768  339.324  297.709  189.677
   69.169   14.122   -11.943   -37.702   -40.494   -24.006    -9.020    3.923
CT1830:190          116.383   41.670   -35.345   -78.042   -73.855   -63.083
   -30.133   97.239  184.331  151.011   -68.381  -241.012  -230.949  -210.141
  -169.359   85.954  475.148  568.318  512.123  259.753  147.514  144.303
   98.839   62.508   32.524    0.993   -11.467   -19.291   -34.766   -51.463
CT1830:185          109.450   49.242   -34.313   -77.126    -8.168   78.511
   87.632  105.358  131.091  110.734   35.423    1.959   -15.007   -80.725
   -53.794  252.056  914.485 1092.820  738.252  384.064  265.898  102.452
   -18.305   -26.842   19.223   47.030   30.624   -19.676   -61.417   -89.016
CT1830:180           66.646    -4.360   -53.762   -51.413   66.671  196.333
  165.295  -105.159  -328.892  -296.879    4.676  192.091  152.717   -11.904
   -28.742   42.913   90.117   32.493  -100.246  -434.354  -527.613  -345.460
  -135.375   -70.049   -31.470    -1.861    -3.215   -37.101   -66.918   -90.673
CT1830:175           71.528   27.984   -25.634   -41.740   54.003  170.510
   67.457  -402.096  -798.189  -737.519  -278.172   -48.458    -9.320   -76.335
  -101.868  -144.885  -228.619  -330.986  -660.537 -1101.454 -1154.328  -766.278
  -288.832  -123.656   -85.072   -50.992   -34.601   -54.236   -70.230   -84.881
CT1830:170           87.819   38.918   -12.518   -29.442   49.719  162.464
   81.610  -280.558  -584.793  -596.671  -354.706  -168.635  -110.352   -93.777
   -79.272  -102.630   -96.190  -171.495  -528.692  -910.899  -959.019  -672.865
  -275.924  -135.008   -81.511   -34.739   -20.404   -42.479   -55.358   -64.482
CT1830:165           70.629   22.088   -14.375    -1.332  115.822  228.428
  171.099   -78.176  -336.433  -407.407  -378.151  -327.315  -234.694  -100.229
   -29.522   -26.819   -32.010   -96.696  -299.092  -562.256  -609.786  -440.376
  -225.089  -132.349   -73.143   -20.097    -7.390   -29.205   -47.941   -65.759
CT1830:160           67.224   46.274   10.359    -1.576   90.030  238.567
  191.231   -52.555  -265.811  -369.711  -452.482  -423.176  -317.999  -116.231
   -10.788   -19.246   -66.910  -100.985  -153.549  -203.358  -217.608  -221.990
  -203.750  -147.933   -61.211    7.208    8.232   -28.962   -55.388   -77.273
CT1830:155           40.628   19.839    5.971   29.050  127.990  241.950
  164.470  -258.893  -644.318  -694.314  -523.309  -409.903  -291.260   -92.934
    -7.601   -42.122  -160.294  -185.490  -120.028   -29.795   -12.474   -44.897
   -97.024   -99.545   -46.595    8.507    7.248   -24.361   -56.754   -85.015
CT1830:150           63.241   46.629   32.625   40.098  112.346  220.301
  179.930   -61.127  -300.336  -358.139  -247.448  -160.815  -127.440   -67.464
   -21.689   -35.424   -98.505   -81.379   39.777  225.756  263.929  164.601
   42.186    7.768    9.259   10.959    -1.039   -20.083   -38.425   -57.648
CT1830:145           84.568   78.389   50.577   53.689  157.587  285.996
  262.747   80.043   -85.351  -155.848  -139.968  -113.898   -99.841   -91.097
   -70.246   -47.177   -42.062    2.087  151.880  338.432  378.182  285.579
  141.903   77.538   39.626    0.566   -17.745   -23.889   -35.836   -50.553
CT1830:140           82.459   70.473   42.157   68.006  207.529  385.462
  385.312  165.881   -54.564  -129.882  -135.861  -179.257  -172.457  -141.895
  -111.987   -67.458   -22.893   49.919  215.122  414.546  449.556  329.335
  180.579  110.394   61.011   11.115   -11.127   -21.016   -35.807   -50.495
CT1830:135           29.861    -2.411   -16.637   29.682  247.885  508.999
  565.758  510.038  427.650  261.300   -43.540  -213.935  -227.252  -171.315
  -138.712   -82.823   -21.187   72.022  185.166  313.196  337.844  235.449
  126.744   54.292   10.515   -17.121   -28.995   -34.703   -42.278   -48.843
CT1830:130           39.073   45.460   24.341   88.662  408.506  743.818
  817.880  714.261  561.458  389.543   65.066  -166.482  -188.169  -127.062
   -99.052   -58.204   -25.172  106.062  379.652  597.459  585.227  353.603
    -0.944  -123.767   -87.690   -70.699   -63.973   -45.113   -27.525   -13.372
CT1830:125           -11.600   -14.797    2.223   95.833  379.572  702.045
  768.303  655.069  520.360  367.865  134.274   -18.204  -111.852  -157.279
  -134.074  -112.688   -38.207  143.678  790.607 1461.031 1441.471  789.217
    -1.717  -193.642  -111.186   -44.194   -31.380   -41.852   -39.843   -33.322
CT1830:120           -13.809    7.174   29.306  124.968  356.078  568.150
  569.386  361.952  192.672  114.060   51.269   -29.654  -165.759  -416.808
  -480.350  -310.242   -49.631   94.376  606.901 1341.182 1257.334  418.143
  -158.563  -258.384  -211.181   -69.026    5.977    -0.881   -35.545   -62.335
CT1830:115            -9.750   24.395   50.845  106.397  235.686  362.568
  342.662  162.370   31.057    2.643   77.346   82.104   -17.699  -282.973
  -381.015  -209.771   -18.718   -40.262  -452.321 -1065.497 -1182.979 -1167.946
-1309.926 -1189.327  -533.889   -37.783   38.135   -30.773   -59.865   -79.088
CT1830:110           -18.470    -2.510   35.354  101.546  228.793  339.764
  299.227   63.905   -99.712   -81.205  113.054  195.697  244.647  425.333
  491.571  284.462   98.007   -56.365  -655.471 -1282.717 -1417.229 -1235.655
  -923.564  -773.275  -430.002   -38.925   72.660   21.681   -36.689   -83.391
CT1830:105            5.147   31.660   55.335   91.691  178.643  262.637
  213.764   31.643   -93.663  -109.898   -56.384   -26.114   71.128  198.777
  228.117  219.868  154.135   39.220  -205.095  -360.511  -469.450  -517.834
  -422.044  -305.846  -112.271   30.536   52.351    -4.713   -44.904   -77.584
CT1830:100            8.476   41.316   77.052  111.687  157.247  191.910
  128.180   -44.423  -183.692  -222.284  -246.920  -263.430  -197.605  -144.016
   -94.610   28.272  131.970  116.896   43.010   -66.600  -141.073  -132.496
  -106.569   -80.200   -42.191    -7.772    8.927   -17.058   -44.363   -66.429
CT1830:095            2.537   46.906   95.970  123.801  132.189  116.286
   38.746  -121.857  -257.885  -274.115  -180.613  -135.402  -132.820  -167.380
   -66.223  190.777  510.201  575.311  376.913   61.933   -77.612  -125.901
  -150.029  -143.871   -80.762   -29.630   -20.126   -34.015   -43.710   -50.281
CT1830:090           -20.477   26.959   92.516  128.114   92.417   38.696
   -67.501  -269.301  -434.107  -498.806  -469.050  -363.597  -387.703  -373.786
  -165.242  332.023 1048.291 1211.779  750.935  186.870    -1.937   -86.873
  -137.215  -165.020  -102.016   -55.433   -47.311   -49.522   -48.127   -44.555
CT1830:085           -19.008   63.290  132.110  139.735   78.689    -0.766
  -153.896  -440.990  -648.528  -849.292 -1209.945 -1264.438 -1013.000  -538.064
  -273.125  160.997  725.969  899.926  769.487  515.050  420.490  264.553
   -49.648  -179.486  -137.111   -79.344   -60.130   -53.547   -48.479   -44.057
CT1830:080           -65.507   17.669  123.314  154.687   78.154   -27.018
  -190.311  -504.316  -682.652  -754.730 -1024.961 -1130.677  -568.111   63.583
  205.494   83.613  -306.820  -199.028  829.470 1687.303 1632.211  797.884
    -7.992  -167.501  -112.386   -69.363   -59.140   -50.358   -48.151   -45.496
CT1830:075           -80.617    5.442  121.292  150.422   61.692   -36.011
  -170.938  -499.977  -670.439  -370.989  628.239 1158.459 1055.779 1160.528
 1175.899  407.061  -314.823  -300.748  684.595 1946.978 1837.060  684.398
   -37.794  -141.540   -99.187   -64.160   -61.328   -61.558   -62.017   -62.473
CT1830:070           -31.461   90.026  182.983  179.682   41.915  -109.466
  -203.410  -336.203  -382.660  -130.326  405.121  600.061  620.214  345.818
  153.448  -135.703  -579.777  -770.951 -1271.658 -1974.224 -1767.362  -825.503
  -256.204  -170.177  -107.664   -50.510   -44.461   -45.154   -47.318   -50.602
CT1830:065           -63.986   27.992  148.621  183.282   45.093  -108.039
  -153.222   -87.321   -30.825   27.211   59.647   63.455   72.593   -16.821
   -95.143  -258.175  -452.152  -630.377 -1165.084 -1551.936 -1440.028  -674.544
   86.173  214.597   84.597   -16.789   -43.819   -46.123   -41.870   -36.798
CT1830:060           -27.420   99.839  207.508  216.253   68.038  -103.278
  -146.763   -51.301   -29.454   -77.885  -178.461  -195.997  -178.567  -157.271
  -100.924   -55.868    7.781   19.511   -14.123   -28.943   32.314  328.195
  554.696  520.496  227.317   -27.670   -66.860   -43.915   -35.036   -23.062
CT1830:055           -28.905   80.951  202.858  206.459   42.757  -120.514
  -243.813  -298.089  -340.359  -573.168  -835.575  -795.561  -689.337  -335.378
   -92.720  130.460  303.617  462.771  874.124 1163.715 1089.781  705.461
  395.887  238.270   29.932   -80.861   -86.680   -61.808   -37.073   -12.891
CT1830:050           -29.213   62.140  189.290  195.342   21.315  -146.602
  -367.391  -857.724 -1173.841 -1384.717 -1855.798 -2004.445 -1325.759  -390.430
   -38.099  291.928  642.507  825.814 1108.749 1332.425 1115.190   79.986
  -755.224  -761.241  -318.094   -97.156   -78.465   -59.626   -34.296   -11.248
CT1830:045            -6.319   90.721  170.022  148.882   10.208  -122.827
  -256.344  -459.126  -609.359  -661.224  -673.492  -675.595  -544.803  -323.837
  -153.187   43.547  265.384  376.338  360.025  261.089  217.762  131.472
   43.932   -54.890  -107.415   -88.178   -64.937   -36.672   -11.028   10.542
CT1830:040           -34.899   30.457  122.719  133.414   12.360  -107.203
  -151.301   -94.622   -93.054   11.467  510.688  729.051  134.279  -535.074
  -583.655  -408.656  -264.714  -200.864  -144.830   -82.840   -58.818   39.871
  121.041  101.391    7.003   -50.937   -44.178   -24.704    -6.073   14.994
CT1830:035            -6.275   86.521  156.815  144.570   27.174   -91.428
  -154.036  -162.667  -170.269  -346.620  -917.808 -1179.803  -799.785  -505.983
  -460.763  -379.430  -284.961  -286.214  -381.652  -423.425  -373.314  -208.821
   -76.815   -28.507   -16.874   -18.156   -20.701   -23.269   -23.678   -24.415
CT1830:030           -19.486   72.466  176.194  174.962   48.307   -81.379
  -236.364  -506.231  -602.438  -468.401  -116.393   26.255   -24.018   -25.363
   -47.511  -166.183  -253.227  -324.420  -525.047  -671.490  -611.095  -359.645
  -180.057   -99.427   -39.970    -6.036    -4.473   -23.007   -40.349   -54.955
CT1830:025           -19.191   74.232  199.845  213.415   60.214   -84.603
  -244.367  -655.214  -806.487  -352.626  618.678  902.501  608.982  137.952
    1.722   -79.796  -166.957  -253.480  -421.095  -514.273  -485.317  -255.862
   -48.714    2.597    -1.099   17.289   12.024   -27.125   -51.963   -69.831
CT1830:020           33.360  152.386  229.939  207.372   69.639   -63.939
  -179.756  -387.174  -419.709   -51.889  677.405  883.989  602.724  116.812
   -27.456   -32.932   -31.388  -100.941  -270.735  -392.849  -402.138  -318.700
  -234.067  -157.033   -48.026   30.142   31.695   -11.627   -45.471   -72.698
CT1830:015           -19.564   82.363  196.548  210.522   82.872   -35.224
   -61.692   -76.957   -42.504  168.531  507.031  581.531  374.795   10.116
   -83.682   11.111  114.717   94.331   -44.250  -178.706  -241.029  -325.594
  -367.373  -311.567  -105.096   39.406   50.058    4.408   -36.425   -76.134
CT1830:010           -36.570   64.845  196.446  228.168  100.210    -8.653
   42.021  286.890  420.196  401.108  287.439  236.015  102.739   -91.699
  -101.682   96.959  311.979  378.953  426.025  434.832  301.848   -82.146
  -308.391  -289.470   -46.164  103.381   89.536   15.678   -38.032   -96.893
CT1830:005           25.818  121.397  178.738  169.606   60.055   -26.076
   49.271  318.508  423.223  308.567   11.220   -96.864  -129.764  -148.547
   -73.211  198.878  471.226  600.326  746.058  809.944  683.137  283.925
    8.637   -44.797   41.924  105.318   84.237   25.189   -34.491   -95.019
CT1831:360            3.526   66.630  130.521  128.326   34.764   -38.005
    1.746  163.978  204.368   78.113  -194.638  -271.939  -210.053  -110.905
   12.887  273.145  528.700  677.143  864.227  972.754  889.024  567.867
  312.554  216.929  184.998  129.742   65.166    3.544   -57.474  -118.024
