
filled_synop: 30 data points in equal steps of sine latitude from +14.5/15 to  -14.5/15

CT1788:360           -93.150   -85.727   -75.048   -61.265   -49.550   -36.125
    -8.122    8.470    -7.153   -57.202   -74.682   -59.548   -26.305   -11.125
    -7.423    -5.692    -2.952    2.265    6.717    -9.419   -66.571  -107.786
   -89.337   -24.952   14.287   36.637   54.916   89.098  135.149  176.700
CT1788:355          -114.893  -101.235   -88.308   -70.889   -56.995   -62.852
   -80.435   -81.772   -81.063   -73.853   -61.601   -50.176   -38.321   -29.001
   -23.028   -15.260   -13.789   -18.018   -23.302   -49.184  -126.879  -175.966
  -143.119   -39.958   20.223   42.053   54.070   88.162  135.100  182.554
CT1788:350          -142.868  -123.331  -104.006   -80.831   -65.901  -102.719
  -206.601  -243.946  -217.651  -102.270   -35.027   -29.918   -46.420   -50.008
   -38.281   -23.146   -22.464   -32.259   -45.235   -69.923  -142.340  -193.421
  -159.626   -48.121   16.041   41.014   53.271   84.120  128.489  177.857
CT1788:345          -182.375  -158.342  -132.954   -95.353   -62.573   -83.557
  -213.614  -307.184  -260.570   -89.033   -17.977   -14.783   -22.681   -21.622
   -20.682   -14.851   -13.794   -26.288   -45.597   -64.325   -96.601  -116.254
  -105.845   -57.265   -17.780   10.449   33.913   77.531  134.062  186.420
CT1788:340          -159.858  -124.738   -82.084   -34.932    5.422   59.768
  178.698  260.736  218.103   66.569    2.092    -6.756    -8.846    -9.324
    -6.611    -2.039    -0.268    4.559   10.922    0.849   -29.046   -51.498
   -59.899   -73.652   -65.908   -25.588   29.883   75.485  117.217  155.550
CT1788:335          -130.695   -99.705   -68.364   -42.759   -15.925   46.355
  180.817  243.358  214.361   76.275    -1.797   -14.045   -10.147   -10.478
    -3.714    8.514   15.092   20.776   20.049   15.303    6.490   -11.150
   -30.074   -75.867   -83.727   -37.554   30.110   68.093  100.275  135.009
CT1788:330          -124.343   -99.152   -77.846   -60.754   -36.145    1.055
   46.313   62.758   57.521   27.068    2.008    -8.619    -9.830   -10.641
    -5.584    2.091    8.626   27.137   52.373   52.312   35.250   19.047
    -3.424   -50.178   -60.166   -26.443   26.345   67.412  103.223  137.103
CT1788:325          -123.862  -102.455   -82.756   -63.327   -42.064   -30.379
   -27.661   -21.697   -18.755    -9.367    -5.907    -4.539    4.812    8.916
    5.482    -4.317    -3.436   15.495   39.388   40.127   26.522   13.460
    3.103   -18.630   -20.642    7.578   43.408   73.769  106.405  140.152
CT1788:320          -128.728  -112.641   -94.177   -70.591   -47.750   -38.592
   -38.279   -31.787   -30.040   -24.135   -15.483    -6.678   18.678   33.130
   22.982    1.412    -3.945    5.069   10.246    8.699    4.659    1.172
    3.694   16.164   28.523   48.397   69.976   95.751  124.461  149.802
CT1788:315          -133.521  -108.674   -80.927   -49.494   -23.831   -11.381
    -5.070    0.227    -3.419   -21.794   -25.942   -12.648    7.732   17.042
   27.552   42.744   39.519   20.325    -8.386   -11.766    -6.948    -5.831
    1.328   18.523   32.359   54.407   79.587  104.410  132.678  156.667
CT1788:310          -123.592   -97.997   -71.068   -38.034   -10.874    3.186
   12.778   16.601   12.408    -7.901    -0.046   15.299   42.997   56.711
   46.843   59.323   54.900   20.672    8.622   11.211   10.492   10.688
   10.222    1.876    5.831   35.465   71.175   99.344  131.118  158.224
CT1788:305          -127.940   -95.862   -66.276   -39.283   -17.621    -6.147
    1.631    -0.084   -15.502   -59.417   -43.847   55.938  211.340  225.156
  133.215  -107.384  -186.737  -106.733    -3.665   19.838   30.460   34.059
   24.339    -9.275   -18.056    2.105   33.538   67.313  109.781  154.747
CT1788:300          -145.235  -105.778   -73.070   -42.441   -16.692    -9.591
   -12.174   -23.584   -63.589  -178.845  -184.635   60.070  640.686  838.085
  473.989   -99.292  -236.911  -144.196   -14.664   19.188   47.813   63.252
   46.580    -2.231   -16.336    -9.817    2.182   43.617  111.180  171.595
CT1788:295          -140.201  -111.834   -82.781   -51.099   -26.198   -17.106
    -8.528   -16.081   -71.969  -203.396  -215.968   -36.000  299.644  380.071
  226.635   -49.580  -125.038   -80.321    1.084   29.711   47.818   53.486
   34.734   -19.239   -38.181   -19.342   13.105   52.042  103.471  152.736
CT1788:290          -135.601  -112.006   -85.971   -52.876   -23.287    -9.823
    3.050    -4.175   -62.396  -175.345  -195.976  -144.886   -83.872   -75.453
   -58.728   -79.218   -92.848   -47.767    5.944   29.669   50.235   59.531
   37.508   -15.891   -30.014    -2.473   35.417   65.397  100.527  138.865
CT1788:285          -132.011  -105.796   -78.509   -50.195   -26.056    -8.707
   11.909   11.113   -28.250   -99.425  -122.946  -131.388  -121.944  -103.819
   -92.312   -53.197   -39.146   -20.441    0.126   18.870   45.333   57.868
   40.570    -0.775    -7.867   15.108   44.278   75.979  112.106  145.337
CT1788:280          -123.148   -99.138   -75.740   -50.151   -27.517   -12.309
    7.113   11.456    -9.434   -48.695   -63.708   -58.146   -38.287   -25.848
   -21.512    -7.911    -0.522    -3.533    -4.804    1.809   15.921   24.281
   17.536    5.015    8.669   29.014   52.905   81.498  115.617  149.250
CT1788:275          -120.544  -101.699   -79.912   -53.535   -30.817   -18.348
    -8.949    -5.305   -13.483   -32.209   -38.685   -20.837    8.041   18.426
   13.715    0.098    -1.948    -2.828    -5.340    -8.442   -21.592   -27.749
   -19.430    -6.210    6.084   25.313   49.611   80.795  120.132  157.684
CT1788:270          -124.071  -107.979   -87.928   -61.488   -39.148   -26.327
   -13.491    -6.819    -8.678   -14.778   -13.732    -2.699   15.709   23.211
   21.874   15.478   13.212    4.015    -6.274   -11.654   -23.110   -27.125
   -17.271    8.749   27.557   44.316   63.713   93.167  128.766  160.424
CT1788:265          -128.456  -103.369   -76.250   -45.869   -21.118    -9.777
    -5.958    -2.593    -5.746   -16.461   -18.860   -10.446    4.241   10.944
   13.845   20.426   22.422   18.639   16.927   10.655    -6.090   -12.968
    -2.442   19.097   34.850   47.639   59.996   87.119  123.139  158.090
CT1788:260          -131.461  -103.143   -73.593   -41.345   -16.912    -8.103
    -7.330    -3.321    -2.609    -5.157    -5.447    -5.726   -10.495   -11.092
    -6.306    -3.672    -0.003   15.609   25.146   21.904   10.416    3.426
   10.893   27.742   40.835   50.687   60.723   86.666  122.938  158.853
CT1788:255          -129.701  -103.622   -74.985   -38.499   -10.770    -6.116
   -21.321   -22.612    -8.395   21.743   35.951   26.340    7.381    3.322
    5.476    7.133   10.082   24.205   38.345   34.490   20.113   14.229
   12.726    4.471   11.165   38.731   67.715   98.110  137.274  170.279
CT1788:250          -138.023  -106.231   -74.111   -41.600   -16.475    -7.307
   -11.000    -6.319    9.932   32.146   40.010   43.223   42.301   40.772
   38.377   37.776   38.073   37.837   34.059   26.926    5.121    -8.468
    -0.817   19.353   33.307   46.298   60.024   85.259  122.275  162.038
CT1788:245          -143.221  -109.246   -77.082   -42.019   -12.125    5.363
   17.125   32.559   43.255   57.242   65.499   63.991   58.809   55.245
   52.597   50.225   48.595   49.874   51.251   40.140    3.183   -15.305
    -6.041   19.676   34.730   39.052   42.134   72.288  119.463  162.413
CT1788:240          -132.949  -105.124   -81.379   -62.385   -42.094   -17.988
    9.909   28.858   43.713   58.121   62.560   58.142   49.317   43.031
   36.717   27.844   25.459   29.834   31.579   26.492    7.445    -2.753
    4.472   18.337   28.707   36.601   44.854   72.897  114.676  153.789
CT1788:235          -141.929  -117.862   -93.438   -68.646   -42.627   -14.372
   17.835   40.432   52.311   62.555   63.063   46.611   21.069    8.930
    6.184    7.705    7.416    4.438    3.346    8.639   23.942   34.643
   32.119   22.736   26.484   37.508   51.463   76.148  109.699  145.444
CT1788:230          -160.602  -138.191  -109.596   -71.890   -37.031    -8.373
   22.115   43.391   53.363   58.306   53.955   24.695   -16.783   -33.724
   -34.630   -23.151   -20.722   -25.219   -29.320   -13.967   26.474   47.027
   39.150    9.430    9.324   40.175   75.942  100.146  124.629  150.541
CT1788:225          -137.000  -113.493   -89.537   -66.733   -41.941    -9.168
   34.611   60.153   63.939   55.104   47.167   14.656   -30.792   -49.840
   -59.660   -59.377   -56.922   -28.192    0.673   14.710   32.940   44.294
   40.609   24.407   25.587   43.936   67.557   94.441  125.949  159.493
CT1788:220          -132.062  -108.469   -83.570   -56.832   -30.289    0.417
   36.012   56.537   63.885   62.847   67.492   58.357   23.018    -1.268
   -13.442   -40.359   -51.539   -26.274    5.156   17.744   32.745   42.523
   36.848   17.019   17.876   36.735   63.278   97.185  139.667  180.409
CT1788:215          -140.264  -112.457   -78.887   -36.608    -2.777   17.726
   34.029   49.080   55.584   57.143   74.602  141.187  214.821  208.668
  135.012    3.055   -32.940   -31.223   -29.624   -15.233   23.806   42.013
   29.911   -10.427   -12.101   22.316   62.814  104.114  156.873  203.700
CT1788:210          -129.617  -104.170   -78.078   -52.040   -29.235   -12.934
    -1.171    7.851   10.590    3.987   13.138  131.355  363.947  413.434
  220.471   44.877   12.094   -10.003   -26.614   -12.960   32.044   54.932
   40.981    4.736    1.073   20.393   46.737   87.607  146.532  210.475
CT1788:205          -127.808  -106.999   -86.292   -62.990   -43.297   -30.567
   -15.331    -6.071    -8.390   -12.283   -23.464   -87.677  -206.329  -230.078
  -120.695   -14.116    5.449    4.522   17.321   20.416   22.302   29.606
   28.881   27.096   29.549   25.680   23.993   81.332  178.277  256.246
CT1788:200          -132.666  -103.985   -75.694   -46.224   -24.746   -21.992
   -29.521   -28.304   -21.470    -5.846   -26.824  -179.640  -415.985  -451.279
  -260.237   -62.874   -17.161   -20.054   -24.107    -9.685    8.049   18.968
   11.646    2.864    2.147   11.949   27.867   82.141  167.124  240.723
CT1788:195          -153.997  -121.953   -85.951   -43.815   -16.908   -17.755
   -31.481   -32.404   -13.799   19.873    9.069   -66.546  -139.048  -142.602
  -105.135   -23.761   14.626   17.329   31.846   55.004   73.592   82.665
   46.922    -4.068   -26.595   -12.840   22.202   68.822  137.652  212.615
CT1788:190          -177.764  -142.160   -98.561   -38.691    -2.583    -5.408
   -26.892   -29.301   -15.483   15.191   18.367    0.668   -26.237   -30.753
   -27.930   -24.705    9.820   63.896  123.034  190.826  270.664  280.455
  205.422   24.778   -47.199   -22.892   20.417   71.321  146.739  213.195
CT1788:185          -155.105  -115.818   -74.383   -31.097    -5.612   -13.836
   -43.630   -50.927   -39.014   -20.068   -16.092   -11.330   -14.758   -16.675
   -26.011   -41.153    -5.295   75.378  156.015  298.433  623.864  739.037
  526.652  119.839   -26.173   -15.541   24.421   77.716  149.754  208.609
CT1788:180          -141.600  -108.732   -74.326   -35.980   -13.672   -24.491
   -51.327   -58.393   -50.989   -34.727   -27.086   -19.438   -14.693   -15.257
   -28.114   -42.818   -13.530   53.143  124.637  292.835  703.362  844.210
  607.840  124.514   -31.180    -8.247   32.013   76.727  141.658  198.724
CT1788:175          -141.694  -113.630   -85.816   -52.058   -30.367   -34.573
   -54.011   -59.799   -56.286   -48.166   -42.454   -29.112   -12.364   -10.835
   -28.496   -45.376   -28.095    9.060   48.532  156.651  465.568  588.770
  378.274    -3.766   -99.715   -21.301   69.729  114.486  156.645  201.532
CT1788:170          -121.364   -95.777   -69.056   -42.520   -26.440   -25.943
   -29.986   -30.396   -37.666   -45.754   -44.556   -31.774   -12.671   -13.085
   -35.953   -55.221   -54.929   -42.904   -31.444   -97.558  -348.896  -477.078
  -387.783  -257.365  -205.916   -95.560   41.726  116.536  162.351  203.207
CT1788:165           -92.470   -80.371   -69.123   -55.282   -44.775   -40.464
   -38.623   -36.816   -37.013   -39.650   -40.683   -38.297   -34.924   -40.151
   -54.759   -65.360   -71.698   -64.919   -68.303  -182.693  -499.625  -621.055
  -517.904  -266.603  -162.112   -61.243   52.079  106.758  134.103  174.780
CT1788:160           -88.528   -75.045   -64.525   -55.535   -46.852   -40.956
   -34.864   -29.255   -25.821   -22.379   -24.163   -35.205   -51.080   -60.873
   -70.755   -77.988   -79.822   -61.290   -62.761  -121.144  -212.034  -238.245
  -256.047  -215.670  -154.081   -67.775   20.499   77.865  120.116  170.631
CT1788:155           -91.369   -79.245   -70.527   -65.439   -57.418   -46.305
   -33.911   -23.946    -9.427   10.326   11.305   -11.403   -37.236   -49.872
   -64.627   -75.955   -70.935   -40.977   -29.689   -45.360   -71.699   -90.113
  -108.731  -127.271  -105.833   -49.715    9.674   63.307  119.634  176.349
CT1788:150           -99.119   -91.553   -84.926   -77.825   -66.757   -49.663
   -27.681   -14.036    1.497   19.244   18.989    2.172   -19.017   -31.498
   -43.027   -54.709   -46.093   -18.762    -2.918    9.806   10.322    9.127
   -14.061   -45.282   -44.157   -15.739   21.407   69.133  125.782  178.107
CT1788:145          -107.850   -97.485   -85.786   -73.538   -59.145   -41.143
   -19.561    -6.088    3.818   14.277   11.883    -2.212   -20.463   -35.013
   -35.313   -49.148   -41.441   -18.935    4.292   54.441   90.158  116.841
   94.015   53.678   33.614   29.167   37.637   75.693  130.873  177.288
CT1788:140          -116.111   -99.825   -84.609   -69.386   -50.609   -22.926
    7.817   20.169   12.306    -3.238   -14.016   -21.974   -35.049   -65.618
   -86.806   -81.062  -103.216  -137.497   -65.291   55.129  223.512  311.899
  288.655  182.188  115.589   79.758   55.902   65.790  113.293  167.181
CT1788:135          -123.971  -102.268   -82.154   -66.609   -47.215   -14.206
   26.914   40.047   19.519   -14.383   -30.688   -32.034   -31.512   -89.125
  -284.651  -453.492  -482.686  -507.976  -431.777  -107.061  588.020  861.310
  703.049  334.729  192.953  114.810   44.761   66.563  137.262  186.496
CT1788:130          -138.508  -120.709   -98.336   -74.211   -48.541   -12.994
   27.796   40.039   13.989   -28.503   -46.460   -35.464   -18.727   -72.503
  -326.594  -579.782  -595.338  -625.711  -583.688  -113.301  911.776 1273.427
  974.467  385.023  159.853   79.915   27.211   50.042  122.544  185.989
CT1788:125          -133.595  -127.443  -114.537   -94.079   -71.515   -40.165
    3.360   17.388    0.005   -23.738   -34.108   -38.712   -35.102   -32.543
   -16.280   25.782   12.032  -118.083   -68.522  302.823 1196.261 1482.189
  998.416  206.670   -34.143   -14.075   44.463  100.380  173.904  231.731
CT1788:120          -108.841  -103.632  -100.298   -95.721   -80.947   -52.161
   -16.505    -5.757   -17.748   -39.268   -50.196   -66.645   -75.663   -22.386
  175.980  339.881  382.878  321.852  335.095  529.824  882.871  907.115
  413.582  -423.383  -649.651  -364.396   -25.898   99.387  165.522  228.689
CT1788:115           -94.596   -86.047   -80.907   -80.062   -69.594   -42.505
   -10.836    -2.552   -18.475   -46.754   -60.681   -95.384  -127.934   -55.023
  204.323  409.684  497.187  574.747  650.390  679.871  704.925  592.260
   82.377  -742.447  -905.278  -464.183   -25.152  126.946  202.446  242.073
CT1788:110           -83.867   -73.534   -67.445   -66.393   -58.803   -33.346
    6.959   18.744    -1.198   -22.714   -30.948   -75.980  -114.568   -52.341
  157.942  330.486  400.160  425.368  437.468  477.381  598.669  538.497
  142.274  -272.362  -370.041  -214.108   21.728  118.950  153.170  213.916
CT1788:105           -81.470   -67.529   -56.226   -46.143   -35.033   -26.839
   -21.779   -17.310   -15.949   -23.200   -28.165   -34.887   -33.626    2.587
   77.910  147.556  179.383  147.433  120.454  114.460   78.986   -53.081
  -344.263  -772.997  -825.262  -452.135   -49.096  115.606  169.993  224.552
CT1788:100           -87.826   -69.271   -54.375   -43.471   -32.741   -30.199
   -32.228   -26.575    -6.604   17.081   18.587    -0.245   -13.661    -0.080
   19.460   41.625   53.412   51.899   58.571   33.237   38.243   -59.358
  -434.749  -863.065  -870.931  -419.973   -28.959  108.436  176.240  235.035
CT1788:095           -96.066   -80.459   -66.183   -52.883   -37.967   -17.405
    3.931   11.749   14.480   12.710    9.372    -5.211   -20.240   -13.816
    -0.892   14.044   22.009   31.332   40.489   51.622   97.390   21.815
  -304.995  -689.013  -705.509  -398.204   -77.573   48.629  113.991  192.652
CT1788:090           -96.429   -86.576   -75.759   -64.156   -47.222    -8.222
   35.521   40.663    5.863   -37.875   -44.008   -31.297   -14.899    -6.353
    -6.627    -4.489    5.593   25.719   38.032   60.969  113.566   72.715
  -121.980  -347.134  -365.884  -207.616   -53.020   34.626  107.480  173.662
CT1788:085           -88.944   -83.162   -78.015   -73.171   -65.865   -37.035
    2.846    1.659   -55.737  -120.826  -121.113   -73.937   -24.372    -8.784
    -9.852   -10.748    -5.323    9.502   21.815   27.104   36.437    9.872
   -67.800  -170.722  -188.425  -137.987   -79.613    -8.766   68.741  138.771
CT1788:080           -96.996   -84.778   -71.664   -55.413   -49.980   -61.903
   -73.089   -83.083  -124.916  -163.621  -150.558   -75.152    -3.734   11.402
    -0.436    -6.441    -7.723   -14.768   -17.136    -8.479    8.287    -9.121
   -68.108  -141.818  -150.341  -105.116   -55.360   10.744   92.216  169.324
CT1788:075          -110.060   -85.374   -62.327   -34.700   -34.458  -103.903
  -189.837  -205.622  -178.023  -131.850  -103.073   -43.164   11.125   19.955
    -0.694   -10.952   -15.299   -23.580   -25.322   -19.227    -6.261   -16.915
   -48.110   -86.438   -88.500   -56.014   -17.193   43.640  116.151  186.767
CT1788:070          -121.644   -86.621   -49.851   -13.064   -11.289   -93.503
  -198.720  -212.345  -131.701   -30.805    -1.168    5.424   12.518   10.871
   -15.417   -33.201   -28.090    -5.657    4.923    6.116   10.137    3.460
   -19.487   -47.029   -46.859   -26.086    -2.170   48.588  112.330  167.683
CT1788:065          -127.909   -90.260   -51.981    -9.716    5.167   -32.123
   -74.610   -71.998   -16.274   50.229   63.928   34.116    4.570    -1.882
    -9.549   -15.832   -10.704   12.654   24.166   21.518   16.865   11.095
    -3.085   -22.487   -17.053    5.025   28.636   66.411  110.100  151.940
CT1788:060          -134.455   -95.866   -53.795   -10.296   18.460   28.799
   27.058   33.754   63.612   90.499   88.897   48.260   12.624    6.404
   10.881   10.473    9.707    9.544    6.924    5.268    1.595    -0.777
    -0.291    0.637   13.412   40.419   66.416   93.845  121.646  146.817
CT1788:055          -134.738   -98.810   -59.885   -20.171   13.947   69.673
  131.672  146.480  108.719   53.645   40.977   40.406   29.373   26.326
   39.729   48.275   34.600    1.803   -13.382   -15.681   -16.615   -16.439
   -12.607    -7.492   10.608   56.271   94.466  112.277  121.786  136.978
CT1788:050          -146.584  -105.426   -61.518   -16.823   21.942   69.025
  111.238  120.334   87.810   47.921   37.941   42.744   50.689   45.404
   31.551   21.584   12.936    -5.145   -15.459   -20.282   -24.926   -25.552
   -22.521   -17.899    -1.834   30.201   63.674   89.939  114.762  141.967
CT1788:045          -163.267  -123.303   -78.507   -27.178    4.227   15.193
   17.959   20.526   15.077    1.976    -0.567    5.510    7.250    6.404
    3.894    -0.531    -4.760   -13.672   -18.334   -15.882    -5.329    -3.358
   -19.404   -37.977   -25.454    8.902   41.351   74.699  113.530  150.717
CT1788:040          -159.137  -118.628   -73.905   -27.673    -4.283   -16.729
   -33.351   -32.336   -24.259   -11.794    -9.109   -16.880   -20.633   -18.747
    -8.871    0.176    -0.515    -4.654    -6.005    -4.254    -1.842    -2.481
    -6.077    -7.946    2.218   22.330   47.125   80.962  118.425  151.701
CT1788:035          -155.123  -117.625   -78.347   -38.593   -28.315   -65.268
   -98.309   -96.469   -64.498   -24.850   -15.769   -31.171   -41.071   -36.324
   -21.664   -13.329    -0.155   21.144   29.341   23.435    8.072    2.002
    0.413    -2.296    7.724   31.342   55.548   85.127  118.838  151.325
CT1788:030          -154.073  -122.316   -90.766   -52.737   -41.454   -90.499
  -144.900  -143.594   -91.277   -32.619   -19.142   -28.022   -35.548   -29.945
    -9.882    7.109   17.121   38.014   50.904   48.028   44.205   39.563
   19.353    1.670   10.045   40.415   69.089   95.003  120.114  148.488
CT1788:025          -142.979  -116.099   -89.152   -63.681   -57.017   -88.274
  -121.160  -115.351   -62.242   -12.971    -1.420    -0.990    -1.642    -2.197
    -5.881    -3.852    4.161   12.537   19.045   33.157   44.706   39.789
    8.538   -28.056   -21.569   18.616   57.533   87.205  115.125  144.372
CT1788:020          -134.943  -112.259   -89.386   -63.360   -39.053   -10.966
   19.637   30.628   25.131   25.158   25.161   15.350   10.150    4.786
   -13.981   -21.785   -11.650    4.477   16.699   34.755   59.317   56.728
   14.514   -27.585   -23.619   16.176   50.680   81.677  114.887  145.891
CT1788:015          -137.711  -114.998   -89.944   -63.607   -37.200   12.900
   62.313   70.017   42.270   10.184    3.045    -4.335   -13.167   -12.710
   -13.219   -12.779    -6.184    4.486   17.866   39.231   68.692   68.800
   27.519   -12.321   -11.128   20.916   51.494   83.534  117.355  150.145
CT1788:010          -141.668  -115.025   -84.078   -48.968   -17.509   21.022
   51.910   52.460   13.440   -25.144   -30.386   -21.751   -15.606    -9.647
    0.674    7.401    6.216    -1.162   11.438   41.643   82.667   86.446
   46.710   16.107   12.137   27.862   49.378   82.373  119.351  155.326
CT1788:005          -135.500  -107.945   -75.770   -43.612   -24.618    -5.599
    2.908    -1.259   -30.909   -64.244   -59.817   -29.998    -7.536    -1.808
    -3.713    -1.233    -1.882   -11.916   10.591   76.954  143.313  146.484
   82.796    -2.437   -16.651   15.702   44.227   82.558  124.733  161.761
CT1789:360          -123.043  -103.821   -80.214   -49.250   -35.652   -16.569
   -24.846   -29.152   -48.461   -80.676   -63.698   -35.808   -13.574    -9.324
   -20.155   -21.656   -11.060    -5.061   22.060  167.364  330.562  329.650
  190.122    0.117   -33.186    6.423   41.115   81.111  125.423  170.074
