
filled_synop: 30 data points in equal steps of sine latitude from +14.5/15 to  -14.5/15

CT1863:360          125.093   85.344   46.064   17.230   20.593   63.739
   66.192   48.729   35.382    -2.269   -11.373   -31.504    -4.804   19.017
   38.958  117.975  231.365  266.780  124.942  -108.448  -169.357  -102.091
   17.554   43.790   54.862   65.759   27.518   -51.971  -132.821  -211.095
CT1863:355          124.165   84.258   41.372    -4.562   -17.221   31.011
   12.812   -87.414  -204.264  -290.306  -439.904  -398.165  -322.459  -166.293
   70.655  204.309  242.199  227.773  219.328   99.360   36.982   -14.243
   -39.464   -43.833   29.579   78.605   27.713   -73.581  -154.659  -231.325
CT1863:350          112.465   77.090   43.903   21.609    5.782   16.863
   -25.836  -294.521  -796.651 -1021.834 -1273.429 -1543.272 -1374.798  -533.950
  101.485  287.337  493.625  650.562  547.958  348.564  269.910  164.247
   33.507   -14.447   28.330   74.001   34.449   -49.898  -138.947  -222.993
CT1863:345          114.485   85.474   55.468   28.427    3.452    -3.874
   -62.523  -344.765  -853.270 -1076.466 -1201.067 -1369.397 -1214.109  -466.980
   57.055  203.562  305.917  409.350  591.662  787.231  779.931  549.513
  201.860   63.396   66.808   72.338   15.870   -62.399  -135.583  -205.484
CT1863:340          124.740   96.279   63.120   28.237    -0.475   -21.318
   -33.693   17.411  126.986  211.030  307.254  440.362  450.400  271.114
  135.334  116.096   66.373  107.645  518.486 1256.116 1396.001  990.400
  339.165  119.274   72.793   36.144   -15.019   -68.470  -126.597  -184.772
CT1863:335          120.815   86.339   51.891   14.329   -12.294   -50.853
   -51.544  145.792  550.755  793.811 1174.627 1727.040 1709.916  872.214
  244.401   66.540  -176.988  -236.898  209.632 1324.312 1641.099 1010.272
  284.112  120.314   76.787   30.005   -23.197   -71.667  -122.536  -172.938
CT1863:330          110.041   76.429   40.646    2.394   -24.662   -75.181
   -73.700   30.848  153.765  288.636  744.744 1175.429 1162.891  699.801
  240.974   43.191  -236.271  -371.090  -323.496  -409.523  -439.881   -51.796
  169.413  148.012   80.804   17.255   -29.434   -75.232  -122.380  -172.006
CT1863:325          100.602   73.564   47.331   17.542   -18.998   -92.576
  -109.128   -61.118    -4.833  100.776  291.408  441.532  454.414  405.542
  289.187  144.911   -19.353  -129.313  -307.713  -517.871  -525.913  -314.839
   58.108  142.222   99.101   48.550    0.220   -69.576  -130.125  -186.678
CT1863:320           99.319   68.701   39.310    8.811   -29.458   -96.972
  -114.904   -66.228   16.748  108.057  199.188  296.852  313.615  297.666
  264.455  206.809  202.911  130.566  -127.329  -508.169  -600.742  -481.034
  -183.935   -63.962   -24.388   16.119   11.774   -56.024  -122.625  -184.554
CT1863:315           93.892   57.125   28.472    -1.502   -27.651   -83.537
   -97.991   -25.037  124.734  224.054  294.744  386.514  388.190  282.712
  198.541  209.690  346.163  308.349   31.014  -621.776  -872.267  -731.673
  -541.829  -433.785  -199.661    -4.705    7.607   -61.735  -112.867  -169.943
CT1863:310           89.705   55.925   20.618   -15.322   -38.282   -61.763
   -54.317   26.640  173.798  260.554  332.876  398.353  370.089  189.954
   75.995  122.828  453.499  580.911  286.311  -307.620  -535.283  -539.138
  -445.808  -363.390  -193.588   -14.401   10.663   -55.191  -116.070  -172.235
CT1863:305           80.535   46.288   14.974   -13.299   -26.066   -42.094
   -32.138   49.863  195.765  271.260  320.826  356.082  305.509   45.914
  -183.419  -106.317  336.926  541.565  342.508   -85.042  -258.928  -302.608
  -297.366  -257.241  -123.709    6.686   11.909   -54.334  -112.304  -161.761
CT1863:300           77.140   43.029   15.428    -9.310   -10.766    -2.480
   17.164   85.817  211.777  270.087  285.773  293.365  245.134   22.998
  -169.824  -135.439   98.384  168.369  149.431   57.373   -17.250   -83.315
  -137.612  -128.346   -68.139   -13.484   -10.588   -49.003   -88.156  -137.986
CT1863:295           93.665   62.199   27.196    -2.184    7.992   61.068
  104.938  142.173  185.902  201.739  174.593  106.973   61.131    0.607
   -37.765   -57.999   -62.614   -62.097   -26.309   51.602   51.602   21.356
   -15.703   -18.805    -3.483    7.324    -5.525   -47.838   -94.793  -145.353
CT1863:290          105.844   81.734   49.069    9.320   16.518   72.636
  110.600  128.599  138.667  135.010   84.653   14.760    -7.990    3.689
   25.460    -2.974   -79.546  -107.557  -108.522   -70.002   -61.904   -50.919
   -44.200   -34.680    -5.699   12.348   -11.150   -71.820  -121.352  -163.775
CT1863:285          106.151   73.130   33.785    -1.263    3.230   61.465
   89.317   63.954   10.752   -18.825   -33.828   -59.511   -44.457   21.243
   64.842   58.873   -12.180   -78.509  -111.041  -154.747  -179.111  -156.494
  -110.669   -84.717   -35.770    5.102   -14.369   -74.395  -124.980  -166.228
CT1863:280          105.188   72.063   35.981    -0.807    -2.561   43.877
   51.059   -21.152  -182.044  -243.649  -167.358   -40.332   34.008  125.013
  208.434  229.201  228.067  188.567   91.573   -96.977  -182.883  -175.269
  -134.526  -113.937   -63.641   -13.000   -23.517   -76.117  -118.519  -155.576
CT1863:275          102.593   63.962   23.747    -9.606   -22.939   25.058
   37.221   -96.485  -383.979  -474.457  -330.753   -54.533   69.121  135.750
  173.188  204.119  301.529  372.141  252.677    2.429  -105.352  -112.191
  -118.371  -113.916   -71.208   -32.082   -36.285   -66.646  -103.072  -143.318
CT1863:270          103.639   69.408   36.677    6.141    -3.165   36.809
   26.244  -171.287  -591.946  -743.198  -528.672  -101.483   47.848   63.613
   58.118   45.934   -44.104  -114.415   -86.861   23.060   50.903   -13.858
  -114.650  -139.296  -104.841   -65.887   -64.761   -86.321  -107.107  -133.081
CT1863:265          111.783   77.423   40.448    9.413    -2.727   33.368
   31.974  -121.222  -512.911  -666.422  -480.618  -118.535    -6.959   -39.761
   -91.947  -117.753  -229.489  -305.738  -238.775   -45.926   11.344   -46.533
  -145.646  -169.036  -137.617   -90.145   -80.788   -96.967  -118.141  -134.666
CT1863:260          123.615   88.716   46.191    -2.455   -28.750   -24.363
   -40.465   -99.685  -204.517  -230.423  -211.872  -132.890   -98.269  -113.518
  -138.400  -147.926  -154.542  -137.568  -124.457   -74.370   -61.325  -107.448
  -193.079  -211.785  -166.820  -108.584  -102.441  -126.528  -136.733  -134.899
CT1863:255          123.576   70.862   14.265   -34.843   -59.852   -60.157
   -67.149   -64.349   -17.152    2.700   -26.005   -93.333  -116.560  -117.484
  -124.144  -126.030   -82.809   -38.051   -40.610   -53.484   -66.474  -122.930
  -214.229  -234.412  -183.438  -113.442   -94.068   -98.699  -107.088  -111.592
CT1863:250          120.088   66.452   14.533   -36.743   -59.276   -63.489
   -57.340    -7.200  101.881  141.888  133.568   94.469   58.735   -37.145
  -130.784  -136.970   -75.129   -38.579   -31.556   -36.309   -54.348  -106.975
  -177.545  -198.189  -165.591  -117.923   -98.250   -84.532   -77.835   -81.428
CT1863:245          124.775   75.494   28.919   -13.086   -27.550   -27.940
   -16.918   62.287  234.604  309.897  282.342  224.797  178.023   34.870
  -103.942  -113.491   -43.048    -1.688    0.255   -13.910   -37.660   -87.360
  -147.954  -173.201  -163.615  -149.004  -132.755  -106.867   -85.392   -74.393
CT1863:240          133.733  100.225   53.640    -7.765   -17.480   23.694
   55.701  112.354  247.073  290.183  217.027   36.958   -43.017   -13.957
    5.192    7.493   40.694   78.068   68.435   31.312    0.707   -54.653
  -123.671  -157.442  -156.306  -141.059  -133.853  -129.478  -120.524  -108.057
CT1863:235          126.361   94.843   48.177    -6.993   -10.685   50.397
   97.925  107.703  108.952   99.204   26.821   -72.937   -99.379   -57.964
    -3.853   18.895   34.512   45.515   63.441   85.012   72.166    7.317
   -97.622  -143.166  -140.884  -129.768  -132.509  -132.630  -132.905  -129.098
CT1863:230           92.729   58.499   26.220    -2.464    -2.527   44.647
   75.602   21.417  -127.636  -207.270  -220.835  -195.034  -165.563  -114.395
   -37.477    -1.473    -6.045   10.846   52.681  168.636  198.947   95.511
   -65.530  -134.599  -147.539  -151.992  -154.783  -148.986  -145.223  -140.231
CT1863:225           62.820   42.433   21.419    -3.124    -1.116   42.283
   55.842   -29.196  -223.455  -313.539  -332.395  -315.993  -275.408  -169.234
   -42.899   17.913   31.024   43.541   83.730  143.035  131.794   65.996
   -46.389  -115.024  -139.083  -153.629  -160.691  -154.916  -150.288  -142.806
CT1863:220           31.790   10.616    -1.515    -5.442    -4.588   37.177
   65.634    -8.133  -217.451  -322.233  -285.099  -177.141  -116.800   -52.858
   21.364   96.453  275.555  402.798  390.316  297.878  220.831  125.540
    6.010   -60.024  -106.647  -149.322  -160.004  -155.957  -149.495  -131.035
CT1863:215           74.229   52.319   33.489   18.485   12.761   29.158
   37.427    -8.375  -125.400  -166.362   -57.732  161.698  240.616  178.479
   88.365  137.395  340.263  482.274  465.781  364.133  275.912  171.312
    3.094   -78.503  -113.727  -146.269  -144.002  -122.986  -100.313   -73.401
CT1863:210           85.254   62.492   42.790   22.240    8.085   16.869
   34.766   41.112   44.714   54.180  126.367  267.616  303.305  225.247
  105.867  114.106  266.358  356.037  283.648  110.134   26.685    -6.158
   -53.134   -84.644  -114.848  -140.866  -121.785   -87.856   -58.265   -27.910
CT1863:205           75.247   60.712   40.372   11.775    -2.484   18.926
   48.968   65.510   84.821  102.579  129.891  151.708  150.956  109.595
   50.228   24.514   11.403    2.544  -119.404  -443.865  -633.027  -533.579
  -245.626  -132.946  -136.848  -145.448  -116.227   -76.448   -43.399   -22.515
CT1863:200          103.812   71.347   44.754   11.925    1.621   45.268
  102.755  113.977   97.449   78.359   63.860   47.971   40.000    2.460
   -44.775   -72.397  -141.710  -192.219  -333.778  -738.731 -1012.471  -911.996
  -474.332  -281.483  -230.245  -178.213  -138.517  -125.090   -96.952   -58.033
CT1863:195           80.203   60.321   44.706   27.649   30.986   84.500
  142.011  148.826   99.634   56.930   45.954   36.285   34.762    5.171
   -53.875   -75.968   -71.424   -41.697  -161.847  -464.194  -643.249  -624.762
  -426.459  -306.130  -240.255  -179.378  -135.344   -98.986   -67.178   -46.803
CT1863:190           93.117   67.290   48.910   33.596   33.743   78.890
  136.364  147.761  120.074   96.674   82.653   42.254   42.843  137.768
  284.812  334.803  266.984  129.047   23.573   -86.255  -182.915  -254.678
  -278.307  -285.205  -241.190  -177.284  -141.917  -101.766   -68.834   -48.631
CT1863:185          116.065   82.845   52.565   21.384   15.515   42.268
   73.631   83.830   91.368   89.622   76.184   27.234   43.182  288.564
  677.734  819.827  814.698  625.515  522.322  293.767   63.713   -58.551
  -162.955  -233.792  -228.759  -176.687  -140.700  -102.876   -70.445   -41.005
CT1863:180          118.064   92.741   62.086   25.069   10.634   24.736
   42.645   48.627   59.439   60.909   48.959    8.014   -12.394  161.003
  585.855  816.831  892.467 1294.527 1281.049  712.160  371.164  176.966
   -67.646  -220.659  -234.558  -185.371  -164.609  -131.970  -104.351   -73.380
CT1863:175          123.880   97.407   70.716   41.997   28.350   41.997
   64.464   63.166   43.909   23.072    4.955    6.163    -7.034  -229.303
  -761.533  -777.875  -217.598    -5.350  276.150  928.106  918.851  763.471
  227.739  -152.298  -203.427  -181.807  -186.478  -161.061  -132.781  -101.121
CT1863:170          127.448  102.895   79.919   52.429   40.174   58.581
   78.466   66.421   35.549    2.971   -37.616   -91.504  -150.318  -315.462
  -605.991  -518.371  292.661 1434.573 1595.117 1730.316 2070.992 1512.347
  327.086  -119.399  -151.153  -183.721  -201.621  -165.489  -135.727  -106.109
CT1863:165          133.164  110.943   86.089   60.996   50.186   66.998
   79.817   55.767    6.453   -44.399   -90.825  -140.531  -196.453  -225.229
  -249.114  -167.115  208.606  632.246  509.885  -389.276  -936.192  -842.468
  -311.985   -73.013   -79.498  -180.520  -199.083  -179.474  -138.051   -97.996
CT1863:160          136.270  119.008   95.524   64.798   46.020   51.533
   56.267   21.071   -44.458  -113.010  -173.884  -210.119  -233.497  -251.930
  -197.359  -157.676  -311.352  -575.956  -898.832 -2446.056 -3671.087 -2849.758
  -646.475  100.791   28.407  -182.772  -196.951  -148.916  -105.567   -88.237
CT1863:155          125.034  107.974   88.541   68.965   53.055   46.420
   38.798    -2.724   -76.234  -160.581  -269.286  -422.881  -492.443  -507.991
  -496.909  -445.044  -341.697  -239.589  -448.291  -960.413  -991.431  -953.299
  -262.061  196.504  158.663   -83.112  -153.127  -148.782  -126.073  -115.115
CT1863:150          115.763  107.195   95.663   81.158   64.963   45.704
   26.968   -15.019   -71.424  -145.374  -325.794  -660.967  -783.346  -714.704
  -553.393  -437.746  -208.118   -50.020  -115.610  -358.685  -527.889  -402.182
   -10.581  197.137  137.789   -77.115  -149.484  -147.601  -141.342  -135.423
CT1863:145          105.492   97.469   91.472   86.313   73.483   49.052
   23.628   -11.821   -52.758  -110.449  -322.332  -805.444  -972.482  -763.353
  -244.334   -13.347  234.676  367.927  325.563   97.011  -143.455  -128.833
   43.853  113.837   54.155  -109.217  -166.546  -168.391  -151.166  -132.517
CT1863:140           97.854   86.405   76.714   68.950   55.230   38.082
   25.942    5.667   -16.087   -42.209  -198.948  -733.878 -1031.182  -651.417
  174.578  480.755  731.814 1275.685 1186.583  345.278  -182.508  -178.667
   -23.262   20.343   -31.156  -142.227  -173.254  -153.028  -135.236  -124.303
CT1863:135          103.623   86.316   69.090   49.985   29.048    -3.229
   -31.816    -6.412  101.430  189.465  260.392  396.230  425.741  231.165
  -237.319  -390.853   -98.995  243.620  227.221   -81.235  -281.294  -258.482
  -116.924   -60.506   -87.056  -145.679  -161.240  -153.188  -133.895  -113.229
CT1863:130          102.751   82.782   59.741   35.115   13.321   -27.469
   -72.091   -30.146  136.029  283.080  500.754 1208.891 1601.413 1043.475
   59.239  -246.472  -563.343 -1056.382 -1043.260  -519.508  -246.794  -226.795
  -194.373  -169.178  -166.404  -176.223  -169.111  -138.276  -107.999   -88.060
CT1863:125           90.616   68.048   48.198   30.132    8.145   -34.277
   -73.288   -46.227   30.854  111.361  246.623  435.728  400.366  357.619
   91.662   -72.533  -277.001  -363.612  -389.914  -311.426  -170.654  -172.345
  -207.811  -211.557  -191.569  -154.915  -136.132  -121.939  -108.462   -97.721
CT1863:120           91.243   73.987   56.654   40.151   17.215   -19.135
   -55.304   -55.292   -46.924   -15.958   31.808   72.054   89.907   87.424
   61.594   41.390  107.441  118.758   94.660   52.752   -51.640  -108.588
  -160.235  -187.913  -171.619  -127.936  -116.061  -116.554  -118.080  -116.739
CT1863:115          103.575   91.752   77.662   60.353   35.889    -6.425
   -55.726   -72.385   -84.533   -73.502   -38.906   17.559   75.242  102.665
  146.834  211.917  580.318 1172.206 1163.952  560.438  114.153    0.213
   -77.800  -137.613  -148.927  -134.255  -132.070  -133.363  -136.493  -136.989
CT1863:110          108.948   91.808   75.426   57.060   26.545   -28.614
   -78.169   -88.977  -105.650   -97.843   -37.912   82.806  148.193  180.533
  174.988  200.103  387.968  597.818  604.444  414.522  195.969  109.492
    2.771   -77.799  -111.825  -122.207  -139.061  -145.139  -147.825  -151.135
CT1863:105          107.858   81.117   55.806   34.747    6.413   -62.495
  -146.494  -143.944   -72.615    -8.537   66.684  249.863  372.749  326.284
  226.035  192.855   42.108  -229.567  -231.410   86.282  277.924  236.192
   84.928   -21.426   -55.738   -98.837  -133.796  -136.101  -142.859  -157.712
CT1863:100          104.502   74.735   45.661   15.115   -15.615   -61.243
  -101.645   -78.622   45.300  161.462  203.550  212.016  209.510  203.238
  173.821  123.883   -79.167  -264.935  -252.976    5.849  269.900  277.120
  240.880  201.611   89.431   -63.801  -130.975  -137.586  -143.031  -153.808
CT1863:095          103.151   70.789   40.746    8.498   -15.118   -32.503
   -45.879    -7.252  134.103  257.416  266.208  163.629  104.398  106.674
  105.779   54.907  -141.484  -414.905  -414.553  -125.802   98.069  105.469
   33.369   -16.146   -70.838  -123.183  -138.855  -138.555  -142.959  -148.706
CT1863:090          102.047   66.947   32.778    -2.083   -19.864   -12.598
    -0.449   34.145  121.231  188.055  197.982  146.781  116.694  118.714
  151.050  142.145   51.157   -77.533   -97.034    -5.838   64.070   -28.719
  -316.767  -473.750  -387.793  -179.508  -131.254  -143.905  -152.539  -151.522
CT1863:085          100.429   62.054   25.327   -18.207   -39.364   -15.541
   18.122   44.166   81.638  115.288  122.783  100.381   88.834  100.210
  138.994  164.256  248.526  408.008  426.865  272.226  141.172   16.936
  -284.964  -452.869  -404.834  -215.720  -143.129  -153.167  -160.487  -156.326
CT1863:080          104.316   59.905   14.590   -29.153   -50.031   -30.022
    5.037   22.955   28.320   35.261   47.815   62.002   61.960   57.034
   39.596   53.445  148.182  343.630  400.593  308.628  169.315  146.654
  113.608   40.793   -25.930   -81.727  -121.363  -131.298  -132.929  -139.251
CT1863:075          118.821   79.102   37.674   -14.317   -43.617   -40.762
   -27.995   -16.433    -6.841    2.721   20.447   74.334  116.346   68.907
   -88.805  -142.602   -89.650   -58.314    -6.606  297.487  597.154  572.990
  437.650  352.794  210.736   -40.822  -135.156  -108.455   -97.896  -121.759
CT1863:070          110.174   72.824   33.921    -6.143   -31.112   -43.504
   -54.734   -45.979    -2.531   40.510   52.196   47.671   47.269   60.667
   64.740   68.726   52.461   -60.035   -72.576  105.309  267.021  276.543
  260.611  231.106  155.354   -24.237  -131.380  -157.450  -157.628  -164.757
CT1863:065          117.542   76.457   35.026   -13.036   -42.559   -43.833
   -32.715   -20.713    7.821   34.729   34.856    -4.825   -30.449   52.827
  302.409  426.126  463.239  523.432  462.087   -47.819  -602.836  -523.901
   14.632  261.498  191.947    1.453   -88.037  -113.873  -135.285  -170.742
CT1863:060          129.283   86.128   35.965   -17.360   -46.914   -43.059
   -27.218   -14.902   18.685   45.922   32.231   -39.217   -94.921   -54.235
   89.604  188.965  346.685  681.424  648.421   -13.854  -535.290  -488.333
    6.183  312.851  255.328   31.022   -90.901  -134.599  -157.813  -190.636
CT1863:055          129.583   94.592   54.736    0.229   -34.747   -34.705
   -24.554   -16.131   18.279   48.048   24.208   -41.241   -90.853  -191.444
  -441.814  -515.973  -272.690   -78.544  -104.381  -291.077  -548.162  -453.394
   43.756  348.941  279.888   24.142   -97.239  -143.004  -171.525  -200.469
CT1863:050          117.875   83.113   47.036   10.411   -12.261   -12.155
    -3.575    -5.219    -2.210    -2.980   -37.665  -102.201  -170.561  -308.614
  -570.179  -621.728  -388.895   67.526  130.712  -235.426  -541.791  -430.668
   85.621  382.663  292.389   14.234   -99.250  -137.520  -163.868  -194.172
CT1863:045          105.562   77.222   50.862   18.700    -3.597    1.748
   16.478    5.593   -35.914   -79.582  -119.749  -170.023  -228.174  -339.316
  -549.550  -609.924  -402.174    6.824  114.267  -142.009  -393.908  -302.604
   64.431  276.659  228.321   38.207   -77.869  -125.060  -157.002  -194.422
CT1863:040          103.909   73.038   45.222   18.471    1.731    7.374
   24.671    9.639   -53.383  -119.314  -147.968  -149.443  -161.873  -228.560
  -363.585  -419.358  -395.258  -344.838  -286.485  -176.752   -51.529   36.877
  156.239  239.213  178.978   28.707   -60.220  -110.905  -148.376  -190.183
CT1863:035          102.158   70.141   38.292    0.332   -23.610    -9.866
   22.936   11.461   -54.711  -123.590  -136.495   -92.052   -61.137   -90.996
  -169.213  -211.650  -270.248  -388.319  -354.660  -112.224  156.726  258.969
  319.557  344.102  249.576   63.384   -52.163  -101.412  -142.806  -193.643
CT1863:030           98.056   60.775   25.956    -9.145   -28.766   -14.883
   16.474   10.469   -56.301  -129.842  -129.980   -44.095   22.975   13.755
   -40.821   -69.761   -81.170   -90.081   -22.746  148.388  325.387  423.380
  511.259  515.086  391.005  135.882   -31.163  -109.436  -157.562  -205.992
CT1863:025           99.009   57.316   23.030    -9.989   -30.091   -24.432
    -4.353    -6.913   -47.754  -101.674   -93.739    -0.708   71.471   66.779
    0.763   -33.459    7.850   68.524  134.302  374.146  624.731  702.938
  691.627  655.484  501.829  170.164    -8.345   -72.957  -131.063  -208.900
CT1863:020          112.477   79.602   46.557   12.416    -6.425    -3.785
    7.659   10.101    7.926    6.033   16.615   46.910   76.477   86.703
   61.854   37.987   59.492  175.289  253.367  332.765  507.423  585.595
  597.511  575.252  469.409  257.453   89.765   -19.657  -121.767  -231.305
CT1863:015          139.800  105.281   68.919   24.287    0.255   10.433
   31.682   45.052   77.629  118.146  129.088   98.632   87.373  138.153
  247.097  268.521  169.540   -28.551   -45.844   -20.956   77.842  181.142
  360.292  468.759  407.480  242.697  120.834    1.174  -126.482  -251.643
CT1863:010          185.230  133.784   75.984    -5.343   -49.892   -11.458
   71.755   97.306  106.494   73.857   72.030   96.796   94.942  184.905
  426.514  457.064  245.538  -682.839 -1059.723  -477.263  -146.129   -37.924
  185.636  296.092  286.455  251.681  172.288   29.486  -118.606  -249.148
CT1863:005          125.272   93.215   61.791   30.426   17.099   45.700
   96.535   94.686  107.083  114.248  100.560   39.002    -5.983   92.170
  465.376  697.470  561.604  657.220  770.349  332.838  186.607  220.793
  183.416  198.235  203.009  185.883  141.880   31.789  -102.450  -231.137
CT1864:360          101.413   76.886   56.979   37.569   21.375   41.849
   97.642   48.621   -73.734  -213.209  -257.423  -280.865  -233.245  -176.241
  -198.299  -282.286  -384.753  -943.722 -1198.726  -730.274  -337.606  -221.387
   -55.898   56.551   85.417  100.715   81.211   -15.870  -123.349  -220.843
