
filled_synop: 30 data points in equal steps of sine latitude from +14.5/15 to  -14.5/15

CT1807:360          -147.418  -106.249   -64.180   -34.591   10.231    -3.331
  -187.373  -325.401  -194.313  206.787  379.836  363.392  226.544  155.471
   79.344    -6.155    3.611  228.464  427.610  402.209  195.347   36.105
   19.917    1.134   -10.420    -4.490    9.601   30.574   34.736   31.751
CT1807:355          -137.208   -86.849   -48.289   -61.263  -103.601  -109.991
  -116.485   -94.619   66.279  447.689  610.818  501.949  235.137  123.426
   74.809   45.867   80.833  390.430  704.098  668.523  357.109  128.897
  117.531  141.701  140.495  131.081   89.092   26.866   -40.324  -114.010
CT1807:350          -161.412  -108.780   -52.228   -73.287  -160.090  -144.801
   -17.773  104.773  266.812  584.311  695.703  516.722  156.345   21.240
    -1.628    -6.422   -36.558  -192.086  -395.194  -331.586   -63.513  105.024
  181.695  408.880  564.828  516.640  278.483   39.740  -134.137  -297.612
CT1807:345          -111.667   -70.402   -45.693   -73.458  -144.592  -119.695
   70.251  265.783  382.548  521.934  564.800  406.387  101.244   -17.438
   -34.805   -31.773   -98.769  -356.761  -582.060  -580.326  -432.938  -294.124
  -113.070  383.261  737.821  697.649  394.586   56.570  -168.610  -350.263
CT1807:340           -90.121   -58.704   -46.797   -79.477  -140.985  -139.574
   -10.512  118.724  171.901  194.561  196.609  132.636   20.202   -27.411
   -37.281   -38.170   -86.167  -206.936  -283.630  -312.905  -312.040  -269.134
  -198.688   86.728  354.487  325.289  137.960    4.548   -34.623   -46.788
CT1807:335          -102.348   -82.038   -55.733   -85.704  -157.615  -196.671
  -175.323  -167.498  -159.342  -224.035  -261.827  -166.528   -64.391   -39.284
   -33.762   -25.829   -44.869   -69.794   -82.969  -111.431  -135.301  -151.006
  -268.693  -779.064 -1134.697  -992.125  -489.025   -32.955  212.146  442.132
CT1807:330           -87.888   -61.108   -44.374   -72.084  -119.372  -194.221
  -363.594  -459.621  -472.514  -384.581  -264.449  -205.893  -121.070   -61.244
   -45.085   -38.062   -41.600   -47.213   -57.618   -73.499   -61.652   -69.752
  -216.221  -708.848 -1032.937  -956.672  -604.800  -139.309  251.214  569.404
CT1807:325           -93.916   -65.457   -53.819   -86.046  -118.324  -273.647
  -839.794 -1405.311 -1346.282  -780.978  -448.458  -310.211  -166.057   -78.222
   -43.401   -28.541   -31.025   -76.166  -127.324  -133.335   -86.597   -72.345
  -145.576  -360.546  -537.653  -476.231  -230.302    -6.858  152.893  305.798
CT1807:320          -107.147   -82.370   -50.160   -65.075   -88.178  -204.795
  -737.212 -1351.750 -1358.356  -839.239  -442.142  -271.306  -117.736   -22.488
    -1.537    -5.234    -9.622   -61.609  -114.826  -124.595   -98.899   -66.193
   -43.827   43.592  106.440  102.027   56.011    9.908    -2.451    1.607
CT1807:315          -101.843   -89.258   -81.291  -102.648  -109.353  -177.799
  -370.705  -612.153  -667.165  -563.534  -432.800  -280.436  -105.925    9.131
   36.421   19.670   16.186   -21.971   -62.168   -69.828   -62.224   -40.723
    2.447  151.772  269.809  252.112  132.335    6.139   -75.389  -147.650
CT1807:310          -100.240   -90.642   -77.360   -61.919   -54.099   -79.479
   60.276  243.111   89.675  -417.710  -626.428  -478.579  -152.755   21.240
   49.425   33.380   43.187   33.224   22.669   26.999   31.668   35.279
   62.980  166.147  258.500  242.268  148.061   35.487   -60.995  -137.954
CT1807:305           -97.312   -83.356   -70.306   -68.579   -65.716   -72.725
    -4.057   27.626  -134.767  -576.536  -688.267  -536.854  -156.171   19.344
   38.644   15.702   45.090  112.418  174.748  189.517  152.344  112.387
  112.571  161.908  205.121  183.908  107.131   25.318   -33.983   -95.858
CT1807:300          -110.690   -91.475   -78.239   -80.524   -88.834  -155.407
  -462.979  -812.272  -817.191  -776.613  -864.943  -505.983   -63.309   46.287
   38.423   19.640   68.986  206.113  348.131  356.139  221.776  114.567
   94.289  137.787  174.998  151.408   96.968   40.636    -6.464   -52.713
CT1807:295          -121.243  -110.851   -99.169  -106.243   -97.998  -131.909
  -389.496  -639.043  -497.386  289.347  750.292  483.181   64.217    9.752
    7.846    -5.592   58.556  226.022  365.541  391.056  279.497  176.802
  135.864  121.593  112.002   87.477   77.502   60.491   26.337   -14.501
CT1807:290          -110.403   -92.229   -82.123  -104.195  -145.104  -164.493
  -125.413   -29.131    -8.691   33.619   75.640   84.248    9.628   -10.340
   -40.158   -84.242   -11.703  225.408  434.375  503.814  483.508  403.675
  351.039  239.766  103.938   46.279   32.444   24.590    8.606   -13.205
CT1807:285          -124.163   -96.329   -62.993   -98.320  -205.229  -195.889
  -139.760  -131.493  -178.120  -453.141  -652.048  -474.389  -100.928   -14.006
   -61.942  -121.341   -59.309  152.852  370.667  474.814  734.443  962.437
  852.926  439.070  130.660   58.266   36.555    8.104   -17.922   -35.824
CT1807:280           -88.828   -62.274   -56.862  -129.783  -256.127  -208.919
  195.308  618.342  535.349   56.315  -187.334  -215.791   -73.868   -17.486
   -49.150   -98.225   -51.135   76.250  190.563  243.977  236.118  153.532
  127.853  130.457  100.882   75.150   42.444    8.796   -16.439   -37.728
CT1807:275          -102.975   -66.568   -29.810   -54.118  -197.727   -96.942
  522.816 1163.136 1091.619  443.503   14.017   -72.945   -52.323   -45.880
   -65.530  -123.142   -78.694   82.466  270.963  206.324  -236.734  -608.151
  -619.700  -292.380   31.298   97.533   56.483   19.760    -6.754   -40.270
CT1807:270          -117.903   -75.358   -47.664   -59.487  -109.980   22.933
  710.162 1439.919 1304.636  423.424  -202.320  -266.277  -129.315   -66.628
   -82.468  -168.022  -112.611  100.118  335.667  241.086  -381.450  -916.307
  -951.820  -515.879   -51.651   59.144   43.179   16.319    -4.032   -28.819
CT1807:265          -126.203   -79.524   -26.207   25.668   20.047  166.077
  722.568 1278.323  958.141  -289.352  -930.399  -924.745  -354.728   -68.547
   -77.474  -194.367  -113.468  182.642  427.908  393.756   -58.457  -560.894
  -622.839  -332.849   -40.058   27.604   11.599    4.116    -1.998   -17.626
CT1807:260          -158.890  -104.368   -48.577   23.384  125.862  261.225
  610.481  926.583  465.816 -1293.245 -2308.081 -1813.961  -447.688   -20.117
   -43.807  -118.650   -16.468  391.505  817.008  856.613  629.871  366.143
  272.382  170.675   58.200   14.363    4.012    -3.957   -10.718   -15.705
CT1807:255          -155.659   -88.657   -29.579  108.048  318.351  441.163
  531.714  578.521  320.938  -634.825 -1235.318  -894.843  -184.644    -7.611
   -33.814  -103.853   -43.161  273.385  609.896  703.524  886.036 1022.034
  913.035  436.892   29.447   -41.074   -21.550   -19.276   -21.929   -16.277
CT1807:250          -215.425  -139.893   -28.849  188.943  481.844  605.498
  537.212  434.885  514.585 1214.961 1655.772 1144.247  287.435   54.083
   15.029   -35.178   -96.959  -302.647  -533.511  -446.102   33.214  373.351
  391.344  220.828   46.003    5.412    -6.158   -13.618   -12.546    -7.385
CT1807:245          -168.070   -79.465    -3.436  220.835  632.404  750.039
  387.685   -38.616   47.908  613.237  801.598  677.266  254.456   55.891
   32.318   39.758   -86.868  -518.994  -929.878 -1004.132  -975.695  -934.862
  -790.365  -394.772   -80.125    -1.045    -3.265    3.265   20.802   35.234
CT1807:240          -206.328   -85.251   59.113  318.532  694.154  778.850
  369.749   -67.985  -112.257    5.152   19.272   68.540   99.852   49.701
   17.367   19.230   -80.674  -318.489  -514.163  -685.721 -1034.935 -1179.749
-1075.343  -663.324  -228.261   -77.911   -37.283    -4.765   26.801   55.705
CT1807:235          -198.942   -73.165   63.533  269.158  554.716  610.794
  301.736   -39.940  -115.596   -70.421   -39.172   -35.637    -2.091    -7.083
   -24.555   -37.038   -90.339  -153.172  -220.728  -368.336  -825.557 -1151.320
-1084.179  -642.481  -204.956   -83.376   -46.753    -7.799   26.645   55.846
CT1807:230          -200.075   -78.464   47.014  168.150  335.715  371.384
  227.655   56.430   11.002   79.876  129.911   73.576   -15.630   -39.739
   -41.125   -41.003   -51.011   -43.037   -35.942   -61.272  -221.968  -393.759
  -360.152  -187.490   -66.918   -45.411   -44.286   -28.740    -2.316   26.388
CT1807:225          -166.855   -39.059   82.626  161.284  214.611  215.496
  135.194   45.167    4.214    1.570    -5.328   -11.564   -38.042   -44.476
   -41.167   -35.961   -16.858   30.066   84.433  238.816  837.047 1350.319
 1244.718  573.701    -5.434  -117.412   -77.046   -39.128    -9.727   22.221
CT1807:220          -152.955   -34.339   70.755  111.987  125.128  102.681
    5.137   -97.145  -144.294  -182.932  -199.298  -158.014   -85.043   -58.610
   -38.459   -27.842    -0.748   34.877   71.710  277.508 1020.701 1568.105
 1493.348  786.319   51.164  -110.691   -57.408   -22.334    -1.810   31.847
CT1807:215          -131.585   -44.799   56.131   90.170   74.784   25.235
  -106.664  -249.777  -296.861  -283.571  -255.383  -192.805   -82.350   -13.173
    -5.358   -10.238    6.975   33.234   63.664  140.256  365.162  549.289
  498.783  225.540   -32.460   -67.230   -31.544    7.453   38.229   44.476
CT1807:210           -95.123    -4.889   70.502   96.231   97.936   53.847
  -127.992  -372.312  -426.654  -313.251  -229.223  -153.844   -64.559    -5.517
   12.412   18.709   28.595   37.944   53.467   -45.755  -464.273  -877.354
  -898.854  -501.771   -77.192    7.904    8.911   25.091   47.507   58.911
CT1807:205          -101.527   -19.811   67.705  105.232  108.956   62.124
  -123.661  -362.145  -425.821  -268.140  -141.014   -69.644   -39.660   -12.855
    7.170   22.363   31.777   37.912   55.137   -90.870  -705.625 -1348.754
-1381.558  -844.599  -187.510   11.848   27.007   37.985   56.149   71.383
CT1807:200          -106.189   -34.454   50.499  100.369  116.188  101.729
   -12.351  -204.645  -305.291  -201.357   -93.308   -29.357   -19.933    -8.400
    9.400   25.544   41.828   58.424   93.602   -13.387  -438.047  -888.756
  -928.839  -599.503  -165.586    -2.312   37.554   55.404   53.789   85.449
CT1807:195           -93.836   -22.601   42.898   89.163  126.183  141.331
   93.773    -0.862  -192.701  -112.439   -89.767   -43.744   -15.053   11.412
   29.287   28.983   45.970   90.156  159.872   87.688  -189.050  -566.169
  -645.883  -442.379  -166.729   -39.900    -0.521   33.479   70.507  100.514
CT1807:190          -111.760   -45.191   22.487   76.553  113.502  140.424
  138.657  124.126   -94.044   -71.140  -105.386   -70.636   -23.274   17.716
   47.729   59.706   85.120  138.458  221.038  181.202    -4.412  -242.696
  -304.083  -191.458   -54.379    2.951   11.886   21.296   42.895   66.117
CT1807:185          -132.223   -60.492   11.689   72.703  122.153  167.302
  204.598    -9.504    -5.464   -25.434  -184.556  -154.355   -61.132   11.811
   71.587  112.668  158.633  221.635  292.229  272.792  156.381   23.771
   -35.739   -43.714   -28.751    -2.428    9.100    9.794   18.351   32.025
CT1807:180          -150.379   -77.520   -12.679   48.862  119.838  180.690
  230.461  252.677   13.540   -55.810  -395.178  -355.193  -163.591   -18.203
   71.844  153.448  231.489  290.812  351.817  349.667  254.050  134.665
   67.021   36.277    3.586   -10.644    -1.808    7.263   16.753   27.605
CT1807:175          -184.065  -113.118   -42.195   30.912  107.789  176.757
  236.572   -16.119   -11.681   -57.912  -617.324  -548.583  -272.613   -99.152
    5.350  118.870  231.494  329.523  430.556  449.751  353.989  230.208
  142.790   69.852    7.768   -17.382    -5.517   14.825   28.788   36.943
CT1807:170          -150.512   -75.267   -75.451   36.776  202.969  285.554
  231.685  185.143   -91.104  -258.337  -659.625  -541.911  -261.964  -118.933
   -28.919   44.134  184.552  421.928  718.378  761.767  557.272  379.198
  243.836  113.431    -1.353   -40.016    1.566   31.216   45.052   62.727
CT1807:165          -154.113   -75.759   -45.346  182.879  419.631  448.719
   36.694  -505.908  -591.446  -403.381  -328.856  -205.009   -47.919   30.171
   41.330   36.758  199.654  578.527  804.514  902.087  875.859  607.996
  409.490  205.339   20.264   -68.354   -32.420   20.626   55.843   80.918
CT1807:160          -136.423   -43.212   -72.234  186.155  576.941  681.823
   38.783  -858.020  -903.839   -77.052  401.455  345.480  116.217   70.114
   68.093   30.063  212.141 1084.686 2027.381 2104.521 1483.994  857.128
  630.635  314.601   21.417   -69.319   -13.528   48.000   64.206   86.323
CT1807:155          -157.195   -64.307    -1.123  311.800  594.238  680.549
  532.314  416.183  304.217  279.518  375.203  304.962   84.371    8.505
   15.635   19.929  118.426  697.033 1523.833 1627.950 1196.403  865.165
  719.409  412.232   77.332   -54.318   -57.737   27.322   55.523   53.253
CT1807:150          -156.683   -54.161   -59.795  210.315  492.926  656.151
  674.853  603.727  424.505   28.216  -326.209  -258.465   -45.207    1.220
   -77.883  -207.535  -314.998  -818.802 -1600.697 -1441.040  -325.733  570.048
  677.479  404.502   92.378   -29.410   -34.089   -30.146   -30.858   34.429
CT1807:145          -175.922   -74.907  -139.408  109.497  353.658  478.573
  488.158  411.378  228.204   -97.887  -427.301  -411.407  -151.861   -55.755
  -137.724  -276.804  -463.921 -1155.145 -1945.271 -1918.233 -1074.747   41.272
  358.974  196.202   11.733   -18.033   -18.396    -1.334   10.794   21.263
CT1807:140          -180.759   -86.445   -96.612   94.513  211.424  232.810
  157.434   59.216    8.571   53.221  132.313  125.670   32.487   -19.638
   -68.047  -108.141  -241.651  -634.956 -1041.339 -1038.141  -729.343  -276.827
  -101.387   -49.440   16.780   36.519   21.857   16.971   11.435    0.236
CT1807:135          -186.981   -95.687    8.181   95.940   41.914   -69.735
  -345.033  -597.563  -581.792  -183.542  351.436  387.851  147.791   18.946
    3.618    8.099   -53.649  -175.150  -329.757  -388.124  -328.835  -223.997
  -135.727   -66.326   19.120   65.464   58.691   40.749   19.593    0.053
CT1807:130          -164.840   -77.115   20.184   79.145  -110.709  -244.520
  -694.031 -1438.208 -1548.319  -899.806  -298.840  -142.768   -68.902    1.151
   23.674   32.492   10.529   -22.968   -63.175  -111.833  -165.946  -245.812
  -212.502   -80.703   40.512   86.793   73.947   41.901   21.808    0.663
CT1807:125          -155.887   -80.050   -37.084   -74.242  -224.309  -287.831
  -261.210   -78.760  -130.113  -504.561  -795.380  -722.890  -205.708   14.124
   30.822   34.013   13.343   -35.911  -101.025  -159.573  -233.676  -302.319
  -278.705  -122.407   45.281   97.627   73.436   39.162   33.484   32.461
CT1807:120          -148.831   -88.493  -117.294   -42.108   -46.191   75.531
  733.303 1523.291 1539.488  812.042  189.803   15.931   16.879   28.651
   32.148   63.797   47.842   -57.196  -204.395  -281.797  -369.646  -418.534
  -414.363  -338.299  -185.773   -94.346   -30.218   22.477   68.825  115.415
CT1807:115          -188.462  -117.247   -43.681   19.885  111.293  320.678
 1173.384 2270.209 2315.870 1255.086  422.978  234.190  104.594    9.035
    5.377   33.860   13.291   -39.766   -95.014  -152.553  -371.380  -605.970
  -607.849  -462.694  -333.138  -263.893  -148.664   -16.351   89.130  177.321
CT1807:110          -181.695   -89.541    -6.522  108.576  270.718  427.748
  807.420 1244.878 1251.659  842.920  462.781  320.466  138.561   16.042
   15.634   10.205   -16.356   -28.067   -25.383   -21.037    -4.861   29.209
    9.790   -87.029  -146.150  -138.495   -72.472   13.000   87.760  163.280
CT1807:105          -142.717   -45.969   45.805  135.211  210.753  291.906
  225.750   21.997    -2.444  189.587  296.485  239.400  244.174  263.317
  154.830   13.370   -24.882   -53.427   -89.175    -9.878  362.821  710.335
  682.333  317.355   -58.501  -137.205   -73.814    4.804   67.179  128.507
CT1807:100          -108.630   -21.500   46.130   48.668   29.220   -16.894
  -257.190  -521.822  -596.441  -560.819  -536.303  -407.442   -97.420   18.436
   43.414    1.181   -15.615   -57.336   -97.974   18.529  496.322  932.455
  920.824  489.858    8.140  -105.480   -38.012   20.031   63.650  121.054
CT1807:095          -109.733   -45.853   37.383   22.613   -98.559  -187.788
  -361.218  -542.290  -669.965  -890.774  -997.160  -828.952  -330.319   -62.074
   -20.567   -10.028    0.204   -43.425   -85.885    -5.953  279.736  571.591
  560.250  259.584   -12.652   -65.994   -28.940   29.694   76.501  116.724
CT1807:090           -61.847    6.498   51.708   27.856   -59.827  -119.646
  -181.209  -257.935  -358.322  -609.094  -760.230  -684.561  -401.437  -215.867
  -113.619   -20.647    8.743   -41.660  -110.070  -117.665  -119.866  -115.397
  -100.424   -65.392   -24.770   -15.510   25.664   68.809   90.459  102.779
CT1807:085           -88.898   -43.062    5.066   16.916    4.536    6.367
   83.168  210.607  199.908    -4.085  -178.589  -176.088  -119.850   -85.376
   -46.344   11.462   34.672    -3.898   -64.075  -118.577  -263.345  -412.764
  -409.682  -251.484   -30.771   49.871   60.178   60.581   53.885   38.727
CT1807:080           -95.711   -59.716   -19.136    4.886   13.834   42.889
  133.422  248.980  293.151  367.709  412.784  367.311  176.584   32.142
   18.602   48.700   58.462   68.554   91.501   51.184  -125.198  -365.264
  -389.120  -177.382   86.969  150.996  102.074   52.799   13.977   -35.090
CT1807:075           -97.696   -73.267   -52.630   -33.411   -33.721   -15.437
   60.622  181.562  254.267  375.985  462.567  416.923  201.550   41.024
   30.741   86.397  105.262  141.290  221.443  214.125   47.761  -213.099
  -250.129   -85.233  122.998  172.629  103.326   20.386   -47.179  -107.136
CT1807:070          -105.837   -89.737   -71.869   -48.490   -26.672    5.689
   72.267  162.895  215.405  258.441  277.105  245.957  135.520   33.079
   38.151  133.986  161.300  111.360   19.930   -17.029   -29.927   -89.576
   -90.652   27.962  181.593  206.125  114.091   18.367   -57.320  -133.115
CT1807:065          -113.316   -95.290   -72.900   -42.621    -0.126   33.540
   80.185  158.269  189.588  161.489  123.785  100.540   59.077   20.966
   16.875   51.513   48.654   -40.806  -173.310  -205.355  -115.333    3.508
   56.356  149.274  244.693  246.279  152.245   42.668   -51.572  -145.531
CT1807:060          -103.558   -81.441   -60.182   -32.372   21.110   66.439
   79.425   66.171   56.485   50.539   26.936   25.252   17.053    -0.102
   -14.752   -40.956   -56.924   -86.010  -118.015  -119.810   -65.688   17.404
   81.832  181.036  269.066  271.642  173.624   45.400   -67.719  -167.870
CT1807:055          -104.354   -62.153   -23.121    5.674   42.917   53.218
   -12.152  -112.545  -153.314  -103.166   -51.696   -24.826   -21.171   -16.878
   -15.476   -47.931   -74.449  -116.620  -168.538  -201.676  -232.400  -221.256
  -158.523    8.977  220.826  265.939  160.390   42.274   -46.481  -132.050
CT1807:050          -114.167   -57.972    -3.987   23.488   47.157   16.898
  -161.500  -359.687  -431.377  -421.064  -267.924  -212.205  -123.789   -33.333
    -4.810    -7.745   -14.162   -87.079  -203.082  -264.622  -386.566  -543.537
  -500.008  -197.569  154.106  243.939  178.079   79.932    2.133   -71.542
CT1807:045          -127.364   -80.654   -22.214    -3.086   18.864    -4.409
  -310.781  -898.946 -1060.454  -934.395  -914.916  -740.710  -282.467   -62.340
   -18.629   -10.046    7.920   10.083   25.659   -20.673  -230.972  -424.870
  -405.880  -176.317   97.862  167.464  113.568   56.700   19.474   -28.337
CT1807:040          -113.576   -67.935   -22.999    -4.472    9.043   -13.029
  -103.215  -194.900  -313.303  -565.359  -698.892  -608.260  -328.712  -151.675
   -76.852   -56.500   -20.510   49.793  114.368   93.121   -31.918  -190.195
  -205.106  -100.115   47.315  105.742   94.331   65.539   42.983   18.395
CT1807:035          -106.160   -74.668   -43.682   -25.899   -19.770   -20.113
   13.624   93.517    2.468  -208.610  -274.913  -319.988  -306.910  -191.629
  -109.006   -68.519   -14.102   79.620  208.167  228.388  129.670   -25.404
   -59.170   -13.007   37.623   55.438   57.599   58.416   59.717   58.314
CT1807:030          -112.214   -88.107   -63.306   -43.745   -35.531   -14.659
   32.188   85.269   -26.640  -515.495 -1024.549  -967.779  -504.222  -261.517
  -166.678   -95.455   -39.221   18.181   93.875  132.783  185.023  237.199
  225.202  131.787   34.622   19.493   29.140   39.953   62.436   97.596
CT1807:025          -114.497   -93.866   -74.108   -57.739   -45.389   -18.375
   27.228   48.489   -81.301  -609.126 -1208.269 -1143.489  -537.841  -216.448
  -139.767  -101.373   -65.022   -48.407   -22.914   16.045  117.628  238.998
  245.392  143.101   15.616    -8.871   16.746   51.409   85.085  121.425
CT1807:020          -119.349   -96.257   -74.184   -43.588    -9.317   34.952
  163.220  414.152  375.117  -145.925  -635.238  -642.662  -307.189  -118.152
   -93.323  -108.464  -105.536  -142.976  -207.520  -184.812   -38.601  132.801
  153.454   64.896   -47.163   -57.132    -2.960   54.619  104.937  164.917
CT1807:015          -122.408  -102.270   -81.431   -42.692    6.771   68.039
  256.848  563.304  604.779  453.173  372.466  253.286   39.670   -17.329
   -23.550   -62.713   -83.526  -169.064  -294.087  -299.243  -205.753   -72.786
   -43.409   -69.462  -110.230  -102.431   -38.165   40.370  108.699  175.969
CT1807:010          -143.022  -114.715   -80.970   -37.164   10.984   62.415
  163.001  292.561  313.701  279.042  193.118  155.886  104.199   52.358
   32.794   -23.832   -49.970   -97.882  -203.957  -220.150  -137.542   -43.827
   -46.865   -99.526  -145.947  -131.021   -55.610   36.675  117.110  192.251
CT1807:005          -151.663  -109.951   -69.500   -20.929   51.620  112.569
  102.856   45.495   39.819   91.948   96.670   97.457  119.982  109.156
   95.616   71.614   79.567  157.438  265.027  270.078  176.748   33.672
   -26.538   -93.813  -154.619  -140.635   -42.277   63.048  139.107  211.672
CT1808:360          -155.801  -110.515   -61.788    -7.161   64.384  112.250
   80.284    -1.063   -12.781   49.825  157.143  135.000   75.377   66.425
   80.335  102.392  136.834  335.930  702.801  751.509  451.341  103.059
    -4.654   -67.538  -138.444  -131.350   -45.702   53.168  138.263  220.287
