
filled_synop: 30 data points in equal steps of sine latitude from +14.5/15 to  -14.5/15

CT1856:360          177.326  125.212   72.399   19.532   -34.912  -105.640
  -175.660  -225.184  -222.648  -234.567  -328.230  -506.230  -439.206  -296.538
  119.437  414.882  415.420  181.370   37.919  -203.856  -573.637  -640.244
  -312.581    0.721   17.098   -94.064  -161.863  -151.855  -124.810  -107.203
CT1856:355          180.804  114.700   45.966   -22.771   -79.990  -121.422
  -155.285  -208.345  -255.998  -312.877  -540.165 -1290.997 -1695.622 -1263.384
   -19.059  582.637  576.590  429.415  337.490   22.648  -285.427  -330.797
  -144.778   58.035   75.354   -48.627  -153.283  -161.230  -135.976  -113.466
CT1856:350          192.214  114.434   35.946   -40.229   -95.603  -123.253
  -147.531  -203.491  -295.699  -399.367  -564.445 -1172.646 -1531.348 -1132.566
   -13.518  497.621  438.686  167.868   24.008   -85.760  -146.136  -147.910
   -30.326  113.487  116.991   -44.416  -168.913  -186.200  -157.738  -113.864
CT1856:345          201.925  118.192   30.912   -59.784  -119.542  -132.121
  -155.281  -206.864  -284.009  -310.281  -259.467  -111.778   49.357  154.053
  253.712  299.721  204.580   -78.600  -257.949  -354.423  -493.493  -487.159
  -195.934   69.329   82.714   -98.214  -214.698  -186.530  -116.541   -76.557
CT1856:340          192.744  113.428   32.933   -40.850   -91.967  -112.669
  -134.309  -197.172  -397.888  -409.420  -177.966  686.225 1314.807 1178.676
  527.191  242.218  161.678  134.754   32.948  -327.081  -708.317  -713.275
  -329.677   38.692   73.147   -87.590  -209.557  -201.348  -134.332   -73.993
CT1856:335          187.472  113.946   35.259   -44.417   -90.887  -111.685
  -125.412  -201.056  -679.993 -1058.608  -684.063  573.750 1210.913 1123.000
  587.948  302.540  187.470   88.475   -40.654  -271.019  -551.844  -560.207
  -245.753   60.092   73.599   -91.299  -196.816  -193.639  -139.417   -75.295
CT1856:330          169.342  104.551   28.640   -55.891   -92.282  -117.137
  -118.967   -34.541   -59.812  -188.305   22.731  556.279  755.521  695.213
  484.608  344.574  249.375  168.639   74.997   -24.683  -137.319  -150.454
   -20.608  105.512   88.894   -62.809  -158.120  -138.813   -85.832   -51.677
CT1856:325          164.984   90.584   14.990   -66.891  -104.652  -137.608
  -130.426  141.262 1021.718 1643.536 1583.835  877.360  475.039  391.563
  381.159  334.123  314.434  346.909  306.449  229.079  130.405   99.366
  123.983  133.484   90.846   -39.974  -137.945  -129.708   -86.109   -59.766
CT1856:320          178.567   98.761    9.666   -87.300  -124.287  -141.690
   -99.093  253.963 1397.836 2333.074 2141.282  911.733  258.310  200.694
  302.116  291.862  304.798  372.700  353.950  301.193  254.407  225.492
  188.159  141.442   86.593   -41.257  -140.588  -155.860  -126.831   -91.211
CT1856:315          180.505  108.661   17.351   -91.658  -121.848  -148.720
  -134.982   89.427  641.107  898.670  932.115  640.932  373.445  298.582
  339.570  328.675  263.922  180.400  123.817  122.187  114.487  105.832
  140.532  149.738  100.285   -41.183  -137.873  -144.391  -125.698  -115.707
CT1856:310          140.141   62.281   -13.470   -78.142  -100.028  -111.221
   -69.039   57.745  256.905  407.378  439.980  444.577  442.227  369.339
  325.550  286.324  176.290   12.375   -74.326  -132.258  -194.542  -174.350
    8.894  141.604  112.058   -28.217  -134.859  -153.887  -137.760  -123.416
CT1856:305          119.497   58.186    0.595   -58.699   -70.671   -41.436
    3.288   72.563  176.676  280.692  265.865  165.633  130.726  173.129
  269.342  265.191  178.870   29.102   -86.711  -216.194  -319.205  -300.585
  -108.712   64.591   65.238   -61.314  -132.072  -139.676  -127.003  -114.728
CT1856:300          118.814   60.284    2.060   -49.486   -49.828    6.465
   60.348   92.967  107.750  114.454   92.808    -6.856   -43.167  113.062
  441.210  524.409  399.442  202.262   55.563  -220.860  -473.175  -473.229
  -228.554   -29.437    -0.986   -64.509  -107.238  -115.055  -110.281  -105.084
CT1856:295          121.049   69.056   15.575   -40.938   -40.401   25.468
   84.425  108.640  122.305  145.064  113.541   75.670  142.915  239.391
  569.490  701.149  448.849   72.648  -103.884  -299.298  -490.590  -493.980
  -253.173   -50.402   -19.292   -64.554   -85.963   -94.520   -99.058  -101.567
CT1856:290          136.759   76.463   11.697   -41.969   -38.357   30.586
   94.205  121.400  117.515  101.718   59.291   -89.022  -152.551   -35.790
  146.073  187.752  162.352   56.497   -61.601  -214.891  -349.352  -361.014
  -203.891   -61.182   -30.032   -55.918   -74.782   -87.044   -96.227  -105.214
CT1856:285          143.155   92.344   34.572   -31.616   -31.403   38.021
  103.806  155.126  219.330  252.625  196.858   23.709   -30.025   26.857
  130.047  174.305  262.662  354.020  277.826   52.001  -181.624  -231.460
  -133.100   -50.834   -38.046   -57.047   -71.167   -84.784   -99.366  -113.288
CT1856:280          132.392   79.400   22.939   -28.773   -18.453   56.951
  130.724  212.645  363.021  440.720  413.929  290.619  257.030  370.811
  580.218  635.979  669.832  702.641  603.922  283.544   -51.025  -123.464
   -77.918   -42.784   -40.174   -47.126   -59.039   -80.099  -103.954  -125.117
CT1856:275          139.913   91.710   38.289   -20.189   -11.108   68.990
  144.481  233.639  403.678  503.568  488.895  391.974  379.462  538.045
  887.426  960.025  663.432  292.201  174.828   78.873    9.627    3.301
    -1.869   -25.349   -44.134   -52.054   -66.236   -89.703  -114.409  -137.426
CT1856:270          153.529   94.355   27.016   -34.215   -21.662   64.300
  138.917  200.332  283.759  320.659  302.155  197.427  159.009  270.768
  469.449  431.205   -22.538  -727.921  -835.182  -309.351  201.663  268.243
  122.704   -18.960   -54.169   -61.190   -76.069   -98.954  -124.951  -151.808
CT1856:265          170.738  109.421   37.806   -37.161   -38.102   39.296
  109.301  142.199  165.826  174.583  133.616   18.633   -13.994   24.929
  109.488   36.762  -379.124 -1024.731 -1082.480  -312.510  543.283  607.041
  221.147   -20.848   -53.774   -48.803   -64.652  -101.620  -142.787  -172.435
CT1856:260          172.544   94.614   15.270   -47.901   -50.427    9.055
   59.745   80.839   93.336   88.665   40.329   -63.451   -93.028   -14.257
  165.905  160.764   -57.396  -304.044  -346.976  -209.164    5.688   67.834
   15.975   -38.592   -61.066   -81.311   -96.912  -106.440  -111.357  -114.316
CT1856:255          198.157  128.607   48.314   -28.267   -46.817   -13.456
   15.017   29.455   63.391   68.732    3.969  -133.815  -177.216   -63.898
  204.596  260.911  107.012   -69.202  -141.928  -323.821  -517.165  -458.423
  -207.515   -58.095   -54.399  -103.853  -124.916  -118.900   -98.701   -75.958
CT1856:250          217.597  157.026   82.349    3.055   -24.126   -13.498
    -4.747    -3.236   18.523   12.305   -58.263  -192.751  -229.222  -175.968
   -38.016   -10.232   -44.316  -139.877  -197.552  -290.374  -371.290  -338.576
  -174.861   -43.136   -40.813  -106.194  -129.489  -112.109   -84.339   -66.214
CT1856:245          189.837  125.656   58.736    0.161   -21.347    -6.996
    1.992   -12.385   -39.141   -71.793  -142.032  -282.399  -341.298  -296.917
  -213.188  -201.489  -191.743  -183.993  -198.009  -190.796  -140.745  -116.664
   -90.693   -53.731   -42.716   -73.115   -94.209   -94.142   -86.344   -83.605
CT1856:240          180.272  121.181   62.086    4.410   -21.493   -23.867
   -28.342   -40.694   -52.580   -70.730  -110.317  -162.909  -181.765  -174.744
  -114.400  -108.620  -234.204  -364.761  -387.383  -339.326  -291.709  -241.487
  -134.077   -62.797   -51.606   -69.760   -76.335   -82.391   -87.661   -90.955
CT1856:235          191.212  127.808   59.257    0.969   -20.082    -7.224
    0.376    -7.726   -18.096   -33.821   -56.789   -78.093   -81.061   -86.322
   -93.207  -114.212  -219.749  -365.455  -399.852  -346.828  -288.093  -243.671
  -143.330   -68.085   -54.308   -61.353   -67.538   -80.444   -95.259  -110.967
CT1856:230          188.947  127.773   61.706    0.004   -10.452   21.532
   41.207   40.982   29.489   10.348   -13.641   -54.101   -52.807   15.427
   82.573   81.567   37.918   -56.984  -106.581  -133.968  -140.248  -133.553
   -99.632   -76.297   -73.105   -68.966   -72.922   -91.907  -113.841  -134.021
CT1856:225          194.409  132.185   67.115    3.693    -4.894   46.876
   83.156   96.307  104.415   73.481   32.832   -69.932   -73.789  139.355
  518.591  614.713  459.177  276.794  207.020  116.822   46.775   17.868
   -22.204   -50.509   -61.678   -66.310   -77.346  -106.674  -137.516  -162.811
CT1856:220          193.501  131.320   63.854    9.857    6.786   48.585
   74.617  108.392  209.329  228.817  100.343  -168.469  -205.338   52.153
  491.558  610.408  473.680  264.212  204.863  190.533  156.297  118.535
   45.299   -10.258   -28.470   -32.097   -46.100   -75.652  -115.744  -158.582
CT1856:215          188.982  135.043   69.644    5.593    -0.906   41.558
   64.730   72.229  122.110  131.362   -23.660  -338.117  -401.412  -156.572
  192.523  286.649  242.815  144.737  119.522  146.288  160.891  140.330
   73.862   20.441    -0.156   -10.336   -34.487   -71.096  -113.048  -153.300
CT1856:210          187.579  132.036   61.768    -5.145   -16.201   38.013
   58.726   -16.237  -208.822  -318.596  -337.949  -332.064  -302.129  -179.013
    -1.332   47.855   16.805   -40.507   -42.071   31.793  102.397  107.446
   78.275   52.458   27.750    -1.383   -33.274   -77.721  -125.050  -159.743
CT1856:205          159.192  104.986   46.745    3.146    4.219   55.806
   70.288   -19.156  -241.432  -350.360  -324.244  -228.028  -192.846  -154.305
  -102.734  -100.801  -196.968  -292.396  -273.560  -145.680   -35.740    2.134
   37.264   49.135   18.703   -36.161   -75.629  -100.215  -117.551  -130.415
CT1856:200          152.030  115.441   64.539   13.971   14.976   69.157
   86.671   48.432   -33.352   -72.921   -69.189   -39.097   -37.347   -53.587
  -103.243  -134.249  -195.273  -246.051  -219.441  -113.506   -20.485   16.000
   36.963   39.133    -2.834   -73.874  -111.761  -113.616  -107.704  -108.806
CT1856:195          128.650   85.666   41.602    9.781   21.536   91.099
  124.036  103.731   47.103   16.086   66.936  205.852  239.631  119.716
   -29.191   -76.561  -117.165  -134.018   -97.107   33.817  153.255  158.165
   76.565   23.367   -21.529   -79.184  -116.022  -120.492  -111.816  -104.472
CT1856:190          115.394   78.825   41.999   13.300   31.758   98.994
  134.314  126.954   88.537   60.829   73.733   99.267   83.431   40.939
   -42.341   -74.701   -92.639  -105.991   -58.271  100.640  225.203  221.370
  106.560   32.145   -15.380   -70.314  -107.535  -114.597  -106.141   -99.305
CT1856:185          113.006   83.650   51.350   22.875   34.111   90.870
  122.142  126.683  128.758  110.907   43.086   -43.112   -70.208   -90.081
   -62.833   -59.153   -91.262  -112.610   -68.346   62.365  159.789  173.265
  135.054   98.600   38.706   -53.803  -104.004  -104.913   -96.886  -100.517
CT1856:180          111.488   91.418   70.015   53.728   63.368   98.280
  119.267  121.518  124.750  105.762   -15.489  -248.942  -329.821  -236.564
  -116.747   -89.672   -78.390   -61.743   -31.204   12.816   63.689   95.760
  154.919  172.182  108.180    -5.298   -75.858   -90.962   -95.020  -107.378
CT1856:175          108.305   94.630   77.048   63.044   69.424   91.244
  102.080  100.353   94.315   80.016   40.247   -35.538   -70.228   -58.960
   -45.333   -32.175   -10.218   11.457   36.880   29.700   41.695   76.898
  183.430  221.927  148.248   22.814   -59.087   -93.076  -110.319  -127.139
CT1856:170           97.494   93.426   82.640   70.546   74.354   88.712
   92.148   85.164   68.044   62.344  117.209  258.027  295.266  178.468
   46.384   45.306  111.732  177.596  216.946  185.751  158.838  187.275
  249.696  241.751  151.275   14.874   -69.802  -101.912  -124.374  -146.763
CT1856:165           83.543   71.679   57.933   48.481   57.636   92.073
  104.227   79.158   17.169    -1.489   56.946  153.477  171.891  143.890
   88.877  103.976  182.665  275.067  376.214  541.822  647.606  601.214
  410.457  270.036  149.994    7.352   -88.860  -113.231  -120.929  -131.057
CT1856:160           86.205   69.959   54.261   44.744   52.302   81.715
   87.706   53.664   -15.757   -40.133   -16.505   25.267   30.804   23.701
    -4.541   15.848   95.556  186.854  364.568  790.469 1062.211  968.741
  553.640  285.104  141.809    2.251   -93.427  -116.633  -114.889  -115.491
CT1856:155           91.323   81.292   70.022   58.659   50.441   51.810
   45.457   14.368   -42.858   -67.386   -63.322   -48.365   -54.783   -80.300
  -124.561  -121.651   -90.275   -13.588  194.547  738.985 1080.618 1002.844
  543.326  260.669  134.363   22.968   -64.543   -83.173   -95.685  -113.322
CT1856:150           75.661   68.832   64.293   58.267   39.316    3.770
   -22.899   -39.451   -51.176   -64.573   -75.295   -67.775   -77.531  -129.295
  -168.389  -203.298  -361.353  -451.729  -231.312  412.737  806.245  770.330
  425.954  194.060   82.200    -4.672   -66.890   -83.814   -96.816  -108.264
CT1856:145           67.904   56.134   49.996   44.515   24.900    -4.513
   -26.691   -42.152   -46.577   -57.106   -95.621  -147.178  -169.143  -172.174
  -196.240  -254.455  -471.220  -622.722  -448.760  179.940  597.897  531.485
  195.364   22.711   -38.995   -38.642   -49.940   -55.900   -73.729   -91.794
CT1856:140           69.314   67.614   67.449   62.316   41.151    3.088
   -21.771   -33.318   -37.786   -49.127   -74.752  -106.173  -113.677   -65.086
    2.550   -61.825  -359.698  -566.161  -476.356  -105.472  126.363   27.831
  -360.792  -538.369  -458.697  -184.610   -60.813   -58.812   -67.683   -65.875
CT1856:135           73.363   71.251   69.644   63.399   39.729    1.011
   -20.940   -22.873   -12.936   -18.939   -23.697   -44.879   -43.753   39.410
  110.992   64.450  -163.639  -320.607  -300.591  -119.407    -2.414  -151.027
  -605.358  -785.949  -640.869  -249.621   -82.835   -51.447   -39.682   -26.343
CT1856:130           78.550   72.181   66.551   59.471   38.644    -0.688
   -21.445    -9.238   38.251   35.003   13.776   12.981   32.211   67.637
  107.229   97.576   -52.161  -184.284  -174.940   -38.378   40.055   -33.200
  -206.472  -274.764  -282.868  -222.722  -165.054   -99.439   -33.541   11.784
CT1856:125           78.483   72.244   65.872   55.399   37.582   14.453
    3.722   12.861   43.073   18.001  -122.168  -281.582  -275.624  -110.331
  121.877  189.058  154.712   89.054   93.047   98.651   78.161   95.255
  199.258  214.295  106.711   -74.664  -145.765  -111.140   -56.994   -12.225
CT1856:120           88.684   76.387   65.585   55.560   45.939   34.249
   29.707   44.843   89.105   70.990  -201.282  -671.929  -730.200  -295.613
  107.057  244.335  535.976  795.127  717.320  342.680  156.168  184.414
  293.170  287.697  167.593   -59.727  -149.382  -112.775   -62.754   -31.858
CT1856:115           95.143   84.723   75.553   66.483   57.895   43.664
   40.613   59.283   88.646   98.648  126.788  225.959  241.818   98.637
   26.817   89.428  323.850  480.258  470.342  309.762  218.632  246.566
  337.004  333.118  204.165   -16.609  -123.558  -105.826   -68.789   -46.121
CT1856:110          108.276   96.778   79.981   60.186   51.231   42.633
   43.671   70.094  104.617  159.874  370.874  627.594  623.827  314.060
   -13.734   -75.865   -98.241  -138.212   -43.345  154.996  254.067  300.779
  358.963  344.254  205.473   -17.301  -114.108  -116.967   -96.093   -71.995
CT1856:105          108.564   88.655   63.971   42.983   36.503   34.040
   36.220   57.826   84.056  154.531  418.196  704.319  698.375  376.272
    8.745  -128.283  -283.142  -358.109  -269.746   31.219  223.032  264.865
  276.559  254.984  141.517   -24.813   -97.896   -91.727   -79.894   -69.521
CT1856:100          100.604   81.151   61.689   45.351   37.720   35.238
   37.748   49.804   62.701   92.419  214.256  366.500  358.600  201.220
   11.179   -87.727  -182.620  -223.579  -162.678    -7.646   89.966  133.068
  168.075  161.615   76.143   -44.371   -92.544   -84.125   -65.998   -48.404
CT1856:095           90.495   77.693   63.119   49.872   45.807   48.194
   49.854   51.236   58.181   49.263   -29.797   -94.448  -116.275  -116.578
   -77.594   -87.475  -129.317  -151.930  -113.723   -37.892   26.296   61.793
   82.111   78.281   15.373   -73.066   -98.794   -71.999   -48.192   -37.511
CT1856:090           86.120   75.449   65.918   56.627   52.618   56.610
   54.444   45.780   41.712   -13.463  -306.806  -707.521  -769.646  -460.876
  -178.546  -160.893  -205.452  -223.085  -166.891   -39.684   34.280   42.575
    7.419   -10.925   -34.722   -63.897   -77.309   -70.421   -60.786   -52.790
CT1856:085           89.729   79.859   70.891   62.414   57.206   56.730
   47.140   28.428    8.683   -21.329   -68.174   -91.707  -131.124  -230.279
  -267.539  -278.435  -326.859  -343.183  -276.012   -89.618   16.052    9.359
   -58.020   -71.827   -70.993   -69.964   -70.550   -77.682   -81.377   -80.289
CT1856:080          100.604   85.785   71.514   58.462   45.107   39.605
   21.192   -17.301   -72.094   -81.807  123.000  383.538  352.943    -4.528
  -341.993  -402.263  -384.499  -346.115  -331.166  -309.129  -278.915  -232.518
  -163.637  -124.504   -84.706   -41.338   -36.166   -57.700   -77.912   -90.306
CT1856:075          111.819   95.340   77.182   57.871   37.746   20.059
   -13.858   -89.086  -199.396  -217.678   -77.496  111.642  101.879  -181.891
  -424.024  -414.688  -251.188  -133.641  -179.815  -333.021  -397.547  -353.909
  -210.622  -140.855   -95.605   -48.636   -34.218   -53.712   -72.438   -85.232
CT1856:070          117.261  100.144   81.346   61.227   31.672    5.090
   -41.861  -155.382  -311.613  -378.678  -462.233  -541.868  -529.455  -450.924
  -362.457  -232.560   83.988  255.336  156.151  -187.534  -388.115  -386.123
  -245.127  -168.142  -117.371   -71.164   -46.058   -41.700   -47.936   -57.681
CT1856:065          113.226  104.374   96.384   81.083   49.994   15.757
   -37.983  -160.659  -312.528  -368.960  -419.850  -450.182  -391.447  -221.475
   -45.789  125.960  516.940  704.868  543.333   20.521  -275.646  -319.073
  -232.919  -195.178  -152.787   -98.599   -66.983   -57.131   -47.602   -38.616
CT1856:060          111.151  101.227   91.344   75.185   47.321   14.865
   -22.065  -103.501  -220.000  -230.689  -159.542   -78.321    8.027  162.672
  304.392  446.071  786.985  954.431  754.497  182.537  -129.851  -201.423
  -214.167  -238.412  -200.720  -123.418   -82.351   -58.930   -41.584   -24.376
CT1856:055          105.376   88.918   73.900   56.546   29.376    -8.153
   -33.268   -45.305   -61.605   -19.504  135.571  307.314  395.137  463.720
  518.163  563.268  636.504  658.521  546.383  323.632  178.342   15.784
  -170.796  -240.815  -214.458  -139.190  -102.839   -69.613   -39.939   -20.855
CT1856:050           98.531   82.295   65.944   44.702   15.380   -22.432
   -38.131   -12.936   30.825  105.165  297.330  486.340  558.455  555.634
  527.811  470.946  220.361   34.266   87.837  237.272  217.452   82.580
  -153.038  -259.219  -229.632  -141.125   -99.789   -70.457   -53.237   -44.223
CT1856:045           87.524   66.897   51.465   33.434    -0.831   -49.629
   -66.682   -30.669   16.364   94.593  297.773  492.291  540.966  462.077
  374.241  296.537  109.547   26.998   73.806  309.269  387.559  259.300
   34.327   -80.886   -94.491   -79.388   -93.962   -98.434   -94.805   -82.128
CT1856:040           96.422   77.229   59.232   36.032    -2.405   -62.914
   -83.920   -47.098   11.776   79.747  199.320  305.403  335.101  269.470
  195.789  147.292   39.793    -7.467   67.366  290.313  378.036  317.128
  177.666   86.122    -2.592  -110.193  -146.243  -127.285  -109.784   -94.259
CT1856:035          110.608   90.915   66.600   35.529   -10.064   -69.498
   -91.411   -62.076    -9.002   27.096   54.979   76.954  101.301  109.403
  120.372  121.365  107.389  121.285  160.274  295.944  342.910  290.604
  197.510  115.540   14.820  -120.044  -167.745  -142.864  -114.128   -86.780
CT1856:030          100.910   81.754   64.138   40.389    -4.723   -73.780
  -104.953   -88.798   -56.694   -37.900   -39.766   -32.385    6.212   59.658
  123.123  196.547  297.137  368.005  339.736  286.071  243.779  174.692
  111.267   34.437   -53.002  -151.709  -175.196  -142.330  -105.795   -69.562
CT1856:025          104.056   80.153   59.581   33.205   -15.236   -82.709
  -119.273  -121.348  -115.300  -104.819  -103.538  -103.000   -44.168   90.559
  225.143  364.600  557.176  648.202  583.399  323.707  146.845   44.737
   -14.674   -89.144  -128.223  -155.147  -162.036  -132.967   -98.784   -63.722
CT1856:020          113.415   85.852   57.694   23.637   -30.462  -102.500
  -139.761  -143.284  -132.683  -121.394  -102.791   -83.527   -29.366   56.658
  171.315  422.185  941.241 1189.600 1076.241  608.781  320.847   96.691
  -151.061  -289.059  -278.801  -200.513  -154.951  -118.683   -87.341   -54.845
CT1856:015          121.507   85.027   51.811   15.511   -43.577  -120.150
  -159.938  -153.685  -133.465  -121.594   -82.350   -58.721   -31.757   -55.884
   -56.775  223.267  950.051 1341.201 1285.681  912.818  625.603  259.865
  -318.223  -545.453  -422.777  -197.578  -128.138   -87.456   -60.766   -39.189
CT1856:010          130.819   90.296   49.454    5.054   -49.412  -114.592
  -152.858  -144.534  -127.088  -133.846  -118.854  -111.723   -96.371  -110.022
  -112.818   -20.625  263.924  546.687  607.089  811.273  827.880  425.603
  -344.285  -621.443  -502.043  -239.208  -133.798   -98.769   -70.512   -40.106
CT1856:005          137.467   95.647   56.446   12.139   -44.161  -104.196
  -148.801  -151.010  -145.615  -195.929  -298.391  -332.011  -318.783  -227.363
  -110.244  -284.841  -984.828 -1255.462  -798.558  330.148  685.102  304.847
  -345.854  -522.377  -422.687  -225.074  -151.313  -111.006   -81.376   -49.784
CT1857:360          146.575  102.570   67.559   26.196   -35.896  -105.823
  -164.749  -206.128  -231.575  -316.272  -629.542  -877.736  -810.439  -443.781
  -242.449  -401.242 -1071.928 -1355.277 -1097.450  -508.009  -327.274  -270.872
  -255.132  -270.233  -287.971  -274.903  -234.302  -174.394  -118.038   -69.934
