
filled_synop: 30 data points in equal steps of sine latitude from +14.5/15 to  -14.5/15

CT1823:360           17.926    -0.941   -20.014   -35.029   -56.822   -72.362
  -132.519  -233.614  -299.845  -359.356  -559.844  -788.778  -744.196  -474.462
  -236.113   -71.046  106.094  216.675  237.976  142.904   91.118   85.913
   97.959   81.674   50.158   15.114    4.583    7.880   11.992   14.477
CT1823:355            -2.046   -11.396   -20.143   -25.969   -49.926   -48.593
   -99.497  -269.484  -551.767  -727.578  -719.590  -552.942  -424.481  -297.148
   -62.129   76.502  168.696  176.629  -308.995 -1630.720 -2024.138 -1271.825
  -152.134   89.689   26.927   -26.971   -17.102    -3.507    9.422   16.853
CT1823:350           -11.943    -9.414    -1.794   11.608   -10.048   -20.856
  -101.649  -408.189  -958.605 -1211.171 -1206.726 -1150.221  -996.094  -498.635
   -89.096   67.715  205.490  250.284  -119.293  -896.032 -1094.375  -804.682
  -210.004    -5.855    6.567   -10.421    -4.331    -0.417   11.828   20.756
CT1823:345           -20.440    -6.659   12.388   38.493    6.960   -37.906
  -149.740  -551.212 -1308.626 -1631.266 -1511.037 -1194.331  -978.337  -546.855
  -172.739   -21.951   48.044   61.698   -20.348  -138.784  -163.131  -159.899
   -77.060    -9.882    9.585    1.402    3.205    8.390   13.143   16.277
CT1823:340           -39.180   -14.987   10.807   48.027   11.776   -52.877
  -169.524  -530.489 -1295.433 -1656.724 -1483.355  -940.850  -693.574  -526.877
  -258.217  -123.152  -173.504  -232.033  -181.176   -44.696   12.488    -5.399
   -13.585   10.053    7.160   -15.033   -14.886   -10.489    -5.528    4.334
CT1823:335           -57.303    -3.470   52.351   98.262   89.826   86.280
   37.587  -188.156  -543.907  -775.695 -1069.781 -1337.379 -1280.346  -795.301
  -244.705   -95.419  -171.028  -208.246  -204.881  -269.202  -290.535  -139.443
   37.111   68.122    6.750   -63.129   -68.846   -48.264   -24.517    0.960
CT1823:330           -82.497   -16.532   51.533  120.655  166.625  189.151
  204.028  181.027  143.888   -22.022  -645.598 -1698.790 -1884.335 -1099.828
  -256.417   -81.073   -88.032   -54.171   -62.906  -127.133  -129.287   -68.660
   25.985   34.128   -30.604   -93.996   -96.115   -63.100   -26.504    9.597
CT1823:325          -117.474   -45.736   37.632  126.911  203.968  258.323
  315.468  485.207  949.335 1021.584  309.614  -969.948 -1297.433  -829.009
  -334.978  -213.859   -83.805   21.780   26.170   61.875  110.072   35.980
   -49.758   -75.296  -102.463  -135.066  -122.185   -62.531   -13.795   25.960
CT1823:320          -142.799   -58.375   22.124  102.972  216.572  367.558
  487.364  747.431 1333.363 1512.626 1358.524  993.356  775.915  335.839
   -42.120   -99.504  -123.148  -179.880  -100.337   -19.935   -24.264    9.385
    -8.006   -42.974   -91.755  -131.291  -123.759   -74.036   -18.257   33.835
CT1823:315          -163.153   -53.929   51.157  165.231  322.201  561.949
  733.971  817.450  997.877 1155.771 1438.853 1822.415 1679.389  894.924
  172.381   40.011  110.850  200.458  199.491  240.028  263.732  185.324
   82.418   26.990   -55.428  -124.905  -116.804   -53.125    -2.001   45.774
CT1823:310          -167.217   -24.118  123.786  282.770  436.514  622.797
  648.735  340.888  -132.565  -194.454  242.083  470.722  403.150  282.747
  136.725   58.487   67.681  122.889  127.582   29.462   -33.345   38.588
   85.605   24.811   -70.265  -131.051  -115.705   -55.548    1.821   55.195
CT1823:305          -150.527   -13.559  138.138  298.973  404.211  465.719
  336.501  -154.180  -828.329 -1277.065 -1362.288 -1146.724  -875.991  -305.500
   -53.923   -13.866   -21.054   -45.054  -103.488  -204.267  -171.939   -62.238
   31.660   22.360   -40.495   -99.863   -76.458   -29.934    9.593   60.832
CT1823:300          -150.563    -1.478  146.817  265.296  404.339  612.186
  538.320  164.232  -846.909 -1913.750 -2289.639 -2124.368 -1353.888  -482.963
  -114.215    -2.749   -27.702   -97.518  -112.819  -112.151   -10.531  176.873
  192.384  146.191   15.936   -77.691  -100.815   -74.286   -14.147   59.332
CT1823:295          -186.858   -23.259  130.527  305.014  549.577  760.161
  738.608  145.083  -951.103 -1688.059 -1855.847 -1238.088  -348.466   -22.865
   57.332   42.900   -22.530   -66.745   -57.273   44.416  226.969  395.165
  434.974  282.895   63.286   -68.386   -95.483   -60.367    -3.919   52.282
CT1823:290          -228.950   -35.618  154.845  347.154  504.521  636.398
  683.440  434.764  -159.588  -550.503  -638.987  -569.094  -365.774   -47.060
   14.379   16.441    -1.907   -40.987   -89.801  -110.773   52.078  225.183
  369.272  301.462  124.761   -14.142   -47.526    -8.263   17.338   25.938
CT1823:285          -250.951   -57.965  142.644  363.670  524.363  618.173
  661.787  723.963 1042.521 1242.410  768.103  264.926    5.190   -40.406
    -9.014   -15.505   -22.088   -57.059   -89.084  -113.334   -56.336  153.094
  358.923  351.116  226.043   63.630    3.524    -7.415   -15.174   -12.522
CT1823:280          -288.230   -60.763  164.849  374.883  520.914  604.877
  706.102 1083.810 2153.489 2796.675 2423.877 1033.940  226.500   73.935
   -26.680   -45.875   -16.339    -8.386   -12.171   -49.833    -5.803  133.673
  344.490  385.274  249.467   67.640    -8.128   -22.482   -39.101   -44.912
CT1823:275          -320.087   -72.234  189.372  421.661  566.197  586.025
  610.152  953.598 1870.524 2259.306 1768.099  667.530  221.673   23.491
   -58.837   -33.734   24.441   70.153   97.114   84.394  100.513  160.568
  276.532  284.211  154.327    5.564   -51.297   -50.233   -41.824   -33.323
CT1823:270          -327.831  -100.851  149.336  428.753  556.514  444.596
  342.753  376.780  628.057  765.199  375.806  -392.234  -688.390  -489.725
  -124.067    1.157  103.840  194.629  278.709  312.638  319.754  330.485
  305.585  245.160  126.079    -4.091   -58.108   -39.846   -26.171   -11.055
CT1823:265          -303.884   -47.190  218.502  454.761  513.531  295.856
  117.392   26.747  -156.418  -377.407  -539.297  -854.546  -999.365  -672.278
  -119.963   72.470  191.667  299.620  440.456  683.328  781.457  698.387
  437.447  274.116  124.285   -27.948   -86.679   -53.902    0.564   46.541
CT1823:260          -291.842   -84.947  132.628  387.149  480.311  346.902
  214.312  141.067  130.576  123.109  -153.523  -592.758  -716.789  -462.440
   -80.350   79.197  217.061  357.593  513.671  905.513 1107.809  929.493
  452.698  243.958   95.352   -82.655  -121.249   -18.063   57.383  102.940
CT1823:255          -269.868   -71.740  134.696  321.698  420.762  471.901
  507.789  455.536  316.582  198.366   39.983  -102.952   -80.617  -123.333
   28.894   99.605   25.002   -52.732   -12.525  110.441  191.693  198.936
  218.092  206.563  120.246    9.215   -34.790   -29.836   -12.213    -0.437
CT1823:250          -247.115   -96.608   63.644  245.093  347.872  389.442
  422.751  415.820  329.677  266.684  105.367  -549.659  -937.683  -424.656
   77.679  109.076   55.188   -16.840  -134.989  -568.892  -821.543  -614.646
  -119.057   45.523   56.174   60.455   40.180    -7.365   -49.661   -90.497
CT1823:245          -214.636   -85.502   51.625  182.037  250.720  230.065
  203.112  246.141  366.424  456.075  597.214 1028.020 1205.875  788.908
  281.761  145.048  199.968  280.692  165.016  -138.161  -235.464  -196.581
   24.406  136.492  106.404   44.685   16.953   -11.426   -39.720   -67.844
CT1823:240          -183.549   -82.812   21.466  141.187  194.482  138.505
   97.841  180.859  384.724  555.090  928.848 1791.164 2069.379 1364.169
  355.833  104.894  199.838  298.477  243.585  139.039  104.007   87.507
  106.631  111.417   77.890   24.028   -10.440   -22.508   -36.492   -50.042
CT1823:235          -155.519   -69.747   29.250  132.589  182.848  140.625
   99.216  166.955  337.632  495.399  737.433 1003.163  953.222  756.698
  248.386   55.030   51.248   57.054   91.612  155.621  163.840  164.538
  155.559  106.622   32.190   -29.320   -60.294   -55.569   -41.509   -27.417
CT1823:230          -114.471   -42.684   27.572  101.472  144.032  132.746
  125.041  169.100  250.325  332.108  396.869  481.808  486.741  316.056
  101.377   30.233   41.623   86.595  221.723  533.952  682.561  577.017
  299.408  129.770   18.502   -83.453  -113.390   -58.368   -20.861    1.844
CT1823:225           -81.569   -26.208   32.196   94.158  126.365  123.823
  121.051  133.620  140.731  161.383  149.440  115.377   93.667   34.748
   -29.310   37.575  359.166  643.248  861.623 1228.231 1330.819 1126.390
  574.846  271.463   99.109   -74.768  -132.675   -75.824   -22.979   15.248
CT1823:220           -53.432    -9.256   34.494   86.289  114.839  104.184
   91.568   93.304   93.335   93.436   46.348   -51.625  -100.456  -106.160
   -77.183   39.886  598.795 1239.482 1371.740 1433.051 1481.597 1242.305
  649.545  340.897  166.509   -49.509  -119.179   -60.445   -12.022   30.342
CT1823:215           -30.453   13.840   57.517   98.205  111.121   85.682
   67.551   73.445  100.378  100.539   54.808   -58.163  -134.311  -164.315
  -195.314  -178.788   19.257  231.996  247.150  176.737  180.904  219.933
  338.526  398.300  238.240   -50.920  -121.743   -68.420    4.055   70.103
CT1823:210            -4.598   39.490   74.689  110.464  124.119   80.979
   28.170   38.848  167.620  249.804  190.387   56.476   -18.873  -120.625
  -252.422  -359.029  -685.127 -1142.613 -1304.814 -1641.092 -1894.298 -1445.943
  -313.613  130.077   93.361  -104.279  -113.026   -19.201   63.637  121.769
CT1823:205           13.216   49.492   82.768  110.751  116.968   86.418
   59.322   69.369  156.797  208.086  135.740   -10.665   -81.905  -117.565
   -77.138  -170.889  -596.999 -1020.057 -1316.857 -1897.195 -2124.891 -1692.533
  -496.364   84.468  104.416   -47.849   -72.243   -38.765   28.104   89.217
CT1823:200           10.416   42.363   73.038  110.088  125.101  113.180
  103.599   96.994   89.435   50.179   -54.965  -304.696  -435.625  -348.258
  -103.443  -107.553  -312.093  -551.476  -867.941 -1554.875 -1887.952 -1545.324
  -524.210   32.136   79.303   -57.320   -66.686   -20.528   35.690   86.901
CT1823:195            -8.810   36.323   78.050  112.926  125.487  121.161
  111.197  102.986  111.258   92.577   -45.336  -413.370  -622.009  -475.320
  -149.220   -93.267  -127.667  -208.025  -472.611 -1152.984 -1617.061 -1389.598
  -658.297  -228.694  -125.200  -143.089   -91.471   -39.708   31.743  111.137
CT1823:190           -58.868    0.893   60.689  135.000  166.912  137.371
   93.561   65.576   78.233   90.296    9.814  -157.854  -205.337  -190.744
  -101.510   -67.407    -6.926   37.980  -176.836  -821.702 -1294.036 -1234.831
  -817.886  -523.604  -386.482  -274.495  -167.309   -69.499   43.243  141.050
CT1823:185           -72.517    -6.401   67.243  135.267  147.033   90.753
   21.852   -32.554  -116.636  -196.770  -185.670   -69.845    -2.080    -4.251
   -29.802   -15.584   81.259  161.912    2.632  -546.659  -970.646  -965.227
  -737.492  -583.131  -418.813  -241.583  -139.069   -70.137   19.197  105.346
CT1823:180           -82.092   -35.531   15.312   89.677  102.494   30.590
   -59.348  -126.922  -241.665  -318.176  -289.002  -146.073   -66.702   -20.325
    -2.655   28.094  145.410  278.889  178.984  -272.410  -606.419  -572.225
  -244.758   -84.897   -46.705   -57.127   -29.529    -2.064   21.555   49.441
CT1823:175           -65.090   -17.733   37.187   89.405   80.273   -23.702
  -142.593  -219.062  -328.369  -405.538  -359.972  -178.251   -56.507   -19.883
    -5.183   36.077  137.275  253.615  234.430   30.478  -168.004   -93.208
  233.662  362.858  286.267  110.255   52.277   40.713   11.170   -20.186
CT1823:170           -38.210   -14.820    9.773   55.817   41.544   -75.539
  -208.057  -285.004  -346.564  -370.708  -329.888  -215.631  -124.588   -60.826
    -3.881   47.898   84.075  104.826  173.349  488.463  743.380  647.031
  353.189  196.647  165.470  100.208   49.194   11.323   -36.673   -71.554
CT1823:165            -5.445    6.086   20.231   33.211    -0.027  -106.216
  -236.875  -308.883  -362.152  -385.737  -321.935  -187.637   -96.390   -26.659
   17.601   54.368   66.828   77.740  170.222  518.415  748.747  640.088
  223.604    -2.311   -27.692    6.006   -15.583   -37.864   -58.365   -70.641
CT1823:160           22.001   15.427    6.271   10.764   -23.911  -129.798
  -251.224  -309.822  -368.142  -387.476  -271.687   19.316  215.387  218.232
  144.586  139.252  131.950  118.383  145.821  198.114  230.310  157.470
   -47.085  -156.656  -178.332  -152.977  -141.835  -102.480   -66.811   -40.640
CT1823:155           38.267   18.631    5.136    -5.917   -57.589  -180.635
  -319.235  -363.014  -358.677  -315.110  -184.255   81.090  239.810  296.311
  284.717  279.944  260.464  222.787  192.217   80.794    -1.118   16.214
   89.867   79.313   -45.588  -188.952  -224.038  -156.753   -78.701   -14.734
CT1823:150           60.999   10.948   -33.731   -55.524  -111.972  -258.318
  -429.870  -462.526  -359.983  -245.859  -173.834   -68.942   45.218  103.482
  230.013  300.948  223.879  110.424  102.236  130.525  214.657  239.109
  270.378  250.852   75.057  -185.765  -264.934  -185.456   -91.010   -15.678
CT1823:145          100.376   31.731   -37.786  -109.580  -196.816  -331.332
  -475.805  -470.704  -287.543  -125.988  -174.117  -504.513  -671.345  -530.703
   -80.021  122.250   19.953  -221.490  -198.860   64.309  303.659  352.249
  357.880  309.310  129.549  -135.738  -232.409  -174.079   -99.368   -34.960
CT1823:140          133.859   44.234   -49.434  -142.567  -242.057  -396.520
  -545.114  -505.755  -209.757   38.288   -47.315  -694.258 -1119.362  -936.353
  -286.050    6.219   24.324   -30.713   45.149  237.047  415.480  455.838
  431.749  358.841  162.951  -105.192  -211.050  -152.895   -89.403   -44.770
CT1823:135          161.463   45.670   -72.812  -186.725  -288.141  -460.787
  -642.264  -597.643  -128.000  443.880  390.722  -319.878  -733.750  -600.767
  -176.452   16.285  134.617  281.132  407.957  528.439  626.340  652.839
  570.191  440.267  242.739   -37.001  -190.425  -179.351  -108.996   -27.606
CT1823:130          184.403   55.422   -78.697  -237.342  -332.757  -407.280
  -494.200  -443.299  -270.849  -182.923   -98.161  233.118  440.202  326.146
   87.318   41.100  123.353  232.380  375.534  679.368  978.967  989.390
  770.150  579.025  348.847   -12.791  -169.185   -97.337   -34.766    -2.098
CT1823:125          175.381   47.093   -88.814  -223.443  -280.580  -182.620
    5.939  115.831  139.197  135.884  202.226  472.581  607.325  457.927
  109.643   -16.227   -47.082  -119.729    2.362  514.798  960.526 1000.471
  823.833  653.431  413.245   41.474  -156.959  -160.112   -98.538   -39.435
CT1823:120          158.655   65.311   -25.617  -163.649  -187.584   31.363
  304.447  466.436  699.872  942.721  893.243  457.438  144.232   61.904
   -68.246  -147.137  -185.041  -171.834   -43.360  323.482  704.145  772.036
  635.510  477.979  282.645   14.551  -114.830   -92.744   -72.792   -68.977
CT1823:115          130.716   39.512   -54.609  -151.417  -153.529   51.002
  342.750  499.071  731.305  856.215  763.726  300.319   -55.626  -111.899
  -139.326  -184.670  -209.969  -277.844  -193.335  146.766  524.392  570.054
  427.280  302.381  162.688   12.949   -71.805   -95.563  -105.441  -123.198
CT1823:110          101.950   40.688   -15.275  -111.196  -128.169   51.997
  275.495  356.752  457.231  567.591  479.910   52.275  -194.648  -106.785
  197.187  306.879  247.625  -132.379  -203.631  287.323  546.188  514.854
  265.204   71.903    -1.914    -6.769   -40.507   -89.128  -133.100  -174.804
CT1823:105           77.110   15.738   -50.325  -118.145  -130.142    -8.696
  174.729  187.508    9.896  -205.264  -295.012  -421.456  -464.786  -233.835
  495.605  843.974  921.623 1332.744 1490.351  989.738  692.834  597.955
  191.141   -72.546  -100.285   -27.657   -19.361   -65.388  -129.240  -198.658
CT1823:100           55.894    6.694   -37.943   -98.836  -125.191   -62.341
   53.291   16.383  -337.704  -834.973  -921.846  -763.486  -706.666  -457.177
  219.981  453.222  230.073  -347.225  -456.420   -96.361  265.465  308.352
   77.449   -66.819   -60.713   10.124    3.899   -68.540  -142.401  -217.282
CT1823:095           77.934   24.036   -31.624   -84.161  -109.745   -92.227
   -61.882  -131.743  -316.275  -413.203  -457.361  -448.005  -297.182  -246.488
  -115.437  -104.209  -762.861 -2079.962 -2301.401 -1296.962  -284.732   -53.145
   16.665   59.823   51.277   47.160   31.758   -27.743  -109.972  -192.707
CT1823:090          105.339   52.968    -1.923   -67.897  -121.279  -142.031
  -143.312  -230.762  -508.292  -817.673  -818.657  -473.865  -215.343  -274.553
  -635.202  -910.818 -1210.961 -1669.950 -1672.524 -1137.853  -344.360   -69.788
   17.308   86.080   86.472   58.661   25.504   -45.247  -113.734  -168.678
CT1823:085          118.405   61.320    0.115   -65.247  -121.697  -174.133
  -211.797  -305.261  -590.223  -875.416  -845.934  -441.473  -135.708  -174.457
  -387.945  -524.363  -686.836  -837.094  -803.718  -521.974  -138.421   31.984
   86.627  124.258  102.700   33.612   -10.080   -46.034   -81.713  -118.400
CT1823:080          120.335   56.973    -6.612   -66.489  -110.978  -172.231
  -244.014  -279.058  -300.406  -297.026  -266.343  -123.119   -27.759   -41.601
  -125.987  -187.904  -155.885   -50.260    -2.778   12.953   -11.024   40.914
  113.328  162.662  135.292   47.277    -3.829   -36.990   -56.523   -78.102
CT1823:075          121.593   55.128    -4.275   -80.626  -127.106  -112.620
   -82.086   -64.765   86.240  251.905  256.348  156.581   55.206   28.496
   -12.783   -35.019   61.858  309.742  384.815  212.309   -24.891   -11.715
  118.545  212.142  198.229  101.598   37.637    4.887   -21.478   -52.679
CT1823:070          115.226   42.679   -29.361  -107.911   -93.021  147.017
  495.012  575.785  463.848  300.420  212.200   71.926   -28.544   -52.965
   -95.024  -109.094   -93.067   -32.495    -5.220  -104.137  -134.151   -84.624
   99.149  269.359  277.788  164.461   85.431   35.706    -1.148   -37.667
CT1823:065          116.125   56.263    6.930   -92.421  -100.217  194.931
  726.991  822.681  371.825  -229.084  -385.630  -324.138  -229.526  -204.731
  -171.386  -125.228  -177.800  -528.213  -701.633  -530.769  -505.638  -424.214
   16.547  341.949  352.212  208.352  133.679   79.066   25.755   -27.568
CT1823:060          136.736   67.151    2.600   -77.962   -71.377  140.832
  461.926  494.230   61.205  -577.412  -727.755  -488.559  -283.664  -233.601
  -153.849   -62.659  114.314  413.921  420.878   64.522  -442.972  -435.494
   18.828  384.221  409.954  260.499  152.598   76.732   11.002   -58.112
CT1823:055          175.617  100.680   29.302   -60.582   -83.342   37.956
  189.714  185.105   -36.833  -442.701  -575.461  -413.589  -280.479  -233.400
  -133.614   -44.059  286.108 1166.136 1419.393  632.602  -339.528  -397.553
   78.095  436.663  456.446  286.686  176.794   91.733    3.235   -83.327
CT1823:050          218.786  132.122   57.613   -35.387   -78.615   40.370
  298.563  372.794  286.597  165.613   94.451   -49.676  -160.849  -164.109
  -128.607   -83.616   68.018  559.429  719.899  307.180  -141.888  -125.180
  179.345  435.347  463.258  341.873  264.282  147.094   18.719   -93.107
CT1823:045          309.823  173.056   23.054  -159.604  -244.029  -140.945
   45.932   94.247  212.313  393.884  379.605   77.142  -160.435  -181.867
  -203.669  -260.841  -505.136 -1225.715 -1492.533  -924.298  -349.655  -175.504
   26.029  196.772  284.728  328.968  310.031  192.830   46.921   -93.526
CT1823:040          389.171  192.274   17.383  -224.221  -363.019  -326.416
  -191.340  -187.383  -324.482  -528.711  -561.219  -398.321  -256.522  -201.071
  -123.895   -95.622  -402.837  -977.589 -1113.592  -908.608  -510.283  -298.762
   -38.687  192.988  276.056  292.734  277.985  160.492   20.505  -104.922
CT1823:035          393.122  202.872   -36.096  -294.267  -464.509  -438.464
  -251.180  -291.876  -727.061 -1223.664 -1251.381  -838.937  -463.409  -321.374
  -157.953   -74.568  -171.748  -322.042  -378.149  -519.628  -563.648  -343.625
  261.477  610.189  605.593  345.669  216.903  101.297   -15.203  -124.338
CT1823:030          326.702  161.362    -7.339  -183.157  -304.133  -317.452
  -227.739  -299.990  -733.630 -1238.735 -1262.245  -814.398  -394.336  -233.786
  -147.543   -44.861   76.507  229.196  200.588  -136.927  -477.666  -369.489
  468.275 1051.705  973.022  480.511  215.018  101.855    -9.779  -119.961
CT1823:025          213.558  120.207   29.126   -72.771  -162.025  -201.458
  -204.961  -279.484  -394.181  -548.720  -512.683  -240.147   -31.511   72.830
   -18.388   68.090  498.406 1232.808 1315.265  434.618  -688.539  -851.805
  -129.368  506.677  555.853  292.207  159.996   70.784   -15.880   -97.095
CT1823:020          105.618   78.510   57.320   38.793   11.140   -29.129
   -69.542  -181.728  -213.817  -133.510   -90.306   -48.575   24.020  175.456
   88.042  191.096  977.424 2445.060 2705.331 1156.861 -1277.661 -1799.079
  -956.086  -213.148   -31.496  123.734  165.827   86.413    6.648   -55.471
CT1823:015           27.689   45.538   66.844   98.446  129.169  112.376
  127.265   -44.848  -756.088 -1627.799 -1745.675 -1086.407  -268.697   88.989
  163.991  324.776 1188.746 2992.675 3446.903 1910.395  -512.987 -1169.699
  -749.668  -235.464  -106.696   -16.943   14.344   -12.437   -21.683    -8.980
CT1823:010            -5.028   34.225   72.765  112.842  168.589  217.359
  362.635  177.956 -1066.926 -2909.609 -3325.221 -2064.790  -559.643  -111.116
  139.225  436.133  773.086 1622.950 2001.520 1271.171  311.352    -6.322
   -87.689  -151.048  -143.076  -174.377  -161.747  -100.403   -19.755   40.350
CT1823:005            -1.436   28.936   83.299   91.105  173.630  535.903
 1121.849 1094.271  136.669 -1549.732 -2101.764 -1409.485  -647.999  -387.862
  -129.643   -14.948  -169.942  -973.117 -1361.985  -764.023  308.285  516.116
  209.888   -81.047  -108.816  -129.170  -126.836   -84.177   -22.508   31.543
CT1824:360           31.927   27.400   25.368   10.228  147.107  805.467
 2050.346 2381.010 1813.380  860.436  466.147   14.391  -342.120  -300.883
    -1.142  177.496  -204.555 -1419.445 -1909.376 -1433.976  -454.329  -140.185
   -59.067   28.520   61.064   -20.071   -59.031   -52.111   -25.387    4.591
