
filled_synop: 30 data points in equal steps of sine latitude from +14.5/15 to  -14.5/15

CT1831:360            3.526   66.630  130.521  128.326   34.764   -38.005
    1.746  163.978  204.368   78.113  -194.638  -271.939  -210.053  -110.905
   12.887  273.145  528.700  677.143  864.227  972.754  889.024  567.867
  312.554  216.929  184.998  129.742   65.166    3.544   -57.474  -118.024
CT1831:355            -9.485   32.860   92.021   91.369   21.712   -43.020
   -83.699   -86.909  -102.879  -201.939  -346.572  -351.520  -222.552   -41.146
  101.360  264.053  410.416  572.515  843.811  993.480  948.943  738.715
  560.279  425.418  241.799  105.339   32.285   -27.393   -89.403  -149.151
CT1831:350           28.782   75.130  112.338   88.850    4.694   -90.229
  -228.386  -450.049  -567.581  -586.034  -540.834  -462.502  -291.005   -87.191
   52.930  178.924  301.629  439.174  645.398  773.893  808.422  778.801
  704.345  583.936  362.690  182.260   82.411    9.366   -66.870  -142.373
CT1831:345           22.642   59.769  113.670   98.918   31.057   -59.258
  -299.011  -787.386 -1010.172  -914.933  -663.957  -523.693  -336.871  -143.790
   -23.966   65.202  145.216  231.759  387.936  535.062  588.056  611.471
  613.929  565.107  411.740  274.912  162.549   52.032   -53.379  -153.205
CT1831:340           36.904   92.516  139.877  118.665   47.318   -63.068
  -319.002  -816.564 -1043.701  -905.490  -550.473  -370.804  -254.427  -131.670
   -42.753    -7.343    9.784   15.579   -55.630   -77.993   46.774  340.240
  522.695  523.079  405.045  292.515  185.026   70.562   -40.476  -147.572
CT1831:335           14.446   66.869  119.827  103.494   29.913   -80.977
  -299.473  -681.487  -875.145  -770.045  -511.587  -354.930  -216.863   -88.943
   -31.346   -67.143  -105.356  -186.248  -480.404  -638.625  -466.806   65.922
  422.118  466.404  347.346  258.111  178.570   79.824   -19.548  -119.767
CT1831:330           -11.198   29.642   93.717   92.931   20.701   -89.281
  -288.706  -617.055  -777.713  -701.870  -486.837  -336.164  -239.815  -128.250
   -81.184  -138.554  -192.077  -287.914  -602.744  -777.329  -642.032  -130.427
  238.304  305.934  248.482  206.727  146.806   67.422    -7.125   -83.898
CT1831:325           14.653   84.739  129.115   91.254    -8.251  -142.402
  -382.576  -793.823  -951.444  -839.448  -568.803  -428.613  -396.123  -407.350
  -354.654  -190.115   -52.678  -100.502  -401.418  -627.816  -509.065  -131.116
  106.584  175.716  206.090  218.606  162.823   79.328   15.528   -46.242
CT1831:320           -39.994   31.561  117.859   86.296   -57.941  -211.981
  -488.967 -1021.479 -1209.701  -882.119  -300.930  -116.597  -210.744  -411.407
  -370.142   -69.204  129.273  144.537  147.701  172.409  115.858   -17.724
   -42.304   20.018  137.045  209.562  189.092  110.195   29.611   -43.555
CT1831:315           -61.061    6.745  108.726   80.181  -119.159  -270.416
  -427.766  -715.049  -770.298  -473.605   50.793  205.515  219.616  316.350
  298.198  153.208  112.667  122.382  160.787  129.916   78.691  -138.956
  -244.454  -143.918   92.010  211.401  180.190   80.210   10.673   -53.318
CT1831:310           13.856  111.722  158.270   82.829  -153.826  -321.820
  -317.115  -142.188   -34.558   75.840  221.261  253.873  161.139   -42.185
   -82.719   -56.719   -98.906  -122.210   -83.587   -70.971  -136.270  -268.860
  -296.050  -196.965   10.849  151.100  145.087   65.996    2.389   -54.172
CT1831:305           -48.415   32.663  134.112  160.610   22.372   -55.408
   82.136  415.385  562.126  508.715  359.536  272.029  117.453   -54.018
  -128.478  -187.452  -255.269  -370.784  -665.758  -900.882  -814.951  -516.574
  -322.382  -184.756   -16.821   97.973   99.953   40.353    -3.628   -50.235
CT1831:300           -42.669   41.541  115.847  161.156  184.219  234.600
  406.853  752.948  841.460  630.501  252.135   68.998   -21.096   -66.610
  -107.725  -125.549  -143.975  -328.194  -783.517 -1059.877 -1011.458  -649.404
  -364.456  -203.332   -28.266   90.428   92.803   30.521   -16.748   -29.060
CT1831:295           -36.578   51.497  132.875  249.304  435.434  591.280
  712.413  908.097  882.871  423.409  -302.569  -563.534  -433.064  -213.039
  -155.203   -38.381   33.961  -150.196  -638.625  -959.652  -951.887  -681.008
  -460.666  -307.906  -111.519   38.578   58.621   24.933    7.704   -14.892
CT1831:290           -31.761   30.457   75.204  163.495  404.938  660.382
  735.030  664.300  509.256  133.711  -447.798  -629.205  -462.698  -181.570
   -81.459   10.299   65.302   -77.694  -468.576  -747.814  -784.950  -665.089
  -547.549  -424.087  -219.536   -85.788   41.854   16.900    4.113    -8.847
CT1831:285           -29.270   11.887   54.383  154.689  382.255  585.495
  610.822  499.383  360.629  154.313  -109.534  -208.783  -127.756    -0.472
   46.434  102.359  125.591   40.109  -202.473  -398.411  -463.272  -443.333
  -391.347  -305.981  -146.579   -44.761   -68.078   14.661    -6.134   -35.188
CT1831:280           -19.077    -1.942   13.893   49.838  145.279  252.843
  299.348  305.585  275.617  296.159  376.611  383.719  303.542  216.879
  215.679  260.623  282.298  256.658  170.770   87.299   25.147   -34.878
   -72.411   -50.875   18.975   47.955   27.502   60.777    -0.241   -55.684
CT1831:275           -12.515   -20.618   -23.339   -16.586   -13.036   27.287
   92.100  179.167  229.285  277.430  335.096  348.585  352.115  311.195
  301.881  319.701  356.952  395.135  445.275  449.371  378.169  241.181
  133.659  100.847  140.182  147.872  100.135    7.784    -3.003   -59.119
CT1831:270            0.433   -17.910   -31.783   -48.583   -72.072   -47.375
   47.803  206.932  279.057  292.699  317.699  322.344  326.392  340.699
  308.598  184.231  173.911  329.321  696.047  813.620  707.853  285.241
    -1.221   -47.106   88.099  139.051  116.469   49.129   -12.429   -30.828
CT1831:265           10.957    9.937    5.945   15.818   30.721   62.771
  149.641  300.469  363.328  316.429  187.830  154.185  198.249  195.797
  152.428   -59.780  -183.316  188.293 1225.588 1691.646 1338.213  314.001
  -194.323  -206.694   -12.305   39.492   48.447   39.319   25.983    7.958
CT1831:260           30.368   32.192   29.277   52.223  107.962  169.856
  251.052  365.705  417.758  412.495  417.598  374.525  184.130   23.698
    3.054   55.331  188.139  431.089 1104.293 1414.291 1134.372  356.249
   -68.500  -182.862  -110.635   -45.039   -12.902    -9.827    2.109   12.219
CT1831:255           37.379   53.936   69.359   90.754  120.133  150.787
  219.771  313.571  349.506  333.092  255.650  189.581   98.723    1.609
   -38.054   -60.302   -21.725  140.816  451.566  552.690  338.690  -322.582
  -714.840  -668.506  -310.152   -97.894   -33.248   -20.336    0.994   11.209
CT1831:250           52.894   78.122  100.185  100.959   69.446   69.426
  129.931  242.762  288.653  261.799  204.145  145.302   65.776    -8.653
   -75.001  -214.355  -273.670  -189.755   31.033  121.889  -109.241  -636.360
  -896.846  -769.428  -284.335   -48.744    0.074   -11.397   -15.175   -18.414
CT1831:245           90.061  116.253  126.197  110.748   19.675   -24.146
   43.274  176.593  226.137  205.950  171.761  126.455   40.906   -36.620
  -100.055  -241.702  -316.576  -248.322    -9.597   82.611   -66.382  -433.367
  -597.016  -514.892  -238.172   -58.944   -28.954   -52.633   -45.917   -40.655
CT1831:240           84.715   97.607   92.775   49.028   -42.302   -77.180
    -8.506  135.924  177.800  126.528   61.858   27.798   -11.493   -47.821
   -74.877  -125.932  -161.912  -131.269   45.688  137.372    7.463  -240.240
  -322.664  -259.017  -109.505   -31.353   -11.741   -28.299   -41.856   -48.228
CT1831:235           68.158   53.013   50.971   20.837   -78.325  -122.532
   -58.659   87.527  118.043   26.255   -93.258  -113.524   -46.053   11.562
   16.311   34.472   36.322   -35.236  -233.816  -356.621  -289.951  -149.541
  -100.845   -73.015   -26.422    8.164    9.594   -14.997   -27.652   -40.605
CT1831:230           78.547   19.773   -30.449   -64.463   -86.503   -86.690
   -37.200   63.778   81.327   -27.005  -177.345  -188.538   -61.330   34.899
   56.204   92.855  101.854    -4.997  -252.648  -358.248  -318.370  -162.019
   -87.051   -48.021   -22.389    -3.617    2.050    -5.706   -11.482   -16.266
CT1831:225          129.998   46.530   -47.039   -92.096  -100.737   -95.453
   -38.572   52.904   66.517    -4.038   -79.441   -90.581   -46.048   12.274
   29.242    4.818   -42.202   -85.014  -178.721  -232.869  -236.973  -180.433
  -135.271   -95.227   -54.019   -22.649   -12.300    -8.862    -0.124    8.442
CT1831:220          126.163   24.582   -81.103  -131.257  -127.507  -112.010
   -67.535   24.267   36.260   -50.542  -133.074  -153.924  -150.181  -124.235
   -72.617   18.169   66.723    7.144  -110.909  -176.536  -189.054  -177.639
  -160.642  -126.462   -78.970   -43.548   -22.920    -6.109    8.229   17.362
CT1831:215           94.463    -9.522   -96.449  -148.067  -179.987  -185.107
  -122.809   22.312   36.614  -205.643  -512.577  -549.226  -326.678   -88.630
   -19.307   39.731   77.588   41.075   -56.350  -118.007  -139.927  -138.740
  -131.140  -100.421   -34.019    7.065   11.458    7.325    5.369    -4.892
CT1831:210          115.173   35.822   -52.243  -109.460  -158.231  -167.541
   -69.782  124.482  184.713   -32.294  -403.283  -439.066  -181.973   22.171
   66.224   79.141   91.146   64.906    6.203   -36.351   -65.180   -92.646
  -103.941   -73.549    2.469   33.416   24.857    2.793   -12.122   -22.892
CT1831:205          108.635   36.984   -47.037   -92.496  -133.128  -131.932
   -10.255  215.198  314.228  388.062  489.763  483.062  340.358  228.141
  196.696  148.377  127.765  126.167  142.516  131.380   84.120    -2.898
   -54.243   -53.055   -24.033    -5.204    -1.470    -4.578    7.044   30.636
CT1831:200           73.032    0.398   -65.897   -90.207   -75.372   -41.615
   63.227  236.819  352.465  529.729  716.226  714.897  483.864  230.719
  205.672  235.657  245.972  261.582  292.360  275.736  207.961   82.808
    1.460   -21.039   -12.694    -4.826    2.025   12.688   40.195   77.958
CT1831:195           65.094   11.604   -47.798   -76.267   -66.726   -35.890
   66.561  229.650  322.719  393.774  428.493  402.069  282.068  151.087
  187.033  412.108  564.206  585.242  513.072  404.811  302.894  136.179
   33.754    7.661    4.354    6.249   32.530   68.615   98.286  130.442
CT1831:190           46.970    -2.639   -54.886   -75.393   -64.479   -36.591
   39.132  175.754  244.370  229.086  164.001  129.830   67.340   21.684
  132.860  488.851  714.619  681.177  518.032  418.519  308.979  139.987
   51.209   21.088    3.278    2.227   28.528   73.997  117.249  158.530
CT1831:185           12.612   -25.196   -55.799   -60.797   -32.528    5.313
   59.789  131.315  133.555   61.230    -7.397   -36.740   -79.729   -53.405
   49.270  317.301  472.892  377.310   87.900   -34.308   -40.139   38.950
   85.738   64.372   18.340    5.586   30.319   72.633  106.974   87.224
CT1831:180            -4.241   -25.824   -43.362   -31.989    6.704   31.362
   57.118   88.525   39.217  -150.844  -303.571  -324.966  -291.745  -218.870
  -101.255   84.648  127.812   33.148  -310.478  -436.734  -227.449  112.453
  195.220  239.507  126.441   28.858   14.159   17.737   47.360   77.097
CT1831:175           -15.366   -23.130   -36.533   -24.451   23.475   38.364
   29.576   38.693   -23.642  -358.672  -708.293  -678.009  -337.576  -118.281
   -13.379  188.683  271.000   93.273  -252.194  -315.274   50.387  919.282
 1189.889  876.014  207.395    -7.951    6.894   46.473   58.586   79.152
CT1831:170           -30.466   -35.714   -35.491   -20.600   17.921   26.123
   -44.260  -178.014  -252.507  -304.440  -346.732  -305.774   -86.357   91.295
  112.363   83.798   37.648   -91.631  -324.372  -384.888  -198.084  184.348
  307.818  305.997  113.036   20.607   21.033   33.198   52.062   75.880
CT1831:165           -25.226   -36.354   -47.122   -47.238   -18.454   -13.807
   -85.681  -195.016  -240.423  -133.792   33.554   52.822    6.680    -9.559
    -9.123  -116.268  -240.738  -369.533  -587.855  -694.060  -803.494 -1043.322
-1092.442  -828.961  -329.610   -46.497   26.011   34.748   56.752   78.229
CT1831:160           -15.550   -30.000   -50.023   -59.038   -39.092   -40.294
  -101.200  -205.509  -276.831  -258.957  -198.651  -149.809   -85.228   -89.444
   -98.876  -145.267  -203.218  -337.414  -519.336  -646.215  -983.341 -1550.676
-1709.399 -1296.376  -439.908   -50.411   33.096   37.833   67.162   97.355
CT1831:155           -15.741   -44.697   -73.365   -84.402   -43.623   -20.123
   -94.570  -235.341  -345.921  -477.602  -590.690  -582.431  -517.242  -403.536
  -300.434  -218.394  -184.290  -218.367  -303.109  -397.254  -673.711 -1150.784
-1295.992 -1081.588  -496.005  -149.977   -57.444    -9.764   66.528  122.479
CT1831:150           11.847   -26.477   -57.839   -62.553    -5.346   23.520
   -54.681  -190.903  -340.140  -710.549 -1189.479 -1314.829 -1122.457  -752.423
  -565.916  -280.141   -67.432   -25.840   -41.437   -77.295  -217.300  -501.461
  -642.003  -549.657  -278.765  -103.733   -26.556   11.632   56.450  123.116
CT1831:145           28.783   -10.655   -56.152   -66.780    -8.878    9.268
   -72.551  -217.451  -323.569  -645.742 -1100.323 -1149.576  -895.294  -596.404
  -425.670  -164.429   19.915   87.588  180.832  209.519  105.967  -146.865
  -300.109  -270.972  -157.242   -82.417   -24.582   22.511   70.511  117.836
CT1831:140           20.573   -22.256   -51.654   -43.942   17.479   24.411
  -105.975  -318.998  -329.523    -0.393  574.547  650.438  386.109  199.131
  142.898   77.298   51.898  129.034  287.586  344.142  265.488   75.263
   -47.247   -87.662   -90.000   -78.607   -30.384   19.896   65.996  112.452
CT1831:135           24.253    -1.468   -26.113   -31.233    3.733   16.765
  -168.940  -600.164  -579.805  307.099 1257.394 1396.363 1020.274  642.227
  487.412  199.024   39.531  155.002  437.995  561.204  453.997  193.380
   40.163   -26.153   -66.702   -86.248   -45.264   11.783   59.614  112.569
CT1831:130           28.245    6.519   -21.301   -33.596   -49.991   -45.592
   12.374  138.555  288.361  668.044 1132.070 1121.108  667.566  349.518
  219.259   51.806    6.599  218.795  663.188  810.230  681.948  295.721
   66.494   -29.189   -92.373  -124.770   -86.511   -12.233   52.169  107.980
CT1831:125           16.863    -9.106   -20.676   -12.401   -21.166   18.145
  269.470  631.912  721.834  508.805  242.727  157.509   30.844  -103.347
  -114.607   -62.196    -8.471  267.070  838.089 1027.073  837.498  357.571
  122.717   51.110   -42.770   -97.702   -63.258    -1.511   40.231   77.842
CT1831:120           20.355   -20.278   -60.520   -37.881   21.938  100.222
  320.710  637.648  662.501  323.280   11.455   -65.622   -79.976   -95.385
   -80.586    -7.408   54.985  159.363  456.439  589.845  471.882  391.224
  351.672  234.355   32.243   -39.019   -26.621    -0.281    9.401   16.267
CT1831:115           35.784    -7.038   -62.121    -0.118  163.310  253.732
  269.974  233.270  185.201  114.060   46.211   -14.952    -8.430   51.579
   53.643   69.042   88.463  -103.524  -634.632  -807.295  -490.264    -7.523
   92.150   83.847   97.079   94.887   53.767   -11.874   -43.901   -62.891
CT1831:110           -32.513   -51.468   -31.528  103.080  351.897  461.534
  361.865  187.245  106.339   13.467   -75.984  -123.226  -166.887  -197.013
   -49.484  227.748  335.631  201.178  -142.894  -299.355  -417.142  -591.415
  -626.872  -369.066   60.984  201.743  159.992   52.691   -33.144   -98.431
CT1831:105           -24.396   -24.202    -0.574  116.171  380.571  494.937
  371.145  171.307   74.267   23.678   -38.064  -125.914  -250.473  -256.249
  -101.225  286.266  516.789  707.035 1097.101 1147.501  508.500  -404.276
  -672.679  -480.237   -56.474  113.937   98.610   28.195   -13.801   -56.753
CT1831:100            -8.816   14.460   51.681  185.018  390.107  454.060
  314.511   99.093    9.315   18.148   40.844  -153.048  -630.271  -777.239
  -566.552   18.402  329.136  515.980  701.940  680.811  331.606  -212.729
  -394.172  -344.878  -159.179   -83.494   -55.043   -34.845    -4.833   18.843
CT1831:095           -10.716   18.414   47.931  127.334  299.249  348.888
  217.281   22.876   -35.356   -71.888  -182.891  -354.612  -978.279 -1371.953
  -964.996   -54.159  305.884  224.641  -138.395  -245.563  -157.584   -78.614
  -123.858  -165.426  -195.514  -192.404  -139.179   -60.695    -0.485   55.217
CT1831:090           -11.228    3.806   43.544  120.531  222.304  234.361
   85.076  -129.023  -134.150  179.906  427.894  300.966   -97.836  -211.640
  -182.655   97.714  279.266  236.217   23.888   -11.416  140.269  390.268
  395.607  205.919   -46.346  -140.007  -119.423   -63.048   -15.239   33.296
CT1831:085           42.314   41.199   36.596   63.871  154.581  153.698
   -33.616  -284.169  -240.787  292.781  746.425  726.780  393.325  180.683
  118.465   32.997   34.461  323.220  872.130 1069.279  913.030  651.851
  504.416  332.453   49.671   -74.412   -66.294   -35.726   -23.269    -6.575
CT1831:080           48.513   34.018   31.441   51.016   98.908   78.166
  -113.927  -398.957  -370.314   43.964  400.270  490.774  416.469  281.943
  139.450  -136.123  -232.074   36.165  563.630  754.863  749.649  485.783
  362.082  261.054   53.819   -34.424   -44.536   -38.634   -39.218   -38.531
CT1831:075           61.111   49.408   39.479   24.609   27.181   -14.168
  -190.846  -454.363  -467.257  -193.523  111.688  200.091  197.190  141.491
    2.182  -298.871  -474.050  -542.673  -465.117  -380.407  -259.980   21.383
  107.381   55.524    -7.057   -16.276   -28.070   -42.743   -50.978   -55.165
CT1831:070           76.188   72.203   73.739   53.596   21.983   -29.324
  -168.933  -369.509  -401.541  -241.421   -44.774   16.755   14.642    -4.755
   -90.386  -240.553  -368.587  -744.952 -1469.528 -1698.014 -1428.143  -862.771
  -599.032  -402.935  -133.331   -19.955   -18.755   -34.886   -40.940   -50.923
CT1831:065           78.895   88.613   91.412   72.733   39.165   -13.902
  -127.336  -280.815  -323.398  -234.845  -125.440   -86.889   -97.134   -92.961
   -68.167    0.220   -18.269  -303.813  -841.144 -1017.042  -969.951  -684.154
  -500.617  -363.894  -138.253   -25.172   -19.415   -25.477   -26.357   -37.551
CT1831:060           46.586   70.130   92.660   79.598   51.443    6.855
   -68.312  -161.308  -213.714  -240.807  -257.447  -226.891  -183.007  -128.514
    -4.407  244.984  335.908  205.594   -93.846  -248.071  -286.814  -281.435
  -242.631  -173.241   -65.723   -19.311   -13.304    -9.463   -15.131   -33.295
CT1831:055           11.445   23.028   73.033   70.204    -7.781   -37.110
  -111.912  -211.471  -279.952  -329.057  -390.339  -353.818  -262.950  -175.884
    -2.761  283.556  431.606  456.655  419.039  376.811  330.062  201.417
  126.066   63.082   -26.932   -58.447   -64.177   -26.409   -29.755   -38.574
CT1831:050           14.421   47.853   65.096   50.786   47.170    -3.249
  -171.839  -379.508  -487.689  -522.359  -507.881  -452.938  -324.364  -180.008
   -52.714   87.549  206.532  335.862  540.415  612.841  555.800  424.798
  338.226  228.168   58.286   -30.063   -58.125   -48.331   -59.563   -62.898
CT1831:045           -16.010   33.889   92.641  101.932   89.399    -5.991
  -282.328  -609.831  -769.006  -866.738  -915.355  -806.996  -487.628  -258.114
  -191.106  -234.074  -196.412   10.464  224.303  300.006  368.632  412.777
  384.602  261.247   70.140   -16.564   -48.862   -70.550   -73.232   -80.156
CT1831:040           -10.288   45.108  103.103   99.140  104.106   18.489
  -284.521  -641.315  -814.086 -1007.316 -1016.673  -943.825  -654.375  -451.079
  -311.699  -126.910   -10.700   -40.950   -50.015    0.049  109.930  230.096
  236.591  146.385    7.941   -51.945   -64.273   -68.100   -74.972   -66.205
CT1831:035           24.198   89.125  128.747  120.835   89.696   -10.414
  -268.414  -558.746  -711.294 -1060.846 -1395.576 -1155.628  -525.317  -271.160
  -256.062  -303.694  -304.377  -275.119  -255.309  -216.712  -154.337   -69.662
   -39.627   -41.519   -60.137   -75.906   -81.793   -74.462   -60.793   -46.572
CT1831:030           -28.313   36.421   91.747   76.945   25.174   -52.363
  -216.639  -414.285  -392.844   85.994  584.661  464.828   70.379   -44.399
  -118.557  -245.819  -291.465  -329.848  -379.281  -373.684  -317.924  -219.361
  -169.863  -148.970  -115.341   -88.494   -66.066   -44.893   -32.502   -23.746
CT1831:025           -59.473    -5.838   49.192   35.601   -25.855   -93.406
  -213.080  -366.982  -222.410  477.275  993.008  940.484  356.768    -4.013
   -58.105   -46.961   -67.749  -158.920  -277.403  -311.766  -293.469  -230.833
  -199.121  -165.600  -119.569   -89.996   -71.689   -52.224   -34.442   -23.267
CT1831:020           -51.926    -3.839   24.725    8.056   -16.529   -75.516
  -249.575  -442.161  -314.686  303.070  796.627  776.307  278.205   -36.727
   -42.335   90.452  126.867   72.697   -38.410  -103.801  -155.171  -196.640
  -209.567  -176.888  -119.589   -85.616   -66.853   -54.270   -46.666   -46.453
CT1831:015           -69.722   -19.537   37.499   38.293    0.025   -81.235
  -344.858  -686.683  -615.917  -103.955  322.894  340.341   63.113   -89.236
   -35.436  147.768  240.189  266.767  262.238  200.616   29.808  -213.324
  -295.843  -228.259   -96.990   -53.471   -48.103   -55.208   -62.195   -73.005
CT1831:010           -46.481    5.311   41.324   29.230    8.057   -77.192
  -353.123  -650.670  -610.559  -219.281   78.083  114.372    -9.743   -48.707
    -1.403  104.458  205.046  371.659  599.611  592.747  258.593  -204.101
  -357.569  -269.021   -78.877   -16.637   -29.979   -54.577   -72.853  -100.348
CT1831:005           -56.056    -4.144   46.728   53.541   36.756   -29.430
  -247.364  -499.795  -485.619  -154.085   71.815   73.535   -63.545   -75.248
    -6.612   87.518  212.795  443.667  700.298  700.480  445.004   44.534
  -106.840   -82.359   24.079   26.625    0.032   -37.468   -79.420  -122.439
CT1832:360           -54.098    -3.212   47.213   56.931   58.517   25.007
   -59.703  -150.475  -184.234  -149.809  -122.063  -112.266  -169.275  -142.737
   13.555  150.404  281.076  615.429  967.907  992.141  708.974  332.517
  184.418  125.986   96.324   51.950    -0.685   -57.699  -102.280  -142.636
