
filled_synop: 30 data points in equal steps of sine latitude from +14.5/15 to  -14.5/15

CT1837:360           23.400    6.036    -8.040   -43.918   -35.722   48.617
  164.768  348.502  755.461 1089.473  929.260  213.947  -272.192  -382.367
  -338.282  -307.529  -196.066   -13.062  105.651  253.553  373.057  303.216
   57.885   -84.068  -100.946   -56.914   -32.566    -6.648   15.734   40.704
CT1837:355           18.654    -6.814   -31.919   -64.764   -46.661   94.515
  285.867  339.488  201.218   58.871   -45.635  -187.971  -287.555  -304.984
  -222.465  -152.168   -63.259   48.678  166.321  378.549  524.692  434.420
   99.886  -122.678  -146.945   -88.637   -66.678   -19.249   29.407   68.597
CT1837:350           18.461   -10.851   -36.817   -85.898   -72.826   98.778
  315.698  311.320   -50.962  -425.242  -482.427  -285.605  -142.480  -130.179
  -123.602   -62.406   48.412  206.351  327.589  549.778  734.864  609.836
  153.612  -149.045  -204.837  -167.449  -137.750   -55.246   23.112   85.098
CT1837:345           21.817   -32.862   -88.446  -141.800  -138.034    -2.465
  191.013  190.229   -79.206  -342.230  -380.135  -245.758  -124.204   -91.195
  -119.953   -83.588   74.160  299.264  400.603  506.346  613.377  489.495
   86.251  -170.683  -229.682  -222.121  -203.697  -125.685   -22.206   78.407
CT1837:340           26.941   -36.537  -101.373  -189.857  -222.753  -149.058
   -47.325   -54.943  -128.789  -220.414  -237.112  -205.186  -155.449   -73.863
   -20.338    8.929  184.606  293.597  310.300  287.064  168.269   98.167
   15.259   -81.576  -157.680  -242.836  -253.719  -142.135   -26.776   71.230
CT1837:335           69.850    7.665   -54.748  -118.353  -142.618   -90.880
   -13.948   -13.766   -89.585  -173.771  -174.464  -145.240  -107.045   42.394
  365.118  521.215  581.850  612.652  588.007  339.363   63.235   10.547
   82.075   93.572   -11.258  -184.686  -236.516  -148.862   -32.677   72.788
CT1837:330          109.931   51.813    -6.270   -70.178  -122.049  -118.397
   -95.501  -108.261  -137.424  -173.366  -153.348  -105.818   -61.895   69.365
  481.533  747.597  609.331  519.305  500.502  277.035   63.502   45.010
  121.252  144.276   53.317  -139.695  -208.824  -137.487   -28.202   75.367
CT1837:325          135.998   77.030   22.069   -23.442   -75.361  -153.256
  -194.070  -207.167  -247.935  -224.758  -183.693  -116.929   -53.938   -74.482
  -257.871  -396.759  -318.734  -268.221  -257.534  -149.548   -15.440   34.589
   95.758  124.642   57.939  -118.396  -166.616   -80.736    6.801   74.607
CT1837:320          148.358   97.469   39.008   -15.855   -99.728  -362.572
  -743.703  -843.192  -608.562  -347.799  -269.952  -148.535   -73.800  -174.662
  -522.508  -723.299  -803.338  -916.360  -904.389  -600.391  -240.947  -122.350
   -27.614   33.795    6.810  -103.917  -141.944   -93.686   -16.601   57.866
CT1837:315          146.402   99.199   49.767    -9.691   -57.758  -110.830
  -199.454  -232.391  -192.566  -151.007  -129.809   -46.393    -8.061   -63.862
  -180.419  -259.953  -505.721  -868.243  -918.603  -690.896  -411.675  -285.024
  -134.865   -37.760   -39.812   -97.503  -100.902   -47.496    9.444   61.071
CT1837:310          132.128   78.307   29.463   -28.240   -55.995   91.018
  353.591  397.898  210.038    -6.187   -49.253   -22.486    -7.968   -36.453
   -67.582  -113.916  -265.997  -510.854  -564.086  -484.443  -346.936  -267.799
  -194.113  -131.873  -114.711  -127.323  -115.634   -62.324    3.610   68.859
CT1837:305          132.868   72.553   21.911   -38.665   -53.181  108.759
  351.159  398.448  255.006   58.223   -39.917  -180.290  -243.329  -242.705
  -141.058   -91.334  -123.205  -193.209  -220.020  -265.839  -283.199  -250.413
  -187.405  -139.927  -139.313  -167.362  -153.989   -78.782   11.588   94.514
CT1837:300          145.900   70.622    5.417   -68.684  -106.915   -58.075
   11.369   14.319   13.088    -6.940  -119.479  -540.161  -870.517  -777.294
  -318.667   -97.338   -87.054  -129.578  -146.231  -177.285  -201.834  -198.605
  -176.728  -163.835  -178.874  -231.724  -217.377  -100.558   25.716  123.300
CT1837:295          156.136   79.781    3.334   -79.431  -130.320  -158.111
  -182.854  -187.895  -201.646  -260.602  -348.358  -572.602  -781.861  -693.366
  -272.670   -42.631   -36.368  -100.981  -122.533  -132.571  -129.260  -143.161
  -140.405  -139.119  -169.269  -236.399  -234.678  -133.816    -7.058  109.485
CT1837:290          171.368   89.715    4.964   -83.902  -145.122  -183.734
  -215.369  -193.084   -61.909  105.906  103.238   -65.708  -188.588  -160.342
   -22.780   73.523  111.301   66.871   29.668    8.494   -43.818   -90.822
   -99.527  -113.424  -156.805  -230.519  -240.099  -145.211   -16.526  102.557
CT1837:285          196.292  112.336   26.862   -80.348  -152.052  -167.365
  -167.995  -123.729   95.789  395.083  444.295  337.143  299.209  283.090
  219.365  231.345  345.071  497.462  510.305  331.555   72.244   -20.330
   -36.672   -66.770  -129.588  -227.087  -243.775  -123.762    8.146  104.302
CT1837:280          187.939   91.444   -11.655  -121.692  -187.573  -173.122
  -126.496   -69.727   88.358  254.144  277.271  147.549   -19.653   11.312
  183.816  317.147  466.904  773.221  866.278  590.168  264.849  140.083
   31.579   -42.062  -123.072  -216.983  -244.948  -160.603   -31.131   93.584
CT1837:275          152.454   79.469    4.594   -99.369  -165.706  -146.191
   -87.020   -46.528    -2.065   53.610   54.532   -57.846  -152.715  -143.404
   -82.031    -2.766  143.013  380.150  493.101  430.494  259.348  163.389
   47.673   -65.336  -160.963  -200.035  -208.221  -106.921    8.405  102.514
CT1837:270          142.550   63.599   -13.642   -91.482  -137.951  -131.145
  -100.202   -78.226   -91.795  -127.038  -133.904  -118.472   -93.718  -110.372
  -186.566  -173.871   -75.132   66.706  232.490  550.980  823.701  755.238
  343.018   -46.886  -189.490  -211.449  -209.354  -122.065   -17.350   69.648
CT1837:265          149.764   67.419    -8.412   -97.770  -158.813  -154.105
  -127.964  -110.262  -104.946  -100.586   -92.144   -71.471   -50.817   -60.909
  -157.110  -189.090  -101.084   -21.467  198.585 1105.398 2237.471 2144.865
  933.559   26.848  -191.080  -185.501  -192.442  -119.420   -32.757   44.862
CT1837:260          159.527   68.652   -24.469  -121.635  -179.222  -167.816
  -122.125   -90.133   -40.999   14.013   33.660   35.371   43.864   66.179
  100.574  127.651  178.191  259.909  495.216 1273.983 2120.885 2051.507
  947.343   16.943  -182.217  -157.166  -174.934  -107.205   -25.883   41.058
CT1837:255          152.767   62.809   -22.015  -128.238  -197.354  -169.538
   -95.752   -55.053    6.080   67.651   87.578   62.286   36.852  108.174
  344.317  484.031  383.042  229.318  406.472  997.729 1820.916 1809.283
  868.084   18.143  -189.574  -172.611  -166.709   -93.234   -16.917   47.024
CT1837:250          134.101   45.713   -41.867  -132.075  -180.620  -142.318
   -55.849   -18.618    7.815   44.010   57.034    7.611   -17.585   48.495
  250.902  329.936   66.721  -804.108 -1115.187  -319.030  758.019  857.923
  307.777  -152.232  -222.291  -193.983  -160.862   -94.885   -18.910   51.093
CT1837:245          122.138   36.395   -40.515  -136.537  -194.820  -154.337
   -47.893   -14.763   -45.976  -127.597  -144.197  -135.939  -134.646   -71.639
  149.329  236.257    -5.796  -596.555  -839.279  -792.090  -656.414  -585.157
  -418.726  -286.477  -244.678  -184.639  -125.650   -65.007    -0.215   57.706
CT1837:240          117.232   37.712   -38.938  -118.056  -160.677  -121.260
   -25.155    -2.959   -78.280  -190.336  -206.338  -166.370  -104.818   -36.037
  129.044  173.482    4.444  -119.488  -220.331  -954.020 -1707.544 -1722.602
-1130.444  -532.383  -338.890  -195.084   -91.324   -39.220    8.891   62.240
CT1837:235          118.524   50.271   -14.448   -89.687  -136.425  -115.874
   -48.073   -42.565  -129.733  -246.711  -254.563  -165.511   -33.202   51.710
  201.899  254.136   -46.407  -807.604 -1283.906 -1603.052 -2036.536 -2002.873
-1283.497  -531.707  -290.105  -176.230   -69.505   -24.042    9.174   54.851
CT1837:230          125.518   62.293    -0.082   -78.994  -128.739  -110.142
   -41.411   -37.197  -173.935  -366.066  -384.780  -231.515   -11.502   98.133
  275.545  370.716  152.928  -423.642  -756.677  -979.138 -1217.292 -1203.594
  -780.914  -358.890  -221.846  -147.860   -71.335   -28.202    9.336   51.706
CT1837:225          126.804   63.887    -5.792   -84.934  -120.448   -79.708
   14.164   42.642   -79.832  -313.993  -361.878  -184.751   12.155  107.126
  288.185  407.722  352.144  173.451   70.095  132.241  251.014  220.933
   69.426  -122.359  -148.870  -102.377   -72.979   -37.372   10.669   57.139
CT1837:220          120.664   70.864   24.069   -57.235   -94.869   -18.300
  131.845  189.891  181.920  102.924   74.773  112.692  149.436  190.576
  244.207  278.345  374.162  559.453  664.665  881.484 1346.010 1320.233
  636.812   14.762   -95.338   -90.712   -93.650   -39.728   24.043   67.519
CT1837:215           81.049   33.616   -12.038   -65.596   -66.028   76.077
  342.809  468.733  519.956  594.405  595.441  392.690  186.846  177.885
  222.428  292.811  438.638  662.301  759.517  920.747  991.367  882.156
  519.168  109.970   -38.488   -66.129   -84.553   -56.287    -5.156   33.408
CT1837:210           58.213   21.153    -7.264   -65.703   -77.574   52.496
  310.844  417.267  402.116  286.019  213.017  152.966   57.437   61.416
  129.924  199.070  402.438  876.751 1152.885 1028.433  674.560  531.140
  386.773  196.308   50.175    -5.199   -51.717   -38.848   -10.272    6.564
CT1837:205           49.763   19.199   -10.531   -49.371   -42.480   69.253
  272.351  349.539  264.215   85.005    4.386   -37.137   -75.830   -57.343
   49.341  159.445  288.194  533.384  769.327  888.727 1041.512 1008.772
  638.626  231.309   48.582   -10.297   -50.029   -37.414   -11.527    -4.611
CT1837:200           35.602   20.050    5.288   -18.985   -14.089   65.406
  215.014  252.266  139.583   -55.388  -141.369  -158.547  -123.971  -101.575
   -72.666   -19.979   -27.631  -349.158  -396.594  402.629 1621.946 1807.341
 1145.736  355.270  102.681   26.908   -45.511   -64.988   -42.917   -25.163
CT1837:195           24.830   22.782   23.502   16.356   21.886   63.381
  165.483  177.088   57.071  -162.482  -267.569  -281.096  -308.536  -284.543
  -184.976  -146.390  -119.030  -295.908  -314.598  549.985 2038.568 2295.860
 1466.685  489.213  258.523  107.282   -18.422   -27.365   -11.598   -20.080
CT1837:190           18.537   30.933   40.707   48.733   62.756   84.337
  121.399   89.383   -13.477  -168.222  -260.688  -292.140  -319.605  -275.722
  -108.771   39.233   73.841  243.556  489.445  578.030 1045.846 1195.450
  844.372  516.921  376.130  185.076   39.863    -4.811   -18.360   -33.461
CT1837:185            1.449   26.129   46.893   69.744   87.080   93.863
  118.598   56.991  -108.977  -300.938  -405.019  -469.334  -428.858  -346.269
  -222.309   -98.420  -128.334  -407.273  -680.448 -1194.174 -2277.123 -2349.732
-1134.137  -123.695   69.583   22.104   38.556   30.348    -1.622   -26.203
CT1837:180           -13.878   13.159   44.358   86.609  105.144   82.009
   91.284   -26.689  -398.596  -929.287 -1165.155 -1198.312 -1254.355 -1088.406
  -515.541  -145.676  -243.479  -732.142 -1121.396 -1882.487 -2890.855 -2902.782
-1809.748  -597.024  -211.494   -27.078   82.965   57.263   11.037    -9.317
CT1837:175           -16.796    9.220   36.380   86.875  121.061   81.167
   39.659  -135.808  -653.273 -1318.436 -1572.560 -1549.227 -1343.454 -1070.440
  -484.755   -51.725    2.900   37.561   -77.250  -867.775 -1786.710 -1906.193
-1203.786  -484.722  -212.968   -26.574   73.466   51.818   24.445   10.240
CT1837:170            -9.259   23.809   52.657   94.690  121.918   65.492
   -19.627  -204.749  -731.668 -1399.013 -1618.918 -1475.199 -1208.484  -917.738
  -381.246    -6.381  170.300  372.602  324.686   -94.986  -685.526  -794.684
  -577.167  -311.481  -129.030   -35.944   33.297   31.097   18.958   18.451
CT1837:165            -4.253   31.953   59.166   86.152   96.536   66.120
   82.209   -68.179  -569.904 -1185.138 -1370.370 -1194.296  -907.748  -677.337
  -325.185   -81.496   16.721   22.683    0.385  -124.112  -297.583  -341.725
  -275.464  -195.003  -113.172   -36.518   11.897   24.663   27.652   30.509
CT1837:160            3.832   29.730   59.295  106.815  144.308  127.659
  108.563    7.032  -387.141  -918.981 -1081.163  -874.958  -544.964  -442.534
  -337.805  -207.437  -204.544  -433.407  -506.752  -273.608   32.760   50.691
  -101.048  -188.422  -149.213   -55.616    -3.709   12.903   26.746   45.705
CT1837:155            -9.016   18.316   72.985  145.199  188.182  148.895
   43.687    -3.206   61.106  158.912   23.591  -403.639  -680.917  -674.654
  -457.141  -249.858  -154.613   -60.111   11.399  138.448  290.110  254.120
    -2.267  -206.179  -189.309   -77.647   -16.909   15.598   37.993   55.776
CT1837:150           -51.311   22.964   91.308  177.257  228.591  146.581
   -84.030   -92.872  283.367  895.940  949.918  355.600  -648.149  -946.411
  -630.057  -325.931  -175.822  150.786  400.691  501.790  587.136  540.933
  204.137  -169.004  -221.598  -100.155   -20.855   14.191   40.510   64.173
CT1837:145           -81.701    8.827   99.239  192.696  253.408  209.936
   -58.283   -67.929  592.647 1880.484 2227.063 1532.219  425.778   49.823
  -175.203  -304.195  -236.033   66.600  234.567  356.173  489.346  445.353
  142.856  -214.532  -267.738  -140.835   -33.896   16.152   43.424   58.215
CT1837:140           -63.304    -2.846   61.055  131.836  195.144  275.581
  325.212  495.792  949.965 1900.875 2180.980 1764.203 1071.734  747.840
  261.337  -105.945  -136.278   32.842  156.267  219.597  350.276  327.171
   41.334  -304.729  -341.447  -149.905   -23.599    1.265   15.374   45.597
CT1837:135           -25.199   16.609   57.289   88.082  137.777  297.839
  587.565  838.286 1042.319 1191.700 1166.457 1050.700  616.407  345.438
  244.655  105.513   51.378   82.318   87.526   92.935   75.388    6.885
  -144.378  -315.605  -335.287  -187.528   -43.994   13.842   39.183   56.522
CT1837:130            -4.865   42.088   88.497  100.498  131.358  286.239
  537.031  711.126  806.541  840.322  847.322  714.477  536.857  410.411
  339.880  290.356  252.008  303.786  345.829  202.871   -78.681  -214.667
  -274.943  -319.086  -298.560  -149.349   -35.709    0.137   21.736   51.131
CT1837:125            -5.846   29.959   61.458   86.043  135.305  237.933
  412.046  531.186  526.051  435.864  402.341  472.918  618.515  600.616
  463.272  368.181  347.428  380.692  365.141  243.337   18.252  -113.377
  -201.835  -245.301  -238.110  -129.120   -43.973    -5.073   21.097   50.468
CT1837:120           -16.300   19.817   61.451   99.054  148.707  220.353
  307.412  368.607  337.443  250.814  238.444  298.855  395.594  403.675
  379.589  330.525  353.148  456.352  484.700  377.878  192.439   65.864
   -35.072  -116.093  -142.365   -97.928   -58.804   -25.896   15.944   54.170
CT1837:115          -102.384   -49.080    3.910   53.977  106.810  161.563
  219.407  260.345  263.907  243.739  235.293  244.093  253.084  261.555
  276.304  303.070  398.512  630.150  728.374  611.918  376.374  246.616
  166.921  105.160   42.792   -32.096   -72.246   -34.801   11.194   40.051
CT1837:110          -107.915   -53.404    1.309   53.450  105.451  164.723
  252.343  303.510  296.473  272.434  266.166  237.203  199.281  197.817
  212.502  242.822  391.689  689.532  817.350  752.257  513.591  397.479
  327.740  217.806  117.233   12.546   -65.017   -55.205   -19.866   13.869
CT1837:105          -102.016   -45.135   14.656   78.793  138.231  182.209
  228.573  253.632  242.473  208.722  192.028  180.671  159.957  153.229
  143.841  146.321  272.608  604.144  789.353  889.020  987.328  933.731
  629.510  296.064  163.086   16.443   -68.678   -43.996   -13.133    9.302
CT1837:100           -85.621   -28.978   24.592   83.622  139.115  154.153
  128.454  117.912  117.220  126.113  117.861   98.605   81.551   67.744
   37.199   21.390   58.275  161.101  257.898  395.400  596.080  619.797
  431.338  190.651   87.678    -1.426   -62.711   -42.726    -6.195   19.457
CT1837:095           -57.681    -3.737   43.001   94.834  139.956  133.134
   81.054   54.492   36.513   24.075    1.347   -28.752   -63.128   -87.338
  -105.585  -118.667  -163.826  -342.221  -412.854  -271.228   69.609  184.780
  131.565   55.430   12.656   -45.426   -72.453   -38.259    3.321   33.278
CT1837:090           -35.596   26.041   71.894  105.304  133.972  129.476
   79.435   38.171   19.001   12.550   -15.856   -71.297  -129.774  -159.738
  -176.756  -183.943  -256.380  -465.892  -558.873  -510.983  -318.423  -232.283
  -201.692  -169.318  -151.722  -110.488   -79.005   -46.269    -7.016   33.952
CT1837:085           -30.894   23.560   71.714  113.547  145.865  163.814
  196.150  194.491  128.341    -1.615   -81.561  -119.652  -156.774  -177.095
  -180.080  -180.025  -196.755  -272.891  -337.714  -390.958  -443.706  -444.125
  -403.676  -325.437  -258.376  -160.954   -77.517   -38.931    -6.450   37.219
CT1837:080           -70.089   -28.476   26.654   88.995  140.208  152.518
  163.629  143.188   60.725   -88.739  -180.192  -198.622  -186.606  -176.859
  -145.789  -129.621  -100.662    -2.504    4.726   -86.137  -353.403  -483.117
  -463.130  -401.192  -335.422  -197.804   -62.687    -5.625   23.164   54.726
CT1837:075           -68.564   -16.895   40.715  108.453  162.114  158.896
  113.111   55.038   -52.309  -219.604  -320.641  -320.803  -262.364  -242.221
  -184.306  -142.678  -117.023   16.317  174.278   32.432  -319.143  -470.048
  -469.898  -450.006  -388.999  -222.780   -61.166    7.669   39.657   76.631
CT1837:070           -60.214   -11.887   35.709  106.067  171.321  148.549
   52.500   -35.225  -137.620  -279.291  -405.256  -424.068  -371.949  -352.648
  -311.359  -235.626  -214.777  -352.955  -448.966  -447.856  -367.488  -340.804
  -433.389  -571.162  -529.692  -285.828   -74.251    -0.184   39.601   88.892
CT1837:065           -39.552    8.799   61.826  126.795  172.207  146.165
   59.268   -27.450  -117.687  -197.784  -294.677  -488.606  -686.743  -669.076
  -624.914  -404.805  -337.645  -567.873  -819.972  -715.271  -354.509  -245.411
  -353.914  -562.354  -555.069  -327.056   -93.611    3.327   52.500   93.470
CT1837:060            -8.329   30.760   65.277  115.135  153.761  135.288
   95.043   35.221   -64.703  -203.200  -362.697  -671.024 -1417.079 -1664.198
-1106.404  -433.087  -267.468  -231.893  -152.907  -149.947   -65.948   -14.893
  -146.036  -365.192  -372.105  -222.204   -74.997   -26.268   14.773   73.080
CT1837:055           23.948   53.342   82.912  118.346  137.840  114.329
   80.495   19.721   -78.698  -187.890  -302.868  -486.042  -800.621  -812.470
  -473.058   -11.934  139.842  141.088   79.077   55.521   29.498   -12.498
   -86.686  -212.114  -230.192  -166.973   -88.921   -23.507   30.400   76.011
CT1837:050           54.205   70.886   80.282  100.765  113.432   51.817
   -61.365  -184.220  -322.432  -525.763  -678.910  -624.799  -353.781  -121.841
  133.089  575.417  704.336  402.534  138.840   61.191   -41.123  -122.152
  -146.828  -174.307  -168.127  -110.350   -59.452   -18.244   22.335   66.743
CT1837:045           81.554   89.285   85.358   88.387   85.470   -16.959
  -211.146  -399.366  -650.796 -1111.186 -1385.491 -1242.460  -907.648  -687.914
  -257.418  181.931  325.421  204.244   56.212   -22.264  -146.818  -219.746
  -205.592  -149.471  -118.248   -66.041   -17.410   16.561   40.389   61.767
CT1837:040           97.433   90.653   80.555   77.129   55.238   -45.341
  -170.763  -337.669  -588.656  -983.116 -1320.426 -1195.242  -966.599  -775.264
  -474.094  -189.176   -36.119   -11.016   -34.039   -75.112  -176.482  -230.076
  -202.024  -124.257   -83.461   -38.459    0.836   26.053   41.512   57.436
CT1837:035          101.918   91.151   76.929   90.355  105.741   32.765
   -33.179  -227.131  -564.509  -878.231  -887.802 -1059.310 -1105.875  -823.622
  -551.142  -229.304   -31.704    -4.549    4.457    -6.329   -84.731  -133.737
  -128.126  -100.899   -78.979   -28.634   19.265   38.873   46.842   59.710
CT1837:030           99.891  108.794  122.223  150.600  148.370   11.583
  -141.420  -310.605 -1003.449 -2592.295 -3176.597 -3009.169 -1951.800 -1336.371
  -809.326  -240.647    -0.207   47.915   85.794   94.824   55.887   28.181
   -22.073   -93.399  -104.224   -47.991   21.130   52.748   69.842   76.581
CT1837:025          111.795  117.024  109.335  135.831  161.435   -11.591
  -510.087  -899.368 -1487.049 -3547.281 -3275.284 -4047.243 -1496.873  -592.491
  -389.787  -150.124    4.888   74.010  120.264  137.704  126.881  102.636
   26.487  -118.074  -147.508   -62.024   18.531   41.866   58.179   74.944
CT1837:020          136.575  121.368  101.241   78.801   33.922   -96.403
  -412.057  -608.139  -512.371  164.604  649.245  453.616   19.543  -129.213
   -38.823   49.638   85.350  108.821  127.168  146.903  189.789  194.215
  102.946   -38.573   -81.695   -63.182   -27.785    3.996   38.534   69.956
CT1837:015          169.066  116.951   69.704   23.406   -32.209    -9.586
    0.303  112.880  869.478 3133.371 4424.134 3571.444 1399.341  640.322
  350.250  142.361   86.326  106.568  140.070  146.670  156.822  140.560
   91.777   14.856   -24.488   -34.382   -39.644   -19.000   19.891   59.365
CT1837:010          178.764  121.669   67.816    -2.861   -58.820   68.577
  347.201  654.190 1455.828 3010.797 3472.121 2960.844 1164.497  306.528
  136.900   38.492    -6.059   87.682  165.578  155.204  144.229  122.204
   83.365   48.655   15.466   -17.939   -38.635   -10.811   31.563   68.228
CT1837:005          181.191  121.884   72.825    -9.068   -82.392   78.374
  487.054  869.060 1365.612 2243.521 2557.967 1999.860  619.755   14.502
   97.909  317.667  354.830  364.174  292.753  228.768  214.038  175.296
  108.923   38.531    -1.910   -22.586   -36.002   -12.250   33.860   79.390
CT1838:360          168.602  115.438   62.237   -18.435   -76.279   76.504
  473.041  811.435 1026.524 1243.794 1269.945  899.750  130.210  -134.339
  479.835 1491.320 1647.999 1179.110  617.897  437.444  332.452  233.682
  134.321   39.456   -12.252   -20.170   -22.562    6.957   56.885   96.663
