
filled_synop: 30 data points in equal steps of sine latitude from +14.5/15 to  -14.5/15

CT1809:360           -19.715   -29.694   -35.054   -46.054  -160.833  -389.246
  -489.914  -386.880  -183.274   -95.489  -124.858  -170.753  -139.739   -46.513
    9.897   40.579   90.563  138.962  218.037  258.964  227.335  104.491
    0.180    -8.911   25.363   41.795   44.232   41.533   40.697   45.929
CT1809:355           -75.828   -76.225   -80.412   -37.634  133.222  273.300
  280.372  203.794  166.865  125.206   40.604   -20.438   -27.056   -14.693
   -14.205    -8.073    2.088   25.894  108.313  204.121  211.292  131.702
   48.750   38.723   36.438   36.173   40.181   43.925   48.062   54.293
CT1809:350          -117.268   -75.755   -57.484    -8.166  340.630  927.171
 1083.560  772.602  403.393  275.154  242.838  203.077  141.831   38.152
   -27.389   -53.398   -69.242   -77.592   -77.334   -66.403   -42.468   11.476
   40.699   47.800   43.124   42.577   48.387   51.730   54.826   61.879
CT1809:345          -146.530  -108.383   -86.021   24.856  485.803 1113.090
 1245.123  792.711  269.213  175.928  324.559  340.079  257.561   59.587
   -42.102   -69.610  -105.799  -139.567  -202.746  -253.150  -231.631  -115.037
   -27.671    -1.253   16.204   36.851   47.492   50.499   62.868   78.854
CT1809:340          -146.885  -119.328  -100.371   -21.584  343.265  910.719
 1053.353  738.761  379.595  261.293  330.484  363.911  238.105   42.187
   -20.833   -32.390   -55.956   -84.592  -159.943  -226.507  -227.857  -196.308
  -164.332  -121.060   -52.313    -0.919   32.395   60.165   86.719  111.409
CT1809:335          -121.187   -87.746   -81.579   -28.079  143.114  347.867
  388.790  324.683  178.875   24.386  -183.397  -306.451  -270.704  -112.205
   -17.562    -0.145   -12.845   -27.125   -71.279  -111.617  -148.649  -208.611
  -233.867  -196.953  -106.771   -35.228   11.446   57.570  100.560  136.651
CT1809:330          -132.453  -121.707  -101.637   -34.007  109.489  323.932
  363.506  172.407   -36.906  -283.198  -908.443 -1305.026 -1048.007  -326.827
   -38.344    4.759    -2.089    -5.665   -47.535   -93.940  -134.413  -208.039
  -249.244  -217.799  -128.899   -52.954    -2.419   44.197   91.672  137.126
CT1809:325          -131.782   -91.727   -58.080   -13.355   92.911  286.062
  277.900    -6.040  -360.764  -580.982  -932.956 -1155.677  -936.616  -319.158
   -36.531   15.799   20.426   21.362   -30.057  -102.382  -136.997  -176.392
  -205.042  -180.418  -112.384   -56.726   -12.200   36.258   86.751  136.548
CT1809:320          -139.276   -95.674   -45.440   12.457   94.892  218.867
  159.230  -187.715  -599.597  -672.752  -454.063  -276.120  -152.227   -97.564
   -48.570   10.502   49.303   58.361    0.970   -65.673   -93.359  -108.322
  -108.535   -95.430   -70.590   -40.807    -0.723   43.514   82.760  120.739
CT1809:315          -138.160   -91.436   -39.205    4.884   41.888  137.750
   56.034  -361.000  -844.978  -852.485  -114.095  567.239  447.485   13.216
   -41.779    9.485   18.622   25.528    3.690   -26.165   -49.544   -79.028
   -90.357   -67.474    -0.597   44.353   56.004   48.911   60.777   76.504
CT1809:310          -133.279   -73.255    -3.589   33.838   -14.386  -100.490
  -287.044  -724.245 -1233.995 -1269.512  -968.949  -792.960  -516.120  -183.408
   -35.306    3.292    8.555   20.406    4.145   -31.638   -44.079   -52.408
   -52.827   -38.129    5.867   45.684   63.082   72.008   80.893   89.710
CT1809:305          -123.427   -95.733   -29.935   12.435  -111.680  -275.919
  -504.210  -997.895 -1361.128 -1350.239 -1004.663  -549.556  -339.615  -177.841
   -60.581    -4.225   36.364   67.333   76.173   97.998   85.487   -15.247
   -94.365   -75.865    -5.581   32.750   51.166   70.547   89.490  100.605
CT1809:300           -89.684   -38.996   14.971    4.721  -160.919  -396.446
  -649.146 -1396.753 -2296.171 -2250.936 -1186.435  -427.500  -232.274  -123.017
   -30.240   -17.627   -47.536   -20.784   73.589  172.290  177.278  105.488
   64.413   65.419  114.620  152.345  149.800  123.067   91.584   59.733
CT1809:295           -88.553   -76.997   -42.756   -20.880  -177.914  -453.446
  -649.855 -1021.426 -1358.755 -1279.527  -620.174   -84.191    3.516   -36.083
   -28.308   -40.279   -89.297   -61.017   55.709  171.414  202.880  171.799
  130.737  131.053  180.092  199.929  169.909  115.835   75.805   42.892
CT1809:290           -76.712   -60.140   -43.285   -44.677  -138.049  -375.357
  -329.083  218.149  900.546  978.020  532.827  229.518  151.892   35.232
   -35.338   -57.052   -85.040   -48.139  108.734  298.258  344.973  276.540
  208.396  178.799  165.893  145.410  124.242   99.238   74.145   53.023
CT1809:285           -73.262   -64.710   -67.126   -87.916  -122.777  -195.006
    1.367 1112.892 2463.842 2553.232 1412.184  369.073  100.467   22.303
   -55.413   -78.251   -91.541   -46.362  139.435  353.572  420.632  359.975
  283.555  226.130  122.743   49.986   48.143   73.602   76.624   75.772
CT1809:280           -77.915   -72.250   -74.202   -79.855   -36.297    -3.029
  242.257 1145.990 2213.426 2232.758 1179.797  235.799   -21.654   -33.267
   -71.164   -97.166  -124.769   -84.821   91.113  304.644  383.681  380.636
  350.695  281.049  125.676   18.326    7.600   41.478   63.831   83.341
CT1809:275           -80.167   -92.177  -110.985  -119.820   -65.584    5.671
  161.066  503.619  855.443  846.764  443.614   37.614   -96.614   -84.770
   -83.757  -101.366  -136.453  -111.304    3.267  145.147  232.253  318.056
  359.424  299.093  124.753   13.636    7.184   38.885   58.920   81.244
CT1809:270           -76.713   -98.776  -120.740  -133.259   -92.595    -9.808
   32.370   -67.797  -244.445  -300.977  -271.844  -225.116  -210.519  -127.142
   -77.913   -76.361  -101.285   -78.537    -6.452   82.556  144.704  220.941
  276.408  241.872  126.983   40.169   31.568   53.263   64.015   78.922
CT1809:265           -64.402   -92.532  -128.578  -146.527  -112.879    -2.675
   11.427  -272.316  -663.111  -735.928  -542.801  -321.676  -243.877  -112.035
   -32.791   -19.366   -33.636   -12.300   49.086  118.969  154.897  168.904
  165.694  140.881   89.743   55.308   49.574   59.631   68.002   77.739
CT1809:260           -70.187   -78.559  -102.721  -125.995   -92.990    4.449
   23.433  -190.269  -474.988  -519.905  -341.747  -155.279   -97.322   -14.299
   33.715   29.680    0.921   15.525   96.695  213.683  239.589  163.472
   89.795   61.250   41.521   30.827   36.999   60.930   73.758   84.717
CT1809:255          -107.352  -125.026  -140.648  -125.532   -64.149   29.452
   94.579   98.857   39.551   23.301   93.075  123.015  110.156   77.191
   48.810   20.512   -35.968   -41.705   42.514  160.493  191.208  132.451
   41.550   31.726   31.712   10.016    9.036   34.185   63.846   92.891
CT1809:250          -130.999  -118.291  -122.114  -120.068   -27.827  120.369
  209.831  414.604  710.891  737.785  499.130  296.280  219.802  102.163
   15.139   -18.842   -61.805   -76.770   -49.538    -3.938   33.698  156.356
  287.444  255.956   71.000   -31.942   -19.229   30.364   64.920   99.697
CT1809:245          -156.593  -149.912  -147.024  -109.796   59.483  362.882
  539.724  619.204  656.075  623.384  465.181  278.434  184.164   71.968
    -7.224   -37.651   -56.445   -74.551  -121.360  -183.099  -159.451   -19.597
   83.130   93.068   32.750   -29.032   -26.591    9.803   53.810   97.528
CT1809:240          -157.761  -132.987  -119.077   -90.100   90.144  423.614
  603.285  572.824  424.360  336.403  225.958   82.573   18.432    -7.506
   -42.410   -52.611   -38.040   -54.174  -123.904  -203.592  -198.965  -119.876
   -24.637    0.350   -21.461   -28.269    -1.770   36.344   69.968  101.391
CT1809:235          -147.891  -130.607  -117.431   -85.762   74.629  415.810
  581.743  484.356  254.128  140.359   64.854    -0.956   -41.536   -37.986
   -36.314   -31.497    8.570    6.700   -88.278  -216.431  -244.294  -215.499
  -140.447   -99.958   -42.451   13.247   42.065   64.101   84.665  103.023
CT1809:230          -128.525  -107.971  -101.747   -73.516   81.123  362.059
  488.363  374.512  117.274    8.089   -13.677   -10.960   -25.638   -26.859
   -19.799    -7.691   21.023   21.863   -54.508  -177.115  -216.565  -234.717
  -210.482  -167.392   -44.990   58.975   82.221   79.527   90.949  104.334
CT1809:225          -117.362   -88.814   -71.563   -55.042   25.768  229.110
  336.648  230.923    3.115   -89.729   -86.437   -42.672   -26.523   -11.923
    0.990   13.696   23.630   43.437   40.990    -9.581   -36.155   -69.559
  -105.649  -103.147   -14.976   59.514   79.390   79.922   79.878   83.047
CT1809:220          -126.426  -102.725   -76.934   -35.210   24.169  107.182
  139.391   35.612  -193.108  -276.927  -192.911   -69.079   -29.894   -13.567
    3.519   20.939   21.154   69.825  212.842  400.756  407.601  276.830
  110.141   58.630   56.903   51.765   70.460   87.330   90.818   88.457
CT1809:215          -119.616   -89.547   -59.335   -28.049    -1.822   45.445
   64.807   -20.912  -185.956  -247.264  -178.094   -72.960   -36.910   -23.550
    -9.944   18.352   24.474   87.248  359.307  829.430  889.828  561.902
   78.969   -60.259   15.933   70.137   91.865   98.637   93.836  102.030
CT1809:210          -127.782   -86.841   -45.320    -3.363   18.145   37.388
   36.572    4.783   -68.685  -112.833   -76.721   -69.269   -43.633    -8.903
   20.227   47.548   31.921   77.394  362.699  911.398  951.780  370.531
  -285.560  -432.792  -266.176   -58.012   12.875   32.534   65.495  104.383
CT1809:205          -142.191   -85.900   -24.325   27.039   34.655   22.611
   -11.794   -29.857   40.785   79.445   -33.302   -91.148   -48.174   13.143
   59.602   90.374   89.861  128.679  240.446  396.510  321.189  -196.094
  -898.374  -975.636  -543.414  -157.493   -41.354   12.836   66.797  125.136
CT1809:200          -153.859   -94.131   -20.595   51.824   30.764   -40.216
   -94.731  -258.875  -549.766  -609.079  -384.409  -129.532   -43.449   18.728
   79.773  120.741  134.103  150.967  164.561  168.357   76.041  -216.271
  -485.066  -543.358  -384.378  -188.502   -95.002   -29.931   51.401  135.543
CT1809:195          -152.125   -74.284    9.548   66.840   11.157  -164.743
  -277.755  -417.093  -677.754  -747.780  -504.464  -221.932  -124.916   -36.748
   47.382  111.053  195.126  241.625  174.821   71.158   -17.964  -139.562
  -257.416  -301.050  -252.142  -177.568   -94.865   -15.625   62.736  150.304
CT1809:190          -160.141  -100.532   -28.119   54.375   27.112  -100.242
  -182.400  -187.330   -75.768   -44.394  -172.317  -253.756  -215.472  -112.599
    -6.134   66.421  139.358  177.506  144.886   86.181   14.774  -102.728
  -223.776  -261.641  -215.856  -168.062   -88.821   10.728   94.169  168.356
CT1809:185          -165.081   -84.237    -3.716   62.619   76.652   50.537
   21.857   76.471  207.408  203.370   11.038  -270.432  -293.169  -156.756
   -23.552   51.740  123.373  176.963  159.987  121.626   49.048  -125.714
  -297.328  -348.668  -258.898  -164.825   -87.385    4.673   88.407  167.408
CT1809:180          -181.160   -86.540   19.128  122.250  160.638  166.586
  155.817  149.929  161.431  149.732   15.709  -181.061  -197.376  -103.886
    -4.868   87.497  201.636  292.201  297.194  267.633  178.492  -100.719
  -389.150  -481.170  -349.670  -175.400   -83.052    -8.808   69.967  160.274
CT1809:175          -190.480   -81.287   43.524  150.542  165.492  129.130
   86.249    2.289  -170.400  -235.661  -127.228    -2.669   36.201    1.950
    2.442  137.871  370.306  528.655  637.551  646.941  519.339  174.735
  -337.358  -526.778  -373.462  -175.642   -94.424    -6.506   84.189  183.939
CT1809:170          -198.875   -88.760   43.013  175.111  159.030   17.993
   -94.377  -174.274  -249.679  -242.816  -140.503   30.108   99.613   67.750
   69.108  238.684  592.094  853.399 1144.716 1591.605 1560.047  817.891
  -194.776  -480.720  -378.446  -258.980  -169.415   -14.319  110.217  220.341
CT1809:165          -185.375   -45.780  104.605  216.835  150.190   -81.411
  -217.292  -352.854  -527.841  -556.541  -330.916   -41.915   53.244   30.861
   19.512  165.772  460.640  724.475 1178.722 2120.303 2271.745 1411.908
  254.204  -104.327  -223.250  -301.903  -247.385   -68.447  101.592  257.114
CT1809:160          -191.300   -82.351   47.740  194.361  146.001  -194.276
  -431.828  -480.900  -436.545  -428.548  -365.337  -156.077   -74.670   -83.350
   -24.400   18.078   -61.496  -100.779  139.412  451.583  500.613  478.958
  373.343  224.583   -24.644  -223.019  -188.439   -18.097  123.022  260.880
CT1809:155          -175.970   -61.256   61.031  164.698  149.490   43.320
   -43.613  -171.384  -341.638  -409.397  -454.970  -489.453  -430.985  -219.680
   -46.221   -13.884   -16.917   -35.798  -321.878  -938.885 -1078.468  -628.803
   -32.383   76.595   -34.381  -156.552  -129.780    -5.714  115.052  228.064
CT1809:150          -162.103   -55.413   59.279  177.100  258.398  313.980
  291.062  161.258  -178.992  -377.361  -403.710  -578.987  -594.005  -259.838
   -24.792    -4.000   40.385    4.059  -497.471 -1454.581 -1667.698 -1170.638
  -327.900   -76.908   -96.010  -135.095   -90.444    3.369  102.988  196.350
CT1809:145          -145.029   -37.521   71.416  167.553  303.892  670.921
  873.050  777.051  588.484  530.662  318.659  249.106  227.244   57.792
    7.526    -3.591   41.561   -36.712  -485.288 -1423.669 -1653.927 -1087.633
  -197.177   50.711   -32.057  -104.836   -65.547   10.869   89.606  170.229
CT1809:140          -131.855   -30.043   74.951  181.121  316.571  537.433
  636.698  584.004  367.677  246.283  272.220  287.053  249.698  125.598
    5.179   -27.057   -10.222   -81.508  -308.549  -666.892  -721.590  -468.878
   10.852  194.861  102.152   -43.391   -47.993   23.040   95.148  162.511
CT1809:135          -107.977   -18.928   72.622  161.766  206.169  216.213
  219.227  190.259   97.539   25.317   62.186   81.582   54.965   40.278
   -12.216   -30.357   -10.499   -66.419  -180.350  -408.057  -437.782  -115.403
  346.920  469.070  272.857   21.947   -24.276   33.486   93.590  143.655
CT1809:130           -85.140   -11.471   65.912  152.516  171.660   85.978
   24.855   24.466   80.521   71.818   51.077   43.974   32.241   21.257
    6.762   20.741   85.822   75.490   -14.104  -298.019  -348.251  125.359
  754.629  858.057  476.481   57.080   -10.261   53.624   87.255  111.839
CT1809:125           -89.087    -5.504   82.837  162.709  177.809  142.001
   99.555   57.182   34.689   -16.044  -137.129  -206.429  -186.996  -143.574
   -19.612   29.771   73.869   95.831   21.499   -24.604   52.758  235.643
  584.078  662.710  406.918   83.435   15.241   53.091   93.494  126.947
CT1809:120          -100.274   -18.938   65.892  152.662  159.426  151.637
  135.715   15.128  -212.937  -334.728  -596.396 -1036.095 -1075.126  -556.375
   -74.211   -63.928  -418.619  -710.382  -685.232  -768.155  -814.143  -465.343
   -54.612   56.946   61.257   39.575   45.396   75.581  105.211  136.605
CT1809:115          -104.711    2.693  122.521  225.975  201.875   12.583
  -134.007  -221.451  -327.198  -395.314  -521.889  -776.758  -802.796  -413.573
   -70.267   -55.384  -180.897  -248.680  -362.290  -532.787  -561.567  -447.477
  -217.934  -106.439   -47.167   15.140   39.340   54.112   78.339  104.354
CT1809:110          -116.133   -12.223  106.426  217.774  158.494  -115.466
  -298.531  -316.166  -232.571  -195.499   -36.536  214.092  266.194  143.958
    4.750   -23.823   -45.515   -62.763  -146.256  -218.483  -216.950  -286.420
  -322.263  -273.725  -154.522   -12.916   43.082   57.606   71.514   86.704
CT1809:105          -125.721   -31.840   76.949  202.325  165.966  -144.199
  -367.915  -323.099    8.538  184.129  363.751  907.493 1049.152  506.108
   92.507   41.519    9.486   -38.459   -62.080   -64.328   -95.095  -195.237
  -358.184  -347.163  -186.450    -5.242   50.683   55.000   69.082   84.623
CT1809:100          -124.148   -14.510  101.072  200.874  192.764   62.548
   -15.247   -41.000  -144.780  -258.654  -227.928  -333.224  -384.043  -160.698
    -0.876   15.682   18.302   10.143    -5.890   -32.241   -67.289  -124.348
  -201.440  -202.328  -131.501   -34.301   15.683   40.485   60.613   82.046
CT1809:095          -131.321   -23.382   86.577  196.802  262.085  313.711
  347.478  403.615  631.403  736.186  384.102  -168.981  -293.605  -186.194
   -33.047   10.040   64.663   95.392   72.955   -10.746   -59.400   -71.594
   -83.126   -89.145   -70.824   -47.322   -25.468    2.221   32.611   66.329
CT1809:090          -154.448   -44.759   67.338  169.779  240.352  302.334
  337.822  430.622  679.391  745.173  500.669  104.158   -22.952   -61.237
    -3.155   36.826   83.708  118.042  111.836   71.968   56.081   36.455
   33.270   19.968   -16.576   -49.834   -40.246    -3.162   34.765   71.209
CT1809:085          -173.026   -63.120   52.857  175.058  235.183  244.446
  246.706  273.098  309.624  273.772  213.699   35.198   -59.037   -40.605
   -12.827   19.156   71.664  112.003  139.310  142.082  137.051  141.134
  136.083  101.467   35.158   -35.209   -42.407    4.704   44.392   80.895
CT1809:080          -180.683   -60.793   67.125  189.289  228.204  159.589
  101.590   92.408   98.574  100.546   53.934   -21.962   -65.307   -53.175
   -25.491    1.456   51.424  103.434  184.436  330.647  399.743  355.734
  249.595  178.127   73.238   -33.899   -53.840    -9.841   40.386   84.889
CT1809:075          -185.580   -76.514   39.511  170.899  198.291   76.243
   -17.545   -37.099   -10.541   12.729    7.618    -7.535   -26.327   -20.454
   -16.715    -6.012   16.585   47.861  155.814  392.559  508.288  476.637
  332.347  245.289  128.162   -12.365   -43.821   15.761   53.526   80.512
CT1809:070          -192.664   -80.958   38.380  151.360  160.386   15.498
   -93.595  -107.859   -48.885    0.181   12.937   60.546   72.224   39.743
    6.441    1.860    -5.379    -5.711   63.993  266.244  407.764  425.518
  407.569  366.122  232.911   27.088   -45.777   -25.745   14.345   50.198
CT1809:065          -206.511  -111.495    -7.600  117.001  145.735   21.571
   -87.249   -93.637   -43.494   -35.150    3.978   76.528   82.789   50.909
    4.959    -9.838   -16.425   -15.374   -22.321   -84.256   -77.032  161.297
  619.313  705.735  403.171   31.653   -47.538   -12.377    6.363   22.144
CT1809:060          -204.629  -110.009    -7.273   94.011  158.171  228.177
  274.658  258.084  203.817  150.469  109.502   29.105    -6.884   -26.120
   -45.691   -56.837   -84.165  -104.254  -137.157  -307.741  -392.412  -200.570
  103.141  171.678  104.725    -3.878   -32.858   -12.552   20.298   52.107
CT1809:055          -207.014  -109.897    -1.306  118.059  181.923  262.409
  305.282  251.100  154.436  111.712   10.087  -128.147  -154.463  -118.788
   -90.498   -78.872   -76.993   -79.905   -50.261  130.421  268.843  140.584
   -56.751   -86.547   -62.109   -41.547   -23.201   16.881   52.611   82.163
CT1809:050          -192.111   -74.024   53.872  169.000  211.754  178.886
  106.037   -14.031  -338.976  -582.598  -486.761  -283.249  -214.728  -150.157
   -84.426   -53.452   -50.848   -48.541   -41.236    0.372   14.592   -16.931
   -96.345  -112.037   -84.691   -53.983   -29.208    4.681   41.419   75.656
CT1809:045          -175.870   -84.320   18.344  150.972  164.871   79.734
   -27.986  -220.134  -529.788  -651.389  -627.284  -403.794  -260.105  -192.271
  -130.786   -81.172   -50.399   -33.625   -91.682  -325.049  -456.564  -354.009
  -162.125   -94.267   -83.064   -68.969   -36.358    -3.365   30.948   70.153
CT1809:040          -149.322   -52.171   52.123  146.271  117.179   -41.688
  -208.432  -483.299 -1017.725 -1302.361 -1117.287  -672.609  -460.775  -297.340
  -145.323   -69.740   -39.748   -12.838   -76.144  -279.233  -363.606  -353.115
  -216.661  -154.782  -138.763   -71.706   -28.621    0.703   35.631   73.102
CT1809:035          -142.881   -68.813    4.039  109.394   71.787  -173.952
  -395.417  -649.191 -1165.202 -1408.231 -1282.474  -807.443  -525.667  -368.556
  -175.256   -74.297   -44.004   -17.896   10.486   24.560    5.614   -91.395
  -342.459  -403.961  -251.883   -62.543    -3.560   18.963   46.240   70.291
CT1809:030          -147.087   -71.033   12.566  103.686   87.413  -131.598
  -359.049  -528.482  -837.907 -1069.310  -958.299  -678.436  -560.294  -367.100
  -141.142   -49.895   -16.352   16.738  125.781  409.151  527.207  452.047
  209.627   95.757   50.224   33.769   34.652   45.776   47.838   47.034
CT1809:025          -165.598   -96.406   -19.973   70.573   77.942   -15.802
  -107.391   -62.187  201.521  311.810  229.782   39.501   -11.709   -38.518
   -41.831   -12.436   10.582   32.786  113.494  441.919  678.033  599.914
  380.764  277.860  253.580  136.229   80.462   70.516   48.260   38.944
CT1809:020          -169.602   -88.947    -3.495   72.223  116.173  131.805
  124.922  273.797  779.544 1051.829  894.933  339.684   96.111   57.798
   13.317    8.191   22.429    4.185   -24.211  -172.374  -256.915   -70.135
  506.376  689.277  440.458   96.200   19.495   30.101   51.860   91.620
CT1809:015          -164.956   -99.485   -27.222   48.703   87.766  160.233
  219.007  337.139  696.894  897.347  746.185  225.000   21.138   -10.999
   34.434   54.597  109.358  183.537   84.107  -422.862  -761.813  -633.318
  -354.919  -297.930  -267.267  -292.151  -244.647   -59.455   97.938  205.013
CT1809:010          -112.991   -63.335    -5.528   42.597   41.741   -41.559
  -102.967   -59.298   15.593   39.217   13.260  -189.942  -291.125  -200.211
   -22.711   31.682   92.516  129.288   99.326   33.712    1.003  -211.540
  -565.824  -652.074  -549.854  -356.919  -237.436  -105.161   57.916  213.537
CT1809:005           -63.785   -49.068   -27.010    -1.319  -131.579  -556.655
  -862.730  -817.918  -443.551  -157.507  -125.825  -237.640  -289.384  -190.066
   -27.411   25.125   73.200  121.290  132.530  235.108  279.815   59.574
  -423.717  -588.429  -464.222  -220.765  -103.674   -11.358   84.467  179.403
CT1810:360           -28.448   -54.901   -74.828   -41.660  -153.319  -843.713
-1538.345 -1468.120  -546.718   95.649  157.744   71.598   45.061   27.693
    -4.056    -0.893   -12.644   -55.853   -43.097   76.920  107.699    5.121
  -214.312  -282.840  -256.619  -180.921   -99.225    -9.488   73.054  142.806
