
filled_synop: 30 data points in equal steps of sine latitude from +14.5/15 to  -14.5/15

CT1854:360          215.971  155.045   90.116   23.051   -39.356  -148.607
  -487.801  -946.503  -992.599  -478.675  202.519  383.067  297.474  170.915
  139.708  114.116  143.037  105.540   79.681  137.047   99.838   72.040
   57.499    6.732   -40.443   -69.982   -82.217   -94.786  -102.022  -108.748
CT1854:355          216.359  141.499   70.087    1.823   -67.742  -143.411
  -270.505  -385.831  -329.103   42.143  518.913  615.279  433.949  148.418
  138.345  258.647  347.405  450.654  571.573  584.325  442.846  121.361
   -14.488   -48.300   -63.479   -90.664   -91.650   -99.432  -106.908  -110.975
CT1854:350          208.789  131.554   60.489   -11.891   -87.527  -110.133
   -53.612   37.155  113.410  300.717  542.698  508.597  179.472   -62.288
   -30.471  119.722  310.656  589.502 1026.411 1158.258  884.119  275.014
   44.933    9.973   -30.941   -72.902   -55.407   -70.501   -91.361  -113.028
CT1854:345          227.409  141.270   54.120   -46.680  -137.333  -134.019
   41.520  250.267  298.056  217.636   24.545  -221.673  -884.146 -1394.295
-1221.349  -224.295  541.919  846.539 1188.907 1328.203 1076.079  638.828
  437.349  206.489    5.931   -67.257   -85.609  -102.868  -104.395  -107.443
CT1854:340          232.053  145.596   60.705   -38.681  -142.420  -114.793
  105.122  332.357  352.074  190.625   -11.180  -409.003 -1718.755 -2903.796
-2499.515  -345.728 1015.976  902.706  256.645   90.661  342.565  626.881
  604.927  314.452   44.579   -49.888   -94.890  -127.247  -128.971  -119.747
CT1854:335          219.362  139.032   57.669   -41.777  -132.411   -98.234
  123.194  339.017  349.351  166.382   -15.552  -108.183  -136.431    -7.249
  -131.472  -420.568  -576.723  -708.399 -1133.449 -1192.683  -540.727  329.996
  489.649  238.951   38.220   -36.324   -95.838  -123.029  -115.857  -110.363
CT1854:330          184.970  119.068   56.294   -22.984  -101.553   -71.574
  128.352  310.729  306.903   66.140  -122.844  169.137 1422.393 2273.218
 1866.329  300.105  -540.341  -886.339 -1182.359 -1176.241  -617.702   99.516
  230.438  121.418   40.888   -18.819   -76.256  -104.930  -106.283  -109.920
CT1854:325          149.158  100.383   47.785   -14.173   -69.498   -30.419
  143.955  275.603  268.343   23.836  -102.746  323.864 1548.506 2191.006
 1874.322  688.181   80.223    -3.477   91.827  145.818  127.289   48.405
   49.531   58.802   44.931    -4.103   -57.336   -87.883   -99.921  -109.740
CT1854:320          137.361   95.856   57.186    9.567   -40.368   -23.518
   98.191  195.135  189.603   18.290   -52.741  196.781  807.835 1122.423
 1030.246  616.990  380.151  630.943 1219.802 1266.943  776.024  204.249
   72.361   60.355   32.574   -11.761   -57.896   -82.196   -89.297   -98.072
CT1854:315          140.687  102.377   65.196   25.533    -9.796    -5.786
   37.173   77.077  100.397   73.366   93.008  232.905  487.292  632.158
  568.101  388.285  263.801  312.230  406.017  371.553  227.513  111.530
   87.955   48.628    5.070   -31.848   -70.321   -88.853   -86.753   -88.367
CT1854:310          146.705  110.769   73.444   29.008   -20.114   -38.663
   -48.395   -46.247    8.439  142.878  306.567  400.333  429.697  439.831
  382.364  282.435  170.362  -119.716  -725.171  -966.135  -612.219   -57.570
   80.986   34.353   -16.280   -48.318   -80.915   -94.272   -94.656   -90.962
CT1854:305          157.244  111.872   63.989   11.387   -36.770   -60.133
   -94.614  -122.259   -63.530  134.261  347.128  428.173  447.717  453.933
  397.595  287.211  131.145  -239.129  -938.647 -1160.726  -829.212  -155.267
   45.293    1.047   -40.200   -51.212   -82.342   -97.538   -96.540   -89.096
CT1854:300          173.392  110.481   57.174    -1.117   -54.223   -70.046
   -64.338   -48.256   10.265  147.062  286.874  345.675  388.628  415.375
  376.891  319.522  220.921   -82.851  -729.185  -993.476  -739.278  -234.311
   -65.338   -22.717    -5.012   -19.467   -81.379  -101.986   -88.460   -81.883
CT1854:295          176.246  121.460   65.647    1.385   -61.154   -69.667
    -9.194   64.475  117.909  178.249  243.009  274.602  267.128  255.159
  253.016  310.085  284.574   65.069  -376.752  -563.094  -450.917  -198.600
   -88.093   -24.209   14.282    -4.500   -68.068   -99.932  -100.602   -91.276
CT1854:290          190.528  135.142   74.909    2.655   -63.748   -63.826
   24.924  121.829  170.017  201.521  230.044  230.586  150.715   88.348
  113.658  271.477  326.059  204.427   -71.325  -212.573  -194.768  -121.106
   -78.478   -20.863   11.959    -6.205   -62.540   -92.633   -95.614   -87.981
CT1854:285          207.475  153.917  102.831   25.699   -54.574   -60.182
   29.928  139.224  180.500  157.855  118.561  104.780   55.679   23.807
   57.794  237.185  340.936  275.698  141.846   74.407    1.754   -34.069
   -27.849    -4.975    8.711    -8.104   -63.480   -85.747   -78.298   -76.274
CT1854:280          208.674  148.456   81.742    0.023   -74.019   -77.279
    8.315  102.589  140.881  121.634   70.419   53.963   40.991   35.969
   64.121  179.697  242.694  197.229   46.559   -56.728   -80.511   -95.222
   -91.671   -23.480   26.251    5.974   -63.044  -100.386  -101.900   -89.011
CT1854:275          196.593  139.684   79.867    5.846   -67.269   -76.483
   -12.349   60.219  105.779  163.316  218.419  213.942  119.691   49.345
   67.511  165.943  219.918  175.787   34.807   -57.227  -113.265  -156.942
  -156.899   -57.520   26.762   13.055   -59.629   -94.108   -93.697   -81.905
CT1854:270          184.800  129.965   79.628    9.336   -58.831   -71.795
   -30.903   23.930   71.521  169.091  269.721  277.569  176.782   86.767
  100.464  193.965  255.113  237.701  158.923   93.371   -30.896  -196.612
  -225.611   -63.845   65.229   42.685   -50.026   -79.692   -69.621   -66.128
CT1854:265          168.378  117.619   65.816    7.113   -46.986   -60.680
   -43.355   -16.121   25.963  121.940  208.105  219.051  170.781  129.462
  145.038  207.420  268.994  310.890  396.320  384.749  180.928  -102.033
  -165.768   -61.860   17.417    6.726   -47.438   -78.591   -82.964   -76.803
CT1854:260          153.540  108.449   63.794   13.110   -34.466   -45.491
   -28.847    -2.403   26.794   79.212  121.262  121.152   93.503   68.807
   91.819  120.234  149.191  269.250  489.986  513.475  297.875    2.183
   -84.157   -45.046   -16.831   -26.606   -57.162   -71.295   -67.338   -64.112
CT1854:255          139.835  102.433   66.163   22.958   -19.409   -18.823
   31.029   78.897   90.280   92.664   73.768   42.863   -10.718   -44.726
   15.905  145.465  219.627  305.535  397.592  379.190  233.319   35.571
   -34.558   -33.789   -37.189   -44.635   -57.577   -65.576   -66.345   -65.085
CT1854:250          124.021   92.854   59.643   19.332   -10.205    6.899
  102.478  192.264  182.737  109.772   26.916   -44.001  -178.017  -223.418
  -123.499  228.953  507.223  431.259  183.263   85.626   24.173    -3.300
   -27.971   -52.483   -63.311   -65.206   -69.749   -71.751   -68.192   -66.069
CT1854:245           97.959   77.328   58.950   29.290    -2.956   10.509
  123.410  235.444  201.624   19.926  -161.520  -265.603  -482.412  -627.804
  -485.165   -21.862  173.862  161.930  -128.306  -286.053  -256.909  -159.052
  -149.882  -136.622  -129.056  -118.964   -97.507   -86.426   -82.271   -75.530
CT1854:240           67.128   61.881   59.563   62.040   72.473   95.545
  154.490  198.578  134.775  -122.435  -401.303  -504.742  -571.617  -607.491
  -432.710  167.626  528.181  370.257  -164.350  -369.238  -320.668  -199.473
  -180.210  -181.153  -178.101  -161.040  -125.517   -99.303   -86.630   -74.152
CT1854:235           66.474   69.199   74.019   81.134   89.686  104.329
  150.407  183.815  122.268  -107.612  -339.421  -405.043  -336.609  -240.722
  -136.810  209.202  462.119  314.421   -49.174  -156.606  -169.683  -130.010
  -129.428  -157.241  -175.300  -164.118  -129.697  -107.329   -93.118   -78.656
CT1854:230           83.374   91.309   96.677   96.696   93.223   94.245
  117.053  139.567  113.886   49.138    -1.613   -36.561   -26.496    8.179
   -39.137  -261.700  -397.661  -311.897  -133.478   -64.418   -52.302   -22.788
   -37.756  -110.485  -158.092  -155.564  -124.129  -110.250  -104.677   -94.885
CT1854:225           83.765   95.005  101.874  105.182  106.006   97.795
   62.616   26.770   23.167  107.127  188.288  167.054   81.217    -9.230
  -140.148  -571.957  -805.928  -608.880  -122.621   57.705   75.505   33.707
    -9.603   -87.222  -144.756  -148.533  -119.347  -102.497   -88.713   -75.981
CT1854:220           76.771   84.919   92.449   98.945  101.786   88.267
   34.120   -16.165   -15.278   70.384  134.820  107.294   11.316   -85.589
  -175.624  -409.214  -455.258  -276.007  212.876  407.443  328.480  154.372
   66.530   -40.597  -125.466  -144.677  -119.826  -103.879   -76.204   -50.088
CT1854:215           56.269   47.666   49.722   75.317  107.674  109.362
   74.417   45.655   38.141   60.526   62.712   23.702   -87.811  -170.720
  -155.589  -169.525  -143.069   68.314  568.279  741.114  537.036  250.795
  140.245   16.426   -86.924  -120.926  -118.878  -111.121   -71.531   -39.814
CT1854:210           58.164   59.049   63.018   68.799   73.770   76.853
   86.715   90.198   73.150   70.259   61.559    0.844  -206.737  -294.421
   -69.270  478.747  664.237  693.296  489.772  381.292  362.873  363.290
  283.193   93.446   -62.010  -118.550  -140.029  -144.090  -110.112   -63.637
CT1854:205           63.147   73.214   79.667   77.515   75.161   84.870
  124.539  150.538  103.307   -23.280  -144.043  -214.142  -393.320  -479.581
   -46.903 1431.401 2299.782 1777.287  296.781  -192.856   46.291  362.881
  329.288  139.278   -22.368   -99.037  -164.309  -175.217  -104.640   -45.819
CT1854:200           54.146   59.348   62.464   63.390   68.013   86.300
  164.342  224.585  156.750   -99.441  -339.100  -399.863  -389.497  -356.637
  -118.060  694.220 1222.379  965.089  165.989   -47.205  126.522  368.376
  336.041  135.437   -27.527  -109.235  -173.095  -178.048  -106.888   -41.692
CT1854:195           48.549   52.827   59.722   66.360   74.840  100.952
  171.808  213.519  141.557   -86.064  -260.617  -300.272  -197.836  -124.559
  -372.272 -1200.130 -1602.748  -901.387  138.428  427.866  435.112  444.165
  349.777  100.091   -74.953  -150.535  -190.475  -189.623  -127.814   -47.062
CT1854:190           46.220   42.879   48.478   58.525   68.360   82.971
  121.590  141.212   97.848   -26.233  -122.554  -129.880   -19.648   -14.879
  -394.771 -1190.884 -1373.379  -848.837  211.329  617.920  587.658  460.481
  336.006   67.149  -108.585  -179.624  -205.365  -170.044   -77.748    -6.911
CT1854:185           56.790   55.393   54.528   56.625   62.034   65.264
   72.155   72.422   54.602   17.402   -15.271    -9.641   70.953   45.824
  -164.762  -553.328  -662.020  -383.381  216.133  507.730  574.900  539.041
  420.055   84.556  -119.975  -186.269  -207.940  -189.898  -101.290   -22.710
CT1854:180           74.533   62.692   57.843   61.360   64.804   54.301
   27.014    7.488   17.532   68.305   87.156   85.506   93.683   63.475
   12.220   -63.893  -115.401  -212.390  -302.162  -165.222  242.812  561.597
  503.168  187.576   -23.972  -134.985  -216.402  -213.800  -138.456   -50.641
CT1854:175          104.176   76.266   63.755   66.693   69.529   48.682
    -4.376   -39.351   -24.664   52.465   94.418   79.171   21.573   -12.661
   -11.544   -21.054   -69.534  -240.922  -444.942  -375.634   35.457  357.045
  340.508  139.265   16.976   -80.309  -183.260  -167.934   -88.888   -30.018
CT1854:170          146.422  132.321  114.836   88.569   55.577   17.774
   -48.031   -92.521   -77.613   -10.166   24.476   18.351   -26.832   -45.943
   -27.146    0.436   -35.905  -197.261  -365.107  -398.036  -338.489  -220.313
   -96.024   95.874  114.695   -17.754  -184.315  -198.853  -132.687   -61.797
CT1854:165           96.636   89.754   82.517   66.789   42.898    0.575
   -65.556  -108.424  -112.444   -84.615   -64.688   -51.168   -31.817    -8.846
   39.817  106.930  128.198   93.930   56.678   -55.711  -313.701  -440.844
  -381.111  -158.765   -81.944  -138.892  -191.551  -150.680   -81.325   -26.890
CT1854:160          104.388   94.708   82.072   69.602   55.550   16.212
   -64.289  -116.158  -127.559  -116.057   -98.795   -60.677    -6.816   28.527
   66.378  101.691  183.999  407.445  514.232  334.011  -134.691  -377.513
  -362.486  -221.751  -198.030  -198.483  -189.714  -141.843   -70.709   -11.160
CT1854:155           26.018   33.556   40.890   50.660   53.778   20.646
   -62.363  -115.298  -128.861  -119.887  -107.560   -81.581   -48.386   -14.608
   31.555   87.139  304.883  915.779 1342.405 1164.191  342.341  -140.511
  -242.255  -196.116  -212.028  -219.168  -217.407  -179.107  -102.205   -23.739
CT1854:150           61.833   66.701   66.897   57.998   42.767   14.272
   -36.469   -72.625   -82.226   -71.147   -71.236   -74.870   -78.218   -63.791
   -21.416   21.788  188.510  743.642 1247.005 1257.103  800.584  444.219
  224.120   -30.423  -155.245  -193.122  -210.992  -163.340   -89.907   -33.956
CT1854:145           90.068   79.777   64.322   45.014   29.852   30.008
   47.148   54.595   38.800    8.213   -15.803   -50.005  -106.967  -137.817
  -146.151  -170.064   -47.004  400.722  926.996 1036.568  835.352  672.676
  485.438  154.282   -46.240  -140.525  -201.540  -216.529  -151.936   -65.794
CT1854:140          114.848   98.445   80.069   46.139   12.856   21.643
   89.897  130.000  108.795   35.525   -19.534   -46.547   -44.088   -78.876
  -238.314  -519.267  -563.164  -462.194  -395.041  -194.063  402.690  803.691
  740.073  286.144    -3.349  -139.124  -241.160  -231.647  -116.462   -42.126
CT1854:135          120.526   94.566   67.014   33.708   10.780   26.905
   89.761  123.174  109.164   59.481   14.152   -28.100   -54.303  -123.839
  -357.361  -732.907  -863.021  -838.483  -680.372  -371.565  447.077 1169.842
 1139.088  553.176  139.979   -45.059  -200.738  -249.460  -150.496   -64.712
CT1854:130          119.592   86.770   61.457   35.476   13.819   24.856
   72.270   99.920   92.472   71.869   39.715   -26.119  -125.428  -200.181
  -357.176  -634.453  -770.201  -765.089  -747.706  -529.255  242.985 1008.715
 1045.544  532.443  226.164   62.468  -160.246  -253.377  -205.812  -110.496
CT1854:125          123.174   95.037   69.258   44.032   29.061   39.360
   87.101  125.294  115.020   73.744   42.843   -21.748  -153.812  -235.569
  -217.285  -105.237   -92.630  -319.272  -673.325  -669.843  -237.137  254.296
  371.179  364.080  303.192  132.665  -128.670  -191.655   -95.827   -38.754
CT1854:120          140.640  113.074   88.181   52.778   17.919   31.840
   97.476  141.824  127.229   39.788   -23.272   -39.801   -41.327   -34.723
   22.373  184.292  246.964   63.879  -338.365  -481.581  -461.538  -444.602
  -381.216   -46.492  183.844   74.177  -167.664  -232.361  -177.426   -87.708
CT1854:115          155.767  116.146   74.646   30.447    1.069   10.731
   72.633  121.684  121.224   49.854    -9.881   16.393  112.054  155.948
  216.870  272.506  290.405  438.348  544.929  409.195   -50.726  -705.359
  -730.988  -238.729   73.804   49.291  -119.839  -190.078  -157.925   -85.139
CT1854:110          188.075  138.124   89.851   25.566   -30.881   -31.756
   30.155   78.013   96.199  117.242  128.391  160.694  274.948  342.291
  366.972  350.670  368.233  715.193 1654.047 1782.413  543.821  -600.820
  -675.303  -226.151   44.004    2.040  -155.738  -162.797   -83.465   -28.800
CT1854:105          179.555  131.217   78.921   21.699   -19.804   -22.422
   14.478   47.749   70.492  127.687  157.478  130.625  108.837  184.362
  162.851  125.549  119.514   32.997  -341.118  -522.462  -371.006  -368.137
  -378.918  -223.226   -99.593   -75.745  -108.481  -122.196   -94.506   -52.737
CT1854:100          154.153  117.921   83.606   42.034    0.626   -10.186
    3.257   16.181   23.777   47.667   39.139  -134.930  -625.836  -899.775
  -617.344   -20.046  140.313  -240.530  -855.687  -940.875  -492.479   -29.378
    1.892   -82.209  -114.387  -118.672  -116.461  -107.191   -89.262   -67.499
CT1854:095          133.553  104.581   75.263   45.197   20.585    7.151
    -0.507    -4.161   -13.180   -28.751   -43.944  -107.692  -260.467  -308.626
  -234.480    -7.872   67.720   -58.053  -229.202  -162.996  172.646  438.429
  372.044   54.182  -113.274  -128.626  -114.630  -107.053   -83.806   -67.199
CT1854:090          122.729   95.738   70.247   40.881   12.029    0.389
    0.330    -6.626   -11.869   -29.112   -32.134   90.138  424.616  587.938
  417.312   76.428    5.574  303.561  725.201  828.666  830.453  829.178
  647.873  129.433  -119.948  -132.767   -99.324   -93.185   -87.098   -79.573
CT1854:085          125.240   99.503   73.759   47.061   24.238   18.437
   33.155   32.814   16.923   -33.973   -42.506  108.513  420.923  509.910
  362.264   29.302  -100.060   -48.245   -61.401   -26.958  166.103  226.420
  161.066   -58.928  -176.260  -154.604  -100.018   -79.884   -76.988   -74.169
CT1854:080          130.457  107.259   83.751   55.079   24.812   11.179
   15.251    2.470   -26.298   -87.064  -117.650   -65.657   42.192   46.566
   -53.831  -208.189  -307.256  -495.411  -693.041  -724.647  -665.543  -597.716
  -517.266  -342.181  -240.642  -164.451   -88.382   -58.526   -55.980   -59.318
CT1854:075          143.498  110.387   74.722   36.656    5.010   -12.166
    -5.698   -17.140   -71.334  -171.262  -234.708  -258.089  -225.759  -228.589
  -368.072  -558.473  -619.637  -713.761  -765.655  -800.988  -906.627  -929.036
  -809.285  -461.371  -244.170  -169.519  -106.610   -75.725   -76.963   -68.374
CT1854:070          155.627  110.872   66.082   13.606   -34.163   -54.437
   -38.831   -49.784  -122.464  -264.853  -380.718  -438.930  -486.989  -551.308
  -608.051  -756.261  -792.464  -650.172  -479.977  -495.918  -743.648  -915.017
  -854.591  -536.936  -299.788  -202.071  -127.016   -80.583   -70.345   -65.476
CT1854:065          159.710  105.052   50.028    -6.048   -56.480   -90.136
   -85.486   -99.705  -170.334  -288.524  -387.118  -494.508  -585.883  -542.621
  -577.909  -508.404  -368.381  -215.617    -9.236   15.408  -316.604  -597.870
  -620.962  -408.176  -270.581  -237.841  -153.324  -103.092   -88.535   -79.755
CT1854:060          160.620  102.698   50.059    6.342   -35.960   -86.646
  -146.276  -197.606  -256.236  -320.491  -383.688  -550.895 -1011.676 -1232.293
  -968.155  -365.367   -66.927  182.460  482.873  589.283  356.365   -61.679
  -110.729  -119.348  -240.609  -252.600  -151.150  -130.694  -117.964  -100.067
CT1854:055          164.043  113.421   64.999   18.534   -31.329   -98.187
  -207.370  -285.957  -318.578  -305.402  -317.735  -439.164  -796.556  -920.990
  -623.911   13.963  321.629  519.753  677.990  858.399 1623.579 2384.452
 2015.885  561.471  -212.106  -281.071  -206.249  -169.394  -121.961   -94.081
CT1854:050          169.632  119.318   67.160   13.603   -43.886  -116.082
  -233.417  -301.754  -278.430  -157.865   -85.356   -69.459   -61.772   41.755
  227.583  612.914  804.538  734.511  534.336  653.984 1550.972 2235.748
 1921.592  655.357  -133.283  -203.754  -156.679  -150.145  -112.759   -81.670
CT1854:045          168.670  110.829   51.534    -8.273   -66.097  -124.440
  -220.279  -265.989  -178.976   56.224  221.801  348.019  458.003  535.911
  685.018  846.829  843.716  577.792  199.498   37.736   -71.712  -144.011
  -190.194  -219.402  -217.101  -181.648  -146.485  -135.196  -110.866   -81.630
CT1854:040          156.437   96.850   35.602   -31.009   -88.697  -121.121
  -157.210  -169.555   -73.228  163.514  339.616  543.345  835.897  988.676
  982.590  796.259  626.733  289.364  -172.906  -552.058 -1449.123 -2201.418
-1984.118  -840.415  -261.906  -194.108  -177.316  -136.615  -109.879   -77.153
CT1854:035          132.062   71.096   16.804   -41.019   -89.766   -94.098
   -52.790   -28.042    5.225   50.945  132.318  325.561  767.064 1052.179
  987.502  777.281  639.970  319.075  -144.088  -484.786 -1132.818 -1639.658
-1516.662  -678.722  -196.893  -148.851  -207.793  -169.314  -120.300   -75.008
CT1854:030          175.022  104.765   30.877   -50.702  -106.470   -83.310
   35.644   80.409    9.716  -269.209  -407.374  -261.082   84.350  263.858
  404.235  563.620  580.566  467.523  350.761  142.691  -281.076  -554.277
  -575.433  -307.576  -117.296   -85.382  -144.236  -153.893  -132.952   -92.668
CT1854:025          170.445  104.148   43.938   -28.639   -88.545   -79.079
   53.823  107.138    -6.732  -391.983  -581.243  -500.459  -272.902  -133.324
   11.226  202.824  297.030  370.010  566.080  487.721  103.068  -178.896
  -236.442  -147.131  -105.903  -110.218  -172.891  -161.882  -118.498   -81.492
CT1854:020          152.038   88.129   27.732   -31.407   -76.937   -89.346
   -53.270   -64.960  -162.643  -385.832  -448.401  -393.027  -175.338    -8.265
   -24.351  -135.429   -71.448  125.760  105.607   72.043  151.958   -40.256
  -137.230  -147.793  -167.718  -163.931  -173.434  -163.743  -124.253   -85.457
CT1854:015          145.154   88.221   33.328   -19.185   -69.668  -127.854
  -203.288  -272.388  -346.058  -495.651  -562.871  -420.897   -90.920   66.206
    -8.922  -250.852  -183.332  609.780 1808.035 1861.644  895.449  147.784
   -34.617   -93.374  -147.229  -162.933  -171.768  -167.320  -137.043   -95.821
CT1854:010          148.492   97.818   45.904    -5.950   -61.093  -133.173
  -240.371  -305.357  -322.951  -329.699  -300.751  -199.427   13.531  117.608
   56.395  -138.733   -69.950  603.623 1530.579 1608.330  867.036  187.916
   37.309   -33.141  -101.839  -138.314  -163.088  -158.485  -119.301   -79.310
CT1854:005          158.149  101.855   46.823    -1.693   -53.317  -128.434
  -266.912  -350.072  -315.089  -184.001  -106.456   -22.518   97.590  156.320
  137.835   31.015   70.545  372.514  961.400 1013.821  532.159  196.099
   81.675   -17.915   -84.590  -112.752  -136.014  -130.761   -83.285   -50.985
CT1855:360          155.925  111.226   66.673   23.219   -34.674  -121.410
  -251.557  -302.107  -206.555   97.539  247.491  242.868  122.052  106.538
  184.092  261.614  250.107  -374.477 -1414.553 -1475.758  -554.952   -50.340
   -26.272    8.712    2.369   -53.250  -121.202  -138.130  -113.656   -84.554
