
filled_synop: 30 data points in equal steps of sine latitude from +14.5/15 to  -14.5/15

CT1871:360           44.113   39.867   50.396   52.656   18.496   -14.739
   56.730  312.441  465.273  417.593  196.935  117.473  210.996  381.012
  376.792  246.941   49.201   -63.653  -119.965  -177.576  -158.485   -90.729
   -31.167   -15.543   -78.591  -125.313  -121.217   -92.793   -68.932   -49.352
CT1871:355           67.213   61.747   58.656   49.933   21.334    5.130
   67.761  240.434  335.787  338.341  227.000  186.158  334.249  594.058
  625.217  450.440  198.446   90.855   34.663   -38.126   -51.331   -24.802
   -12.764   -21.069   -63.352   -99.970  -101.195   -81.064   -66.762   -56.005
CT1871:350          102.718   90.790   71.282   55.485   40.951   33.250
   70.091  151.631  221.069  263.594  311.588  339.043  365.647  413.958
  400.660  305.122  166.329  102.434   75.294   49.804   29.050   12.012
    -7.502   -26.872   -57.847   -81.965   -86.549   -80.278   -75.119   -69.560
CT1871:345          109.061   90.549   69.914   56.767   44.746   37.687
   73.662  144.639  199.895  241.679  287.566  296.208  262.101  192.001
  153.772  128.658   96.979   71.817   64.687   55.126   39.480   20.104
    -1.696   -27.198   -61.281   -89.128  -101.449  -106.241  -106.578  -100.740
CT1871:340          126.820   97.954   58.621   38.355   36.234   44.733
   88.180  183.405  246.901  259.646  263.875  252.905  175.120   74.657
   40.835   47.136   72.662   74.602   74.665   70.633   62.536   48.581
   24.482    -5.848   -48.699   -85.000  -104.276  -113.705  -120.108  -123.413
CT1871:335          129.754   94.894   47.078   28.228   37.559   50.449
   90.139  177.601  222.959  214.456  164.191  124.582   72.768    2.918
   -18.422    3.971   34.107   54.237  110.428  158.189  146.024   99.013
   65.180   29.703   -23.912   -65.350   -87.275   -98.263  -113.855  -134.378
CT1871:330           84.162   44.854   15.646   11.443   41.405   74.868
  111.455  186.056  227.448  196.997  121.903   80.230   32.159   -16.091
   -24.618    7.811   57.087   81.766  111.155  134.825  130.443   95.820
   56.660   27.484    -0.669   -31.405   -57.558   -79.785  -107.139  -136.786
CT1871:325           73.664   47.269   21.009   16.093   48.187   81.991
  106.088  135.881  143.972  115.858   55.107   18.945    -6.935   -26.275
   -19.987   14.010   59.574   88.738  115.905  140.982  136.946  117.011
   92.766   60.344   25.827   -10.205   -48.118   -88.243  -123.737  -152.331
CT1871:320           65.945   61.756   53.006   51.579   65.088   82.774
   88.229   87.357   79.743   46.637   -11.034   -45.607   -47.638   -39.104
   -13.332   39.704   91.798  129.714  159.644  176.128  164.586  140.502
  114.108   76.224   28.311   -13.768   -48.280   -82.671  -115.244  -144.484
CT1871:315           66.901   64.038   60.021   61.138   67.812   76.327
   77.038   72.997   61.404   24.179   -33.707   -63.143   -62.462   -51.916
    0.422  164.999  317.965  356.117  312.983  241.765  201.838  148.933
   99.160   62.236   27.185    -9.984   -46.445   -82.427  -116.466  -148.155
CT1871:310           70.107   64.616   56.596   58.515   77.371   94.222
   93.074   82.184   64.526   24.022   -36.530   -65.989   -65.008   -53.573
    4.965  255.124  534.101  574.334  414.521  265.816  224.958  169.742
  114.270   72.301   30.734    -9.092   -47.475   -86.154  -123.817  -157.701
CT1871:305           65.150   48.083   37.773   42.189   74.789  106.459
  109.510  102.766   81.291   35.993   -43.394   -84.253   -73.393   -59.511
   -43.606   49.292  221.348  258.545  207.331  193.112  187.534  148.489
  115.405   79.608   30.603   -12.764   -52.592   -91.250  -128.216  -163.457
CT1871:300           64.647   55.540   52.809   64.141   95.538  116.480
  116.591  119.151  101.755   51.336   -12.881   -41.382   -57.801   -53.976
   -80.265  -310.240  -608.400  -536.732  -160.904   63.488  110.283  109.225
   96.690   76.731   37.534    -4.654   -47.060   -87.582  -125.894  -163.032
CT1871:295           65.242   68.968   73.364   81.483  108.373  122.688
  107.139   71.115   37.010   -17.175   -90.241  -116.310   -98.874   -71.714
   -97.781  -182.013  -175.657  -170.287  -105.331   23.774   86.996  148.958
  187.658  160.463   72.711    9.507   -34.700   -75.595  -116.679  -155.172
CT1871:290           74.500   65.688   62.718   70.432  100.128  114.046
   79.939    4.156   -38.271   -89.654  -156.764  -173.590  -116.296   -48.828
   -67.035  -161.095  -245.623  -229.816  -137.160   -50.566   26.528  138.995
  205.878  185.655   91.356   12.941   -29.706   -59.669   -89.820  -122.131
CT1871:285          101.094   81.960   61.303   51.220   66.034   72.093
   15.478  -115.039  -184.560  -159.980   -84.438   -59.583   -39.518   -13.868
   -40.725  -145.134  -243.610  -244.873  -188.986  -124.724   -43.945   97.056
  187.761  173.003   78.344    6.748   -20.858   -30.719   -58.881   -99.966
CT1871:280          117.465   96.977   67.720   50.534   49.863   44.057
    -3.516  -132.466  -185.610  -119.730   24.834   72.018   65.694   47.272
   12.267   -85.653  -175.394  -189.230  -170.062  -132.230   -66.633   74.934
  171.960  157.371   62.011    -4.014   -38.661   -62.335   -89.619  -123.704
CT1871:275           99.204   73.205   50.645   40.636   51.457   57.732
   26.945   -52.386   -91.825    -8.448  132.484  158.442  122.994   60.387
   25.553   -24.682   -84.264   -91.534   -93.204   -82.015   -41.248   64.570
  137.689  125.119   71.296   23.791   -35.723  -104.458  -151.199  -183.377
CT1871:270           62.153   45.937   37.677   39.162   54.455   71.541
  106.099  175.599  206.321  197.231  169.346  138.658  103.480   43.388
   20.494   24.162   15.134   27.447   16.660    -4.434   14.146   30.532
   26.865   24.931   36.359   28.670   -17.898   -90.904  -158.332  -212.107
CT1871:265           56.870   47.415   41.878   42.830   47.645   54.036
  100.538  230.996  283.030  227.983  135.049   69.837   -21.632    1.324
   -16.852   -43.006   33.826   87.676  172.983  230.550  194.524   59.706
    -7.586   -12.820   13.434   13.928   -29.943   -97.653  -156.178  -212.769
CT1871:260           72.387   59.538   51.227   51.885   57.218   67.405
   85.425   97.233   95.757   97.828   56.102   -30.759  -360.792  -876.599
  -877.278  -364.500   -39.336   41.230  134.950  182.223  152.443   27.549
   -48.424   -48.584    -5.194   14.218   -19.170   -81.701  -138.449  -191.775
CT1871:255           99.775   85.228   66.186   61.158   75.406   84.935
   78.642   54.152   55.147  125.020  273.903  253.627    2.530  -160.293
  -204.811  -178.033   -71.479   -33.826   -34.470   -46.904   -50.155   -74.592
   -91.071   -72.946   -18.264    8.806   -15.552   -65.665  -113.957  -168.488
CT1871:250          114.687   89.044   61.661   53.520   75.869   88.808
   73.348   25.558   20.458   93.765  200.113  203.249  168.971  126.922
   82.470    -7.906   -75.438  -101.483  -177.393  -226.938  -224.072  -171.346
  -124.584   -89.343   -27.380    5.170   -15.669   -64.191  -109.786  -157.448
CT1871:245          130.087   94.499   53.682   32.597   44.722   51.290
   41.048    7.593    -1.643   33.116   88.170   99.770   98.527   75.416
   48.991   17.791   -27.675   -78.211  -190.675  -267.488  -266.248  -198.392
  -145.227  -110.023   -45.815    -4.519   -27.994   -79.489  -115.936  -150.732
CT1871:240          141.603   97.841   49.415   26.623   36.666   44.664
   34.926   13.930    8.311   24.663   61.855   69.186   28.871   -30.568
   -40.956   -21.521    0.539   -24.794   -92.224  -133.701  -158.121  -167.586
  -156.891  -124.324   -47.406    -1.202   -17.336   -62.137  -102.770  -143.565
CT1871:235          142.881  101.875   63.100   43.453   46.891   47.178
   36.926   14.890    5.101   12.486   36.422   32.923   -39.115  -124.236
  -114.861   -22.204   63.112   67.741   30.219    -7.534   -46.131   -94.765
  -117.180   -93.819   -15.829   29.435    7.533   -41.684   -85.772  -137.930
CT1871:230          146.182  113.000   70.145   46.739   47.378   43.395
   38.410   32.898   26.296   11.052   -23.565   -37.825   -10.634    -7.554
   49.645  210.620  226.795  266.679  246.626  144.013   81.845    -9.243
   -70.431   -59.020   15.641   45.715   18.582   -36.247   -91.561  -146.856
CT1871:225          119.298   87.615   55.721   36.948   34.821   32.131
   36.010   46.779   45.429   45.142   41.737   31.859   60.721  148.711
  209.918  494.716  877.127  786.829  402.079  235.814  189.032   75.885
    -3.864    -9.808   21.457   28.340   -10.792   -72.972  -120.104  -163.115
CT1871:220           81.870   65.634   54.571   37.065   14.056    1.163
    9.909   42.816   49.855   26.279   10.141   -21.479  -157.357  -303.848
  -300.178  -281.054  -348.693  -214.887   90.433  221.299  206.660  124.364
   79.408   59.826   43.773   20.361   -20.319   -75.753  -128.401  -175.266
CT1871:215           66.098   55.321   55.930   34.620   -29.811   -68.271
   -55.374    -1.604    9.128   -43.093  -141.826  -190.113  -236.169  -285.031
  -332.774  -493.709  -585.732  -466.894  -130.333   52.052   87.643   96.522
   96.402   77.297   48.125   18.934   -26.549   -84.134  -134.459  -183.670
CT1871:210           79.421   52.280   24.333   -12.021   -63.397   -93.265
   -78.696   -20.516    -1.112   -13.282   -26.210   -53.287   -97.206  -127.914
  -167.491  -211.516  -170.072  -162.684  -120.390   -45.488    4.452   43.317
   60.751   55.798   44.883   21.253   -24.107   -80.162  -133.227  -182.970
CT1871:205           94.869   59.547   25.025    -7.845   -45.818   -71.365
   -67.790   -46.504   -29.337   24.324   98.831   87.453    8.895   -35.146
   -67.044  -101.797  -107.175   -80.270   -60.048   -31.952    5.669   53.746
   81.716   70.696   45.672   18.070   -27.041   -81.589  -129.379  -172.926
CT1871:200           98.633   74.702   49.156   20.459   -17.634   -45.250
   -50.996   -49.080   -32.657   26.017   91.821   67.769  -122.334  -359.388
  -351.493  -158.868   -60.184   -22.080   12.170   35.142   60.131   86.413
   96.333   77.383   38.291    4.894   -36.436   -84.376  -126.158  -165.146
CT1871:195          110.196   79.830   47.402   17.214   -17.556   -41.969
   -43.664   -38.560   -25.215   28.006   95.099   81.745   -18.508   -73.780
   -89.876   -50.110   18.167   43.756   79.270  115.346  110.440   84.868
   75.262   61.589   36.054    8.476   -30.602   -77.608  -125.905  -174.295
CT1871:190          116.948   85.613   51.472   21.441   -13.932   -38.226
   -35.472   -20.803    -7.967   18.860   46.147   47.045   46.005   49.279
   33.829   -20.221   -44.610   -30.114   -13.001    -4.514   12.632   37.085
   42.250   33.308   17.578    -5.480   -47.816   -99.288  -146.282  -194.875
CT1871:185          103.884   72.990   41.689    9.727   -31.706   -57.856
   -44.304    -0.324   20.560   11.439    2.050    9.887   19.256   16.498
   21.839    -2.460   -41.891   -37.518   -44.501   -55.523   -38.507    7.071
   22.987   19.003   22.813   11.628   -33.369   -93.256  -147.279  -197.522
CT1871:180           97.021   66.416   36.740    5.042   -40.149   -70.118
   -56.113   -16.732    4.796    -5.041   -34.355   -21.024   45.580  108.247
  135.298  198.361  250.984  208.943  102.566   50.392   18.374    -0.647
    -3.835    -1.672   20.046   15.340   -31.271   -94.211  -146.237  -196.093
CT1871:175          103.437   69.062   36.848    3.394   -39.495   -66.778
   -50.008    -1.299   33.345   62.544   95.557  119.994  148.304  186.199
  216.362  282.061  327.850  309.131  213.138  126.393   82.402   40.932
   15.633    8.989   24.090   14.783   -25.472   -79.124  -130.292  -182.357
CT1871:170          123.145   85.541   43.972    5.931   -35.791   -60.211
   -37.408   26.761   73.347  126.873  182.165  206.800  207.074  194.704
  204.350  222.249  228.738  231.493  232.664  216.089  179.390  102.379
   47.061   30.415   35.646   24.096   -16.263   -68.142  -117.334  -167.544
CT1871:165          139.534   97.725   49.732    8.511   -36.417   -66.595
   -39.291   37.816   87.255  139.435  201.166  222.954  198.479  160.617
  156.773  139.614  129.191  149.164  219.537  250.193  214.944  130.700
   70.692   50.668   57.267   40.721    -3.440   -59.488  -110.894  -161.780
CT1871:160          146.014   94.272   41.493    1.142   -32.451   -51.207
   -25.456   37.567   71.333   90.673   98.564  109.789  118.335  119.004
  134.757  136.789  141.758  153.938  184.252  196.697  173.386  122.357
   81.582   58.413   47.478   26.526   -13.027   -61.858  -112.480  -163.983
CT1871:155          167.358  104.657   41.724    3.530   -18.268   -32.272
   -14.882   35.593   53.791   21.407   -29.872   -24.172   23.569   78.751
  137.834  212.089  256.381  255.789  206.719  172.196  149.683  136.955
  117.181   85.910   53.661   16.310   -32.807   -81.804  -122.469  -158.967
CT1871:150          177.790  119.904   52.568   10.599    -7.377   -19.817
    -8.813   29.226   26.793   -51.530  -147.347  -148.157   -62.493   42.847
  142.897  317.645  428.731  407.623  245.922  154.023  145.696  194.957
  201.779  151.572   66.479    7.862   -36.768   -75.827  -113.680  -152.151
CT1871:145          161.557   98.900   45.203   13.021    -2.470   -13.787
    -8.992   10.173    -3.758   -88.285  -195.792  -203.654  -124.507   -55.745
   71.452  338.644  500.140  475.293  273.451  173.074  182.884  264.289
  273.980  217.089  107.486   27.503   -15.123   -47.496   -94.418  -150.671
CT1871:140          166.214  106.698   47.842   15.082    0.751   -14.488
   -22.671   -22.421   -38.463   -73.466  -122.484  -145.239  -136.305   -79.042
   17.457  232.464  381.101  408.051  297.992  239.286  242.944  286.659
  276.866  213.764  109.362   39.438    -7.458   -51.846  -106.391  -166.521
CT1871:135          164.440  110.389   49.109   15.149    2.243   -15.263
   -34.038   -55.074   -77.098   -61.565   -34.670   -97.761  -328.625  -475.495
  -338.144   39.646  266.579  337.200  345.188  348.764  298.279  194.378
  135.659  120.857  122.558   85.832   13.714   -75.343  -139.677  -188.993
CT1871:130          132.018   78.730   33.961    8.912    0.836   -13.589
   -36.855   -58.878   -81.848  -107.382  -134.926  -230.991  -493.935  -619.672
  -523.600  -171.471   77.562  204.262  312.284  356.074  283.818  127.485
   53.474   43.631   75.251   65.805   10.512   -65.435  -129.789  -186.428
CT1871:125          137.972   84.262   29.641    -0.633    -9.910   -24.066
   -49.480   -79.742   -99.849  -134.010  -196.644  -310.974  -624.799  -833.222
  -735.432  -339.677   -66.292   57.063  186.309  247.194  185.536   39.086
   -27.198   -23.420   39.519   50.715   12.963   -47.020  -106.923  -170.301
CT1871:120          162.228   93.296   18.004   -19.795   -22.140   -32.108
   -47.798   -66.684   -56.698   19.295   85.620   -13.520  -430.234  -757.553
  -688.327  -393.037  -210.387   -84.689  101.036  195.236  121.624   -28.944
   -87.520   -75.481    6.411   20.265   -12.154   -60.305  -103.427  -147.060
CT1871:115          131.565   73.927   24.759    -8.071   -31.428   -48.743
   -53.322   -53.964   -13.844  175.786  363.295  316.120   65.710   -90.393
  -157.272  -210.987  -179.560   -58.484   87.011  130.231  118.364    -6.299
   -79.088   -86.971   -40.988   -27.225   -49.387   -82.037  -107.823  -134.645
CT1871:110          130.266   81.831   33.598    0.282   -28.368   -49.685
   -51.306   -51.089    -3.307  213.315  424.664  421.572  270.639  147.235
   73.538   -49.585   -85.298   43.535  283.712  353.460  297.598   88.709
   -19.555   -47.147   -45.776   -56.225   -71.147   -88.079  -104.304  -124.388
CT1871:105          124.658   83.964   39.579    6.648   -20.281   -40.266
   -41.203   -33.212    2.035  135.524  245.263  260.098  205.887  118.685
   87.488   42.568   37.667  169.559  658.385  894.203  582.506  133.341
    9.109   -27.993   -66.893   -89.175   -94.347   -94.239  -101.991  -114.529
CT1871:100          131.914   97.756   61.495   23.407   -26.571   -58.168
   -58.795   -46.956   -39.978   -28.949   -15.316    -3.878   26.063   44.666
   16.687   -84.032  -140.555  -173.486  -338.774  -433.446  -260.787   -67.912
   -31.466   -41.334   -53.874   -67.160   -82.349   -95.654  -108.842  -123.325
CT1871:095          132.547  100.133   64.055   23.228   -27.788   -64.430
   -71.835   -60.340   -88.393  -228.593  -388.116  -383.330  -222.553   -88.500
   -63.733   -88.667  -113.180  -194.742  -391.523  -454.246  -371.598  -148.826
   -49.006   -39.326   -42.201   -48.020   -67.506   -89.983  -109.954  -129.543
CT1871:090          132.422   89.890   46.017    4.028   -40.567   -75.925
   -92.837   -89.911  -135.350  -322.528  -533.121  -540.082  -349.544  -148.880
   -61.026   48.253   92.951   48.685   -29.403   -73.297   -82.574   -54.234
   -31.893   -28.388   -40.355   -48.931   -64.351   -81.947   -98.925  -116.446
CT1871:085          130.048   85.991   41.539    0.431   -44.262   -78.166
   -99.178  -101.670  -130.479  -286.548  -447.105  -457.427  -318.715  -164.403
   -73.254  169.864  334.564  292.056  103.992    -0.415    -8.845   -22.628
   -25.793   -25.415   -45.227   -56.341   -65.769   -76.598   -85.455   -93.016
CT1871:080          128.696   86.423   37.052    -2.737   -37.724   -63.607
   -66.891   -58.857   -52.871   -80.613  -129.974  -137.959   -97.086   -59.910
   -60.531  -124.156  -195.550  -198.149  -197.828  -202.536  -173.887   -94.834
   -49.966   -47.391   -72.512   -78.272   -77.918   -78.484   -81.897   -88.728
CT1871:075          126.228   85.201   37.393    1.832   -37.355   -47.522
   30.128  165.716  226.125  294.525  374.211  335.267  183.967   50.226
   -87.061  -366.781  -527.536  -552.747  -517.874  -474.765  -383.714  -175.620
   -79.675   -65.997   -75.423   -79.064   -83.842   -86.454   -86.879   -86.536
CT1871:070          114.549   88.926   62.419   35.910   -23.705   -33.540
   93.507  318.326  425.642  525.493  584.998  520.151  294.462   73.845
   -69.246  -307.306  -462.602  -456.369  -385.701  -329.611  -281.570  -175.704
  -119.566  -103.982   -91.163   -81.778   -81.408   -83.245   -83.728   -86.890
CT1871:065          113.453   86.638   54.000   15.160   -38.128   -33.874
   97.043  313.120  413.063  476.651  501.835  416.706  175.354   -10.607
   -78.321   -95.260   -86.500   -32.256   49.083   40.214   30.830   -94.776
  -156.624  -136.243   -77.082   -56.988   -60.327   -74.089   -84.369   -91.636
CT1871:060          112.077   77.693   47.379   29.646    -7.328    3.251
  121.648  287.955  331.730  262.475  195.989  107.143   -54.031  -141.660
  -155.352   -79.463   -20.076  121.098  487.315  618.042  372.811   -40.768
  -177.147  -158.727   -92.586   -64.902   -64.535   -74.661   -80.495   -86.064
CT1871:055          117.804   71.885   20.197    -4.653   -14.057    6.662
  110.182  260.631  273.813   82.327  -113.044  -163.372  -191.794  -241.077
  -219.915  -147.678   -99.600   -64.417   20.841   41.199   -14.013  -108.617
  -148.570  -134.140   -85.881   -69.239   -66.567   -70.876   -72.667   -74.158
CT1871:050          116.683   62.526    4.696   -15.351   -17.384    -4.469
   59.498  153.710  164.558   96.111   12.625   -11.262    -1.982   18.195
    -2.766   -95.382  -116.943  -150.962  -299.620  -367.427  -282.610  -114.189
   -96.357  -108.670   -90.674   -82.108   -73.135   -65.731   -62.726   -62.644
CT1871:045           93.667   49.911   16.301    -0.109    -7.310    1.963
   36.721   76.337   86.923  164.179  246.386  209.668  104.362  118.035
  210.291  380.211  469.417  402.465  195.290   88.080    -6.033   -89.551
  -144.796  -144.469  -111.487   -99.621   -87.333   -74.314   -63.562   -55.358
CT1871:040           94.015   60.109   33.926   30.926   43.889   50.404
   53.528   58.312   38.896   -24.288  -118.222  -128.821  -194.241  -207.823
  160.976  953.804 1318.941 1248.187 1102.036  972.924  591.608   79.720
  -135.882  -153.536  -116.648  -113.248   -99.371   -82.382   -66.331   -48.488
CT1871:035           95.561   69.888   40.108   45.251   90.945   97.613
   65.049   23.073   -61.318  -243.982  -422.084  -435.243  -389.087  -281.382
   91.369  791.232 1112.786 1187.599 1080.007  906.400  617.033  131.448
   -87.005  -119.349  -113.508  -123.870  -108.591   -84.772   -62.947   -39.719
CT1871:030           75.274   50.264   37.060   55.855  111.388  115.080
   58.975   -27.051  -167.961  -433.502  -649.665  -653.596  -491.899  -276.489
   -30.341  343.954  537.407  472.059  224.419   95.196   31.512   19.106
    -4.779   -49.152  -111.630  -135.663  -114.745   -81.780   -57.673   -32.751
CT1871:025           85.049   58.606   39.252   43.987   94.979   98.639
   25.632   -71.152  -249.125  -708.588 -1021.506 -1021.291  -734.499  -484.210
  -316.896  -114.474   -56.845  -226.801  -627.842  -742.853  -485.287   -58.649
   75.973   31.995   -96.258  -143.904  -130.101   -95.525   -66.400   -32.974
CT1871:020          124.571   88.525   53.958   58.462   91.256   74.127
   -21.258  -129.253  -257.931  -730.640 -1196.112 -1087.870  -511.960  -222.815
  -250.560  -273.877  -293.945  -519.121  -660.779  -604.907  -472.938   -79.847
  105.602   63.859  -103.585  -145.805  -131.569   -96.612   -66.638   -36.667
CT1871:015          151.596  108.556   59.175   48.794   84.994   74.658
   -51.901  -237.085  -235.948   55.334  310.430  268.887   71.234   -34.979
  -228.219  -670.197  -931.036 -1063.472 -1393.926 -1437.443  -907.236  -191.647
   38.839   21.864   -91.898  -112.643  -100.825   -76.195   -60.488   -45.064
CT1871:010          125.499   92.167   66.984   57.371   51.929   32.264
   -33.250  -120.264   -34.718  512.342  994.907  920.204  423.153  125.428
   -30.089  -254.863  -427.314  -644.285  -807.620  -788.034  -615.010  -253.531
   -74.624   -47.436   -89.718   -96.301   -87.120   -68.138   -53.866   -42.739
CT1871:005          117.596   93.921   71.031   55.857   33.894   17.455
   26.765   59.394  149.073  366.541  526.664  591.363  541.930  416.547
  285.618  127.631   -29.162  -188.946  -350.180  -396.800  -330.698  -188.307
   -97.893   -80.092   -89.214   -82.537   -72.408   -59.247   -48.502   -38.676
CT1872:360          107.465   87.400   61.080   39.858   15.099    7.741
   50.058  118.595  185.465  255.335  307.308  344.327  416.995  421.623
  359.490  258.673  143.448   49.031   -94.461  -173.231  -158.938  -122.673
   -97.866   -88.487   -88.266   -80.707   -70.552   -58.005   -48.732   -41.575
