
filled_synop: 30 data points in equal steps of sine latitude from +14.5/15 to  -14.5/15

CT1834:360           67.805   85.912   88.061   46.672   -43.328   -88.613
   -46.108   29.680   41.207   12.715   -25.927   -86.683  -199.143  -158.037
  265.047 1075.428 1350.011 1102.064  761.834  629.000  474.680  298.973
  188.810   66.795   -57.105   -95.710   -80.889   -68.180   -52.966   -29.623
CT1834:355           31.691   51.438   74.181   37.928   -63.756  -140.878
  -183.686  -217.350  -263.626  -359.655  -440.805  -447.691  -381.173  -262.133
   16.337  397.973  550.915  612.244  619.233  611.766  473.103  306.335
  206.342   59.865   -94.392  -139.885  -103.211   -63.770   -31.235    1.010
CT1834:350           35.508   58.290   74.945   17.079   -98.489  -193.876
  -283.730  -364.454  -447.626  -626.062  -748.249  -701.015  -504.174  -379.731
  -437.637  -622.553  -575.657  -314.283  112.971  262.595  263.863  214.732
  135.022   -10.085  -151.540  -184.725  -130.839   -72.724   -29.696   12.516
CT1834:345           55.238   79.904   90.051   20.559  -128.712  -241.177
  -343.676  -444.525  -536.455  -681.609  -767.710  -696.323  -444.477  -317.097
  -540.695 -1028.888 -1066.920  -594.581   31.831  226.993  214.953  160.962
   95.205   -30.360  -142.294  -167.852  -117.821   -67.827   -31.143    6.419
CT1834:340           39.882   50.218   68.884   -12.168  -172.532  -287.483
  -356.664  -412.614  -494.721  -631.787  -700.950  -588.618  -338.230  -225.022
  -262.746  -389.882  -345.989   -59.629  288.048  407.801  325.980  160.594
   82.355   -26.102  -124.177  -149.531  -113.506   -69.476   -33.307    3.130
CT1834:335           71.546   84.465   72.191   -17.055  -179.946  -291.477
  -344.609  -389.710  -463.595  -594.805  -631.347  -479.397  -132.937   26.401
    -5.631   -73.704   -62.540   90.334  360.353  393.939  239.607  135.963
   89.390   -27.512  -137.755  -156.837  -112.843   -71.564   -35.641    6.143
CT1834:330           63.105   75.644   66.790   -30.306  -176.684  -272.233
  -318.629  -361.226  -434.392  -613.070  -673.385  -483.277  -101.336   49.759
   31.960   -78.193  -143.447  -319.563  -517.260  -479.603  -200.476   41.933
   72.781   -42.498  -143.335  -155.275  -118.239   -70.580   -32.944    0.948
CT1834:325           28.624   41.949   69.429    -5.854  -159.132  -251.994
  -294.776  -325.653  -375.470  -518.187  -550.517  -383.046   -39.588   89.521
   66.086   -33.737  -136.055  -493.653  -870.844  -829.934  -399.848   -36.039
   26.923   -40.330  -101.699  -107.687   -78.179   -50.194   -35.854   -21.613
CT1834:320           31.744   48.829   45.623   -17.125  -115.571  -192.125
  -267.471  -321.535  -285.373  -126.923   -25.173    2.573   -35.160   -40.193
  174.778  610.073  584.798    -9.220  -460.549  -450.128  -183.169   40.035
   87.834   44.801    1.285   -15.491   -25.872   -31.814   -37.286   -42.934
CT1834:315           -17.092    -2.418   19.808    -8.261   -57.852  -113.760
  -290.018  -473.106  -361.630  150.682  423.984  324.595   46.947   -91.705
  -514.664 -1279.591 -1310.565  -472.655  169.345  234.887  117.884   66.431
   79.906   41.218    0.381   -10.000   -18.944   -30.526   -41.172   -51.300
CT1834:310           20.425   33.703   38.559    6.498   -49.222  -116.825
  -262.002  -386.191  -300.753   36.294  217.956  188.113   30.026  -107.952
  -557.774 -1187.618 -1241.915  -643.840   -59.283   62.706   39.569    7.527
   23.966   36.617   45.460   36.796    7.710   -20.673   -44.932   -69.813
CT1834:305           44.422   62.719   69.716   31.021   -35.626   -98.095
  -219.781  -338.311  -292.094   -73.430   47.115   50.557    3.894   -88.166
  -360.764  -590.188  -612.649  -493.269  -254.187  -164.112  -121.784   -92.482
   -53.757    5.920   63.070   70.796   30.717   -15.394   -55.950   -95.365
CT1834:300           37.350   66.364  108.038   74.461   -19.292   -79.275
  -133.602  -174.120  -160.149  -102.802   -52.463   -25.665   12.476   -18.175
   -49.123   -12.583   -38.675  -203.756  -307.762  -287.468  -252.961  -218.532
  -164.907   -13.387  114.411  124.139   43.880   -32.555   -79.776  -130.265
CT1834:295           65.255   96.521  110.052   76.847   13.139   -30.230
   -38.531   -32.635   -32.120   -62.715   -65.933   -26.733   43.686   57.711
   82.552   90.796   71.653    6.027   -96.563  -138.084  -232.814  -307.971
  -262.706   -50.731  140.436  165.429   85.741    -8.948   -82.709  -147.870
CT1834:290           54.219   82.303  102.334   80.135   11.779   -33.993
   -38.865   -35.212   -16.245   21.523   48.343   70.564   96.070  104.141
  106.768  102.889  111.328  190.854  245.793  181.788   -47.173  -271.182
  -268.334   -76.170  116.871  149.084   64.900   -16.588   -75.287  -129.697
CT1834:285           43.100   71.047   99.350   74.292    -5.036   -54.352
   -69.463   -72.005   -28.646  107.720  206.970  193.288  108.411   66.616
   70.289   74.692   94.694  235.916  428.402  371.013   38.866  -252.731
  -271.139   -96.358   82.542  118.490   56.821   -11.118   -60.436  -106.648
CT1834:280           54.327   90.533  107.228   64.237   -31.467   -80.574
   -91.745   -85.670   -35.715  110.839  201.642  160.558   38.619   -15.026
   -26.734    -1.250   17.902   -42.696  -163.945  -211.453  -259.776  -327.200
  -310.643  -133.400   53.253   94.377   47.288    -7.788   -50.632   -92.277
CT1834:275           23.656   59.207  111.808   66.369   -83.853  -141.072
  -104.846   -42.035    7.099  103.705  126.897   21.516  -236.006  -320.496
  -253.680  -104.426   -41.272   -39.506   -55.873   -99.692  -233.324  -319.552
  -305.889  -117.892   70.927   99.093   39.070   -17.848   -50.791   -86.640
CT1834:270           49.155   85.029  102.120   42.378  -106.271  -162.944
   -73.569   59.580  111.481  153.894  145.688   21.354  -308.170  -433.078
  -298.309   -66.490   42.367  162.959  273.028  250.961   42.837  -158.553
  -187.251   -81.012   35.810   59.791   37.787    9.505   -17.832   -44.459
CT1834:265           49.703   84.215   95.525   22.608  -119.270  -157.039
   -26.465  148.610  188.015  201.779  190.845   93.432  -173.892  -265.090
  -133.855   40.049  142.995  350.998  565.230  572.603  364.261  122.492
   59.586   65.863   50.229   24.838   17.011   13.131    7.286    -2.721
CT1834:260           11.225   44.572   96.018   56.560  -102.585  -150.147
   -14.457  156.163  145.612   91.784  133.990   74.143  128.308  211.670
  195.578  197.231  268.183  445.560  613.490  650.569  627.936  577.768
  488.134  258.685   62.052    7.676   16.783   20.158   16.738   16.058
CT1834:255           27.677   56.309   71.988   64.592   65.518   69.660
   55.779   34.016   -63.529  -503.382  -827.743  -598.962   -25.164  172.228
  175.971  136.393  160.480  229.204  295.523  344.937  446.134  516.114
  472.849  274.118   54.473   -10.068    3.573   23.326   32.226   39.344
CT1834:250           22.658   40.837   57.685   89.891  135.413  156.680
  144.129  119.129   53.241  -118.380  -284.213  -270.054  -156.404  -120.371
   -70.253    -7.994    2.319  -116.444  -280.537  -247.986    4.875  261.898
  293.073  171.462   35.092    -4.116   12.921   32.998   46.126   59.069
CT1834:245           12.701   24.617   40.654   77.606  147.822  198.804
  249.670  295.500  299.637  446.936  598.989  330.038  -176.960  -324.189
  -247.647   -92.920   -67.131  -237.112  -457.075  -447.901  -228.779   21.051
   79.894   26.327   -26.549   -29.473    1.732   35.648   59.272   77.331
CT1834:240            9.510   24.606   52.340   99.049  161.708  209.489
  281.431  359.134  288.098    -2.513  -263.465  -364.184  -455.442  -485.435
  -383.580  -132.996   -68.780  -167.510  -271.051  -269.044  -197.966   -95.892
   -57.131   -57.706   -58.914   -39.948    -8.274   27.736   54.921   76.565
CT1834:235           36.344   64.533   87.156  133.042  198.602  242.198
  300.021  362.712  272.352  -139.171  -474.202  -541.351  -646.362  -722.669
  -478.180  -131.204   -45.777   -92.850  -137.564  -141.931  -136.050   -97.791
   -78.228   -43.857    -2.534   16.913   21.068   27.121   32.895   37.359
CT1834:230           29.369   62.088  100.090  169.860  271.413  332.035
  343.116  341.978  317.912  340.318  353.568  172.620   -93.243  -178.001
  -177.351  -100.881   -38.026    -6.215    6.040    -2.706   -82.308  -147.010
  -145.690   -45.621   58.964   80.305   62.472   36.866   21.702   13.640
CT1834:225           19.124   59.231  103.980  168.882  274.905  338.170
  321.169  274.711  293.278  453.607  522.886  413.442  192.692   92.423
   19.431   -25.669   42.101  184.051  333.542  338.223  138.302   -71.915
  -129.541   -42.003   68.416   83.391   59.916   36.522   26.940   21.214
CT1834:220           21.162   67.695  111.184  168.757  247.741  296.869
  290.756  253.621  254.068  327.393  340.781  278.118  101.517    -0.724
   -32.094   -50.443   63.296  414.563  790.106  839.973  565.513  195.482
   43.646   30.464   39.894   30.733   47.117   52.412   50.266   50.030
CT1834:215           10.241   63.658  117.988  165.806  218.788  253.061
  281.716  294.993  263.540  220.956  204.531  159.825    5.866   -65.462
   -19.232   -42.096   90.617  742.530 1418.367 1514.602 1197.956  595.798
  397.062  276.007   55.943   -31.950   -10.618   27.762   56.084   79.766
CT1834:210            5.511   70.958  141.130  189.231  230.975  252.702
  277.919  302.433  222.152   -57.087  -189.372   -66.764  310.787  482.319
  424.304  223.763  286.379  951.678 1975.458 2050.955 1633.556 1520.309
 1275.904  571.632   28.981   -62.158   -13.881   22.268   49.766   92.654
CT1834:205           21.174   81.103  138.976  186.333  243.341  262.894
  213.445  128.506    -6.475  -441.123  -720.780  -386.906  571.664  998.222
  865.795  557.484  465.655  151.071  -424.043  -488.846  -192.631  -118.165
  -138.435   -50.889   -14.639   -26.997    -4.707   32.358   63.718   94.223
CT1834:200           35.676   92.566  145.756  182.848  227.574  219.595
   91.634   -93.297  -234.191  -511.671  -645.757  -342.379  466.295  849.079
  868.346  762.940  647.379   -24.163  -965.345 -1123.023  -800.254  -563.402
  -493.277  -259.482   -49.786   10.366   30.271   57.037   78.463   91.228
CT1834:195           43.288   98.363  160.380  190.155  222.797  212.904
   39.272  -192.955  -294.490  -365.190  -353.844  -177.802  191.454  377.355
  518.247  623.996  598.184  428.849  479.077  396.035  211.015  271.652
  255.642  162.596   89.606  101.498  103.266   86.448   76.200   66.837
CT1834:190           45.376   95.095  141.303  164.342  180.787  165.984
   80.757   -35.199  -117.446  -170.566  -144.212  -115.442   -11.818   86.733
   76.993   -85.308   -83.473  350.900  844.906  812.747  419.096   16.052
   -81.143   11.591  143.057  186.685  147.740   88.722   63.004   48.473
CT1834:185           49.386   92.961  131.800  151.272  164.738  171.181
  169.191  162.516   80.332  -228.707  -495.401  -417.447  -126.310   -19.175
   -44.655   -69.521    7.006  273.822  563.796  475.737  -127.920  -874.137
  -985.029  -556.348   -38.165  128.818  124.662   84.392   81.261   91.430
CT1834:180           45.021   85.829  133.961  150.339  123.959  120.547
  204.722  330.687  288.608   49.551  -149.348  -155.883   -77.286   -80.275
  -155.347  -291.132  -258.084  167.287  734.092  624.243  -441.254 -1566.653
-1630.719  -935.008  -288.760   -99.160   -36.003   36.539  125.574  206.631
CT1834:175           60.270  100.852  134.051  153.773  165.891  184.531
  234.590  283.921  260.865  309.260  341.620  212.270   -19.239  -137.452
  -268.675  -510.071  -555.330  -374.565  -118.547  -162.883  -442.321  -639.653
  -684.291  -634.834  -473.099  -303.338  -138.421   23.396  177.600  319.201
CT1834:170           70.966   96.702  117.206  144.882  190.753  210.227
  235.120  263.692  145.373  -137.439  -316.191  -388.490  -317.530  -265.215
  -346.863  -529.410  -604.303  -782.357 -1037.757 -1075.273  -843.879  -587.577
  -513.147  -431.403  -332.364  -210.741   -90.893   35.481  164.096  291.143
CT1834:165           48.378   70.817   99.724  123.742  150.768  165.889
  185.739  222.562   26.866  -671.280 -1150.865 -1181.303  -814.794  -615.594
  -459.756  -248.252  -198.537  -469.860  -810.349  -899.023  -887.929  -777.629
  -693.776  -493.420  -267.601  -133.262   -43.364   49.216  151.783  254.176
CT1834:160           49.280   73.416   93.688  101.243  110.875  115.081
  118.972  155.453   -38.632 -1082.717 -2097.700 -1969.643 -1102.162  -736.497
  -509.498    -6.631  210.643    -9.679  -363.823  -479.181  -642.258  -767.404
  -763.647  -510.490  -184.765   -50.823   16.578   74.296  134.899  188.555
CT1834:155           36.375   59.441   89.096   98.976   83.660   80.855
   86.501   99.393  111.158  265.704  352.745   -45.405  -908.331 -1123.510
  -877.723  -104.497  272.339  469.017  510.834  446.336   41.810  -518.711
  -621.399  -341.865   -64.512   11.572   57.374   94.120  123.430  139.427
CT1834:150           51.161   74.778   94.950  102.267   91.082   95.967
   94.794   78.621  284.998 1451.565 2387.694 1645.434 -1000.652 -2278.170
-1573.848  -279.363  236.400  951.870 1742.000 1792.300 1195.975  440.426
  198.869   91.355   37.885   43.874   71.016   80.762   93.657  108.655
CT1834:145           64.075   78.986   90.076   94.444   81.724   72.056
   54.241   31.689  269.589 1142.827 1723.596 1488.265  473.567   -82.108
  -263.697   -95.626  142.223  886.591 2037.141 2210.763 1518.008  687.447
  421.140  269.717   77.743   28.693   49.338   59.337   72.465   94.521
CT1834:140           61.028   62.759   64.772   64.164   59.476   52.582
    7.477   -75.547   63.904  613.955 1089.712 1086.637  819.183  562.000
  353.558   95.399    -6.213  -101.004  -316.391  -357.520  -101.161  152.265
  199.234  103.652    -6.330   -21.471   10.109   43.891   71.679  100.635
CT1834:135           61.322   63.929   64.899   60.138   52.531   47.614
   10.804   -83.166   -22.036  258.073  499.802  521.232  388.130  238.342
  199.069  172.513    7.953  -748.052 -1915.266 -2097.451 -1470.980  -735.799
  -496.246  -297.288  -132.384   -64.598   -21.447   29.589   73.252  112.796
CT1834:130           52.568   65.167   83.559   79.083   46.451   29.735
   46.083   87.387  117.145  131.863  159.548  139.433   41.165    8.064
   64.242  248.124  170.750  -398.158 -1099.837 -1247.778  -975.402  -419.033
  -246.198  -215.289  -146.664   -87.689   -43.100    8.828   59.068  107.577
CT1834:125           75.284   68.878   58.850   38.414    -2.034   -18.394
   44.781  156.699  170.345   46.511   -59.968   -97.219  -146.532  -123.391
   15.384  324.079  359.690   72.644  -306.281  -437.168  -388.193  -184.182
   -92.912  -103.236  -130.105   -95.395   -39.782   17.232   70.817  126.150
CT1834:120           86.612   69.919   46.187   10.740   -43.040   -65.071
    -7.711  108.328  100.146  -108.629  -290.267  -313.554  -302.393  -249.520
    -8.750  404.537  500.466  383.460  191.453   86.960   14.154    6.775
    -1.696   -54.058  -114.610  -111.412   -54.460   15.780   81.683  147.999
CT1834:115           88.749   66.232   47.407   10.836   -75.087  -111.313
   -83.112   -35.228   -51.824  -157.657  -269.563  -271.301  -189.365   -59.161
  157.346  563.504  700.685  552.841  252.853  143.549  114.626   56.922
    3.616   -62.789  -145.007  -151.677   -70.370   17.334   84.415  155.841
CT1834:110           82.478   70.639   47.411    -6.418  -110.017  -154.571
   -83.390   52.953   72.215    0.111   -61.751   -87.043  -143.450   -99.273
  144.002  597.623  796.286  663.612  403.016  318.595  376.476  362.105
  264.187   97.882  -125.639  -179.798   -99.501    -4.791   69.043  140.438
CT1834:105           58.759   54.312   42.890    -3.916  -107.717  -147.763
   -37.494  161.664  208.044  127.117   56.342   26.077   -73.812   -48.644
  136.545  403.565  555.687  701.532  856.183  834.936  829.861  866.372
  723.399  323.947  -120.542  -220.065  -137.363   -35.931   46.799  128.203
CT1834:100           38.606   40.103   55.145   32.513   -71.889  -115.326
   -24.732  152.987  197.049  111.242    8.923   20.857   33.341  114.689
  351.229  564.177  594.541  866.756  860.074  735.514  641.862  599.438
  445.016   89.524  -182.553  -223.998  -140.303   -49.411   25.340  114.145
CT1834:095           57.464   50.564   37.057    9.081   -37.964   -49.292
    -7.702   53.187   84.606  108.736  120.082  134.187  129.929  180.636
  651.964 1915.252 2418.829 1676.263  768.532  453.109   -83.695  -816.733
  -948.562  -579.937  -248.278  -185.323  -129.501   -46.217   29.617   96.187
CT1834:090           76.847   51.524   18.675    2.198   -13.818   -12.511
   23.569   76.637  109.784  160.906  203.237  188.325  120.558   86.268
  133.727  127.001   50.501   36.230  -139.196  -223.113  -173.214   -43.732
   -53.965  -142.124  -143.213  -112.510   -61.986   -11.774   29.039   68.150
CT1834:085           69.455   31.742   -14.322   -26.391    1.451   34.970
  100.096  199.677  222.516  199.198  149.470   87.730    3.177   -94.538
  -464.675 -1418.681 -1797.246 -1304.967  -436.262  -139.419    -4.583  191.024
  235.866  132.621    -0.884   -16.977    -0.385    9.291   17.207   26.465
CT1834:080           43.830    4.107   -24.511   -13.799   36.968   83.347
  162.884  303.376  286.788  117.146   -61.121  -147.088  -176.614  -243.512
  -515.428 -1034.497 -1156.317  -968.669  -411.294  -159.844  -100.500  -119.136
   -87.261   -22.718   31.961   48.554   34.527   13.987    3.491    -2.818
CT1834:075           53.330   30.157    -5.380    1.833   66.886  112.136
  160.002  248.540  163.108  -214.017  -528.018  -592.698  -402.896  -287.372
  -363.245  -547.587  -588.588  -465.591  -214.576  -106.416  -185.287  -287.689
  -260.724  -155.694   -21.665   24.019   12.768    -3.972    -5.658    -4.866
CT1834:070           38.685    3.523   -20.865    4.295  101.679  163.832
  156.154  133.795    -0.496  -541.027 -1146.597 -1138.313  -592.457  -287.588
  -249.554  -270.703  -269.692  -247.451  -248.249  -241.024  -270.792  -341.266
  -318.380  -183.215    -2.466   58.146   39.492   10.812    -4.315   -19.811
CT1834:065           45.652   13.613   -13.231    8.615  108.127  164.574
  130.934   65.382   -56.692  -388.751  -749.905  -762.713  -448.275  -242.737
  -174.504  -124.364   -88.141   -81.966   -99.016  -117.474  -204.771  -316.470
  -312.762  -191.096   -21.468   41.762   36.355   17.980    5.979    -9.352
CT1834:060           57.170   33.375    -5.388    3.081  107.911  159.871
   97.685   -26.527  -127.177  -114.992   -38.636   -81.769  -198.202  -223.446
  -153.395   -96.945   -56.590   -14.201   13.118    -1.277  -125.468  -299.652
  -309.695  -186.178   -27.018   25.949   26.199   21.255   13.593    -6.046
CT1834:055           33.363    8.164    -1.544   29.348  119.997  145.093
   47.877  -143.707  -298.488  -302.999  -343.577  -354.994  -313.910  -255.275
  -188.514  -157.865   -99.492    -6.967  110.292  142.842   37.503  -110.561
  -118.403   -48.108   36.543   55.322   36.926   10.745   -12.080   -33.795
CT1834:050           39.671   28.576   10.558   16.703  121.172  141.087
   27.649  -104.931  -321.521  -795.344 -1103.571 -1133.948  -952.064  -640.195
  -499.491  -303.038  -156.951  -136.551  -123.986   -70.148   27.906  138.329
  177.321  186.980  136.629  105.269   57.809    6.074   -27.305   -52.348
CT1834:045           39.979   18.305   11.231   30.889  116.400  116.954
   -96.175  -460.738  -818.449 -1664.443 -2506.773 -2426.592 -1646.177 -1153.679
  -783.046  -375.718  -208.337  -263.958  -440.670  -430.919   -60.631  443.913
  543.066  374.688  158.818   93.816   61.700   19.541   -18.383   -43.390
CT1834:040           56.346   32.393   14.455    8.708   79.228   72.657
  -183.986  -585.191  -962.676 -1893.623 -2802.567 -2605.999 -1156.332   -88.847
   59.783   -95.850  -140.044  -179.801  -242.495  -234.302   -97.901  103.796
  162.349  148.322   77.385   56.165   40.540   13.219    -5.011   -22.974
CT1834:035           69.727   51.955   33.921   16.351   54.792   29.557
  -227.843  -672.308  -952.696 -1600.644 -2296.362 -1978.302  -354.398  750.836
  746.184  222.747   10.331   -20.224   17.449    3.284  -107.199  -244.290
  -258.124  -143.723   -21.928    9.240   12.215    4.363    6.780   14.316
CT1834:030           44.291   41.749   41.627   25.186   10.821   -38.875
  -215.690  -552.161  -588.422   -88.958  493.916  750.227  980.519 1042.751
  931.447  457.094  185.150  105.149   79.424    -5.159  -200.682  -452.673
  -512.094  -412.892  -236.272  -146.184   -76.019    -4.844   68.849  141.578
CT1834:025           11.336   12.554   29.354    6.281   -72.612  -145.881
  -241.876  -452.284  -361.365  802.491 2346.100 2429.762 1309.182  658.150
  532.726  315.549  165.713   70.306   -26.922  -141.565  -327.026  -567.895
  -642.531  -593.390  -495.483  -394.783  -208.605   -13.669  133.738  268.919
CT1834:020           29.661   43.727   52.303    3.435  -157.100  -275.867
  -252.479  -133.117    7.289  265.199  616.229  666.400  375.880  180.045
  158.916  185.211  167.306   93.615    5.339   -85.292  -263.722  -481.110
  -561.414  -538.246  -449.698  -353.925  -207.907   -37.312  120.982  252.207
CT1834:015           44.859   68.268   64.937   -31.253  -276.582  -405.443
  -345.334  -195.954  -166.599  -592.266 -1316.303 -1299.285  -502.714   -51.215
    -7.406   66.271  127.119   91.114   66.011   20.813  -142.793  -356.096
  -446.182  -429.228  -355.787  -298.954  -182.400   -39.682   98.957  228.025
CT1834:010           13.702   16.336   49.673   12.302  -234.213  -354.518
  -180.397  182.690  234.514  -232.775  -960.118 -1035.433  -510.113  -155.549
  -118.946  -129.646   -94.220    5.480  160.667  180.060   77.393   -36.553
  -132.947  -299.888  -462.094  -447.920  -260.653   -51.354   99.348  246.172
CT1834:005           42.274   68.503   53.282   -27.058  -239.863  -312.274
  159.225 1320.008 1676.302 1206.681  816.030  573.528   31.485  -224.014
  -182.764  -100.191   -35.516  169.142  392.946  435.456  384.000  241.089
  106.465  -107.126  -377.775  -428.960  -294.615   -98.965   67.097  221.902
CT1835:360           20.790   36.554   49.932   29.052  -151.811  -227.120
  217.572 1053.696 1297.928 1028.536  483.781  233.854   -60.813  -281.577
  -153.449  309.392  620.164  677.089  779.753  840.494  751.204  626.464
  482.760  194.206  -177.988  -297.712  -188.883   -61.267   30.455  137.613
