
filled_synop: 30 data points in equal steps of sine latitude from +14.5/15 to  -14.5/15

CT1898:360          166.752  124.416   78.158   41.291    6.715   -20.428
    -7.986   40.104   72.617   79.875   75.892   73.295   62.778   33.532
   10.657   -28.653   -65.086   -85.389   -96.234   -99.832  -109.380  -117.935
  -116.271   -95.296   -38.751    0.090   -14.732   -52.401   -78.292  -104.038
CT1898:355          138.781  107.879   80.369   48.884    9.855   -17.743
   -16.680    -1.943   10.909   48.025  106.385  123.210  114.219  118.178
  104.630   16.687   -44.018   -78.700  -120.402  -140.276  -159.489  -154.785
  -142.570  -110.359   -33.225   11.300    2.764   -35.314   -74.357  -108.238
CT1898:350          129.952  107.221   89.362   64.219   19.142   -14.107
   -14.617    0.405   12.853   36.059   64.451   74.082   68.999   64.985
   81.196   94.329   34.125   18.159   -42.389  -143.907  -163.403  -118.067
   -92.344   -69.536   -15.836   15.180    1.158   -39.559   -68.767   -91.931
CT1898:345          134.698   99.477   63.953   30.844    -4.435   -28.184
   -21.007   19.302   41.154   38.694   25.437   26.736    9.507   -19.025
   43.847  387.242  696.424  607.699  229.857    9.949   -51.600   -73.876
   -77.381   -63.262   -43.071   -28.380   -30.466   -43.985   -51.041   -56.707
CT1898:340          141.597  103.468   63.292   27.257   -12.901   -40.388
   -25.826   26.160   50.563   37.778    5.354    0.227    5.782   23.110
   75.518  296.632  473.661  416.001  124.607   -95.036  -129.656  -101.353
   -86.839   -75.355   -66.884   -56.563   -44.269   -27.137   -21.098   -29.928
CT1898:335          140.334  112.353   82.141   50.000    1.115   -34.390
   -23.931   24.139   46.822   44.303   33.878   31.292   33.831   44.896
   25.024  -158.868  -393.525  -379.158  -238.069  -186.390  -177.049  -125.157
   -88.364   -68.824   -48.009   -32.193   -26.383   -22.663   -24.920   -35.917
CT1898:330          136.958  108.470   77.118   52.340   33.191   21.485
   24.516   40.599   50.115   60.895   72.076   73.148   68.382   60.758
    9.937  -159.087  -256.327  -276.581  -212.047  -132.767  -106.715   -69.616
   -44.365   -32.223   -13.114    0.367   -14.575   -43.448   -58.520   -69.707
CT1898:325          131.704   96.518   59.379   34.996   27.618   21.113
   26.432   45.363   54.270   55.369   54.213   53.252   52.732   48.672
   28.230    -4.688   -28.866   -34.899   -16.044    2.382    -3.761   -41.103
   -58.772   -40.735   10.183   33.904   14.501   -29.936   -66.937   -95.144
CT1898:320          132.202   94.190   59.885   37.360   25.041   14.216
   10.530   10.027    8.089    6.551    2.723    3.831   14.016   28.754
   33.131   45.430   57.892   56.550   43.778   29.316   18.648   -10.902
   -30.714   -24.035   10.378   26.887    3.601   -40.082   -71.997   -98.608
CT1898:315          139.489  102.450   61.006   34.141   23.857   14.466
    9.242    9.679    8.827    -1.257   -15.901   -12.439    4.594   23.124
   30.484   33.096   34.662   42.885   67.394   72.796   58.153   14.192
   -18.625   -23.432    -6.403    -1.729   -16.595   -39.861   -60.122   -81.467
CT1898:310          120.491   88.692   54.380   28.414   19.970   12.287
    4.303    -1.161    -1.376    -3.343    -8.672    3.006   35.231   70.823
   78.156   50.979   32.968   48.186  120.580  164.794  135.783   51.842
    -2.712   -18.612   -20.712   -27.494   -30.301   -29.551   -42.240   -65.271
CT1898:305           91.400   74.673   65.095   43.247   12.508    -6.821
   -20.028   -27.980   -22.842    -6.598   16.193   40.213   79.270  112.139
  123.105  101.198   76.393   83.267  118.521  135.029  116.167   86.528
   62.618   28.090   -16.094   -46.635   -60.235   -61.049   -65.094   -75.269
CT1898:300           84.696   82.426   87.564   66.454   -13.300   -68.406
   -68.396   -40.207   -26.532    3.208   45.449   75.823  127.222  173.982
  191.046  191.932  188.972  171.022  101.547   52.652   55.555   70.860
   53.567   22.412   -23.709   -59.563   -82.844  -101.467  -107.496   -98.295
CT1898:295          104.170   99.221   85.864   59.562   25.613    5.673
    -1.592    3.630   14.491   31.731   45.316   66.607  127.739  182.801
  201.172  215.112  226.772  216.689  176.538  156.753  137.647  132.491
  119.104   67.976   -15.736   -70.339   -89.579   -94.791   -94.766   -89.382
CT1898:290           96.409   91.519   86.379   77.628   64.954   48.603
   40.254   29.879   31.240   57.982   98.284  110.461   70.267   44.922
   57.823  104.199  147.784  168.104  187.548  191.788  177.237  148.417
  114.109   61.394   -20.741   -71.917   -76.914   -59.761   -59.558   -69.512
CT1898:285           91.629   92.297   91.176   83.955   74.548   63.530
   48.851   24.311   18.036   32.075   46.841   42.473   -62.560  -217.635
  -206.802   -71.674   10.007   55.882  140.859  188.224  177.677  131.008
   93.469   48.267   -12.577   -52.194   -60.967   -50.485   -51.987   -63.318
CT1898:280           81.445   83.240   79.203   61.282   23.046    -5.210
   -12.711   -11.361    -7.802    -1.257   10.701   30.299  107.493  238.316
  228.112   74.675    -6.470   20.048  112.774  171.678  168.100  114.796
   77.371   47.358   12.733   -19.182   -43.498   -60.747   -70.399   -75.631
CT1898:275           57.225   56.877   66.107   56.165   15.454   -16.578
   -29.626   -40.103   -38.650   -14.708   20.540   58.530  173.933  275.945
  259.410  112.471   -19.722   -10.809   92.379  161.298  168.202  141.317
  119.819   90.634   49.575   14.548   -12.745   -38.385   -62.383   -78.975
CT1898:270           61.181   55.015   56.972   42.818    8.165   -16.302
   -19.067    -9.628    -1.068   12.616   31.267   52.011   90.757  122.705
  105.987   21.932   -49.392   -43.442   22.326   69.283  103.105  147.647
  164.629  139.462   78.690   31.852    4.609   -17.965   -43.888   -70.649
CT1898:265           77.225   52.474   27.236    7.801    -4.293   -13.114
   -11.630    6.700   18.302   22.310   22.423   25.799   16.495    3.126
   -13.805   -43.606   -63.306   -59.541   -30.883    3.171   47.774  123.210
  158.548  139.168   77.047   30.227    8.909    -6.038   -32.012   -62.522
CT1898:260           71.000   59.435   44.541   27.413    6.033   -10.325
    -6.518   14.648   21.602   20.136   14.897   10.258    0.509   -11.033
   -27.642   -61.274   -83.308   -81.318   -62.300   -35.716    8.335   86.279
  125.525  101.153   29.853   -10.682   -24.502   -26.151   -32.566   -46.900
CT1898:255           80.364   83.896   80.077   70.302   47.343   27.631
   18.327   10.997    6.728    4.616    4.867    0.589    -8.018   -13.464
   -29.441   -68.181   -95.212   -88.880   -66.335   -46.517    -8.526   66.850
  106.658   82.877   15.928   -26.142   -46.711   -58.475   -67.540   -74.111
CT1898:250           74.629   82.356   85.260   72.786   48.520   29.821
   13.263    -3.342    -9.278   -15.964   -18.958   -23.266   -30.971   -38.828
   -48.614   -56.349   -56.587   -62.037   -59.286   -44.900   -25.620    7.106
   24.912   19.268   -13.735   -35.803   -54.916   -73.622   -92.832  -110.346
CT1898:245           72.494   72.374   78.768   61.103    3.846   -32.001
   -38.523   -36.201   -38.318   -30.993   -31.495   -34.948   -38.206   -51.967
   -57.665   -64.504   -79.893   -80.443   -88.517   -92.428   -71.568   -29.813
    -7.344    -1.426    5.524    -0.410   -34.260   -79.032  -112.896  -146.121
CT1898:240           78.500   63.693   47.420   21.616   -12.708   -35.400
   -36.741   -17.694   -11.391    3.115   31.593   27.542    -4.341   -19.556
   -25.786   -15.147    -3.572   -29.696   -91.177  -117.657  -106.600   -79.715
   -61.435   -39.026    0.480   12.694   -18.016   -69.489  -117.980  -162.358
CT1898:235           83.324   63.202   46.265   30.698   14.885    -0.667
   -10.376   -16.693   -17.838    -4.561    2.673    -4.808   -29.511   -70.284
   -63.148   -26.426   -20.853   -27.171   -53.823   -71.034   -90.245  -116.779
  -116.407   -81.478   -12.519   13.227   -24.518   -87.175  -130.132  -167.927
CT1898:230           97.797   80.570   63.735   47.331   35.511   22.928
    6.553   -13.189   -22.845   -12.776    0.423   -16.647   -44.381   -56.892
   -59.078   -37.273   -14.551   -13.735   -36.290   -53.411   -75.160  -118.766
  -129.459   -91.921   -14.239   14.900   -13.729   -70.123  -116.895  -156.184
CT1898:225          128.094  107.230   80.990   55.823   24.397    -0.139
    -5.031    5.199    -3.194   -28.570   -60.794  -117.252  -240.726  -312.686
  -290.271  -172.268   -69.367   -44.822   -53.175   -56.369   -64.904   -79.564
   -79.550   -61.563   -19.576    0.058   -26.810   -70.351  -103.199  -137.018
CT1898:220          142.954  124.080   99.314   68.301   24.323    -6.351
    -4.532   26.025   16.144   -54.418  -129.481  -213.907  -451.086  -599.689
  -563.884  -314.549  -132.121  -104.742   -95.790   -81.820   -86.265   -91.198
   -86.015   -62.200   -20.827    -6.428   -24.514   -60.843   -94.362  -125.884
CT1898:215          132.234  113.183   91.673   66.688   31.152    5.035
    1.704   13.525    8.423   -44.405  -115.673  -148.032  -295.782  -499.105
  -426.997  -188.144  -106.138  -102.045  -110.427  -120.764  -116.604   -99.466
   -88.447   -62.830   -18.744    -1.662   -24.642   -61.545   -90.393  -120.393
CT1898:210           97.899   92.344   91.110   70.033   32.959    6.448
    -6.554   -19.546   -12.903   29.868   78.461  134.355  350.749  561.066
  480.635  211.685   87.278   39.687   -37.070   -81.362   -86.226   -67.213
   -57.818   -45.191   -17.364    -8.477   -25.710   -57.857   -87.763  -117.200
CT1898:205           84.568   84.931   94.653   76.913   26.729    -3.301
   -17.358   -31.436   -17.051   53.935  136.599  214.840  426.286  552.760
  516.514  337.597  224.112  141.548   27.936   -28.071   -52.843   -69.687
   -74.862   -59.865   -35.413   -30.855   -43.030   -63.054   -86.947  -118.171
CT1898:200           97.798   72.017   48.865   24.545    -4.205   -27.242
   -36.262   -43.310   -30.642   19.232   75.001  129.762  207.561  225.811
  227.731  170.670   95.523   52.256    -4.126   -48.559   -59.714   -58.810
   -61.591   -58.564   -47.495   -45.340   -57.621   -78.489   -98.630  -121.064
CT1898:195          117.882   79.221   40.426   19.910    9.767    -3.149
   -14.433   -25.472   -20.693    -2.448   26.812   54.171   69.375   80.037
   75.361   51.575   21.007    -1.174   -15.458   -35.116   -48.109   -54.393
   -60.888   -60.815   -52.967   -54.371   -72.852  -102.914  -114.719  -119.429
CT1898:190          114.457   73.714   33.490   15.951   23.392   19.451
    6.749    -7.543    -7.711    -0.040   12.903   23.037   16.123   14.373
   13.912   22.488   28.313   14.987    9.179    0.766   -16.256   -37.154
   -49.601   -53.199   -51.210   -53.163   -63.541   -86.753   -96.239  -100.222
CT1898:185          105.963   70.132   38.439   17.692    6.583    -5.441
    -7.843    -2.416    -0.207    1.235    3.788    7.751    4.906    5.718
    7.306   19.708   31.040   26.472   17.798    6.938    -6.287   -21.104
   -31.468   -37.886   -43.468   -49.660   -58.717   -75.838   -84.608   -93.216
CT1898:180          112.824   87.924   62.976   40.854   15.842    -2.869
    -6.496    -0.695    -0.126    -7.876   -16.799   -13.437    6.674   30.748
   34.544   27.954   24.641   20.887   15.140    6.348    -4.853   -16.797
   -29.138   -41.023   -56.282   -65.081   -70.182   -79.620   -81.473   -82.348
CT1898:175          112.456   87.003   61.229   37.475   11.544    -5.967
    -7.374    -1.504    -3.063   -14.963   -31.223   -27.320    2.095   29.608
   38.289   37.469   35.913   28.625   13.881    -0.252   -15.006   -32.661
   -46.347   -56.282   -63.676   -69.812   -73.361   -81.794   -87.309   -90.879
CT1898:170          117.533   91.037   63.200   41.787   16.058    -3.610
    -1.587   11.877   12.405    0.610   -10.580   -10.349    -1.435   11.379
   22.198   40.076   48.846   43.907   29.680   11.405   -16.319   -55.406
   -76.865   -80.542   -73.903   -71.016   -73.814   -91.134   -99.575  -105.880
CT1898:165          118.416   84.212   51.285   33.956   30.278   23.715
   18.803   15.598   14.650   10.895    6.676    5.868    2.649    -7.186
    8.187   43.117   53.458   49.797   38.062   23.870   -17.001   -77.509
  -102.637   -90.901   -53.642   -42.281   -48.583   -77.145   -98.074  -116.955
CT1898:160          111.917   64.706   27.168    6.708    5.108    0.106
    -3.100    -2.982    4.430   18.871   21.632   19.443   25.801   35.058
   27.093   33.500   50.459   37.569    6.580   -11.894   -38.255   -85.201
  -104.844   -88.794   -44.871   -26.176   -33.199   -65.014   -90.662  -124.468
CT1898:155          144.274   89.402   34.431    7.466    -2.318   -11.532
   -20.224   -29.208   -18.722   42.604  101.942   79.763   -24.315   -78.195
   -78.702   -49.368   -31.137   -12.425   11.871   13.538    -7.109   -44.209
   -60.456   -50.849   -21.835   -19.673   -35.460   -69.208   -97.888  -128.276
CT1898:150          152.337  101.441   42.558   12.946    -1.540   -13.544
   -14.743   -11.026    0.876   47.359   77.794   52.115   -79.438  -172.900
  -142.787   -54.872   -22.360    3.275   40.730   50.678   36.668   24.450
   14.178    -4.862   -29.045   -44.215   -62.852  -103.287  -124.905  -133.879
CT1898:145          130.577   94.611   60.474   35.241   12.182    -0.693
    3.443   18.645   32.259   67.834  100.483   82.233   14.682    -9.738
    -5.462   51.966   88.621   72.134   30.836   17.930   28.693   43.150
   35.523   12.848   -24.190   -51.360   -70.921   -90.078  -105.781  -113.407
CT1898:140          105.194   83.263   63.110   44.416   18.943    2.510
    3.329    6.174   14.139   36.010   43.307   42.032   38.248   36.451
   47.371   80.002   94.695   79.636   32.316   15.814   26.076   51.636
   48.056   16.607   -31.756   -60.267   -65.061   -47.278   -58.575   -78.265
CT1898:135           95.919   69.608   43.794   25.234   12.197    2.224
    2.438    7.223    8.556    7.131    3.718    2.629    -3.148    -9.536
   10.450   38.886   45.588   45.356   30.165   21.927   24.871   42.675
   35.999    -4.886   -63.790   -90.846   -91.806   -74.643   -59.641   -56.588
CT1898:130           87.502   59.056   36.047   19.054    6.402    -3.324
    -1.403    9.114    5.270   -17.911   -39.472   -39.658   -22.111    -2.166
   11.022   28.623   42.472   44.101   42.546   39.550   27.972   11.772
    -4.548   -30.057   -61.025   -79.062   -86.236   -92.484   -79.875   -59.790
CT1898:125           99.253   69.865   38.700   15.478    -4.594   -18.199
   -13.330    -1.811    -7.195   -39.549   -73.708   -70.670   -35.775    -5.626
   12.027   29.795   43.784   54.858   68.519   71.128   49.034    7.011
   -16.715   -34.908   -51.268   -64.193   -72.252   -78.733   -76.163   -68.219
CT1898:120          106.729   79.314   46.485   18.672    -9.442   -27.882
   -25.327    -6.717    -9.818   -45.503   -78.227   -76.096   -44.442   -16.079
    0.720   20.525   37.667   52.749   74.066   82.126   71.589   50.173
   31.887    3.345   -32.336   -52.514   -59.241   -62.692   -70.790   -78.366
CT1898:115          101.186   76.507   52.527   25.540   -14.993   -40.369
   -38.595   -22.201   -19.547   -29.108   -44.583   -45.846   -32.549   -21.545
   -11.339    1.064   11.517   31.182   56.119   65.226   65.599   59.775
   48.249   27.257    -3.009   -25.589   -40.901   -54.775   -72.606   -89.214
CT1898:110           98.755   66.230   38.053   15.069    -6.801   -22.418
   -21.350   -12.785    -2.681   28.836   55.760   41.267   -13.198   -33.569
   -28.687    1.120   21.847   37.980   60.946   71.935   62.025   45.275
   35.911   25.685   16.491    0.642   -20.189   -42.252   -66.815   -94.201
CT1898:105          115.905   82.389   49.060   24.192    3.631    -8.782
    -1.949   14.126   27.582   54.997   69.692   52.010   -33.389   -91.221
   -67.603    -1.426   24.391   24.088   24.458   31.612   30.086   27.608
   24.777   24.013   21.384    5.623   -18.619   -44.031   -68.341   -92.907
CT1898:100          121.360   92.349   61.083   36.351    5.806   -10.888
    -6.582    5.946   18.583   57.315   85.682   74.725   25.052    1.452
    -5.617    -2.634    1.431   -10.854   -46.783   -50.877    -2.005   67.533
   78.206   45.319    -1.361   -23.979   -47.332   -72.838   -85.844   -87.767
CT1898:095          108.532   75.345   45.271   22.023    1.628   -12.337
   -14.931   -14.461    -6.015   27.363   53.706   56.480   54.116   55.062
   42.670   10.878    -2.538    3.692   14.720   23.051   28.468   51.857
   56.499   41.938   14.290    -6.263   -25.822   -47.208   -59.023   -66.031
CT1898:090          112.758   79.803   48.210   29.803   23.671   13.248
    0.805   -12.102   -13.599   -11.263   -15.215    -3.189   19.408   23.947
   46.547   87.524  105.757   77.103   29.798   17.688   26.872   45.592
   46.610   32.117   13.225    0.106    -5.373   -10.842   -27.985   -52.209
CT1898:085          123.544   94.357   67.458   50.333   41.208   30.368
   16.202    1.457    -7.947   -12.235   -14.883   -16.181   -13.253    -2.138
   33.321   92.969  122.512  109.513   60.441   40.845   35.691   38.551
   29.492   14.734    3.236    -7.474   -15.190   -20.452   -33.205   -54.161
CT1898:080          134.201  110.855   87.503   58.336   16.535    -9.170
    -0.663   19.695    5.591   -33.642   -77.216   -93.411  -104.001   -96.557
   -35.061   64.306  124.164  148.064  146.777  134.671  105.572   56.092
   29.997   18.233   13.422    1.664   -14.564   -32.444   -53.043   -77.693
CT1898:075          142.151  115.392   87.182   54.203   15.357    -8.235
    0.840   25.176    -0.194   -84.373  -160.841  -196.178  -225.197  -197.807
  -120.242   35.531  132.797  182.367  221.693  222.513  169.629   81.720
   42.221   33.094   31.933   16.436    -7.762   -36.165   -63.300   -86.874
CT1898:070          141.686  110.781   78.717   44.734    1.637   -23.975
   -14.872    3.777   -38.237  -160.071  -263.111  -295.057  -345.008  -359.544
  -215.562   32.941  140.690  168.224  174.853  174.554  131.207   75.289
   50.614   40.269   31.705   15.877    -6.377   -31.869   -59.470   -89.958
CT1898:065          140.130  108.234   74.274   37.496    -1.596   -28.166
   -23.467    -9.655   -60.605  -201.886  -297.255  -301.756  -221.189  -143.693
   -70.115   54.676  123.412  101.869   18.588    1.005   25.794   50.507
   48.323   36.259   24.369    8.864   -12.293   -33.112   -55.696   -82.405
CT1898:060          132.265  102.717   71.898   45.368   20.552    -3.192
   -21.767   -41.428   -95.581  -246.016  -372.055  -337.501  -168.677   -76.403
   -42.498   -11.957   19.849   17.828    -9.909    -5.943   12.933   43.632
   47.576   27.789    -1.192   -18.153   -34.375   -49.476   -64.971   -80.755
CT1898:055          109.034   75.127   45.024   23.199    8.885   -11.279
   -28.583   -44.947   -90.287  -169.109  -191.939  -215.603  -207.018  -170.172
  -146.165  -128.575  -105.315   -69.354   -16.704   11.127   21.389   40.260
   48.008   40.308   28.832   12.117   -14.866   -44.746   -73.317  -100.795
CT1898:050           94.821   63.362   37.067   15.877    0.198   -17.037
   -37.021   -56.467   -96.124  -220.294  -336.320  -326.711  -277.145  -267.475
  -233.744  -196.308  -177.890  -137.432   -81.104   -47.494    -6.417   35.583
   51.652   47.884   41.173   23.422    -7.571   -42.560   -79.945  -122.312
CT1898:045           97.344   67.272   38.380   16.572    0.783   -13.596
   -31.953   -52.290   -47.184   -13.557   42.916   34.886   26.607   32.689
   -26.215  -101.613  -127.888  -120.281   -79.597   -46.000    -7.936   38.177
   57.163   46.307   23.163    2.649   -27.065   -61.101   -98.085  -136.927
CT1898:040          108.962   77.622   45.621   27.549   19.474   10.158
    -9.111   -34.242   31.266  275.774  460.743  476.933  401.943  329.131
  207.968   -11.775  -119.088  -117.992   -88.148   -64.818   -21.132   34.603
   53.687   39.131    6.627   -18.454   -52.975   -83.882  -106.664  -126.791
CT1898:035          119.388   94.422   69.383   42.830    6.896   -10.818
   -13.046   -11.463   80.633  384.779  626.226  613.544  429.259  302.874
  200.842   55.058   -32.652   -59.876   -96.392  -101.891   -50.080   20.252
   43.118   31.499    7.847    -9.750   -36.261   -66.410   -94.772  -120.533
CT1898:030          117.435   86.683   59.808   27.693   -20.050   -39.520
   -22.531    5.964   76.931  247.672  371.780  348.662  191.629   80.617
   54.722   70.645   52.510    -4.088   -53.075   -58.162   -34.311    0.950
   17.624   20.984   22.674    8.677   -33.880   -78.501  -104.605  -121.728
CT1898:025          121.224   99.540   81.339   39.205   -11.678   -30.212
    -5.888   28.913   62.046  114.587  152.828  143.007   91.657   45.904
   -10.378   -77.688  -113.878   -94.325   -49.447   -33.288   -31.179   -26.280
   -15.581    5.051   26.729   21.979   -11.111   -52.507   -79.927  -101.619
CT1898:020          137.192  137.017  137.251  100.571   25.873    -2.094
   23.199   67.523   83.627   75.305   72.833   68.926   63.592   44.470
   -25.845  -122.408  -156.258  -131.647  -106.546   -94.510   -45.123    3.415
   16.969    8.058    -2.639    -7.850   -11.473   -19.346   -47.178   -90.384
CT1898:015          172.199  158.558  133.598   89.403   30.408    5.606
   14.500   27.174   39.173   65.810   86.397   71.158   33.007    -2.182
   -34.062   -54.300   -57.490   -47.591    2.163   18.612    -4.758   -28.316
   -25.976    -9.558    6.299    4.845   -10.687   -29.664   -53.039   -81.952
CT1898:010          167.387  147.277  123.289   94.818   47.288   21.514
   24.436   36.635   44.684   54.310   57.969   50.875   21.343   -15.138
   -27.563   -15.606   -13.483   -24.454   -38.942   -40.195   -30.006   -26.849
   -21.590    -9.235    2.159    -2.529   -35.158   -69.029   -85.715   -95.442
CT1898:005          149.773  116.370   79.393   58.167   47.116   35.794
   38.469   45.331   47.466   42.524   32.193   38.478   91.172  127.491
   96.933   13.869   -26.117   -41.104   -60.227   -68.585   -68.214   -53.834
   -45.686   -27.730    -6.126    -6.559   -31.671   -68.207   -99.545  -123.881
CT1899:360          133.198   92.426   54.521   41.254   49.580   46.808
   41.256   40.738   42.934   47.975   57.158   63.266   70.664   66.276
   65.887   38.553   14.446    -8.538   -46.545   -71.439   -86.252   -93.785
   -97.358   -63.441    9.282   21.513   -26.420   -83.582  -120.784  -156.266
