
filled_synop: 30 data points in equal steps of sine latitude from +14.5/15 to  -14.5/15

CT1840:360          162.304  134.340  100.037   45.809   -19.813   -14.111
   25.080   78.872  165.572  196.128  179.767  118.070  127.803   47.207
   90.963  586.276 1216.917 1322.624 1019.946 1021.677 1350.721 1484.773
 1164.873  445.428  -106.767  -240.395  -142.970   -89.881    4.283   74.661
CT1840:355          142.054  119.971   82.155   13.709   -50.976   27.731
  264.524  469.019  532.033  681.440  858.637  802.156  395.165   65.667
  -126.205  -781.632 -1423.024  -814.033 1211.616 2320.634 2625.582 2404.875
 1903.008  895.001   11.945  -227.541  -177.413  -118.009   -30.524   48.156
CT1840:350           86.554   88.469   89.883   75.550   16.847  128.995
  672.662 1570.991 1868.655 1455.224  632.248  273.453  205.693   82.625
  -141.906  -933.258 -1523.235  -836.462 1960.398 3707.112 3540.930 2443.573
 1829.168  938.201   23.290  -158.521  -113.840  -111.926   -28.916   41.553
CT1840:345           29.741   48.362   62.197   71.124   87.161  247.778
  769.153 1430.322 1606.098 1381.236  909.233  657.826  375.384  129.330
   -74.425  -474.531  -715.290  -302.935 1341.200 2370.516 2129.964 1106.713
  624.485  327.375  104.291   -15.801   -75.871   -97.119   -47.218   19.607
CT1840:340           13.565   39.443   64.708   86.189   97.304  213.950
  495.858  774.697  837.257  764.745  604.844  442.482  240.575   22.847
  -115.072  -152.421  -140.509  -208.691  -490.206  -864.678 -1176.477 -1960.715
-2106.312 -1188.489  -285.110   -50.623  -125.816   -77.857   -18.224   25.710
CT1840:335           30.743   55.449   46.899   50.940   64.431  122.752
  223.836  351.149  378.824  278.856  156.435   51.326   14.196   -36.172
  -123.278  -174.166  -252.369  -589.021 -1196.391 -1685.439 -2750.571 -3952.873
-3779.266 -1961.139  -387.884    -6.508   -17.651    -8.186    -1.876   38.359
CT1840:330           39.694   56.718   73.018   89.407  109.713  136.840
  141.556  144.885  122.261   24.338   -65.651  -122.275  -101.638   -50.228
  -164.776  -456.738  -731.414  -949.284 -1107.329 -1447.604 -2684.631 -4424.408
-4417.382 -2291.250  -466.061   -55.463   -87.242   -13.633    6.676   29.012
CT1840:325           65.713   68.670   72.214   76.687   84.704   85.206
   69.906   56.969   24.259   -68.811  -153.435  -189.125  -176.354  -150.168
  -232.013  -431.239  -588.770  -717.199  -732.506  -928.017 -1629.774 -2497.134
-2443.533 -1411.384  -329.002   -21.147   -64.703   -25.475    -2.510   32.838
CT1840:320           85.740   85.657   84.121   79.297   73.315   54.725
   18.908   -22.641   -62.665  -111.134  -154.220  -166.840  -151.110  -141.954
  -159.276  -172.308  -218.773  -285.207  -348.713  -493.481  -696.192  -897.883
  -839.409  -451.712   -90.160    4.196   -78.683   -62.006   -16.345   32.196
CT1840:315          101.431   99.148   94.877   92.524   92.377   70.220
    7.175   -75.389  -115.861  -114.907   -95.500   -81.226   -52.466   -22.421
   -12.448   33.002   79.114    4.557  -140.908  -244.156  -291.839  -353.061
  -331.837  -177.716   -74.119    -2.309   -39.412   -50.260    -7.433   37.855
CT1840:310          114.776  113.844  109.496  105.092  104.934   72.585
   -11.288  -114.250  -157.292  -138.802   -92.674   -60.879   -28.427    4.086
   22.757   -12.062   -19.187   -68.506  -148.926  -198.901  -197.998  -163.140
  -142.878   -63.255    -0.297    4.815   -64.485   -71.150   -34.087   12.976
CT1840:305          123.447  120.444  116.791  116.882  112.142   66.554
   -34.541  -172.132  -228.149  -198.241  -152.991  -115.881   -56.337    7.310
   71.326    -9.634   -95.555   -96.105   -28.975   -29.085   -94.223  -105.207
  -110.857   -41.767   27.622   26.661   -28.407   -60.208   -43.203    -5.511
CT1840:300          121.424  117.384  108.444  104.419  108.016   56.567
   -62.488  -214.233  -262.843  -239.415  -162.865   -98.443   -73.315   -24.305
  150.127  460.394  530.890  564.851  425.470  146.680   15.638   -73.871
  -119.479   -45.069   33.584   26.958   -35.300   -48.534   -10.543   20.159
CT1840:295          107.694  101.049  104.981  118.751  125.900   61.436
  -150.266  -431.360  -511.256  -407.799  -207.001  -104.588  -131.152  -205.196
   71.620 1458.704 2826.890 2640.682 1125.416  269.080   93.761   -39.996
  -113.071   -51.120   18.486   19.810   -11.906   -30.994   -15.704   12.613
CT1840:290           95.965   90.619   81.293   79.368   95.551   22.667
  -269.173  -655.426  -758.574  -555.483  -239.879  -116.989  -115.061  -178.205
   42.991 1199.532 2433.844 2244.018  976.468  349.830  154.684    8.613
   -61.419   -21.960   26.528   20.624   -13.146   -21.223    -2.024   25.358
CT1840:285           95.045   76.021   59.765   51.012   51.729   17.980
  -135.823  -355.964  -404.101  -273.831   -34.551   73.482  145.231  291.513
  206.949  -960.984 -2354.250 -1866.614  -444.060   -40.916   22.588   89.644
   61.800   52.208   37.300   27.928    5.526    -1.565   26.339   47.432
CT1840:280           94.549   64.518   37.996    8.624   -30.475   -52.719
   13.179   87.024   99.880  118.418  115.926  153.260  280.341  371.521
  120.757  -889.802 -1372.874 -1209.513   27.331  763.266  575.099  219.775
   91.097   26.583    4.916    1.559   -13.009   -10.657    9.382   35.098
CT1840:275           73.705   49.508   26.523    2.115   -20.708   10.134
  196.102  413.788  466.092  343.167  175.540  163.691  252.355  281.617
  146.656  -152.548  -324.057   -82.277  779.916 1178.460  665.585  -259.635
  -436.591  -253.358   -66.605   -17.854   -11.709    -5.097    7.734   25.723
CT1840:270           42.755   32.618   23.533   13.601    0.645   14.667
   78.132  127.897  157.165  187.061  159.900  150.345  183.017  180.915
  102.870   -13.948   -53.577   70.934  386.238  464.209    9.162  -704.052
  -797.727  -401.639   -93.547   -36.267   -31.562   -11.034    4.492   24.275
CT1840:265           14.410   18.289   18.183   13.057    4.928    7.507
   -12.711   -29.014   13.352  140.502  253.702  251.026  165.151   95.136
    -9.124  -282.171  -468.806  -457.966  -397.800  -416.208  -487.972  -576.435
  -564.443  -306.424  -111.845   -51.749   -23.509    4.628   17.159   29.434
CT1840:260           -21.640    -6.356    4.509    8.469    6.365    -6.070
   -69.737  -123.831   -96.523   42.952  159.663  163.754   94.011   33.580
   -18.036   -42.709   -60.000  -291.101  -601.045  -646.987  -495.621  -292.217
  -244.919  -165.562   -88.099   -50.392   -22.230    -1.560   14.962   32.601
CT1840:255           -39.205   -36.610   -31.368   -13.542   15.173   23.244
    -2.892   -20.481    -1.987   56.891  112.050  115.298   81.056   52.823
   44.751   51.476   22.135   -69.415  -201.845  -232.540   -67.825   70.344
   55.169   -41.381   -83.158   -73.677   -47.635   -20.346    7.787   33.458
CT1840:250           -11.697   -29.537   -30.568    -1.005   36.539   44.977
   21.881    -3.921    2.526   33.692   52.562   56.343   38.813   57.266
  124.604  177.658  251.718  423.901  557.285  574.938  543.514  467.662
  299.174   51.075   -56.302   -59.701   -48.378   -29.998    5.191   35.152
CT1840:245           11.433   -66.806   -39.699    8.614   40.097   49.097
   26.055    -1.362    -3.994    0.105    3.879    -0.921   -26.345    3.662
  171.447  398.795  528.676  761.848  934.902  952.472  870.095  755.968
  533.051  123.860   -32.049   -50.436   -65.439   -33.082    9.018   31.949
CT1840:240           83.622   57.110   31.765    -0.492   -28.894   -50.411
   -83.774   -33.517  171.064  370.998  469.382  528.845  700.187  729.573
  499.330  184.600  170.030  324.454  622.322  811.392  850.755  767.403
  598.546  235.722   -28.240   -61.098   -33.516   -21.888   17.558   49.746
CT1840:235           77.231   48.363   17.764   -16.283   -45.419   -80.803
  -144.668  -151.846   50.235  349.464  483.059  493.432  558.273  554.536
  412.979  155.121  121.803  341.649  749.525  915.989  814.839  565.187
  371.070  161.588   18.593   -18.326   -26.974   -24.103    6.034   41.010
CT1840:230           98.355   68.145   37.887    5.620   -30.006   -51.682
   -59.334   -37.835   16.953   97.420  118.045  143.828  186.641  243.523
  226.954  223.508  331.582  462.675  559.708  545.363  337.753  104.213
    8.441   17.730   37.537   17.972   -23.396   -27.227   11.193   50.630
CT1840:225           99.389   69.653   38.862    8.714   -27.896   -41.619
   10.052  125.504  138.913   -47.813  -259.922  -316.335  -206.741   -64.046
   52.664  309.327  508.900  531.583  209.831   -58.438  -243.402  -319.743
  -334.472  -145.858    5.369    7.619   -31.292   -24.140   17.137   55.762
CT1840:220            6.678    1.003   -30.406   -62.593   -85.666   -96.939
  -115.909  -133.672  -128.606  -107.463   -91.016   -31.614   49.549   60.559
  -110.151  -326.953  -239.352   71.824  376.820  309.626   -11.489  -154.211
  -122.355   80.159   94.458   16.004   -41.479   -37.210   -26.053   -18.839
CT1840:215           22.222    6.114   -13.490   -39.156   -68.183   -71.690
   -45.897   -31.936   -18.212    3.393    7.000    7.602   -29.283   -49.975
   -33.470   12.315  175.272  584.379 1001.265  947.889  353.173  -127.770
  -185.560   17.333   54.047    6.722   -41.353   -47.995   -31.313    -7.599
CT1840:210           56.954   18.035   -13.728   -39.811   -63.454   -67.033
   -17.850   20.278   14.095    -5.570   -41.296   -65.378  -136.740  -130.790
    -4.610  159.546  473.157 1043.773 1659.402 1637.692  763.376   96.316
   -67.079   84.570   39.214   -16.896   -42.340   -37.125    5.428   29.381
CT1840:205           73.371   22.963   -18.149   -55.415   -88.484   -87.870
   -24.802   17.537    -5.364   -78.745  -167.068  -222.781  -329.859  -302.074
   -54.175  295.383  663.546 1365.845 2188.442 2385.622 2041.870 1529.599
 1139.723  449.149   -35.112  -110.083   -79.519   -55.948    -0.664   36.422
CT1840:200           79.676   35.434    -5.575   -45.609   -82.334   -96.754
   -47.108    -7.745   -82.505  -281.115  -433.973  -469.353  -508.397  -449.513
  -128.753  475.255  957.620 1688.251 2748.024 3002.051 2761.912 2243.709
 1755.937  672.741   -44.166  -129.402   -83.305   -86.436   -37.257   21.200
CT1840:195           49.087   17.379    8.201    -9.465   -30.804   -48.745
   -33.046   -26.265  -133.209  -416.125  -683.138  -709.299  -588.472  -421.765
  -102.696  424.310  818.978 1251.421 1624.209 1726.943 1968.090 2153.814
 1817.290  721.913   94.413   -13.423   -49.979   -56.291    -5.615   33.472
CT1840:190           15.347   17.698   19.253   14.984    9.641   -12.064
   -48.695  -104.076  -231.135  -509.302  -756.616  -757.269  -565.431  -355.811
  -146.759  166.737  341.275  227.895  -130.929  -413.250  -663.660 -1030.538
-1037.063  -538.401   -64.589   24.648   -57.589   -51.178   -15.426   24.169
CT1840:185           -35.685   -16.511    -8.221    4.877   25.933    -3.942
   -61.432  -144.971  -313.279  -646.032  -901.363  -859.385  -542.010  -243.444
  -149.644  -128.389  -227.535  -774.528 -1664.393 -2286.620 -2957.599 -3297.058
-2833.997 -1168.796   -90.218   46.599   -42.495   -11.404   20.930   46.368
CT1840:180           -45.262   -19.257   11.052   50.565   83.984   51.080
   -64.434  -213.850  -415.006  -804.028 -1097.490 -1038.305  -612.010  -222.205
  -109.435  -108.724  -296.270 -1121.890 -2607.074 -3319.238 -3545.102 -3183.531
-2556.302 -1371.816  -392.383  -116.112   -75.202   -22.841    3.188   52.350
CT1840:175           -49.769   -21.220    5.729   47.246  104.210   69.556
   -83.418  -261.727  -418.531  -684.022  -934.167  -893.065  -491.832   -74.548
  103.430  270.571  210.571  -515.165 -2373.912 -3387.715 -2991.779 -2021.146
-1536.732  -951.092  -476.426  -248.226  -147.635   -33.458   20.300   66.042
CT1840:170           -40.786   -18.042   15.234   61.079  100.869   71.601
   -64.474  -240.615  -351.727  -434.152  -475.109  -416.834  -264.150   -57.062
  207.422  799.675 1093.695  631.985  -496.755 -1025.070 -1093.345  -768.775
  -605.207  -498.605  -394.078  -270.616  -142.698   -42.747   16.336   70.595
CT1840:165           -38.790   -12.786    9.389   36.462   66.996   45.734
   -22.163  -104.137  -169.331  -243.922  -318.735  -286.659  -185.963   -44.546
  215.401  973.826 1561.372 1360.562  455.154  -146.369  -194.809  -312.989
  -381.947  -304.366  -280.879  -218.184  -124.261   -54.641    0.795   58.865
CT1840:160           -27.225    -6.251   14.602   38.233   56.888   42.639
    -3.313   -50.821   -90.511  -156.923  -248.825  -246.985  -188.416  -111.108
   90.299  527.424  777.857  915.303 1180.922 1203.207  876.349  374.995
  183.364   25.220   -90.525   -99.455  -112.186   -92.358   -27.887   41.449
CT1840:155           -17.579    -8.412    2.680   17.613   32.583   24.924
   -26.058   -86.246  -108.471   -89.938   -70.636   -69.239   -84.597   -79.735
    7.861  160.148  260.591  386.891  699.129  752.813  456.829   68.796
   -43.974    -6.549   -14.757   -49.595  -114.083  -105.911   -38.010   35.165
CT1840:150           -10.471    -6.136    -0.917    5.910   14.403   18.152
    -2.129   -21.399   -13.603   22.971   59.844   53.047   19.210    -5.114
   -17.807   -53.113   -57.924   -85.522  -257.604  -396.024  -459.547  -544.747
  -505.663  -241.633   -28.974   -23.741  -111.740  -112.961   -48.556   28.981
CT1840:145            -1.217    -7.479   -11.803   -16.357   -17.406    2.243
   45.038   86.593  122.577  193.678  203.439  136.232   32.504   -35.244
   -91.175  -174.683  -227.666  -205.402  -195.331  -333.011  -583.979  -991.846
  -973.359  -466.119   -62.489   -12.756   -87.578   -95.224   -42.167   23.172
CT1840:140            8.554    -7.484   -16.866   -25.179   -34.545    1.652
  128.555  279.910  336.090  388.173  468.262  403.634   28.076  -317.290
  -405.324  -315.312  -259.626  -266.207  116.020  410.042   -84.521  -680.683
  -665.468  -342.062   -32.148   12.369   -72.665   -70.933    -8.842   51.597
CT1840:135           13.207    3.033    -8.352   -28.570   -44.747    -7.296
  118.979  263.758  305.690  263.419  178.659  107.993   -18.594  -164.383
  -261.162  -369.198  -532.505  -789.072 -1413.899 -1726.618 -1282.236  -525.472
  -258.463   -78.560   77.172   84.485   -35.605   -82.704   -41.218   25.875
CT1840:130           24.090   13.598    3.538   -18.610   -45.631   -15.040
   89.772  205.134  223.444  144.133   33.638   18.477  198.695  404.121
  321.413   -22.522  -296.439  -586.960 -1172.463 -1370.257 -1032.770  -391.538
  -142.104    3.459  105.296   83.892   -77.959  -107.314   -14.908   58.726
CT1840:125           34.099   12.753    -6.755   -33.178   -58.206   -22.501
  106.004  240.266  250.671  117.752   -43.150   -39.076  221.698  458.721
  409.354  140.081   -79.743  -217.540  -299.333  -276.679  -230.047  -110.219
    -9.751   62.734   97.985   62.628   -51.812   -90.316   -47.145   20.725
CT1840:120           46.713   22.582    -4.477   -41.298   -68.476   -27.402
  139.608  326.704  333.857  138.037   -85.004  -102.299   91.278  278.046
  266.865   94.212   -67.924   -69.969   81.132  150.158  143.546   96.601
  107.506  109.256   87.732   42.327   -51.476   -87.509   -39.519   33.766
CT1840:115           51.773   38.212   22.979   -14.992   -60.419   -30.896
  128.105  326.294  326.872  100.808  -169.067  -216.940   -85.993   58.456
   69.333   -12.157   -89.041   -74.338   27.854   67.003  109.422  142.004
  147.116   88.338   30.858    -3.975   -74.753   -78.989   11.155   81.146
CT1840:110           48.832   36.176   17.394   -16.545   -43.220    -5.931
  122.105  258.037  235.322   12.292  -249.972  -309.701  -181.357   -46.839
   -28.789   -68.199  -100.321  -101.918  -106.708  -103.182   -38.317   35.670
   50.494   31.610    1.548   -28.426   -68.579   -74.734   -26.753   38.414
CT1840:105           48.624   37.907   21.426   -10.571   -33.641    9.588
  139.614  278.422  253.943   38.748  -198.404  -267.911  -189.298   -90.420
   -70.981   -75.556   -76.124   -90.005  -136.540  -138.231   -81.345    4.054
   24.129    -1.768   -28.039   -49.319   -70.661   -66.592   -30.909   14.892
CT1840:100           46.506   42.356   38.262   13.362   -11.120   36.814
  191.239  371.767  352.570  140.930  -103.453  -195.398  -179.036  -123.623
  -107.460   -87.782   -73.959   -84.163  -138.852  -145.801   -75.878   30.731
   48.160   -30.022  -104.500  -105.512   -69.518   -48.600   -14.760   16.730
CT1840:095           -20.788    9.502   25.994   23.194   32.186  108.276
  336.871  576.952  552.386  251.455  -104.113  -229.407  -204.394  -169.901
  -157.977  -121.943   -94.604   -97.360  -119.089  -101.574   -20.873  116.427
  132.959    8.306   -96.332  -108.548   -84.997   -58.997   -23.557   15.720
CT1840:090          -118.431   -34.287   46.438  112.921  171.187  272.072
  495.382  695.586  643.239  310.254   -66.868  -202.282  -204.102  -188.990
  -179.877  -160.732  -148.275  -144.225  -152.798  -133.742   -47.255   83.224
  100.168    -0.000   -93.763  -106.400   -85.779   -62.119   -24.578   16.435
CT1840:085          -205.576   -74.228   50.335  199.966  343.389  441.897
  572.785  700.544  626.591  295.859   -58.350  -184.932  -209.963  -213.279
  -191.601  -144.400  -118.762  -122.826  -167.476  -174.187   -92.213   30.919
   48.980   -25.667   -93.821   -99.445   -81.247   -60.493   -18.854   19.976
CT1840:080          -304.494  -135.991   45.363  253.138  444.444  536.317
  551.375  518.097  386.655   73.182  -256.834  -356.644  -267.039  -165.664
  -101.831   -21.178   29.873   11.440   -79.815  -109.219   -80.164   -13.061
    -1.605   -28.753   -55.152   -64.448   -71.716   -62.460   -27.878   11.980
CT1840:075          -329.939  -146.801   22.727  240.415  450.493  513.579
  430.695  297.952  139.854  -179.344  -462.725  -533.666  -416.644  -227.965
  -110.981   59.598  190.581  168.698   23.522   -41.544   -61.571   -54.264
   -57.849   -51.664   -45.814   -53.366   -80.863   -72.295   -23.455   20.808
CT1840:070          -292.121  -131.137   34.114  224.739  404.258  443.148
  325.903  181.483   20.084  -322.735  -673.526  -751.748  -574.075  -391.311
  -242.289   37.066  231.377  234.813  114.924   40.033   -42.764  -124.380
  -142.271   -78.786   -30.951   -33.604   -59.387   -58.531   -27.430   12.405
CT1840:065          -242.626  -114.365   20.506  180.070  328.757  347.749
  223.801   79.881   -23.474  -161.516  -444.758  -516.385  -456.275  -532.742
  -368.299   58.832  234.071  364.783  301.464  172.667   67.733  -116.928
  -174.428  -108.644   -53.233   -45.881   -54.368   -43.209    -7.814   29.643
CT1840:060          -202.423  -106.044   -15.818  110.892  237.803  241.392
  120.330   -25.742   -79.794  319.788  970.303  949.002   93.072  -472.078
  -336.033  360.043  867.948  835.290  621.396  559.408  273.222   -95.857
  -175.411  -128.523   -87.850   -71.268   -49.308   -26.604    6.688   40.353
CT1840:055          -122.643   -57.480   15.704  109.599  189.662  153.803
   -10.199  -198.854  -392.886  -709.584 -1086.546 -1159.817  -940.145  -773.683
  -675.538  -645.428  -634.386  -483.570  -350.197  -317.380  -209.402  -118.342
   -97.852   -91.924   -83.213   -72.744   -63.047   -43.993    -5.238   43.601
CT1840:050           -73.307   -22.729   15.748   73.732  137.226   86.027
   -60.448  -232.991  -518.337 -1355.777 -2244.312 -2330.611 -1617.707  -966.059
  -843.337 -1076.823 -1220.245 -1058.140  -741.454  -590.323  -377.223   -88.003
   -12.202   -19.090   -19.898   -22.512   -42.843   -29.028   23.752   66.594
CT1840:045           -50.571   -11.794   32.073   88.895  129.408   71.051
   -49.817  -192.249  -471.488 -1084.586 -1549.414 -1575.824 -1200.266  -675.589
  -498.633  -375.966  -151.655  -202.112  -231.129  -126.452   -82.963   13.610
   56.187   22.234    -7.233   -13.219   -25.656   -21.684   10.057   42.919
CT1840:040           -31.448    -0.315   24.099   75.706  122.338   48.883
  -129.881  -342.420  -576.924  -901.865 -1118.523 -1091.025  -905.448  -714.489
  -461.273   -93.269   66.467   55.614   -46.876   -73.788   -19.401   21.355
   28.587    6.740   -19.169   -23.677   -24.557   -20.311    -5.150   13.546
CT1840:035           -19.762    4.473   53.361   92.713  114.299   19.128
  -217.885  -466.248  -647.640  -901.696 -1067.073  -912.144  -384.936   69.037
  239.327  232.304  215.717  200.764  167.767  135.932   88.567   37.063
    3.068   -25.594   -45.505   -43.058   -33.688   -24.295    -7.750    5.819
CT1840:030            -4.990   26.969   36.369   60.120   85.447   -23.015
  -310.144  -577.437  -682.332  -773.639  -786.700  -479.052  386.155  992.670
 1002.357  563.375  351.726  333.298  367.579  316.803  185.581   47.788
   -27.931   -63.596   -81.871   -74.062   -51.876   -36.635   -18.293    -0.005
CT1840:025            9.835   31.538   52.335   84.527   90.576   -31.927
  -372.115  -658.438  -662.134  -438.614  -150.018  173.009  793.359 1266.537
 1253.362  783.762  539.706  522.353  527.838  427.789  206.162   -20.467
  -119.354  -115.036  -106.985   -98.695   -77.108   -56.567   -28.574    0.370
CT1840:020           25.194   40.076   45.263   66.402   83.413   -29.818
  -393.493  -738.983  -684.989  -166.182  321.248  560.410  689.987  696.145
  812.153  958.875  947.050  904.663  718.495  530.948  272.631   -43.895
  -177.921  -149.154  -125.586  -124.782  -111.517   -88.285   -45.265    -0.587
CT1840:015           20.409   40.163   57.896   87.471   98.028   21.375
  -223.213  -435.464  -322.329  235.917  752.415  867.654  591.734  383.818
  519.998 1088.812 1466.898 1361.480 1053.704  884.382  516.040   75.278
  -109.826  -126.856  -126.944  -138.958  -122.280   -96.021   -48.360    -1.677
CT1840:010           20.756   48.526   67.811   88.198   97.594   63.534
   -37.792  -109.569    -8.461  335.660  651.540  690.402  417.394  177.350
  165.234  228.434  308.053  538.236  925.452 1003.181  729.973  253.557
   32.709   -74.321  -151.622  -173.830  -103.216   -73.266   -37.339    -3.502
CT1840:005           13.039   35.978   57.971   85.005  104.219   81.777
   14.811   -26.065   50.207  276.727  500.075  505.590  312.516  152.607
   10.892  -398.080  -566.227   -68.980  987.011 1381.776 1154.107  648.643
  381.897   81.607  -181.347  -247.178  -140.734   -80.456   -23.299   27.406
CT1841:360           29.984   47.652   64.886   80.732   94.515  104.845
   77.851   69.221  121.076  202.051  253.679  235.767  208.332  132.004
   -42.098  -480.744  -578.775  -110.300 1057.681 1633.311 1672.401 1648.291
 1386.419  472.871  -217.243  -310.899  -108.861   -51.238    -2.223   41.033
