
filled_synop: 30 data points in equal steps of sine latitude from +14.5/15 to  -14.5/15

CT1869:360           83.937   72.828   61.446   46.257   37.920   27.085
    6.687   92.100  519.524 1096.586 1208.047  846.194  391.565  285.028
  251.860  209.417  160.935   66.508    -6.749   -38.866   -56.419   -61.146
   -29.005   25.874   23.450   -29.109   -86.483  -108.249  -113.112  -124.059
CT1869:355          103.640   82.270   60.510   39.234   34.685   48.694
   69.191  117.762   94.414   21.392   50.473  211.708  320.469  292.138
  274.371  236.092  183.167  115.015   60.286   15.791   -34.013   -53.536
   -20.196   44.909   40.605   -23.947   -91.643  -118.497  -123.431  -119.329
CT1869:350          122.110   99.752   81.194   56.586   56.972   96.330
  156.760  228.560    1.696  -662.472  -800.159   -63.181  471.889  465.112
  322.738  202.031  154.792  147.498  122.992   70.896    -7.677   -39.530
   -14.625   33.244   20.280   -51.262  -124.338  -133.017  -112.948  -104.120
CT1869:345          118.206  100.900   76.685   45.357   49.706  108.546
  171.297  283.167  773.728 1645.145 1828.556 1154.385  686.547  559.505
  363.257  201.494  151.517  161.938  146.328   99.338   25.293    -6.813
   12.599   55.062   38.085   -41.191  -124.546  -145.599  -129.575  -112.226
CT1869:340          104.889   96.058   81.425   46.866   42.539   91.584
  148.867  285.081  680.828 1038.768 1084.654  848.142  442.452  315.836
  276.839  212.285  166.386  146.799  120.659   92.648   55.244   33.891
   42.414   66.020   37.605   -52.941  -128.918  -147.028  -134.511  -114.815
CT1869:335           82.520   64.432   49.285   37.652   46.689   75.418
  107.705  186.419  312.639  401.592  422.682  397.013  320.039  247.882
  202.019  169.101  146.115  133.744  120.096  106.383   90.763   76.944
   72.966   70.993   33.364   -46.549  -120.813  -128.487  -110.108  -104.401
CT1869:330           69.343   50.808   39.312   30.359   33.401   54.978
   81.972  116.458  158.720  215.942  218.480  171.060  139.597  106.723
   85.489   77.706   90.342  129.748  150.294  148.852  141.074  127.183
  105.142   81.425   37.759   -44.084  -115.483  -134.542  -123.230  -109.466
CT1869:325           84.917   72.955   55.848   31.144   25.483   47.063
   78.824  100.859  115.682  138.684  120.552   34.622   -29.464   -45.894
   -36.728   -18.250   32.158  133.826  188.793  200.201  191.612  174.478
  137.033   92.971   39.892   -38.197  -103.085  -117.361  -111.433  -112.689
CT1869:320           93.287   78.904   54.232   18.208    6.066   27.157
   58.241   68.403   53.122   40.739   18.821   -45.080   -92.886   -96.829
   -71.950   -38.470   27.617  160.198  241.324  249.996  227.467  206.046
  163.201  112.911   54.002   -32.836  -108.392  -127.538  -122.598  -125.882
CT1869:315           90.508   56.544   25.494    -1.449   -10.560    6.075
   31.637   35.326    4.547   -41.600   -65.127   -67.969   -62.747   -59.404
   -46.531    -5.960   48.238  150.713  230.264  244.861  242.237  227.913
  182.640  127.481   64.544   -29.685  -113.413  -151.142  -160.628  -159.932
CT1869:310           90.701   51.406   19.279   -10.897   -23.232    -5.566
   26.578   34.517   28.805   25.769   11.108   -32.528   -68.387   -61.789
   -46.436   -17.707   36.135  100.585  142.550  198.568  273.572  274.825
  207.877  120.776   54.301   -30.569  -109.272  -143.436  -155.684  -173.781
CT1869:305           93.379   62.990   30.925    0.765    -9.915    4.351
   25.812   34.560   50.614   67.043   54.781    2.596   -38.518   -18.779
   21.415   39.170  126.452  238.048  275.816  306.025  319.318  298.427
  241.928  174.910  106.795   11.144   -80.373  -124.608  -142.607  -160.074
CT1869:300           94.596   67.005   41.700   14.053    3.630   14.349
   31.278   39.019   50.919   59.968   45.230    -3.914   -41.440    2.883
  199.327  379.928  429.844  506.398  575.623  496.104  324.027  259.518
  225.811  182.081  119.176   22.427   -66.346   -98.186  -105.234  -124.377
CT1869:295          100.492   68.548   31.642    -3.260   -12.208   19.189
   62.278   72.238   65.574   52.013   23.457   -48.261  -116.230   -81.910
   59.862  150.714  221.991  302.382  331.955  320.343  234.131  194.029
  180.811  158.794  107.261   21.022   -64.227  -100.995  -113.439  -135.515
CT1869:290          110.129   86.252   56.758   14.392    5.019   47.225
   97.346  106.468   93.631   65.092   16.752   -57.537  -134.118  -139.069
  -130.536  -139.081  -102.994   -79.107   -54.064   16.498  125.450  173.801
  181.282  171.389  125.716   18.799   -72.874  -122.741  -155.677  -180.569
CT1869:285          116.294   89.377   56.772   20.658   15.663   63.543
  124.762  129.619  107.779   74.742   -20.342  -182.513  -199.114  -233.288
  -229.792  -162.154  -214.536  -407.092  -452.559  -299.930    -3.686  120.471
  151.192  156.433  122.713    8.039   -96.350  -142.475  -168.452  -195.492
CT1869:280          131.632  101.060   65.729   28.745   27.259   85.405
  148.535  141.164   70.520    -9.481  -150.206  -648.146 -1104.142 -1031.384
  -446.387  -135.683  -224.269  -528.503  -623.431  -477.371  -160.423   -27.176
   31.404   88.075   85.947   -21.634  -118.201  -163.825  -196.819  -219.874
CT1869:275          139.323  110.832   76.966   33.549   23.621   76.042
  149.219  146.970   61.794   -37.968  -115.762  -353.089  -599.767  -561.013
  -245.769   -97.455  -191.800  -424.664  -481.615  -478.343  -357.612  -269.775
  -152.874   -22.389    2.422   -41.143   -83.741  -128.930  -175.802  -214.519
CT1869:270          121.254   90.296   55.685   25.581   20.409   49.968
   75.432   74.774   69.305   60.103   98.500  404.510  735.398  635.268
  184.617   -28.322   -92.911  -279.920  -408.067  -398.168  -418.807  -399.504
  -246.578   -56.475    -8.493   -18.708   -37.299   -80.396  -136.884  -189.944
CT1869:265          101.636   83.989   65.252   39.435   30.484   51.859
   72.598   72.331   50.916   35.565  110.971  396.395  552.254  523.906
  264.769  111.322  196.907  487.925  565.731  280.766  -137.484  -242.135
  -153.945   -31.364    -1.784    3.332    -3.880   -42.528   -99.364  -159.682
CT1869:260           89.054   76.857   65.478   53.143   45.625   49.430
   53.152   38.066   -14.979   -54.954   -14.547   83.100  115.627  141.589
  121.433  104.265  313.162  803.439  919.267  633.140  144.007   -13.485
    -1.347   10.807   10.444    3.946   -16.437   -58.283  -107.119  -158.002
CT1869:255           92.859   74.208   56.037   34.209   19.708   19.250
   15.456    -5.165   -69.369  -120.159  -113.779   -75.172   -34.203   -14.706
   14.274   40.114   86.909  150.293  153.562  136.439   82.788   66.480
   48.411   35.706   35.054   16.033   -11.680   -61.289  -120.205  -176.615
CT1869:250          115.726   82.808   50.650   21.252    -1.775    -6.925
    -8.161   -22.258   -60.059   -91.806   -90.705   -64.371   -37.556   -27.508
    -4.835   -14.495  -165.780  -441.439  -533.008  -481.378  -335.011  -254.751
  -101.093   44.402   74.111   52.635   19.970   -43.485  -121.689  -191.900
CT1869:245          129.606   94.425   54.803    9.679   -23.512   -43.808
   -59.635   -68.560   -67.445   -60.277   -63.828   -74.147   -55.419   -48.756
    -2.400    1.287  -188.185  -568.589  -702.485  -602.316  -398.574  -281.180
  -106.822   59.054   92.941   57.434   20.596   -46.797  -128.243  -200.691
CT1869:240          136.154   94.848   50.774    4.374   -37.699   -88.074
  -130.661  -134.092  -106.160   -67.184   -67.687  -122.467  -150.681  -127.865
   -24.885    3.240   -86.497  -237.313  -289.606  -274.473  -193.788  -126.636
   -29.298   68.774   93.926   73.785   41.962   -28.054  -116.206  -196.670
CT1869:235          136.582   96.696   51.998    5.416   -37.843  -100.020
  -151.422  -135.055   -64.560   -17.940   10.079   16.798   -16.128   -11.291
   16.678    5.183   -15.254   -39.630   -49.444   -44.756   -23.667    -1.517
   36.325   68.946   74.510   67.367   46.379   -11.626   -91.790  -175.824
CT1869:230          140.269  103.599   56.794    0.229   -41.437   -99.881
  -151.862  -111.386   81.274  266.863  309.400  301.526  308.028  255.136
  114.407   58.503   67.313   86.489   84.518  106.608  100.765   91.055
   77.814   63.120   55.545   57.498   44.517   -18.635  -101.912  -175.053
CT1869:225           95.571   61.101   27.912    -5.744   -36.527   -80.331
  -115.856   -71.396  112.164  257.041  289.770  275.345  242.169  203.598
   81.344   30.450  146.327  379.747  452.856  377.569  231.600  173.886
  114.732   54.221   29.693   35.883   29.796   -22.518   -99.456  -176.884
CT1869:220           86.212   56.256   25.391    -8.408   -28.572   -35.099
   -35.911   -16.510   49.551   97.417   81.174    6.859   -38.728   -43.922
   -25.057   15.829  146.932  400.071  496.343  412.789  266.879  208.523
  124.854   34.306    4.438   19.038   14.916   -44.757  -122.324  -188.264
CT1869:215           95.759   57.975   18.066   -20.155   -38.383   -30.486
   -17.762   -12.939    0.724    -0.455   -68.052  -261.661  -367.528  -337.786
  -165.597   -49.094    8.737   52.140   96.125  168.979  233.208  220.579
  123.758   28.136    0.934   19.827   27.701   -24.259  -106.419  -188.770
CT1869:210          121.742   79.847   28.978   -30.237   -56.133   -43.252
   -33.426   -42.781   -47.582   -68.212  -170.580  -469.133  -652.311  -590.494
  -324.263  -185.360  -172.818  -241.741  -222.183   -55.541  147.444  178.215
   96.079   17.106    1.518   40.832   51.023   -22.286  -125.344  -211.707
CT1869:205          113.041   72.477   31.255    -6.409   -25.444   -17.568
    -7.673   -25.834   -67.723  -103.240  -183.516  -386.655  -512.632  -481.176
  -333.438  -258.001  -235.902  -229.059  -182.500   -77.396   67.159  103.080
   54.056    0.975    -4.097   42.815   64.181    -5.816  -108.376  -197.407
CT1869:200          118.556   85.811   47.451    6.742   -13.264    -7.178
    -5.556   -26.168   -90.330  -137.676  -144.200   -93.106   -53.357  -100.687
  -187.035  -203.495  -189.829  -139.658   -86.810   -23.529   61.624   87.612
   47.245    6.451    5.304   48.666   66.450   15.079   -74.963  -175.415
CT1869:195          120.683   91.827   52.275    4.457   -21.273   -20.511
   -14.569   -22.793   -78.022  -118.062   -74.812   95.721  157.386  100.930
   -98.173  -197.083  -166.547   -93.206   -51.778    4.141   62.701   82.716
   50.699   17.897   15.298   44.044   46.881   -15.162  -100.403  -176.989
CT1869:190           96.544   62.732   29.448    -1.230   -26.649   -60.457
   -90.383   -78.157   -14.911   38.739   90.577  247.686  337.184  241.084
    0.646  -103.710  -106.607   -71.141   -40.369    -5.592   43.822   63.999
   48.763   31.679   29.872   49.100   51.144   -13.296  -105.550  -189.658
CT1869:185           91.140   65.236   40.096   14.079   -16.711   -67.332
  -100.246   -63.940   65.919  159.935  171.644  129.165   79.387   52.471
   12.881   -21.125   -73.956  -162.832  -167.498   -72.719   31.183   57.546
   48.623   41.814   41.207   63.208   63.346    0.945  -100.424  -208.052
CT1869:180          107.413   88.196   69.344   47.569   20.961   -43.494
   -91.300   -47.909  128.794  246.989  213.167   10.900  -117.218  -130.588
   -70.423   -43.912   -70.624   -91.738   -72.235   -14.130   61.977   76.084
   34.770    -2.591    0.078   49.903   58.661   -21.431  -128.170  -224.000
CT1869:175           93.565   75.590   57.186   35.145    6.950   -49.905
   -84.096   -33.619  164.365  299.173  235.176   -38.412  -181.680  -213.396
  -211.725  -208.076  -114.841   26.766   80.072   94.406  116.297  109.114
   48.788    0.499    -7.279   25.782   35.437   -28.460  -123.666  -214.838
CT1869:170           86.985   66.180   45.238   22.447    2.180   -28.453
   -42.260    -2.040  109.148  182.502  152.738    -0.612   -93.262  -100.793
   -64.023   -29.557   35.061  147.575  194.011  189.360  177.029  148.590
   85.247   35.333   13.265   25.185   10.285   -52.985  -135.040  -212.564
CT1869:165           80.693   59.915   35.533    9.520    -6.773   -19.171
   -25.105    -2.199   35.499   68.696  125.131  232.968  279.373  240.750
  165.026  160.376  223.111  309.397  340.878  307.018  238.967  190.332
  133.943   76.466   30.059    9.005   -17.769   -79.328  -148.843  -206.232
CT1869:160           54.412   36.825   22.699   12.330    5.920    -3.127
    -8.167   10.772   40.869   78.964  185.886  416.110  512.929  453.453
  272.801  234.960  346.960  492.265  534.099  528.803  462.278  380.992
  218.091   71.674   22.153    3.260   -29.676   -75.437  -129.198  -184.939
CT1869:155           57.959   45.885   32.645   15.885    8.508    9.873
   11.427   29.318   60.481   92.626  163.533  281.814  331.455  309.934
  203.717  192.925  312.386  466.228  507.321  550.940  588.748  503.290
  251.342   66.725   20.579    7.088   -21.603   -69.373  -120.031  -168.030
CT1869:150           69.724   59.806   40.552    9.412    -3.933    2.134
    7.012   18.849   45.028   61.238   64.627   55.044   68.345   81.253
   90.637  130.352  214.628  325.843  302.794  108.485   -84.449  -124.487
   -53.762   -18.868    -9.504    5.147    -6.400   -54.872  -111.085  -162.569
CT1869:145           62.210   38.836   13.259    -9.967   -18.310    -6.326
    3.314    -4.536   -29.013   -46.236   -85.475  -192.569  -208.779  -122.467
   36.196  125.188  159.774  191.190  127.062  -144.823  -396.398  -425.522
  -237.713  -102.500   -59.559   -11.391    -1.371   -45.015   -99.709  -152.288
CT1869:140           57.562   27.381    0.867   -21.817   -31.120   -15.366
    -2.693   -20.870   -70.724  -106.461  -142.492  -212.475  -197.430   -69.002
  149.989  268.782  340.535  400.848  297.555   -69.169  -383.417  -442.781
  -271.201  -131.910   -76.091   -17.593    -0.262   -50.058  -107.357  -152.987
CT1869:135           71.488   39.772    8.511   -19.333   -32.392   -28.421
   -33.777   -58.900  -109.287  -139.959  -131.643  -111.814   -50.589  129.744
  384.807  541.242  713.971  852.257  756.744  332.051  -111.159  -236.651
  -168.557  -109.182   -73.892   -18.397    3.849   -36.697  -101.017  -160.115
CT1869:130           85.012   51.846   16.772   -18.818   -40.002   -40.591
   -47.276   -78.258  -149.798  -189.225  -141.527   -37.256   50.364  238.664
  509.143  674.970  854.445 1063.693 1006.774  545.767   50.440  -102.598
   -99.859   -98.342   -71.190   -11.196    5.789   -34.695   -96.310  -154.052
CT1869:125           99.223   58.015   15.122   -23.562   -47.157   -48.147
   -57.389   -94.220  -171.005  -215.598  -166.073   -45.105   29.048  129.294
  236.407  334.206  484.059  610.808  584.412  355.625   81.542   -30.742
   -70.582   -98.899   -78.863   -12.925   13.327   -33.649   -97.155  -147.625
CT1869:120          120.713   78.966   34.757    -6.749   -39.526   -58.566
   -79.745  -116.635  -168.972  -197.194  -194.414  -132.551   -99.885  -101.872
  -107.277   -22.341  101.465  284.431  315.585  192.559   42.557   -34.755
   -91.474  -121.241  -103.594   -26.358   13.760   -10.354   -70.441  -139.578
CT1869:115          128.759   98.135   62.159   22.222   -19.897   -76.946
  -118.737  -150.784  -189.264  -235.669  -290.260  -320.505  -298.938  -436.203
  -630.860  -619.554  -292.546  112.556  196.633   56.404   -72.096  -117.277
  -150.440  -172.228  -145.040   -44.078    -1.578   -42.112  -102.081  -150.157
CT1869:110          104.059   85.497   67.879   44.889    2.516   -80.402
  -134.246  -134.342   -69.787   -65.698  -247.025  -724.346  -963.238  -836.064
  -530.727  -393.410  -328.677  -181.160  -102.795   -74.488   -56.648   -82.028
  -136.437  -164.704  -144.390   -62.831   -17.078   -38.511   -87.975  -137.262
CT1869:105           89.967   67.324   46.071   24.640    3.183   -37.091
   -62.161   -30.518  107.471  168.244   54.179  -267.408  -457.649  -448.460
  -467.702  -453.037  -315.619  -187.569  -116.893   -22.797   12.004   -14.064
   -90.586  -143.145  -131.600   -50.713   -19.304   -61.473  -121.727  -159.954
CT1869:100           91.151   65.395   38.502   12.774    -1.121    -5.027
    -5.052   32.277  129.336  160.944  254.082  548.628  659.578  317.365
  -168.701  -247.638   -48.234  233.511  304.024  258.018  224.922  157.223
   -34.711  -162.315  -162.722   -90.640   -51.073   -74.919  -117.487  -145.588
CT1869:095           89.875   65.705   38.683    9.981    2.431   12.866
   16.583   34.622   84.376  106.570  177.557  283.909  260.413  212.915
   36.544    -7.919   96.886  241.620  288.286  276.825  230.058  164.372
   -32.079  -171.753  -173.342  -101.461   -71.781   -77.426   -94.913  -113.682
CT1869:090           82.911   55.129   27.554    6.673    1.809   21.436
   28.328    -6.048   -55.693   -78.524  -110.440   -99.314   -78.079   -50.846
   -11.250    -2.277   -50.455  -141.918  -126.638    -2.629   81.427   62.664
   -66.860  -152.243  -151.112  -106.387   -83.016   -87.175   -96.353  -100.749
CT1869:085           84.173   64.101   39.969   16.836   13.488   34.704
   51.171   -29.556  -248.737  -384.228  -588.403  -860.261  -893.716  -653.656
  -143.725   -18.404  -204.331  -435.599  -450.189  -294.855  -130.185   -92.946
  -109.081  -117.676  -112.811   -94.195   -82.972   -80.038   -80.754   -82.031
CT1869:080           87.473   67.476   40.960   15.560   12.611   28.523
   52.130   23.874   -56.656  -147.524  -533.477 -1292.883 -1547.330 -1093.149
  -184.758   13.159  -273.684  -622.689  -659.296  -469.363  -277.399  -210.857
  -156.809  -116.356  -103.092  -102.737   -97.611   -87.492   -76.858   -68.994
CT1869:075           86.779   64.104   38.664   15.720   20.621   31.365
   76.403  208.873  449.432  499.153  258.574  -492.874  -896.542  -548.404
   -55.907   -27.972  -273.144  -525.797  -569.344  -463.247  -320.536  -261.779
  -180.717  -115.631   -99.789  -111.142  -108.326   -95.649   -79.391   -63.411
CT1869:070           87.435   68.537   47.436   25.369   39.143   41.865
   85.965  333.981  944.461 1224.825 1304.193 1544.134 1630.715  956.282
  121.771  -114.400  -240.236  -380.267  -430.960  -406.827  -365.271  -322.787
  -215.030  -142.570  -124.805  -134.468  -127.716  -108.051   -84.933   -64.563
CT1869:065           68.597   52.528   35.525   22.055   33.860   41.217
   90.696  299.231  734.400  932.403 1027.947 1082.523  987.368  675.238
  114.837   -51.205   33.092  101.652   56.107   -99.851  -253.385  -270.618
  -199.026  -151.384  -139.519  -141.332  -136.510  -123.698  -105.556   -87.548
CT1869:060           47.192   50.046   53.219   55.858   73.986   99.220
  140.877  174.927  200.881  196.231   88.819   -46.667  -100.698  -105.264
    -0.158   79.501  355.518  656.667  617.042  228.990   -86.395  -153.125
  -147.349  -145.652  -143.595  -138.629  -135.416  -136.884  -135.769  -127.181
CT1869:055           51.319   47.475   45.879   51.593   71.303  107.139
  128.322  100.674   46.210   -10.739  -307.867  -784.721  -891.081  -671.835
  -229.952   -59.427  229.972  526.468  510.607  201.490   -58.652  -114.144
  -106.393  -109.017  -118.606  -134.521  -141.409  -136.046  -125.375  -113.090
CT1869:050           46.527   51.517   60.695   70.278   87.679  129.461
  140.847   89.220   -13.430   -95.139  -417.956 -1148.920 -1395.536  -904.016
  -361.456  -248.949  -175.136  -128.126  -112.569   -81.585   -54.478   -69.314
   -93.916  -109.117  -121.924  -138.723  -145.377  -136.237  -121.358  -101.477
CT1869:045           55.566   59.379   61.976   66.762   83.576  129.393
  141.915   76.593   -66.937  -136.514   -90.010   91.968  164.965  118.801
  164.704  123.637  -277.822  -665.722  -654.234  -347.510  -125.622   -87.141
   -84.734   -87.565  -102.080  -120.815  -128.980  -124.876  -115.544  -103.813
CT1869:040           52.469   49.925   48.775   50.775   63.902   95.316
   97.948   48.208   -65.860   -92.692  170.979  708.545  861.066  603.755
  235.806   77.923  -298.943  -686.158  -679.232  -323.288   -61.419   -22.839
   -52.777   -72.749   -87.940  -102.703  -111.428  -109.546  -104.466  -101.675
CT1869:035           36.486   32.971   34.424   37.193   38.690   53.497
   49.710   19.143   -52.279   -70.450  158.872  628.109  758.746  527.203
  183.008   56.405  -160.558  -318.330  -320.419  -137.428   37.084   55.486
   -16.340   -56.503   -72.759   -82.918   -91.268   -94.506   -98.159   -99.363
CT1869:030           50.355   48.121   46.159   44.531   37.673   23.139
    1.869   -23.804   -52.874   -82.463  -148.544  -316.345  -353.800  -151.034
   18.994   35.101   -33.649   -83.246   -69.902   52.683  156.668  130.542
    4.359   -66.921   -88.829  -101.446  -109.272  -105.628   -94.442   -78.959
CT1869:025           52.530   47.922   45.040   42.981   32.273   21.882
    3.239   -36.755   -72.555  -141.493  -367.170  -711.913  -752.106  -468.190
   -80.376   86.684  183.371  184.207  191.592  143.750   57.819   24.158
   -16.944   -56.759   -79.544   -96.812  -101.854   -84.565   -60.311   -41.342
CT1869:020           44.794   36.140   31.101   32.452   22.672   16.832
    -6.362   -84.953  -189.169  -307.022  -575.628  -901.315  -910.011  -562.899
   -66.892  185.130  640.098 1076.401 1014.562  479.717   89.539    8.951
    -9.574   -35.919   -57.808   -78.294   -84.458   -64.783   -44.639   -32.412
CT1869:015           35.336   38.447   46.944   59.588   46.070   12.486
   -23.191  -126.761  -299.344  -419.762  -640.615  -930.634  -943.923  -571.505
   -94.431  104.564  189.877  217.854  221.960  133.549   36.345   10.157
    8.307    -6.721   -32.517   -67.312   -78.521   -63.641   -48.222   -37.182
CT1869:010           44.096   51.253   62.498   68.570   49.162    -1.016
   -30.384   -43.887   -50.352  -110.724  -257.104  -476.644  -525.894  -322.652
   -38.261    1.718  -307.397  -558.688  -529.622  -242.000   -27.612    -5.423
    3.452    5.234   -20.562   -63.755   -81.235   -72.204   -59.674   -51.062
CT1869:005           61.763   54.595   49.780   45.284   28.362   -23.494
   -33.270   98.397  400.039  462.388  269.465   -34.830  -119.699   -90.308
   17.470    -1.730  -306.143  -540.493  -518.447  -252.549   -51.209    -8.733
   13.953   21.840    -4.620   -51.635   -74.919   -82.904   -84.794   -81.222
CT1870:360           86.817   75.178   59.876   40.635   21.372   -12.295
    -0.575  173.810  560.008  667.845  367.443  -205.997  -344.940  -177.799
    3.065   17.913    -6.023   -32.469   -60.561   -49.411   -14.290    3.074
    3.631    -0.621   -21.140   -52.304   -74.333   -86.303   -95.436  -103.254
