
filled_synop: 30 data points in equal steps of sine latitude from +14.5/15 to  -14.5/15

CT1673:360          308.162  155.590   -96.147  -835.900 -1817.976 -2261.139
-2293.736 -2025.833 -1587.304  -534.195   82.625  165.486   50.821   51.423
   35.305    -5.797   -40.601  -137.332  -181.807   48.414  792.985 1314.718
 1310.116  810.480  317.158  137.527   53.759   -31.400  -118.036  -207.285
CT1673:355          309.409  194.706   16.598  -474.990 -1261.856 -1591.083
-1558.891 -1446.539 -1125.745  -371.834   81.744  194.168  170.801  182.987
  120.689   27.110   -45.761  -222.440  -342.389  -188.870  364.871  801.525
  814.171  513.507  249.311  138.775   57.785   -26.399  -109.862  -191.646
CT1673:350          157.114   61.857   -35.663  -179.288  -225.662  -335.647
  -517.633  -554.999  -446.817  -299.058  -116.008   85.243  298.301  356.916
  194.719   27.178   -64.002  -261.183  -413.019  -373.044  -221.637  -110.096
   -25.672   83.744  144.763  115.178   36.770   -34.821  -100.863  -167.889
CT1673:345          176.785   94.469    1.811   -65.216  -164.204  -272.774
  -325.355  -408.835  -351.976  -310.759  -255.025   -57.936  141.874  190.453
  122.915    -6.267   -76.129  -154.906  -223.925  -284.486  -443.075  -501.429
  -425.570  -154.776  103.170  126.483   53.186   -18.971   -82.949  -144.667
CT1673:340          156.909   61.192   -27.966   -93.300  -158.008  -217.968
  -258.715  -307.076  -256.082   -97.856   24.191   74.573  102.465  132.370
   99.645   26.492    -7.141   13.327   29.458   -80.297  -475.524  -749.134
  -672.749  -273.645   60.675  107.817   37.753   -27.867   -77.827  -127.348
CT1673:335          159.840   73.759   -14.874   -91.532  -174.995  -229.684
  -239.423  -252.656  -252.792  -189.527   -77.567   -31.214  163.506  250.213
  147.195   70.497   54.782   79.310   79.763    3.085  -217.678  -356.183
  -323.478  -134.613   22.574   52.628    8.590   -31.785   -68.262  -109.360
CT1673:330          170.527   74.633   -17.336   -98.985  -179.395  -225.411
  -211.334  -186.650  -287.970  -728.997  -922.797  -597.396  -165.681   -38.598
   39.608   86.743   81.327   23.483   -47.082   -39.103  133.959  285.938
  257.191  115.911   27.167   13.659    -9.482   -36.947   -59.751   -82.479
CT1673:325          178.348   77.996   -24.922  -104.873  -190.215  -224.375
  -186.968  -145.421  -155.427  -162.766  -114.191   -97.338   25.424   95.560
  107.655  109.175   85.945    4.457   -76.280   -83.073   -52.442   -51.343
   -21.050   12.741    8.449    -4.159   -23.595   -42.378   -63.908   -88.085
CT1673:320          155.873   48.097   -53.644  -129.982  -198.788  -215.393
  -156.690   -84.204   -11.977  135.499  214.090  193.014  137.242  125.774
  112.591   88.761   47.004   -17.340    -1.948   -34.822  -104.783  -104.539
   -83.503   -39.911    -2.188    -8.606   -30.720   -49.036   -66.933   -85.765
CT1673:315          156.729   41.019   -58.023  -126.603  -185.971  -172.349
   -70.524    4.175  115.221  329.741  405.112  331.954  158.959   91.526
   56.900   14.470   -46.697  -286.615  -518.861  -469.404  -226.565   -77.779
   -47.649   -12.777   10.616    -3.009   -31.521   -58.290   -81.713  -102.868
CT1673:310          199.927   90.385   -30.021   -82.832  -130.690  -108.418
  149.014  413.419  448.202  367.764  337.255  269.036  141.345   85.232
   31.840   -22.132   -37.338   -63.491   -93.459   -64.748   55.706  139.051
  119.344   61.692   21.363    -5.078   -36.604   -66.188   -90.502  -112.129
CT1673:305          171.454   66.933   -24.958   -65.250   -88.991   -59.126
   98.758  257.507  288.121  205.998  170.364  149.764  104.308   73.543
   44.551   27.246   80.880  354.431  601.150  594.881  389.528  207.923
  143.375   74.550   10.610   -22.371   -45.323   -69.092   -92.328  -114.414
CT1673:300          149.920   62.237   -14.977   -58.912   -85.148   -91.974
  -110.269  -106.244   -54.209   46.852   91.192  105.019  105.723   87.749
   65.258   59.394  141.265  562.539 1002.306  951.657  501.174  165.531
   80.221   40.622    -1.280   -35.170   -60.036   -82.832  -103.806  -123.096
CT1673:295          171.308   88.327    -1.801   -47.165   -84.121   -84.369
  -153.256  -231.930  -140.580  127.680  239.752  195.849  127.050   92.612
   58.735   26.954   71.332  210.530  245.736  266.716  215.731  103.132
   46.720    9.344   -26.616   -57.715   -76.306   -92.442  -109.369  -123.757
CT1673:290          151.342   69.782    -2.025   -34.026   -48.379   -14.631
  163.681  353.566  392.464  363.989  350.652  285.901  172.413  112.191
   69.919   39.029   31.756    -9.824   -46.908   -24.351   60.575  119.312
   93.349   43.554    4.504   -24.587   -49.044   -70.439   -94.490  -120.814
CT1673:285          140.490   72.856   12.219    2.803    5.843   62.873
  340.551  619.841  638.966  458.776  360.426  298.370  182.408  113.606
   70.981   36.315   19.191   19.894   42.126   47.031   66.685   96.148
   96.470   82.988   64.940   38.501    -4.527   -46.834   -89.049  -134.390
CT1673:280          144.016   83.266   17.574    3.948   19.210   52.923
  177.497  296.091  346.460  380.898  377.831  307.769  171.603   93.640
   51.734   20.173    5.146   18.658   33.872   36.851   38.797   36.848
   45.561   73.010   91.073   69.981   10.755   -52.310  -107.632  -156.968
CT1673:275          131.303   69.177   13.811    0.396   31.691   49.658
   -10.939   -77.449   -22.160  168.202  283.857  241.934  121.665   56.825
   28.756   13.628    0.963    3.405    5.409    -8.406   -43.394   -71.357
   -51.307   32.159  107.371   94.130   14.506   -59.440  -121.594  -171.192
CT1673:270          133.490   75.019   21.389    3.666   22.286   15.493
  -123.927  -280.900  -249.764   -17.356  145.209  131.361   72.576   42.044
   26.581   23.802   10.246    -5.967   -28.754   -63.164  -133.502  -183.401
  -151.889   -17.699  103.486  105.691   27.061   -55.235  -123.001  -176.050
CT1673:265          146.284   91.547   33.077   11.024   17.108   17.374
   -26.543   -63.148   -35.070   19.108   57.204   69.819   77.247   61.748
   53.502   55.183   33.591    -6.909   -62.843  -104.504  -177.335  -220.764
  -178.648   -27.044  102.494  102.725   22.201   -53.423  -115.351  -177.380
CT1673:260          135.132   81.604   37.633   17.933    6.332   15.615
  101.208  205.440  235.928  211.310  184.337  180.493  139.754  100.440
   85.316   91.601   58.738    -8.218   -86.096  -124.810  -153.112  -166.874
  -115.767    1.933   94.845   93.975   26.182   -43.041   -99.946  -153.431
CT1673:255          136.504   90.322   53.081   36.260   21.486   32.528
  138.883  228.945  306.977  478.551  551.177  425.913  157.111   64.127
   69.840   85.451   35.995   -75.679  -176.976  -186.084  -106.535   -17.540
   25.640   54.025   78.936   66.784   11.454   -39.954   -79.642  -119.503
CT1673:250          135.138  107.056   80.138   84.897  104.740   89.495
   75.503   95.365  150.033  319.042  447.577  351.493  102.997   20.239
   30.500   61.434    -3.568  -238.323  -433.315  -425.726  -229.630   -44.820
   21.308   44.817   43.139   30.704    3.497   -24.345   -54.322   -87.353
CT1673:245          130.338  119.403  103.923  105.576  151.535   70.914
  -309.159  -684.706  -653.801  -348.591  -194.879   -69.268   40.304   61.190
   25.288   -16.879   -88.360  -368.523  -660.878  -604.889  -179.712  168.389
  202.489   83.722    0.959   -18.459   -26.365   -36.990   -52.470   -67.697
CT1673:240          116.724  122.898  125.714  128.029  160.820   57.216
  -442.097  -930.359  -908.472  -463.646  -161.551   -56.954   33.457   71.931
   49.050    9.365   -19.350   -51.639   -57.814   -46.824   39.759  135.316
  146.261   67.455   -14.009   -40.373   -42.312   -42.769   -45.833   -50.272
CT1673:235          114.195  117.696  127.941  132.410  142.026   23.856
  -457.555  -908.636  -863.633  -346.699    1.251   71.573   87.215  106.474
  101.641  107.247  119.829  210.248  310.360  302.120  203.868  113.923
   75.100   14.223   -41.698   -59.399   -54.820   -50.318   -49.658   -50.468
CT1673:230          110.823   99.787   89.428   91.503  149.538   92.015
  -307.549  -679.551  -611.874  -116.631  162.785  201.242  145.320  125.386
  110.142  103.435  124.520  255.881  368.422  345.174  178.855   29.835
   -11.220   -29.034   -47.941   -60.685   -55.596   -52.098   -53.249   -55.989
CT1673:225           50.601   43.241   76.212  197.503  361.116  373.476
  165.441   -93.272   -31.557  403.887  614.996  503.415  207.354   91.494
   59.215   49.170   51.469  118.929  165.827  149.305   71.125   -14.505
   -47.802   -66.197   -84.010   -87.222   -74.438   -60.114   -47.853   -35.743
CT1673:220           79.368   85.901   63.209  338.242  936.762 1128.386
  931.781  639.197  638.754  803.178  831.233  653.440  209.398   21.284
   16.959   39.682   23.011   30.998   25.818   11.913   18.034    -7.259
   -26.357   -69.443  -114.829  -108.008   -88.016   -67.398   -47.302   -25.570
CT1673:215           84.969   99.037   75.594  420.795 1195.217 1446.351
 1132.505  721.396  684.885  774.146  792.380  601.724  233.746   83.541
   48.777   35.835    5.392   -12.771   -44.239   -63.728   -26.910   -22.570
   -31.551   -66.944  -105.090   -90.239   -70.999   -52.138   -29.349    -2.719
CT1673:210          103.061   75.445   32.103  114.913  392.732  517.635
  457.504  370.547  367.183  237.171  122.370  114.950  131.300   97.188
   49.249   19.508   -28.245  -103.091  -175.116  -253.746  -297.341  -311.915
  -296.239  -202.608  -103.468   -39.988   -40.264   -46.775   -32.851   -12.498
CT1673:205          209.451  166.584  120.892  -329.564 -1468.567 -1800.827
-1002.475   -64.864   91.817  -121.406  -225.130  -173.363   -22.342    5.102
    1.015    -3.474   -55.176  -172.155  -307.905  -496.143  -875.390 -1119.452
-1069.883  -604.968  -143.496    9.842   -23.797   -51.255   -32.254   -10.711
CT1673:200          220.220  114.360   -12.262  -697.700 -1926.608 -2284.776
-1379.934  -156.090  162.826   38.915    -9.023    -3.591   36.724   42.744
   22.749   18.102   -24.370  -111.547  -231.220  -469.904 -1160.344 -1757.930
-1701.742  -955.073  -234.636   -22.093   -17.305   -22.643    3.591   38.738
CT1673:195          292.438  207.599   45.965  -640.366 -1903.314 -2291.688
-1393.112  -159.697  227.377  246.957  265.550  236.899  144.060   88.697
   48.513   30.914    -0.748   -12.006   -54.298  -277.309 -1000.200 -1666.965
-1648.345  -988.775  -341.786  -135.859   -92.997   -44.022   34.382  110.715
CT1673:190          189.184  120.917   99.769  -443.304 -1726.865 -2094.225
-1196.099   -41.832  312.675  467.809  567.687  473.795  220.982  107.361
   49.397    -0.862    -9.558  203.339  427.325  236.512  -383.458  -805.643
  -870.180  -704.169  -470.115  -312.954  -166.021   -25.620   89.607  195.217
CT1673:185          281.946  230.594   71.701  -291.229  -851.754 -1001.826
  -559.666   52.515  351.495  566.655  675.651  564.356  233.694   71.947
   28.777   15.235   15.278  160.465  307.394  256.051   76.516   -90.154
  -182.967  -351.657  -477.050  -405.912  -225.423   -35.403  117.115  252.207
CT1673:180          143.972  121.526   77.016  -113.490  -453.571  -540.405
  -247.460  120.559  332.804  548.563  668.006  542.657  222.408   69.617
   22.397    8.347    -8.868   -23.507   -29.576   -10.998   82.522  163.232
  119.235  -100.740  -315.591  -319.693  -182.649   -33.729   68.401  160.448
CT1673:175           90.017   79.475   75.959    0.980  -166.226  -201.988
   -53.217  116.510  254.068  395.537  432.954  364.213  166.744   57.511
   18.853   13.439    -9.944  -180.624  -416.523  -332.013   98.889  366.063
  359.462  178.811    -7.655   -53.366   -29.876   -14.648   -14.059   -14.000
CT1673:170          103.003   81.582   46.043   -21.173  -120.329  -126.230
   55.777  259.032  341.997  358.974  346.459  267.918  108.627   35.882
   19.812   26.858   38.188  103.773  214.299  292.348  510.920  727.874
  730.545  578.955  430.876  320.423  160.663   -13.176  -151.012  -272.436
CT1673:165           86.715   64.777   45.141    3.355   -89.008  -111.339
   67.501  302.986  332.159  211.210  169.413  116.769   44.043   37.787
   42.437   55.320   74.815  176.087  311.229  342.038  343.333  361.612
  411.823  491.145  493.788  392.086  179.609   -36.645  -207.255  -369.641
CT1673:160           97.900   68.798   34.351    -2.565   -41.771   -70.171
  -102.662  -151.716  -126.332   -85.267  -103.035   -50.844   -61.764   -60.232
   98.962  317.094  345.434   79.686  -307.129  -324.856  -104.095   61.959
  131.653  258.539  356.146  300.043  137.728   -28.753  -176.122  -312.575
CT1673:155           94.992   61.191   31.303    8.557    3.658   -54.077
  -235.342  -434.576  -387.377    -3.837  275.734  245.152   37.666   25.350
  209.017  522.516  589.982  377.565  118.732   50.436    -5.795   -59.289
   -31.560  121.234  261.000  237.130  111.643   -18.686  -139.842  -252.270
CT1673:150          109.947   76.302   41.374   15.854   39.157   -31.711
  -369.073  -766.403  -736.645  -209.391  185.045  166.669   -26.158   -16.177
   98.271  210.829  282.348  537.504  861.533  790.325  322.358   10.215
    -8.488   98.237  195.085  175.858   76.861   -19.536  -110.702  -211.316
CT1673:145          107.334   86.734   65.395   37.241   17.870   -94.569
  -475.287  -910.696  -971.324  -829.091  -711.608  -487.332  -135.851   29.563
   59.881   53.815   84.607  128.331  112.700  111.630  123.476   79.275
   87.850  163.531  229.829  202.085   97.478   -10.642  -106.502  -202.029
CT1673:140           90.488   72.591   64.211   11.542   -50.282  -153.951
  -420.523  -717.576  -775.316  -709.095  -586.424  -397.294   -29.382  148.439
  122.974   35.308   18.886   -33.346   -75.669   -63.166   35.938  144.488
  186.665  248.693  295.395  254.170  117.301   -12.133  -119.337  -226.873
CT1673:135          108.689   80.256   52.910    -3.336   -78.067  -174.284
  -338.982  -520.406  -541.758  -427.058  -292.448  -156.821   43.100  148.285
  137.875   69.294   41.197    -9.270   -48.084   -40.824   19.576   92.499
  148.463  241.589  311.526  277.689  150.462   13.415  -106.843  -222.883
CT1673:130          125.272   88.697   45.609   -15.644   -99.344  -169.719
  -244.970  -323.498  -292.186  -144.678   -37.130   55.984  128.197  155.394
  134.914   78.897   45.861   11.983   -20.815   -28.433   -12.182   26.411
   85.398  199.009  298.821  278.332  154.247   22.728   -92.219  -205.502
CT1673:125          104.906   57.172    8.583   -46.163  -111.355  -160.087
  -159.887  -144.702   -74.755  167.161  348.057  333.624  205.359  162.943
  126.756   79.265   48.271    8.700   -33.396   -47.124   -60.305   -57.258
    0.955  158.398  292.412  276.792  145.685   18.762   -80.855  -182.888
CT1673:120          109.128   56.490    3.910   -50.852  -116.914  -155.150
  -112.934   -37.450   41.206  205.865  312.508  296.475  151.165   80.998
   55.812   30.029    0.662   -56.118  -137.630  -156.249  -118.885   -48.162
   14.447  114.656  199.553  192.966  112.857   23.399   -59.412  -142.567
CT1673:115          125.043   67.670    7.923   -56.824  -139.969  -189.513
  -158.305   -92.531   -30.428   69.369  120.445  112.639   24.802   -21.200
   -22.747    -6.177   -20.014   -86.515  -179.262  -183.571   -76.641   48.842
  104.515  131.331  144.607  132.141   72.028    8.119   -48.776  -107.152
CT1673:110          137.796   80.950   27.890   -45.850  -162.326  -231.581
  -229.874  -188.697  -148.088   -75.032   -21.653   -15.955   -54.405   -65.546
   -61.460   -39.292   -39.434   -48.563   -42.318   -37.476    9.379   90.787
  115.123  104.569  101.426   92.490   47.702    4.530   -34.459   -76.546
CT1673:105          143.901   87.941   29.793   -51.386  -165.279  -243.021
  -332.201  -415.167  -390.183  -218.491   -83.547   -65.533   -87.928   -84.460
   -72.383   -51.145   -41.975   -31.996   -32.813   -41.226   -89.341  -159.682
  -144.428   -45.564   46.245   59.699   31.165    -3.241   -32.366   -58.912
CT1673:100          133.317   82.206   34.171   -23.074   -83.747  -140.046
  -279.530  -484.792  -483.936  -284.989  -155.417  -111.069   -58.341   -29.976
   -26.704   -30.445   -24.895   23.416   69.875   48.948   -73.231  -192.797
  -197.609  -109.697    -9.796   11.130   -10.054   -25.035   -27.388   -29.408
CT1673:095          135.252   89.159   41.714   24.198   42.549   29.355
    -0.931    -9.371   -29.785  -125.904  -166.010  -119.856   -14.610   29.885
   20.408    2.050    -1.716   35.647   94.649   77.693   -38.617  -164.040
  -176.336  -117.705   -49.800   -24.081   -22.735   -22.663   -13.738    2.105
CT1673:090          141.366   89.295   37.241   39.681  103.196  118.717
  117.810  125.578  118.106   37.292    8.691   26.199   65.292   73.525
   38.538   -18.073   -47.607   -38.862   -22.539   -39.335   -84.284  -140.446
  -141.678  -111.603   -79.876   -56.458   -44.991   -29.116    -1.057   29.397
CT1673:085          160.259   98.872   27.060    -1.591   41.125   55.569
    -3.204  -104.798   -72.918   78.225  181.189  176.752  131.944   94.546
   27.016   -58.972  -114.434  -148.566  -196.821  -213.111  -163.684  -108.903
   -94.039  -111.436  -111.696   -81.056   -34.996    7.825   38.545   65.921
CT1673:080          158.349  100.691   39.103   -51.537  -202.174  -265.450
  -231.076  -198.471   -99.164  198.016  351.390  320.190  138.569   15.113
   -42.838   -75.278  -147.091  -270.396  -396.138  -428.101  -376.663  -306.421
  -247.630  -182.861  -130.711   -85.571   -42.713    4.191   47.797   86.194
CT1673:075          159.580  112.757   75.340   -11.002  -220.935  -297.763
  -125.354  189.001  338.133  568.585  743.897  608.876  167.647   -43.188
   -77.443   -52.730  -136.394  -378.948  -645.232  -694.797  -556.650  -374.828
  -283.822  -205.039  -139.314   -80.973   -38.888    -1.400   33.363   65.180
CT1673:070          159.606  122.625   71.039   -24.562  -191.377  -248.945
   -68.457  214.266  343.914  483.119  571.862  456.745  117.102   -44.404
   -63.226   -26.745  -112.505  -423.196  -766.610  -830.897  -653.142  -378.859
  -260.612  -157.184   -52.934    1.843   15.937   26.590   47.312   71.904
CT1673:065          154.067  124.146   82.321    5.609  -137.877  -204.303
  -115.317   43.924   77.207   -17.486  -106.735   -95.620   -27.738   -10.029
   -14.446    6.660   -71.920  -428.197  -909.438  -992.341  -732.199  -445.190
  -338.721  -221.481   -99.430   -33.933    -6.475   18.944   50.323   81.585
CT1673:060          141.543  102.571   63.981   15.319   -44.816   -82.967
  -139.101  -214.022  -251.847  -416.097  -548.903  -445.899  -103.095   40.238
   38.731   24.084   -21.421  -144.122  -293.745  -351.110  -378.150  -391.973
  -360.294  -237.663  -109.108   -55.016   -26.138    6.123   45.600   84.910
CT1673:055          132.215   95.934   58.015   28.067   10.931   -18.145
  -110.365  -228.664  -261.743  -280.135  -253.174  -190.896   -19.443   64.097
   65.239   54.119   56.981  161.188  322.167  288.438    9.868  -288.923
  -328.934  -249.568  -164.894  -109.091   -50.478    7.698   62.419  115.844
CT1673:050          117.931   82.378   50.537   33.979   39.387   34.478
   -32.424  -130.277  -108.442   77.510  233.362  242.547  148.862   86.198
   60.060   31.745   45.629  193.555  410.101  400.588  181.720   -64.104
  -136.860  -137.881  -134.994  -106.059   -44.668   18.555   75.877  131.865
CT1673:045          119.674   95.486   68.532   52.074   39.479   35.373
   36.389   27.205   94.491  462.852  771.626  676.251  263.061   68.694
   26.402   -21.199    -2.833  152.193  248.638  245.987  260.481  184.187
  101.952   -19.455  -108.196  -100.430   -32.194   30.550   79.303  127.226
CT1673:040          111.818   85.923   55.963   44.937   42.702   56.734
  126.949  239.992  303.109  424.607  520.313  459.100  199.225   36.203
    1.886   -15.884    6.763  216.533  551.625  587.144  330.395   33.567
   -40.875   -58.352   -85.955   -83.242   -37.421   14.912   64.010  114.941
CT1673:035           91.821   65.137   40.221   46.830   85.209  137.118
  184.128  222.189  208.182  100.049    1.492   -12.343   20.819    9.417
    -4.334    2.427    6.953   65.247  182.730  203.551   95.427    1.540
   -26.055   -61.853   -94.985   -95.389   -45.719   13.024   62.821  106.180
CT1673:030           82.670   55.072   20.195   41.426  167.926  274.125
  287.133  251.061  166.453   -56.415  -296.182  -308.605  -120.849   -22.524
    -7.771   26.215   10.024  -205.163  -543.579  -574.860  -328.570   34.447
  129.693   41.706   -66.728   -93.684   -44.558   17.161   58.797   96.135
CT1673:025           48.125    7.118    -1.357   98.329  317.653  470.611
  532.756  575.029  478.713  134.040  -150.097  -206.565  -107.883   -34.226
   -13.149   22.638    -7.148  -334.530  -904.275  -921.195  -335.387  285.524
  408.027  258.249    2.776   -87.501   -62.616    -8.353   26.323   57.582
CT1673:020           84.047   71.516    9.572  106.352  469.986  674.961
  683.431  598.198  468.784  171.910  -104.532  -157.367   -84.056   -43.056
   -17.585   12.481    -3.633   -70.698   -94.331   10.474  433.876 1038.325
 1081.586  573.277   62.143   -61.369   -39.544   -20.311   -21.066    -8.992
CT1673:015            8.203   -28.152   -20.436  156.508  569.562  808.232
  727.546  477.404  303.124   88.521   -92.761  -122.589   -61.682   -27.771
   -13.519    2.090    6.776   72.160  236.216  360.351  493.722  669.922
  703.340  479.276  143.557    -0.261   -28.679   -30.887   -42.594   -50.162
CT1673:010           26.054    7.859    -0.888  158.225  612.617  852.642
  647.583  189.841   -30.910   -65.688   -66.084   -59.942   -23.207    -3.401
    -1.220   -10.518   -21.307   -95.055  -294.863  -250.812   95.608  411.790
  472.698  347.282  135.281   18.900    -6.723   -20.291   -50.875   -73.808
CT1673:005           39.912   34.451   17.935  178.175  677.919  886.237
  548.457  -109.113  -329.037  -229.065   -71.814    -9.525   32.310   49.401
   35.272   -16.121   -42.672  -124.696  -261.116  -168.346  247.209  767.619
  835.623  508.661  162.797   24.013   -17.161   -35.061   -71.175  -107.352
CT1674:360           18.989   26.576   54.978  224.085  734.834  948.768
  466.399  -499.032  -766.039  -434.138   -50.816   70.564  101.847  111.840
   78.633   -10.188   -42.437   -32.219    -9.554  114.200  475.322  881.877
  935.739  621.836  211.794   44.784    3.689   -29.740   -85.976  -137.601
