
filled_synop: 30 data points in equal steps of sine latitude from +14.5/15 to  -14.5/15

CT1762:360          -135.049   -97.580   -62.102   -22.434    -1.596   -11.291
   -32.196   -37.245   -43.704   -43.742    -5.679  109.223  173.562  169.214
   38.710   -81.205    1.160  351.103  535.676  387.865  106.524    9.619
   -31.926   -67.062   -53.185   24.876   93.148  135.152  172.315  209.613
CT1762:355          -147.402  -108.483   -68.658   -23.854    -1.420   -14.448
   -38.906   -44.860   -48.940   -49.867   -13.886  154.384  329.044  310.324
   52.988   -86.824  155.459 1085.733 1598.938 1145.384  281.433   18.268
   -19.886   -39.719   -30.966   42.147  107.391  146.775  177.501  205.266
CT1762:350          -145.387  -104.853   -64.917   -22.975    -0.524   -11.550
   -29.912   -36.232   -46.112   -53.488   -41.865    0.811   28.743   29.350
   -53.606   -77.863   95.687  465.700  549.067  505.402  173.937    -8.907
   -46.371   -49.025   -35.794   27.579   84.783  124.115  156.031  186.070
CT1762:345          -146.743  -108.129   -68.173   -25.374    -1.504    -6.359
   -18.225   -22.440   -23.251   -20.963   -49.311  -188.488  -320.032  -298.960
  -157.848   -38.053   32.241  105.330  141.650  110.827   34.979   -28.352
   -61.876   -66.452   -48.039   16.553   74.219  108.842  137.237  168.211
CT1762:340          -148.944  -115.795   -79.114   -34.239    -6.730    -4.075
    -5.747    -5.629    -0.243    2.780   -27.180  -135.802  -210.115  -193.570
   -89.540    6.381   45.021   81.893  111.906   74.712   30.936    -0.970
   -38.662   -66.687   -52.307   13.380   77.503  113.802  139.484  164.397
CT1762:335          -141.745  -107.029   -70.426   -31.154    -6.985    -0.596
    1.762    3.177    2.446    1.029    -0.999    -3.019    3.200   18.069
   39.079   63.989   77.981   91.258   96.769   80.941   64.683   42.978
    -4.397   -53.574   -40.531   27.495   84.812  114.369  136.649  163.310
CT1762:330          -137.220   -99.340   -63.626   -24.832    -1.036    -1.043
    -7.475    -7.754   -11.490   -15.810    -1.188   45.167   77.045  108.001
  132.486  123.688  117.305   66.141   32.568   36.571   65.674   58.433
    8.362   -46.764   -34.048   35.321   93.939  126.135  148.551  171.597
CT1762:325          -147.705  -106.435   -62.466   -20.528    -0.719   -11.754
   -28.606   -28.744   -18.947   -12.087    0.293   41.195   83.038  128.176
  246.179  315.226  252.473   59.456   -21.598   -16.378   17.781   16.155
   -12.958   -46.484   -28.696   36.679   98.668  135.675  160.268  180.902
CT1762:320          -163.627  -126.040   -78.795   -16.189   12.378    -9.293
   -42.495   -44.082   -16.073   14.334    8.098   -53.455   -86.784   -39.843
  149.768  275.897  215.751   26.293   -46.929   -39.841    -3.323    -1.331
   -26.033   -53.229   -31.362   44.701  110.385  134.681  153.208  177.741
CT1762:315          -145.046  -105.647   -62.446   -22.054    -5.117   -21.646
   -41.667   -41.008   -18.009    3.883   -19.897  -149.839  -260.215  -230.805
  -116.169   -81.299   -48.661   -24.748   -26.330   -27.400   -15.054   -14.322
   -31.137   -49.107   -28.931   25.715   78.830  116.403  146.423  174.107
CT1762:310          -123.341   -96.214   -68.567   -35.827   -20.606   -35.154
   -52.204   -49.589   -25.322    -6.608   -30.008  -105.787  -142.835  -148.361
  -122.311   -83.326   -71.175   -43.313   -26.159   -26.706   -24.848   -23.925
   -33.923   -43.455   -22.589   26.259   70.623  107.141  141.598  174.811
CT1762:305          -114.761   -91.386   -70.151   -50.757   -40.457   -45.145
   -51.387   -44.692   -20.129    1.243   -13.356   -64.946  -102.807  -108.659
   -96.725   -85.806   -79.938   -70.634   -63.635   -55.846   -42.683   -36.539
   -38.085   -37.857   -16.466   21.745   59.456   99.588  140.317  179.957
CT1762:300          -121.853  -100.810   -80.741   -59.342   -46.518   -47.892
   -48.098   -39.286   -15.027    6.131    0.893   -29.228   -52.319   -59.232
   -62.420   -65.590   -69.888   -85.321   -90.418   -83.713   -65.239   -57.208
   -52.924   -42.354   -21.962    1.080   31.715   80.561  137.639  191.910
CT1762:295          -122.824  -104.020   -85.346   -66.105   -52.089   -49.933
   -48.431   -38.835   -17.375    4.281    4.492   -11.554   -20.823   -23.310
   -16.601   -11.293   -23.636   -53.381   -67.758   -72.132   -82.717   -84.079
   -73.118   -53.153   -31.281    -4.267   29.496   75.078  129.388  187.642
CT1762:290          -129.133  -109.467   -94.681   -82.282   -68.015   -51.446
   -33.481   -22.691   -19.876   -21.937   -17.264    -8.206   -12.799   -11.500
    -5.044    -2.411    -0.010   20.943   29.131    -8.326   -62.726   -73.227
   -67.200   -59.126   -37.025    9.933   54.837   95.872  142.518  188.667
CT1762:285          -135.096  -114.156   -93.866   -74.036   -55.121   -33.296
   -12.089    -0.650    4.829   12.992   20.285   36.080   52.406   40.946
    -4.078   -26.527   -11.967   19.637   28.530   29.619   25.212   17.377
    -4.936   -24.139   -11.410   28.681   69.460  107.015  143.277  177.108
CT1762:280          -146.418  -121.745   -95.212   -66.668   -43.686   -22.015
    -3.296    6.192    2.515    -1.200    7.410   23.142   35.531   38.008
   33.532   31.275   30.769   25.622   23.503   62.003  109.966  106.808
   46.489   -13.794    -8.376   35.618   71.797  104.282  138.064  173.099
CT1762:275          -144.963  -115.884   -83.734   -51.031   -27.319   -10.133
    3.707    9.853    -2.984   -11.749    -1.696   12.785   24.874   36.990
   62.135   69.025   63.219   63.541   68.852   76.998   96.726   91.789
   45.665    -3.042    -1.191   26.804   55.646   93.169  135.527  177.322
CT1762:270          -138.289  -110.131   -80.229   -50.725   -30.063   -15.515
    -3.405    2.212   -10.585   -12.613    9.900   46.409   69.754   77.569
   90.637   96.687   54.473   27.372   31.098   25.796   54.605   57.107
   27.158    -1.059    4.315   29.170   58.151   97.628  141.989  184.573
CT1762:265          -138.075  -111.787   -82.928   -49.997   -29.864   -24.421
   -21.146   -14.302   -21.555   -17.172   28.021  133.601  195.337  175.530
   53.482   -15.581   -49.274  -136.754  -178.191   -85.640   12.708   18.871
    4.852    -4.782    4.857   32.247   62.480  105.822  154.489  198.309
CT1762:260          -133.457  -106.683   -78.633   -52.109   -37.702   -41.940
   -47.763   -39.658   -32.769   -14.955   54.937  232.152  368.416  331.158
  163.977   98.407  104.134  165.301  167.252  117.066   64.532   36.751
    1.510   -25.892   -14.287   31.666   75.312  114.835  155.459  194.709
CT1762:255          -132.894  -112.936   -89.679   -62.137   -46.472   -46.053
   -45.911   -39.442   -51.358   -29.230   40.878  143.374  235.171  291.279
  340.542  341.453  342.507  390.922  366.248  239.694   98.328   47.336
   12.731   -16.027    -5.103   45.432   85.331  122.830  161.065  195.726
CT1762:250          -113.477  -100.495   -86.466   -70.823   -57.694   -41.774
   -29.005   -27.862   -77.280   -83.980   26.288  184.499  205.621  372.076
  539.864  529.114  440.164  261.369  153.600  118.772   71.812   35.796
   13.904    -5.470    4.328   43.674   79.992  128.860  182.102  228.135
CT1762:245          -122.930  -104.421   -86.672   -68.460   -53.117   -35.779
   -25.554   -28.036   -88.407  -128.092   75.602  773.988 1229.727 1189.144
  879.904  736.869  561.273  189.366   37.481   37.371   65.452   51.787
   36.423   22.209   26.959   45.248   67.723  113.357  171.246  226.248
CT1762:240          -125.010  -100.366   -80.960   -63.181   -48.314   -28.678
   -11.258   -16.376   -39.221   -59.552    -9.456  332.676  707.704  648.777
  612.364  699.349  500.913  138.424   32.170   36.246   74.128   70.280
   54.339   39.836   38.989   33.598   42.493  100.511  170.054  228.266
CT1762:235          -127.010   -95.980   -66.050   -38.610   -21.708   -15.639
   -11.266   -26.158   -26.362   -54.480  -330.769 -1330.599 -2000.291 -1548.822
  -514.171  -160.432   -39.389   13.423   29.826   39.260   59.756   61.516
   53.562   41.626   34.503   14.732   14.960   67.130  145.282  224.334
CT1762:230          -141.854  -101.870   -55.969    -7.160   16.913   16.095
   16.494    -3.860    -8.641   -58.647  -312.586  -910.660 -1133.083 -1032.126
  -532.636  -237.579  -130.497   -42.555   18.954   48.735   82.998   87.167
   52.345   21.852   16.693   10.133   20.270   85.128  167.273  238.706
CT1762:225          -166.204  -125.491   -74.856   -18.326    9.681   14.206
   16.870    1.238    -5.363   -51.370  -186.230  -380.107  -405.459  -425.284
  -295.455  -153.811   -87.460   -47.926    2.681   42.460   82.637   87.521
   48.172   14.706    9.456    6.792   21.209   86.479  166.782  235.960
CT1762:220          -158.176  -120.343   -79.414   -39.432   -13.685    3.029
   14.866   10.692    -1.741   -35.722   -63.360   -64.907   -88.955   -90.720
  -114.137  -104.473   -66.755   -50.018   -21.481   17.991   55.457   59.456
   19.144   -13.705   -12.586    2.918   28.835   78.851  143.685  208.575
CT1762:215          -158.928  -124.921   -88.312   -49.424   -23.618    -6.159
    9.026   14.239   24.338   26.331    9.246   -21.450   -52.575   -48.526
   -51.947   -51.620   -42.270   -38.144   -20.789    8.827   40.516   46.029
    6.913   -24.289   -12.115   29.635   61.525  104.568  151.943  199.423
CT1762:210          -157.479  -125.666   -89.895   -50.184   -24.922   -13.098
    -3.291    3.809   19.364   25.895    9.554   -30.332   -58.080   -53.229
   -35.646   -27.927   -33.692   -43.357   -31.429    0.170   36.748   48.515
   31.519   19.087   28.109   49.898   71.000  104.895  143.723  185.755
CT1762:205          -130.731  -109.118   -87.680   -65.013   -42.312   -14.356
   10.087   15.995    5.738    -6.983   -18.686   -41.246   -58.585   -54.315
   -39.342   -39.406   -43.840   -60.503   -53.981   -18.690   21.905   44.260
   64.424   79.998   82.391   67.433   67.826  100.893  145.380  188.035
CT1762:200          -101.971   -88.664   -76.381   -64.897   -45.391   -10.275
   19.837   25.929   11.810    -2.501   -12.059   -19.623   -24.122   -28.088
   -17.487   -16.326   -42.821   -77.479   -73.170   -38.464    6.447   38.846
   81.939  112.691  114.040   82.223   73.256  109.096  152.448  186.617
CT1762:195          -105.137   -90.936   -76.465   -60.515   -38.983    -5.041
   23.587   32.508   30.781   28.866   17.426    -6.924   -22.137   -24.968
   -25.545   -34.587   -58.607   -98.159   -97.211   -53.940    -3.575   30.762
   77.752  111.583  111.191   74.057   60.733   94.736  144.293  190.216
CT1762:190           -96.334   -82.320   -69.556   -58.328   -41.409   -13.774
   10.217   18.281   15.483   11.741    8.873    3.835    -3.066   -10.381
   -17.948   -28.625   -54.971   -88.056   -84.681   -43.373    3.135   31.858
   61.516   82.685   82.353   56.423   55.208   97.876  147.794  189.111
CT1762:185           -90.765   -79.389   -70.215   -61.409   -47.428   -25.022
    -3.845    2.071    -4.340    -8.264    -8.019    -1.878    -1.171    -8.560
   -20.489   -31.871   -46.130   -61.233   -55.777   -25.844    6.578   27.139
   42.491   54.852   56.628   44.338   50.313   87.892  134.403  177.364
CT1762:180           -89.417   -82.762   -74.799   -64.682   -50.412   -29.839
   -11.616    -7.514   -15.402   -20.300   -21.086   -18.398   -18.631   -22.418
   -29.780   -37.489   -43.162   -48.159   -42.811   -22.772    -1.465   16.766
   33.041   46.281   50.428   41.777   51.223   89.176  134.272  178.630
CT1762:175           -86.684   -80.461   -74.481   -67.908   -53.856   -24.280
    0.318    3.136   -10.041   -18.232   -19.899   -16.448   -15.471   -21.232
   -26.665   -32.861   -47.772   -63.156   -59.107   -36.903   -14.999    3.829
   28.011   46.421   49.013   36.757   47.223   88.840  136.204  180.711
CT1762:170           -92.559   -85.771   -81.092   -75.572   -58.107   -20.537
    6.022    5.881   -14.844   -27.199   -27.904   -23.927   -23.260   -27.133
   -34.996   -43.016   -59.840   -78.269   -75.708   -53.135   -29.998   -11.137
   14.475   34.911   39.643   28.253   41.141   89.332  144.418  195.000
CT1762:165          -102.988   -92.098   -81.862   -70.896   -53.828   -22.984
    -1.860    -6.928   -38.304   -55.275   -50.026   -29.526   -21.679   -25.515
   -37.537   -45.794   -56.001   -69.124   -68.240   -54.693   -39.990   -23.068
    0.232   20.539   28.820   22.894   38.922   90.724  154.463  214.388
CT1762:160          -113.634   -95.442   -76.191   -56.312   -40.137   -23.339
   -12.698   -24.907   -64.627   -84.755   -74.529   -38.763   -23.447   -24.323
   -28.351   -32.298   -41.788   -49.367   -50.049   -50.324   -44.693   -30.294
    -9.801    9.692   21.950   22.648   44.441  102.348  169.258  228.084
CT1762:155          -124.633   -97.714   -72.771   -49.745   -35.595   -26.311
   -22.316   -35.267   -70.818   -89.700   -84.519   -61.250   -50.614   -48.899
   -44.782   -45.028   -59.877   -72.604   -73.044   -68.889   -60.091   -42.638
   -12.139   13.652   31.002   39.035   61.613  113.505  175.002  232.764
CT1762:150          -136.156   -99.384   -65.712   -32.258   -18.411   -22.915
   -27.632   -35.852   -53.863   -63.448   -69.114   -74.276   -72.569   -70.654
   -68.181   -67.852   -77.518   -92.352   -92.075   -73.644   -53.303   -36.807
    -5.488   22.169   41.580   53.882   77.381  124.079  175.657  221.673
CT1762:145          -160.114  -119.759   -76.548   -27.401    -9.934   -19.117
   -24.433   -30.831   -43.693   -49.972   -58.944   -73.905   -75.937   -70.669
   -61.564   -56.919   -60.201   -68.677   -68.966   -57.427   -44.311   -33.496
   -10.176   15.343   36.209   54.239   82.164  131.935  183.487  226.464
CT1762:140          -175.502  -130.280   -81.200   -37.475   -21.102   -29.610
   -34.966   -36.653   -40.442   -43.133   -43.303   -45.115   -40.871   -23.341
    3.276   14.808   23.888   31.840   25.197   -11.031   -42.999   -41.779
   -26.389    -9.740   17.926   58.081   93.826  131.048  169.784  206.812
CT1762:135          -208.299  -159.059  -107.342   -48.582   -23.644   -22.231
   -18.648   -16.156   -17.159   -14.920    -9.823    -1.193    9.199   28.166
   55.348   67.603   84.240  105.042   95.010   32.886   -19.705   -22.875
    -7.175    7.570   27.650   58.037   87.577  124.287  164.308  194.150
CT1762:130          -179.689  -134.180   -84.659   -35.499   -16.078   -21.672
   -22.619   -17.790   -11.585    -5.140    6.029   23.391   35.793   50.470
   66.137   72.203   76.752   72.764   64.853   45.426   26.598   19.558
   11.550   13.234   30.790   59.718   87.180  117.386  148.211  173.904
CT1762:125          -171.856  -124.911   -75.583   -30.386    -9.981   -12.644
   -10.365    -1.734    9.814   19.876   28.629   37.480   43.946   52.717
   66.657   68.654   50.811   28.875   28.193   50.048   63.302   57.628
   30.250   15.599   30.176   59.001   82.535   99.568  115.205  136.346
CT1762:120          -165.730  -124.916   -86.435   -46.711   -23.905   -14.674
    -5.476    5.740   18.638   30.380   36.713   43.002   46.226   29.398
    7.036    -4.527    -4.189    2.642    9.939   38.532   61.798   60.348
   28.813   13.944   29.138   64.160   84.715   83.443   81.410   93.159
CT1762:115          -167.110  -127.858   -86.568   -47.088   -22.844    -7.015
    7.397   16.711   19.493   30.193   43.058   53.953   53.509   33.060
   -13.071   -40.404   -46.487   -55.967   -48.852    -1.648   37.008   39.858
    8.214    -4.670   14.494   56.310   85.267   99.920  107.362  115.871
CT1762:110          -159.812  -126.356   -88.161   -47.387   -22.565    -7.156
    6.235   12.798    6.342   15.918   63.026  142.273  160.216  129.267
   76.396   34.436   -32.551   -95.424   -94.364   -41.507    1.853   13.082
    -2.612    -6.257   13.996   51.551   78.243   96.858  113.563  131.452
CT1762:105          -154.050  -116.804   -76.404   -36.519   -14.049    -7.046
    1.104    7.802    5.712   19.841   91.339  224.099  250.879  176.818
   68.909    9.130   -73.827  -148.283  -142.491   -74.585   -17.069    0.648
    -4.104    1.340   19.435   42.854   65.906   90.605  115.917  143.192
CT1762:100          -153.834  -112.058   -68.858   -28.295    -8.623    -8.642
    -2.596    8.279   20.575   34.611   68.826  133.476  127.561   11.863
  -132.090  -185.245  -205.999  -198.461  -173.754  -107.823   -50.035   -24.701
   -10.154    6.437   21.892   33.749   54.285   86.658  122.040  156.190
CT1762:095          -157.495  -116.940   -72.395   -31.187    -8.793    -3.617
    5.926   16.554   30.058   31.303    -1.249   -52.708   -93.307  -195.294
  -326.753  -351.276  -266.527  -180.711  -149.047  -107.994   -70.348   -43.966
   -12.753   12.624   24.827   28.821   48.927   86.395  127.511  164.899
CT1762:090          -165.133  -132.054   -92.934   -52.192   -25.956    -3.828
   15.372   24.329   32.973   25.799   -32.077  -123.895  -164.015  -176.453
  -181.425  -179.316  -134.459   -85.649   -73.034   -76.496   -72.283   -51.748
   -15.608   12.090   28.340   37.955   60.230   99.727  142.253  183.813
CT1762:085          -156.183  -122.518   -90.165   -58.457   -27.823    6.417
   30.367   35.616   31.751   18.983   -19.639   -80.580  -102.399   -52.648
   28.935   44.562   12.412   -16.265   -21.477   -43.465   -55.032   -44.017
   -14.612   10.715   28.859   41.429   66.009  110.965  163.409  212.435
CT1762:080          -145.779  -114.340   -90.204   -67.205   -36.236   11.378
   43.096   46.436   33.705   18.628    -0.721   -15.337   -19.064    4.240
   53.051   67.816   48.331   22.810   12.448   -28.986   -58.351   -49.519
   -20.575    -0.169   21.624   41.236   70.217  128.733  189.158  232.587
CT1762:075          -142.885  -115.564   -88.408   -59.137   -26.503   12.497
   37.570   43.013   39.752   26.479   -10.168   -64.341   -83.145   -74.194
   -66.612   -50.535    -3.001   31.106   29.268    -7.650   -32.745   -25.878
    2.367   22.663   32.195   30.573   51.422  102.788  162.203  216.279
CT1762:070          -139.087  -109.314   -79.360   -50.340   -21.041   15.536
   39.489   41.074   32.050   14.716   -36.518  -116.231  -142.354  -131.214
  -113.883   -91.921   -33.519   18.895   26.601   11.163    1.460    3.877
   12.985   21.114   27.252   24.486   43.862   91.391  147.632  203.153
CT1762:065          -141.626  -110.689   -80.168   -49.950   -24.419    5.426
   24.556   24.177   15.770    1.409   -42.714  -102.700  -118.819  -111.377
   -90.943   -69.328   -26.264    9.219   18.458   16.702   13.679   12.075
   10.140   13.447   21.910   26.404   50.275  101.472  155.825  203.589
CT1762:060          -135.050  -105.914   -76.465   -48.389   -29.837   -17.727
    -8.818   -10.500   -15.682   -23.719   -44.053   -69.781   -71.448   -36.657
    8.085   24.549   25.095   24.920   24.611   12.655    1.673    -0.303
    -6.218    -5.457    9.624   29.754   57.459  101.511  151.000  199.027
CT1762:055          -130.865  -108.178   -83.090   -57.273   -37.401   -17.127
    -3.894   -12.863   -40.359   -53.253   -46.349   -26.369   -14.372   12.501
   45.556   55.426   45.371   33.890   27.641   15.470    7.512    2.730
    -6.462    -4.872   12.409   33.100   60.727  106.351  152.488  190.797
CT1762:050          -133.563  -110.577   -84.917   -57.030   -30.864    1.672
   19.595    8.612   -20.846   -32.379   -30.846   -21.981   -14.292    6.703
   29.593   34.101   22.877   10.129    4.329    -0.666    -5.281    -7.422
   -11.114    -5.856   13.885   39.843   68.510  106.848  145.083  180.815
CT1762:045          -130.932  -104.936   -80.526   -54.629   -21.869   22.481
   46.119   34.961    0.263   -13.343   -17.590   -21.069   -20.025    -9.102
    -1.412    -2.108    -8.278   -18.263   -24.778   -31.566   -35.327   -34.178
   -28.939   -15.956    7.489   37.236   68.178  102.517  138.831  177.596
CT1762:040          -125.059   -99.943   -79.320   -59.417   -27.395   25.273
   54.078   47.214   17.178    5.429    1.493    -3.371    -6.098    -5.675
    -8.663   -13.961   -19.119   -23.469   -35.627   -64.267   -79.146   -69.819
   -49.462   -32.537    -0.011   39.631   72.970  107.739  144.143  183.340
CT1762:035          -133.700  -108.199   -82.609   -53.913   -19.538   22.913
   46.015   45.267   30.528   24.763   25.209   33.688   30.788   14.190
    -2.952   -14.217   -28.616   -45.386   -52.036   -65.043   -73.584   -62.099
   -37.514   -16.022    9.175   38.659   71.109  108.991  148.575  189.019
CT1762:030          -139.529  -107.399   -73.625   -41.462   -12.423   19.718
   40.212   37.219   15.760    8.366   16.806   26.929   18.289    6.300
   -14.341   -29.295   -37.151   -38.422   -41.811   -40.308   -30.041   -27.755
   -32.825   -21.816    6.263   41.205   76.087  117.052  157.130  197.434
CT1762:025          -125.225   -97.039   -72.975   -50.164   -22.068   14.101
   36.046   33.710   13.781    8.109   18.117   26.471   11.234   -13.179
   -30.315   -50.094   -74.064   -69.539   -68.129   -56.774   -40.400   -38.723
   -48.772   -39.281    -4.761   40.253   77.238  114.363  152.526  191.617
CT1762:020          -130.596  -109.452   -87.368   -61.571   -30.523   11.514
   36.882   37.609   30.500   33.041   43.075   63.933   37.369   -85.711
  -201.560  -220.171  -183.474  -191.442  -148.725   -86.997   -71.615   -64.889
   -58.274   -41.172    -7.954   36.960   77.341  117.212  155.030  191.782
CT1762:015          -131.288  -108.754   -86.556   -64.319   -40.030   -12.857
    4.069   13.069   15.911   21.856   43.726   67.705   38.775  -105.238
  -282.523  -286.697   -52.840  118.351   98.670   -36.538   -80.299   -72.489
   -70.737   -54.608   -21.607   29.767   71.554  114.483  156.038  196.682
CT1762:010          -134.346  -103.767   -73.659   -46.263   -24.615    -4.143
   11.583    9.960    -2.572    5.038   47.629   99.706   88.087   31.402
   -28.343   -96.104  -148.284   -56.371   -82.729  -102.295   -45.615   -29.038
   -68.014   -76.791   -44.046   25.113   74.718  116.826  156.607  196.421
CT1762:005          -139.576  -111.365   -79.662   -48.861   -28.470   -11.267
    0.043    -3.386   -17.522    -8.206   49.522  124.722  127.856  107.435
   86.250   -61.927  -702.098 -1185.256  -939.027  -138.160  236.868  205.072
    4.560   -79.655   -52.752   28.503   77.017  120.424  159.148  195.865
CT1763:360          -143.144  -114.763   -78.114   -44.509   -27.241   -18.265
   -10.838   -13.120   -23.245   -16.098   24.883   82.614   88.252   67.385
   47.626   -38.408  -502.265  -890.963  -592.238  276.631  644.029  485.394
   70.564   -77.863   -47.955   39.755   81.258  124.787  164.765  206.586
