
filled_synop: 30 data points in equal steps of sine latitude from +14.5/15 to  -14.5/15

CT1689:360           71.751   33.331   -11.465   -46.018   -30.117   38.261
   75.435   -40.489  -341.119  -420.844  -119.118  283.038  316.063  141.160
   -18.890  -133.267  -308.894  -401.663  -423.547  -357.874  -279.942  -134.554
   47.585  143.361  177.042  184.883  152.715   64.989   -24.620  -109.572
CT1689:355           88.783   51.384    -3.356   -65.126   -55.567   14.520
   46.997   96.561  254.410  302.977  196.293  184.519  153.143   15.879
   -71.540  -239.423  -619.778  -800.401  -853.254  -825.697  -726.712  -392.435
   40.511  179.477  182.856  179.676  144.885   41.931   -39.023  -114.461
CT1689:350           73.581   19.524   -40.034   -80.769   -40.970  100.472
  189.698  247.504  347.190  320.269   -36.884  -549.207  -626.605  -353.113
  -170.387  -299.468  -739.559  -997.363  -990.979  -967.817  -897.881  -557.865
  -155.937    -3.672   78.209  128.505  111.575   40.524   -28.419   -94.359
CT1689:345           58.613   25.987   -17.608   -68.046   -33.481  114.503
  212.504  210.962  135.317   47.764  -215.946  -559.327  -596.583  -326.914
  -106.625  -114.852  -170.109  -208.922  -286.432  -320.119  -296.732  -270.602
  -191.033  -101.214    2.434   87.128   77.278   11.663   -35.959   -81.805
CT1689:340           41.837    9.287   -26.227   -54.480   -31.244   82.099
  161.746  107.470   -68.575  -128.340   -70.730   68.145   98.848  100.447
  139.397  197.300  462.032  592.350  423.517  140.418   29.405   -54.957
  -140.567  -114.074    -6.539   75.619   70.323   20.088   -26.538   -68.382
CT1689:335           47.670   17.250   -14.086   -51.231   -50.265    -2.050
   51.966   63.212   12.343   72.401  326.284  684.327  730.063  485.338
  242.648  222.182  367.387  376.276  217.564  -165.539  -340.682  -275.807
  -142.628   -73.816    -3.226   54.920   49.817    4.614   -27.258   -59.358
CT1689:330           43.547    7.465   -27.531   -61.428   -67.923   -74.228
   -55.681   53.331  235.399  399.033  721.484 1088.782 1095.870  704.742
  268.462  137.844  122.307   66.030  -109.680  -439.102  -565.191  -416.632
  -153.533   -65.031    -7.349   45.937   50.029   15.765   -13.349   -46.592
CT1689:325           46.948    9.530   -29.039   -77.853   -85.953   -55.488
    3.482  192.055  553.809  766.956  940.428 1122.932 1075.025  663.138
  216.134   45.841  -109.080  -264.324  -303.721  -306.032  -337.629  -321.378
  -269.001  -199.431   -57.974   67.604   76.918   21.107   -16.257   -53.836
CT1689:320           49.531   12.978   -24.969   -73.938   -73.385   -12.758
   51.605  211.491  514.008  681.744  735.617  691.967  609.757  376.967
  104.325    5.255   86.092  144.846  119.107  159.824  148.087   -23.890
  -295.005  -304.121  -114.618   81.866   99.316   28.598   -21.795   -75.063
CT1689:315           54.980   23.522    -5.864   -37.562   -36.018    -4.040
   22.099  102.901  258.128  352.258  362.042  298.410  250.581  139.982
   16.677   -17.760  104.130  164.674  138.875   96.580   29.044  -101.285
  -325.820  -307.354   -80.672  133.732  150.172   62.463   -13.951   -86.209
CT1689:310           67.327   35.720    4.630   -27.206   -61.369   -85.960
  -113.909  -140.132  -193.332  -187.795   -73.066   98.224  152.766   79.599
   -28.106   -65.599   -37.771   -64.958  -211.456  -516.443  -647.648  -488.096
  -141.673   20.039   91.271  175.733  167.044   65.140   -13.916   -92.031
CT1689:305           81.858   51.168   19.720   -14.485   -74.264  -157.459
  -246.350  -400.985  -714.819  -808.659  -552.539   -61.392  124.067   46.470
   -65.961   -95.673   -96.246  -156.391  -435.251 -1031.669 -1203.083  -906.795
  -291.226   -23.294   90.488  170.402  163.445   75.128    -9.496   -91.368
CT1689:300           90.495   49.818   10.204   -16.822   -90.065  -217.921
  -361.095  -614.790 -1075.277 -1225.091  -958.701  -351.311  -104.288   -98.653
   -92.738  -101.062  -113.226  -173.603  -459.875 -1221.500 -1441.291  -908.135
   -48.697  265.373  254.767  177.303  123.960   47.157   -21.322   -90.449
CT1689:295           98.311   57.157   17.661   -22.908  -109.474  -231.507
  -364.594  -627.364 -1192.358 -1424.461 -1172.926  -715.479  -524.221  -290.592
  -113.507  -123.517  -196.683  -268.135  -375.531  -673.716  -696.707  -151.468
  539.068  725.105  571.745  256.858  120.120   42.168   -21.468   -85.601
CT1689:290          102.074   52.203    -1.720   -51.284  -132.602  -235.382
  -352.965  -523.107  -835.910  -945.150  -821.563  -538.552  -392.383  -236.585
  -105.374  -183.867  -485.368  -572.724  -492.735   90.860  545.936  712.336
 1180.798 1282.531  759.489  234.381  113.251   66.771    -4.020   -76.390
CT1689:285           74.345   41.520   11.201   -27.167   -90.188  -170.594
  -249.955  -319.062  -382.273  -382.221  -322.169  -180.483  -108.332   -86.012
   -80.950  -278.997 -1207.069 -1868.044 -1514.143  -751.686  -498.176  -117.110
   45.792   52.468  103.086  115.566   69.136   22.036   -17.273   -58.185
CT1689:280           64.134   30.147    -0.296   -27.822   -77.898  -184.222
  -272.957  -277.109  -237.574  -206.779  -127.998   -16.491   17.139    -3.021
   -59.232  -161.322  -525.168  -700.449  -320.623  899.469 1480.576  968.781
   34.941  -183.029   -77.601   88.519   78.491   21.222   -19.001   -51.427
CT1689:275           72.971   31.815    -8.502   -54.671  -111.287  -206.441
  -267.495  -229.680   -95.477    -8.599   35.711   78.479   91.893   76.571
   34.112   54.327  308.699  644.792  880.231 1545.736 1819.157 1290.589
  248.176   -77.111   -41.215   82.476   88.693   58.801    9.336   -35.308
CT1689:270           85.113   30.965   -22.393   -80.347  -129.339  -207.441
  -238.663  -136.887  102.428  243.342  242.631  190.140  165.491  133.824
   98.273  130.391  272.975  328.837  608.739  985.989 1015.263  769.236
  148.049   -99.500   -49.850   74.359   81.451   52.162   20.642   -11.900
CT1689:265           97.931   26.945   -47.352  -125.015  -157.762  -190.698
  -178.121   -12.747  340.017  528.928  463.600  255.161  155.442  128.979
  105.474   76.892   90.799   93.874  222.653  436.630  510.532  396.605
   87.279   -14.554   32.924   80.300   62.524   46.341   28.947    9.994
CT1689:260          108.531   37.571   -42.549  -140.586  -177.904  -177.513
  -117.794  128.045  661.848  919.810  786.117  424.723  244.060  152.495
   74.422   -80.176  -354.570  -516.443  -463.001  -237.449   -38.791  152.954
  374.990  438.947  291.128   87.698   33.756   43.505   38.722   28.898
CT1689:255           96.891   29.408   -43.349  -132.430  -146.198  -119.253
   -54.452  228.795  866.370 1176.628  998.336  519.558  268.991  129.632
    6.302  -324.151 -1168.151 -1785.319 -1744.758 -1163.718  -702.872  -323.024
  320.593  540.414  336.764   67.534   14.810   23.326   34.309   44.637
CT1689:250           79.168   13.886   -51.354  -128.282  -131.064   -48.430
   65.201  321.679  864.195 1144.125  996.202  571.450  325.102  134.574
   -53.013  -416.510 -1490.022 -2287.729 -2291.676 -1844.848 -1460.070  -923.960
   -89.817  177.240  104.222   12.203    8.205   32.029   46.928   61.114
CT1689:245           73.948   16.565   -42.391  -126.488  -149.374   -68.343
   51.091  254.342  642.475  869.158  793.235  529.631  370.388  163.933
   -19.363  -135.974  -518.158  -971.783  -873.532  -517.653  -306.877  -264.518
  -169.740  -127.809  -106.063   -44.735   -11.086   15.313   42.853   67.588
CT1689:240           76.812   12.780   -51.881  -120.813  -155.876  -182.726
  -185.540   -43.632  256.416  496.155  513.606  369.128  275.523  150.428
   21.939  140.115  992.477 1695.485 1803.992 1491.596 1139.315  749.902
    -0.612  -303.144  -213.163   -53.485   -18.651   13.512   39.740   63.855
CT1689:235           81.595   10.120   -57.725  -123.397  -193.928  -357.133
  -466.193  -375.260   -76.418  244.218  454.777  660.708  621.611  390.355
   -64.755   43.519 1426.663 2765.288 2942.634 2605.068 2282.154 1629.462
  295.415  -294.471  -268.307  -116.846   -64.812   -16.505   17.079   47.569
CT1689:230           92.718   23.236   -54.674  -121.917  -181.690  -367.765
  -542.937  -486.586  -317.333  -113.951  451.616 1685.238 1984.527 1035.998
  -454.805  -684.926  164.272 1062.925 1386.649 1816.150 2020.648 1485.198
  332.941  -121.158  -133.666   -79.690   -75.524   -40.269   -12.380   15.180
CT1689:225           95.133   41.316   -24.498  -118.869  -130.341   -23.798
   70.163   94.953   -91.990   -68.262  537.293 2014.796 2347.555 1064.863
  -913.620 -1398.063 -1363.669 -1364.217  -958.435  -102.494  221.502  267.313
  264.482  176.382   47.170   -31.820   -51.466   -31.813   -19.710    -0.978
CT1689:220           75.992    0.250   -81.889  -160.694  -100.516  282.685
  633.018  641.272  213.921   88.246  460.532 1344.248 1446.403  415.040
-1190.407 -1660.131 -1478.965 -1037.012  -823.320  -552.767  -296.825  -165.499
   -27.397   -22.521   -53.629   -59.407   -63.441   -44.486   -23.101    1.222
CT1689:215           54.758    -2.484   -62.797  -152.958  -113.797  201.194
  475.588  525.700  310.516  214.293  323.813  567.859  462.926  -195.834
-1182.377 -1524.976 -1321.822  -940.028  -696.392  -243.642  134.915  107.003
   -90.361  -159.608  -146.430   -93.580   -72.639   -43.459   -17.538   11.215
CT1689:210           40.103   -10.194   -53.404  -107.507   -72.500   94.555
  282.246  419.906  494.585  584.883  545.754  410.212  221.612  -220.844
  -813.442 -1062.999  -999.073  -917.067  -632.806   95.890  489.433  412.640
   -19.869  -217.083  -214.042  -142.142  -113.742   -70.538   -25.537   18.716
CT1689:205           56.090    -2.690   -62.770  -133.903  -137.608   -96.442
    -5.625  235.689  705.913 1017.519 1003.863  755.591  535.910  233.618
   -75.186  -253.092  -217.864    1.077  157.914  636.111 1043.715  793.283
   87.939  -165.568  -194.634  -163.914  -140.709   -85.613   -27.823   25.865
CT1689:200          100.535   11.961   -83.711  -211.362  -238.108  -256.950
  -227.604  109.971 1042.065 1641.430 1649.891 1189.808  853.091  649.754
  416.351  213.852   -45.524  -342.149  -240.355  155.900  258.569  280.095
   64.045   -82.953  -115.482  -138.297  -136.134   -72.923   -16.615   34.626
CT1689:195          133.808   -15.031  -180.768  -358.704  -416.308  -407.077
  -332.740   76.428 1230.871 2043.619 2042.576 1569.178 1285.356  943.884
  451.707  170.792   -59.372  -292.698  -271.145   32.982  218.191  231.483
  191.087  138.989   36.551   -97.474  -117.899   -56.551    6.993   69.812
CT1689:190          167.950    -6.472  -199.370  -399.493  -447.078  -368.483
  -239.857   69.710  862.031 1442.602 1547.154 1438.489 1317.603  941.037
  370.228   71.321  -136.549  -267.212  -292.768   -97.552   88.979  109.996
  126.577  130.575   46.501  -104.337  -104.802   -30.771   38.761  104.738
CT1689:185          189.298   33.340  -146.131  -389.891  -438.126  -249.196
   -13.062  156.115  331.279  485.497  681.310  994.308  996.559  754.593
  253.630   -32.614  -328.593  -593.514  -637.137  -457.262  -348.041  -314.992
  -232.325  -175.756  -165.763  -134.369   -71.038    1.185   67.573  129.301
CT1689:180          145.594   -22.433  -204.310  -381.487  -364.536   -26.509
  338.891  355.097  -153.424  -435.459  -210.261  640.104 1016.447  656.457
   59.260  -183.050  -322.754  -497.376  -577.106  -619.751  -691.168  -747.322
  -925.930  -943.828  -654.285  -213.520   -35.575   27.233   85.101  139.923
CT1689:175          119.873   -27.317  -181.241  -359.058  -291.913  188.995
  672.647  613.324  -227.163  -872.209  -747.606  -103.607  108.102  112.725
   54.885   -11.932    3.608  116.450   18.442  -273.775  -438.965  -567.036
  -813.970  -832.669  -591.822  -187.927   -27.612   15.903   71.311  128.330
CT1689:170          114.713   -12.522  -150.460  -370.413  -308.252  398.969
 1134.370 1128.726  389.335  -169.851  -297.825  -306.361  -351.752  -256.898
  -184.963  -211.528   -82.536   81.848   16.675  -203.605  -318.881  -374.294
  -527.980  -538.070  -350.142  -108.476   -13.560   24.174   67.815  109.907
CT1689:165           59.936   -66.065  -191.218  -321.478  -173.370  673.535
 1512.941 1557.085  919.360  461.404  264.226   59.868   10.779   -86.466
  -182.436  -222.300  -308.348  -424.622  -472.675  -537.044  -579.378  -346.999
  312.711  602.941  458.893  123.642   27.446   25.796   31.182   37.857
CT1689:160           41.505   -35.640   -94.023  -190.942  -184.038  142.307
  527.050  558.635  163.301  -218.249  -223.242   -91.574   -81.972  -120.864
  -191.996  -243.586  -335.033  -444.126  -503.604  -629.818  -689.833  -426.904
  309.161  620.490  507.493  204.678  116.799   74.206   21.263   -19.431
CT1689:155           77.061    5.911   -58.839  -117.745  -196.917  -564.020
-1027.322 -1029.329  -616.807  -308.951  -212.725   -93.382   -42.826   -68.326
  -109.874  -134.808  -116.933  -100.068  -159.975  -349.749  -456.586  -357.723
  -113.465   27.925  108.376  120.442   92.760   49.078   18.202    -9.382
CT1689:150          136.076   28.092   -86.256  -199.265  -430.917 -1073.441
-1671.665 -1583.262  -721.965   11.147  140.375   77.426   71.351   39.017
    4.192    8.273  130.734  320.759  252.336   -81.155  -244.713  -267.616
  -262.523  -208.195  -107.654   25.960   58.734   33.486   16.745    3.000
CT1689:145          193.932   50.851  -137.327  -339.023  -566.335 -1096.980
-1630.871 -1477.742  -534.541  282.936  422.294  213.196  120.443   84.856
   45.889   49.973  135.807  157.339  109.217   -95.409  -291.911  -278.381
  -170.416  -118.917   -81.241    -7.859   17.479   17.759   20.243   17.745
CT1689:140          369.767   98.692  -201.111  -555.809  -857.761 -1131.345
-1312.838 -1066.888  -147.346  589.906  679.237  349.615  160.386   97.903
   51.278   53.650  147.583  252.059  255.638  176.697  103.526  100.349
  104.181   68.324   20.257   -25.064   -28.194    0.356   22.968   38.132
CT1689:135          385.937   79.900  -266.076  -600.856  -801.085  -881.162
  -904.270  -661.133  160.628  858.947  907.680  453.391  185.179  102.623
   47.687   54.859  163.967  267.643  348.353  606.313  821.866  720.931
  413.536  241.778  129.085    -5.948   -55.609   -36.160    -3.884   24.587
CT1689:130          379.648   87.595  -208.943  -604.955  -818.808  -769.688
  -630.596  -377.582  281.883  825.968  880.005  479.819  208.577  110.368
   35.548   39.704  203.504  434.261  531.385  638.458  678.024  622.291
  428.196  278.823  159.129    1.910   -57.472   -28.422    -7.423    3.791
CT1689:125          297.646   29.649  -246.482  -525.695  -634.915  -458.172
  -195.365   38.918  449.923  782.567  775.136  397.727  164.502   69.613
   -26.261   -30.020  208.443  530.773  593.189  440.890  279.380  257.394
  251.930  191.644  105.332    -3.698   -55.611   -42.397   -18.462    1.340
CT1689:120          111.748   19.418  -143.022  -362.585  -454.603  -266.682
   18.556  176.884  263.713  339.230  342.010  216.024  120.234   43.438
   -64.939   -96.839   -13.883  106.172  132.262  127.807  115.303  103.635
   97.165   82.772   34.210   -24.298   -33.578   -15.275    3.176   20.189
CT1689:115           77.742    7.095   -90.470  -224.914  -296.975  -152.551
   71.819  164.221   90.340    8.190   62.328  231.418  285.738  192.608
   43.984   -26.874   -54.737   -62.364   -69.593   -78.352   -95.700   -90.522
   -65.919   -39.650   -29.153   -25.591   -15.838    -3.176   10.213   23.613
CT1689:110           52.883   -30.494  -107.640  -203.387  -233.627   -88.593
  116.264  197.563  164.146  141.206  195.269  352.006  423.154  347.986
  192.540   93.409   -14.494  -133.840  -246.460  -413.744  -506.897  -487.357
  -365.600  -271.294  -184.283   -70.682   -20.749    -9.129    9.923   27.013
CT1689:105           -13.605   -62.239   -91.086  -133.949  -144.134   -15.156
  164.380  237.565  255.576  238.625  274.984  365.040  387.329  335.108
  182.419   86.137   -14.173  -165.798  -308.163  -616.327  -859.953  -838.240
  -590.345  -418.668  -266.269   -70.374   -15.687    -8.491    5.627   22.870
CT1689:100           -69.050   -88.737  -101.007  -118.487  -101.674    1.657
  124.292  182.467  230.415  278.823  273.048  208.717  179.386  162.846
  125.153   86.255   95.503  146.409   30.891  -547.119 -1126.219  -976.241
  -146.649  293.304  233.332   -17.220   -57.816   -31.781   -13.343    2.894
CT1689:095           -89.887   -88.975   -78.615   -72.182   -58.976    4.635
   92.346   61.828  -136.651  -364.183  -375.021  -234.346  -132.248   -76.641
    7.279   53.760  147.621  274.991  266.570  258.582  282.839  274.713
  249.727  246.553  172.636    -3.704   -65.327   -47.686   -27.486   -10.366
CT1689:090           -86.735   -76.398   -65.776   -54.380   -35.423   21.718
  102.269   56.351  -259.093  -583.004  -604.049  -420.936  -250.896  -160.377
   -48.728   -17.160    3.460   36.140   65.843  258.723  398.463  382.246
  125.215   -45.538   -50.059   -43.173   -53.097   -40.759   -25.702   -10.704
CT1689:085           -80.231   -65.047   -57.444   -48.024   -53.426   -90.709
  -147.530  -234.216  -433.785  -634.250  -602.988  -329.152  -107.118   -45.187
   -18.864   -80.735  -302.715  -575.275  -592.264  -312.059   89.462  166.657
   -23.684  -140.121  -143.259  -111.178   -82.223   -59.493   -34.116    -8.476
CT1689:080           -84.195   -69.593   -55.248   -36.740   -48.919  -135.292
  -261.258  -349.867  -460.181  -545.576  -481.208  -186.777   45.817   69.461
   28.518   -78.136  -588.870 -1416.133 -1547.460 -1037.542  -291.863  -117.365
  -182.237  -201.464  -186.376  -136.221   -95.701   -60.423   -30.082    -2.673
CT1689:075           -93.275   -82.152   -69.722   -27.703   -26.066  -135.657
  -281.107  -349.852  -378.371  -387.488  -324.331  -105.724   64.116   76.141
   32.576   -49.669  -556.879 -1552.573 -1752.331 -1113.808  -386.740  -278.092
  -321.514  -304.354  -266.638  -154.650   -86.381   -60.320   -34.521    -7.335
CT1689:070           -96.270   -61.706   -23.213    -1.085    4.770   -84.009
  -205.122  -246.178  -240.734  -202.302  -153.712   -51.457   25.296   40.780
   10.351   -20.817   -71.762  -227.607  -260.996  -115.735  -197.553  -210.603
  -256.077  -370.263  -354.205  -181.830   -84.599   -56.748   -42.348   -27.260
CT1689:065           -93.723   -55.454   -21.433   28.576   44.882   -27.462
  -163.483  -202.136  -142.491   -88.890   -54.478   12.384   47.786   51.019
   -16.379   -22.939  376.847 1365.925 1658.151 1283.113 1200.086  979.761
  122.535  -335.457  -304.444  -102.771   -52.620   -57.624   -55.085   -44.612
CT1689:060           -81.842   -49.741   -13.033   18.518   27.967   17.968
    5.744    3.415   47.069  114.021  129.382   84.927   53.169   43.359
   -27.048    -6.832  208.823  437.909  493.658  609.528  392.562  309.697
  254.590  135.935   38.873   -34.865   -58.569   -54.573   -53.433   -58.529
CT1689:055           -85.258   -56.147   -27.809    4.367   32.910   71.582
  117.826  121.586   87.735   49.299   46.619   37.973   29.777   13.560
   -64.085   -66.684    5.738  109.506  174.632  184.501  162.785  171.780
  301.040  359.033  261.002   82.542   -20.996   -44.783   -56.319   -72.635
CT1689:050           -85.845   -59.871   -34.385    -9.713   10.044   47.914
  102.820   80.334   -78.596  -268.263  -265.866   -87.439   30.589   20.578
   -63.607   -89.590   -74.437   -31.771    8.388   31.935   88.399  175.931
  372.352  478.969  367.724  111.388   -10.311   -43.366   -62.397   -89.667
CT1689:045           -83.065   -57.186   -30.043   12.713   40.357   35.376
   21.691   -27.522  -205.847  -366.616  -320.032   -85.646  102.305   97.271
   15.509   -36.933   -82.053  -114.752  -101.948   -40.812   47.644  175.610
  378.539  477.925  399.293  195.552   53.245   -16.110   -59.352   -99.533
CT1689:040           -72.293   -33.763    0.012   28.552   23.465   -30.771
  -115.633  -190.265  -296.865  -355.615  -218.338  144.452  407.729  377.673
  165.215   19.518   -71.033  -139.641  -151.633   -83.668   17.459  133.903
  328.060  453.407  398.868  203.070   67.378    4.530   -39.366   -96.002
CT1689:035            -9.902    -7.013   -11.132   -14.423   -38.072  -152.740
  -324.728  -381.186  -320.220  -173.347  108.403  556.110  805.198  690.818
  344.191   85.842   -69.707  -208.107  -254.367  -175.036   -68.315   75.749
  300.366  427.464  396.128  251.322  119.188   23.917   -49.567  -113.522
CT1689:030           21.466   -18.540   -55.193   -71.629  -122.145  -239.265
  -353.902  -328.189  -113.199  234.382  529.217  789.096  864.361  693.859
  344.532   80.988  -164.179  -500.099  -581.207  -352.089  -193.007    0.791
  219.665  373.431  351.920  231.727  147.992   54.586   -37.533  -125.751
CT1689:025            9.354   -22.521   -55.769   -90.349  -137.083  -175.517
  -178.064   -36.903  262.533  494.679  626.149  637.166  575.184  431.066
  236.633    4.261  -444.774  -923.718 -1115.188  -873.218  -412.154  -136.334
   93.292  250.541  316.549  274.900  180.219   56.968   -50.463  -147.795
CT1689:020            2.110    -7.612   -29.059   -64.418   -78.214   -30.424
  112.856  382.041  654.901  727.648  609.196  420.892  264.087  200.282
  116.988   -61.363  -264.190  -599.493  -558.498  -443.516  -374.361  -196.303
   -44.178  202.430  286.295  253.996  140.429   15.241   -68.589  -154.756
CT1689:015            1.521   -17.600   -35.109   -35.823   -16.184    7.062
  109.428  293.160  444.048  578.259  502.155  321.813  201.657   90.329
    2.845   -29.764   78.419  585.448  990.528  956.006  455.367   -30.120
  -105.413   -57.962   90.083  158.016  115.350   60.003   -26.945  -136.242
CT1689:010           -25.555   -35.102   -39.488   -41.118   -48.794   -39.482
   -31.909   27.198  217.203  419.502  480.768  366.949  177.037   68.800
   -23.533   -49.047  140.629  816.125 1577.358 1175.500  456.734   52.043
  -118.313   -98.735   61.535  216.337  220.913  119.001   10.939   -93.496
CT1689:005           -16.024   -33.577   -48.598   -62.685   -68.979   -66.796
   -66.933   -77.365   -46.246   91.289  151.739  105.221   67.398   22.762
   -81.476  -156.191   -92.865  106.290  183.597  175.902    -6.946   -60.126
   -82.181   -77.072   10.791  144.280  204.658  139.270   21.713   -93.437
CT1690:360            7.719   -13.418   -33.393   -58.932   -70.996   -81.490
  -108.559  -119.056  -182.866  -313.392  -322.273  -170.745   -56.850   -63.895
  -105.362  -148.903  -263.765  -535.539  -643.722  -487.701  -255.633  -199.735
  -186.606  -152.620   -63.505  115.190  179.599   80.722   -29.311  -109.813
