
filled_synop: 30 data points in equal steps of sine latitude from +14.5/15 to  -14.5/15

CT1778:360          -161.832  -113.949   -72.659   -44.678   -25.048   -14.396
   -20.748   -37.296   -36.689   -19.400    0.168   12.387   12.961    -1.452
    5.300    8.712    4.546    2.213    4.731    -0.484   -18.184   -49.347
   -58.586   -41.919    -8.636   17.627   43.113   66.447   92.103  120.933
CT1778:355          -169.975  -122.553   -76.593   -50.951   -38.999   -30.599
   -37.601   -50.270   -48.713   -36.058   -20.040    -1.426   54.261  100.060
   78.716   12.676   -11.408    -7.191   12.013   12.226   -12.981   -58.016
   -70.827   -54.017   -18.505    7.386   33.357   60.165   89.391  120.823
CT1778:350          -176.577  -132.386   -83.406   -60.118   -59.485   -53.945
   -55.118   -61.394   -59.992   -52.826   -43.168   -32.177    -5.159   16.517
   14.907    -4.478   -13.036    -3.751   14.199   11.332   -12.618   -52.356
   -63.954   -53.435   -31.495    -9.122   21.001   54.483   90.070  130.421
CT1778:345          -170.097  -130.785   -94.606   -68.625   -44.201   -29.824
   -35.601   -46.316   -46.181   -47.156   -47.849   -47.678   -75.865  -100.620
   -66.670    8.540   37.176   28.584   14.567    4.707   -12.644   -35.241
   -43.397   -40.363   -33.124   -15.101   18.094   58.610  103.193  151.098
CT1778:340          -171.053  -135.920   -98.273   -64.260   -25.309    -1.563
   -10.865   -32.414   -33.669   -12.663   12.676    9.688   -15.934   -14.402
    -5.321   31.333   49.783   35.589    -3.001   -22.938   -27.659   -29.531
   -31.528   -30.136   -32.119   -15.737   29.077   81.972  128.236  176.313
CT1778:335          -163.742  -126.393   -87.829   -49.567    -4.615   22.249
   13.452   -16.290   -19.997    5.492   30.711   32.311   13.466    2.277
   13.945   39.768   47.850   31.554    -8.836   -29.976   -33.718   -27.427
   -24.811   -24.092   -26.001    -9.560   33.570   89.551  143.805  196.119
CT1778:330          -153.949  -117.877   -82.636   -45.525    2.818   32.304
   29.114    1.102    -7.044    4.061   14.191   17.766   19.437   20.953
   25.707   33.631   33.697   23.395    1.253   -11.682   -16.694   -19.774
   -19.436   -17.309   -18.871    -1.465   56.447  122.784  168.375  207.099
CT1778:325          -147.605  -120.963   -89.246   -48.395    5.727   39.381
   40.206   27.757   23.639    8.146    -8.076    -6.081    8.435   18.138
   20.542   22.289   20.785   16.339    8.590    3.507    -1.053    -7.733
    -8.864    -5.715    -8.009    6.853   54.196  114.706  163.755  205.633
CT1778:320          -127.241  -115.873  -105.387   -73.537   -11.034   28.482
   28.545    8.575    2.793    -5.767   -14.426   -12.776    1.675   11.080
    5.744    -4.682    -5.973    -6.431    -3.737    0.348    9.362   22.440
   27.650   23.288   10.288   19.901   59.729  106.200  148.172  193.049
CT1778:315          -122.283  -118.043  -115.415   -88.702   -43.072   -13.764
    -5.333    -6.998    -4.927    -3.505    -2.028    -0.930    5.861    9.453
    -8.587   -47.276   -63.296   -47.046    -9.572    8.205   19.560   28.777
   33.151   32.797   24.296   33.139   64.840  104.755  142.916  182.298
CT1778:310          -142.915  -140.563  -130.140  -107.574   -67.125   -36.061
   -20.701    -8.923    3.300   20.531   31.271   30.848   14.569    -5.195
   -18.098   -45.504   -58.389   -44.718    -6.545   11.904   18.257   22.029
   25.226   24.684   14.421   22.934   61.539  104.786  141.092  179.170
CT1778:305          -144.117  -139.163  -129.276  -104.792   -70.157   -43.170
   -21.300    1.675   17.983   41.902   63.891   61.820   43.798   33.481
   14.367   -19.760   -34.361   -30.784   -20.754   -14.160    -2.444   14.845
   21.655   14.250    -0.418   10.081   45.989   93.016  137.845  181.189
CT1778:300          -141.660  -131.970  -123.183  -100.755   -64.523   -39.804
   -21.573    -6.874    4.693   18.387   26.441   28.391   25.455   20.864
   13.620    6.486    2.990   -10.968   -27.521   -29.179   -22.793   -16.138
   -12.828   -12.591   -19.263    -5.051   38.362   91.516  136.879  183.642
CT1778:295          -144.472  -125.416  -104.648   -78.014   -44.287   -22.075
   -15.084   -10.677    -4.175   -10.686   -14.960   -11.385    -9.611   -11.917
    -8.182    -5.878   -10.583   -11.809   -21.703   -25.927   -20.893   -10.598
    -7.677   -16.228   -30.825   -19.070   23.921   79.570  131.706  181.552
CT1778:290          -148.666  -121.547   -93.091   -72.024   -45.330   -31.365
   -40.702   -57.095   -54.581   -40.381   -29.263   -23.225   -15.390    -8.046
    -3.564   14.749   22.742   13.366    4.469    1.134    -5.917   -12.285
   -15.716   -24.044   -38.141   -24.462   25.271   84.315  133.066  181.100
CT1778:285          -138.125   -98.501   -56.124   -37.532   -40.159   -42.118
   -64.279   -93.124   -87.530   -42.863    2.327    5.781   -14.863   -23.230
   -15.192    1.575    5.616    4.044    -3.666    -9.816   -13.411   -19.922
   -23.933   -31.732   -44.884   -30.713   14.131   72.357  124.461  173.473
CT1778:280          -106.133   -66.775   -37.874   -30.067   -42.753   -50.768
   -70.077   -94.227   -82.801   -32.012   13.520   18.661    -0.242   -11.568
   -15.461   -16.375   -16.019   -17.613   -19.493   -22.032   -24.497   -24.727
   -24.942   -28.305   -36.453   -23.128   18.282   66.278  108.809  146.203
CT1778:275          -118.790   -79.025   -41.371   -30.151   -44.031   -52.222
   -52.124   -47.206   -33.314    -1.036   24.625   25.967   14.909    6.037
    -1.201   -15.065   -24.717   -28.488   -26.393   -26.454   -30.160   -33.982
   -34.695   -30.960   -26.092   -10.263   25.933   67.250  103.936  137.790
CT1778:270          -131.062   -97.062   -55.519   -35.259   -48.615   -45.914
    -8.386   54.694   77.023   54.705   33.044   27.180   21.734   19.142
   14.130    0.452   -12.910   -17.357   -18.720   -21.164   -26.648   -33.653
   -35.560   -32.923   -31.616   -15.508   24.083   66.971  101.979  137.403
CT1778:265          -131.558   -96.571   -65.099   -44.555   -38.794   -28.430
   11.747   78.572   97.568   62.944   15.248    5.579   17.339   24.860
   24.216   22.696   14.201    3.507   -10.543   -17.902   -26.120   -38.246
   -41.695   -34.274   -20.492    -2.451   25.072   55.801   87.282  120.462
CT1778:260          -139.102  -105.161   -70.289   -46.473   -38.434   -22.006
   19.963   81.354   98.861   63.610   13.104    0.157   15.341   27.628
   24.701   14.216    4.585    -1.324    -7.419   -14.246   -26.335   -46.740
   -51.906   -37.027   -10.603   11.056   33.949   56.321   81.213  108.167
CT1778:255          -142.200  -111.983   -76.318   -47.828   -19.042    8.995
   37.993   75.241   84.239   53.957   17.149    6.214    8.453    9.612
    5.285    -7.509   -16.387   -15.189    -5.427    -4.308   -16.747   -42.220
   -50.066   -36.759   -10.796   10.987   39.296   67.292   89.205  108.953
CT1778:250          -127.206   -96.595   -69.549   -46.761   -22.501    4.120
   31.542   57.300   59.814   31.807    -2.170   -11.472    -7.536    -9.947
   -12.166   -25.359   -31.965   -23.476    -1.147    6.902   -10.091   -45.098
   -54.429   -43.719   -21.990    -0.761   28.078   60.714   90.901  118.259
CT1778:245          -120.767   -96.484   -75.765   -53.310   -25.480    -2.563
   12.643   26.639   25.150    7.503   -21.444   -35.858   -28.633   -33.488
   -21.921   -29.717   -30.230    -9.973    8.906   16.653    6.707   -13.185
   -20.374   -22.300   -20.744    -7.276   22.824   58.662   92.138  126.441
CT1778:240          -140.265  -114.148   -87.102   -53.909   -16.165    6.685
    8.430    3.779    -7.137   -20.386   -48.886  -106.947  -164.145  -143.930
  -140.357   -84.106   -21.881   11.584   22.405   31.196   30.971   20.705
   13.325    2.570   -14.237    -6.183   24.498   62.987   99.342  136.025
CT1778:235          -145.897  -124.010   -98.463   -66.361   -18.822    8.622
    6.596    -2.092   -30.882   -78.611   -99.527  -239.293  -535.119  -587.272
  -494.066  -169.387   -23.415    8.505   27.750   42.516   40.214   38.641
   36.915   26.085    6.092    8.890   38.345   71.444  101.518  134.430
CT1778:230          -136.443  -124.130  -111.070   -74.340   -23.108    3.884
    4.475    2.445   -24.440  -146.422  -246.996  -314.201  -647.717  -889.622
  -570.152  -110.671    -0.368    -1.961    -9.461    -4.453    2.694   16.006
   19.053   14.488    7.635   16.154   40.191   71.893  105.951  141.813
CT1778:225          -142.559  -134.408  -128.946   -95.535   -35.234    -6.848
   -10.018   -21.670   -20.323   -22.280    -8.346   98.750  507.378  747.110
  480.638  110.328   23.340    -4.202   -43.744   -52.915   -30.088    -6.636
    -3.054   -12.633   -29.650   -17.751   26.934   77.876  117.529  157.433
CT1778:220          -168.301  -145.433  -117.290   -76.831   -26.396    -1.407
   -17.884   -47.666   -27.908   51.392  128.843  267.828  601.317  711.431
  546.012  152.992   13.164    1.342   11.158    5.807    -1.153    -2.734
    -3.789   -13.176   -24.036   -11.785   26.716   75.895  122.458  167.114
CT1778:215          -184.847  -151.916  -116.420   -78.803   -31.192    -7.742
   -24.550   -46.691   -28.539   10.530   50.682  129.431  197.622  176.061
  173.822   77.986   12.704    7.753   36.465   36.138   22.318    4.145
    -3.047   -10.044   -16.276    -2.577   40.213   88.570  130.363  173.847
CT1778:210          -182.667  -149.858  -111.694   -74.532   -36.460   -14.583
   -24.013   -41.661   -28.489    5.262   45.064   60.222   52.383   55.720
   41.834   36.568   25.042   17.172   21.863   20.157   23.567   24.005
   19.591    4.539   -18.157    -9.358   32.458   86.320  134.118  178.557
CT1778:205          -168.920  -139.115  -108.232   -80.797   -50.518   -29.329
   -25.173   -30.260   -18.513   13.509   41.614   46.628   36.759   40.384
   39.889   53.454   58.200   46.368   31.607   27.722   38.928   59.121
   57.117   31.928    -6.949    -4.096   43.892   96.791  137.321  177.711
CT1778:200          -155.980  -134.475  -113.719   -84.059   -45.295   -19.175
    -9.416    -3.295    7.175   21.757   33.598   35.853   25.531   24.934
   40.882   69.810   82.646   76.058   57.401   50.124   50.099   51.696
   44.687   26.543    -3.115    -1.976   36.760   86.924  130.155  170.577
CT1778:195          -164.747  -141.661  -118.096   -90.808   -50.382   -21.809
    -8.063    5.257   14.495   16.662   17.640   17.062    3.843    2.796
   25.726   67.576   90.785   93.879   87.789   81.704   65.733   41.590
   26.083   11.044    -7.754    -2.081   39.956   87.217  124.337  161.403
CT1778:190          -169.683  -139.292  -107.226   -88.425   -77.252   -61.070
   -39.398   -17.472    -9.996    -9.292    -7.005    -5.999   -10.517    -3.720
   18.143   50.620   70.985   94.247  116.033  115.350   96.345   60.862
   37.605   14.404   -11.009    -7.605   29.105   76.295  115.480  151.252
CT1778:185          -153.982  -119.984   -88.807   -65.284   -45.308   -26.513
   -17.454   -10.636   -16.591   -39.313   -48.845   -40.469   -15.068    5.781
   23.380   47.889   66.093   88.110  130.333  136.012  103.328   67.596
   49.492   24.848    -2.719    -1.222   33.084   71.831  103.967  136.127
CT1778:180          -144.368  -111.462   -79.930   -47.719   -16.189    4.590
   18.128   24.842    9.957   -50.446   -84.886   -59.441    3.360   29.533
   44.245   30.082   26.669   44.790   53.207   50.398   41.280   21.002
   11.576    7.550    0.882    7.108   33.187   65.553   91.935  116.799
CT1778:175          -139.799  -107.457   -77.330   -39.856   10.628   36.223
   40.444   36.649   20.786   -38.807   -71.678   -38.575   66.291  115.429
  102.317   78.700   72.951   49.071   16.154    8.806   11.977   17.265
   15.660   10.764    6.460   13.272   31.381   52.751   76.912  105.224
CT1778:170          -144.974  -114.182   -81.228   -43.648    -4.266   16.529
   23.876   23.054    9.240   -28.611   -46.515   -35.981    -1.781   14.806
   31.741   62.342   68.083   22.757   -17.699   -22.181    -5.406   16.412
   20.461   11.047    -1.820    3.950   23.897   48.066   71.988   96.672
CT1778:165          -147.737  -118.205   -87.469   -53.614    -6.975   14.790
    -0.133   -22.652   -34.402   -47.499   -56.530   -62.815   -81.032   -88.784
   -93.014  -129.866  -142.225   -96.207   -52.164   -41.188   -30.344   -14.927
    -5.765    -1.904    -1.734   10.292   30.790   51.050   67.511   82.405
CT1778:160          -149.802  -116.230   -80.077   -43.590    -3.168   13.960
    -9.779   -41.921   -51.415   -52.318   -50.557   -53.662   -57.107   -56.759
   -74.557   -93.744   -96.425   -91.657   -66.990   -58.659   -57.625   -54.147
   -42.833   -15.160   20.277   37.097   43.566   47.866   55.379   65.468
CT1778:155          -150.856  -114.122   -77.168   -45.612   -13.469    1.874
   -17.688   -46.646   -45.958   -25.297    -8.284    2.907   26.792   38.626
   30.881   28.221   23.834   -10.982   -52.145   -65.366   -72.000   -78.196
   -69.995   -36.381    6.878   27.202   32.108   35.903   46.609   60.066
CT1778:150          -150.646  -113.972   -79.232   -49.993   -21.644    -6.198
   -14.790   -25.391   -16.937   18.366   44.167   50.816   52.509   49.086
   54.385   59.340   51.504   24.530   -22.418   -41.155   -50.289   -57.827
   -52.596   -29.126    5.639   25.911   35.890   43.870   55.617   69.206
CT1778:145          -146.019  -112.569   -79.153   -51.392   -26.465    -7.800
    0.251    4.361   16.576   46.565   63.725   52.609   17.000    -0.699
    -3.571    4.714   10.715   11.692   13.368    7.346   -14.377   -42.164
   -43.117   -21.829    5.619   25.081   43.417   60.285   74.475   86.731
CT1778:140          -145.936  -120.505   -91.264   -57.914   -21.812    1.168
    9.080   11.780   20.873   37.850   44.828   19.991   -40.329   -69.464
   -69.358   -66.108   -57.981   -19.917   26.314   32.843   10.942   -21.719
   -26.883   -12.974    3.657   20.881   43.272   66.477   87.103  104.604
CT1778:135          -152.128  -135.224  -116.732   -88.703   -44.222   -16.287
    -1.980    7.265   10.680    6.656    -1.896   -20.714   -53.765   -66.099
   -71.249   -62.873   -50.382   -19.566   22.374   29.210    8.726   -15.094
   -16.488    -6.996    2.860   20.395   47.477   74.032   95.940  116.152
CT1778:130          -150.776  -133.075  -113.279   -89.836   -59.371   -38.742
   -22.285    -3.808    -3.142   -15.312   -20.314   -41.459   -78.513   -87.647
   -70.600   -41.327   -30.665   -26.031   -24.581   -24.778   -26.387   -25.242
   -19.678    -9.824    3.790   23.477   47.839   72.848   98.239  124.644
CT1778:125          -148.545  -124.465   -98.842   -85.374   -82.914   -71.871
   -53.253   -37.309   -37.298   -52.904   -61.851   -64.946   -71.235   -70.203
   -41.553    -0.633    5.814   -17.773   -50.895   -57.638   -57.185   -58.437
   -49.157   -18.200   14.481   36.773   56.219   76.259  104.190  137.947
CT1778:120          -138.618  -109.356   -85.339   -68.194   -51.728   -39.335
   -39.749   -39.495   -41.134   -56.494   -59.920   -45.599    -7.879    9.905
   11.547   26.485   25.870    -5.998   -28.306   -36.204   -47.120   -50.001
   -42.115   -19.349    8.753   33.982   64.840   96.419  125.533  154.474
CT1778:115          -148.959  -113.016   -81.288   -55.298   -31.676   -19.863
   -27.097   -37.579   -34.962   -30.580   -19.393    3.918   46.835   60.646
   31.045   -36.089   -59.263   -40.381   -25.843   -29.857   -35.739   -43.491
   -40.650   -24.693    -4.637   23.247   69.746  115.046  149.436  178.245
CT1778:110          -155.208  -123.807   -88.320   -53.894   -16.070    2.424
   -17.741   -42.591   -26.645   16.090   56.278   83.319  122.878  136.662
   91.472   16.468    -9.484    -0.213   28.027   24.426    -4.117   -34.732
   -43.466   -40.529   -35.763    -9.337   44.736  105.431  155.128  196.402
CT1778:105          -145.505  -115.922   -88.878   -70.420   -54.104   -41.775
   -45.216   -52.801   -20.639   61.567  125.715  150.756  158.010  152.686
  134.906  105.894   88.274   76.292   68.066   50.089   11.969   -36.060
   -51.445   -48.556   -38.174   -10.269   45.769  104.345  153.132  199.518
CT1778:100          -134.957   -95.982   -63.908   -53.015   -57.364   -50.755
   -41.344   -29.184    8.747  100.568  171.747  187.524  173.595  158.168
  147.111  130.988  111.518   96.038   73.591   50.732   11.759   -40.345
   -57.266   -50.871   -38.984   -14.788   33.446   88.815  141.555  195.473
CT1778:095          -144.423  -107.053   -66.264   -49.311   -56.099   -46.609
   -23.168    7.817   49.026  128.913  188.377  194.963  165.478  140.133
  121.608   97.711   80.535   70.093   56.440   40.972   20.626    -3.495
   -14.957   -20.730   -24.987    -6.056   38.692   88.436  138.198  191.792
CT1778:090          -146.363  -108.014   -70.919   -52.537   -48.894   -33.298
    0.976   44.749   82.097  133.334  166.942  162.298  118.872   85.541
   61.078   32.149   20.543   22.058   29.126   26.144   14.524    -1.042
    -8.899   -12.622   -17.281    1.901   49.546  100.259  141.837  179.197
CT1778:085          -149.727  -111.821   -74.158   -54.883   -48.889   -31.450
   14.647   69.208   95.936  113.163  116.614   96.197   47.544   13.508
    -8.530   -26.073   -25.093    -9.785   13.159   18.688    6.678   -10.700
   -13.763    -2.707   11.879   31.892   69.626  108.116  139.338  168.380
CT1778:080          -135.879   -98.943   -67.092   -50.009   -50.260   -32.206
   14.842   62.786   74.421   65.138   52.862   14.414   -35.555   -51.654
   -65.793   -63.784   -49.676   -19.417   11.657   19.576    6.398   -15.170
   -17.122    -3.828   10.494   30.629   64.177   96.387  126.498  156.950
CT1778:075          -138.881   -94.291   -55.463   -46.592   -49.889   -37.810
    -2.014   33.253   27.077   -16.368   -47.712   -90.465  -157.610  -176.912
  -135.369   -66.104   -39.531   -12.166   18.248   27.225   18.755   11.871
   11.077    6.481    4.291   18.837   49.662   85.082  118.133  150.876
CT1778:070          -141.391   -92.179   -43.601   -32.259   -42.721   -32.878
   -14.586    1.583    -6.304   -49.425   -83.289  -110.612  -164.404  -183.268
  -122.997   -42.983   -19.199   -17.463   -14.525    -5.514    5.033   10.379
   10.536    -1.032   -12.378    1.933   37.413   74.711  106.831  139.181
CT1778:065          -127.852   -88.560   -60.400   -53.109   -54.377   -41.900
    -8.723   21.200   18.793    2.416   -10.599   -21.198    -0.924    8.178
   -29.994   -61.395   -56.341   -37.897   -23.522   -15.180    -8.699    -3.675
    -2.272    -7.414   -12.643    -0.676   26.839   59.258   90.072  120.719
CT1778:060          -137.211   -98.824   -66.289   -51.455   -48.305   -30.276
   12.634   49.874   47.966   21.422    1.624   -13.222   -27.528   -33.607
   -42.277   -54.567   -50.701   -39.807   -23.817   -17.047   -16.326   -13.929
   -12.363   -14.154   -13.719    -0.869   22.203   48.401   75.973  105.951
CT1778:055          -148.945  -104.726   -60.447   -42.772   -37.885   -22.414
   14.985   48.707   33.374   -37.541   -83.024   -87.630   -94.703  -100.222
   -68.508   -40.266   -32.292   -20.032    -6.164    -5.840   -17.732   -31.283
   -32.467   -25.352   -15.565    0.578   24.806   50.947   75.953  102.134
CT1778:050          -146.299   -99.708   -56.486   -39.878   -36.939   -24.888
    2.169   26.052    6.928   -66.994  -107.622   -67.547   28.210   60.686
   54.900   27.219   24.105   37.713   50.698   43.276    4.666   -37.359
   -44.931   -28.257    -4.305   14.930   36.111   60.579   86.466  111.898
CT1778:045          -137.598   -94.139   -58.717   -35.796   -17.321    -3.652
    -1.623    -1.073    -1.885   -11.474   -25.104   16.329  123.454  163.824
  111.549   52.622   50.666   55.841   65.524   57.078   10.821   -35.885
   -41.636   -20.942    7.322   30.045   57.407   83.781  106.560  127.685
CT1778:040          -145.863  -108.542   -74.063   -45.076   -16.705    -1.757
    -7.380   -14.644    -9.800   30.806   41.705   -25.759  -129.983  -145.608
  -110.683   -64.704   -36.450    0.924   18.208   19.134    0.866   -24.049
   -23.424    1.992   26.479   45.270   70.956   95.278  115.894  135.973
CT1778:035          -153.818  -124.909   -93.471   -64.465   -31.245   -15.781
   -17.334   -20.989   -29.277   -39.177   -64.129  -172.899  -398.617  -448.074
  -274.364   -56.633    2.031    8.836   17.418   22.215   18.409   19.102
   20.402   26.870   37.777   52.429   71.501   90.034  113.093  140.082
CT1778:030          -152.975  -125.541   -94.905   -58.273   -16.335    0.895
   -12.769   -26.569   -39.733   -58.534   -86.047  -153.238  -250.484  -260.761
  -180.736   -35.067   17.060   16.004    9.073   13.201   15.179   15.930
   15.950    6.180    -6.394    7.506   41.830   79.762  114.900  148.463
CT1778:025          -139.909  -119.310   -95.454   -61.361   -15.119    4.589
   -11.819   -35.315   -43.170   -34.371   -37.919   -67.441  -101.816  -104.434
   -75.853   -22.089    7.723    1.953   -15.239   -12.440    1.805   14.809
   15.005    -1.757   -17.478    -2.300   39.280   81.642  117.056  152.533
CT1778:020          -136.040  -114.651   -91.757   -59.431   -16.832    5.828
    -7.894   -32.436   -36.306   -24.314   -18.282   -19.429   -23.964   -25.325
   -16.346    -8.113    -1.227    -8.494   -22.680   -22.031    -7.359   11.615
   15.587    4.592    -6.570    7.574   41.522   80.693  116.579  151.317
CT1778:015          -137.064  -116.600   -94.775   -62.587   -16.097    8.244
    -1.635   -24.556   -27.461   -14.481    -0.174    5.591    6.112    3.882
    4.848    -1.026    -4.162    -9.535   -21.229   -23.696   -15.330    -2.848
    2.576    4.409    5.876   22.424   55.157   87.844  119.725  151.793
CT1778:010          -148.777  -129.337  -106.997   -75.411   -32.013    -9.008
   -12.789   -24.436   -20.219    -5.193    4.342   12.394   19.716   20.192
   16.291    6.465    1.982    6.155   15.365   13.965    -0.757   -15.971
   -14.717    -5.428    5.280   25.649   61.028   97.672  129.059  158.665
CT1778:005          -142.118  -119.284   -97.281   -70.848   -39.647   -21.600
   -22.676   -26.259   -18.295    5.287   23.294   25.914   21.799   19.471
   13.488    2.568    -0.803    5.096   12.548    9.729    -7.979   -30.893
   -30.932   -15.114    4.112   28.404   65.577  101.844  133.919  164.562
CT1779:360          -134.905  -107.234   -82.290   -61.426   -42.882   -29.909
   -32.892   -37.249   -29.832   -14.591    -2.896    0.799    -0.325    1.266
    -4.769   -10.091    -9.464    -6.511    -1.551    -4.242   -17.257   -30.243
   -29.702   -13.375    8.605   33.647   72.061  108.374  138.982  167.586
