
filled_synop: 30 data points in equal steps of sine latitude from +14.5/15 to  -14.5/15

CT1693:360          -147.713  -166.133  -178.733  -192.317  -215.153  -187.841
   -73.138   92.692  152.440  131.266   77.119   67.234   70.643   77.941
   71.770   33.751    -5.515    -6.947   11.222    9.250   11.042   23.059
   15.947   -34.136   -65.802   -57.597   -16.674    -4.953   -20.891   -31.430
CT1693:355          -164.561  -168.396  -174.512  -186.427  -194.411  -164.869
   -83.105   17.775   61.989   62.850   41.707   40.875   60.541   85.713
   67.769   16.947   -34.948   -95.495  -202.110  -249.754  -327.824  -464.578
  -462.211  -251.681   -59.877   -28.222   -21.397   -11.523   -15.400   -23.288
CT1693:350          -175.325  -164.106  -153.845  -148.036  -151.326  -131.657
   -84.720   -31.016    2.754    9.559    5.777    9.217   34.005   57.428
   36.765   12.451   -18.070  -141.017  -467.155  -641.407  -613.278  -452.250
  -337.763  -194.708   -44.943   -13.834   -23.299   -21.793   -19.944   -18.172
CT1693:345          -178.219  -164.381  -151.012  -136.594  -122.670  -100.173
   -76.508   -49.966   -16.428   16.908   59.328   69.220   49.939   33.292
    -4.764   -25.504   -15.606  -148.827  -555.157  -752.559  -577.741  -161.860
    0.666   32.671   19.600    4.548   -28.783   -37.869   -29.388   -23.153
CT1693:340          -181.404  -164.853  -149.307  -136.184  -125.171  -102.920
   -75.285   -45.000    -2.977   55.879  123.835  128.345   52.819   -53.518
   -96.372   -91.351  -108.722  -159.359  -333.983  -449.103  -193.649  314.876
  444.541  259.927   67.349   18.990   -21.708   -49.309   -55.423   -50.692
CT1693:335          -196.366  -176.529  -158.083  -145.071  -138.126  -109.043
   -57.867    5.129   60.116  124.028  199.448  209.038  146.647   81.105
   34.174   -47.385  -123.904   -98.052  200.532  432.999  381.243  255.869
  249.610  219.200  121.120   64.687    -8.345   -48.105   -48.518   -55.169
CT1693:330          -180.086  -168.006  -153.171  -140.621  -131.589   -96.981
   -12.954   86.084  149.835  215.478  256.149  250.093  226.544  169.288
  116.154   26.506   -79.326  -104.546   -17.792   38.158   75.074  114.011
  159.912  154.173  131.800   92.744   27.653   -13.574   -30.087   -46.336
CT1693:325          -172.836  -158.326  -142.468  -129.626  -118.972   -67.893
   59.739  206.379  276.736  341.126  413.543  419.239  325.005  239.727
  185.219   71.259  -103.622  -256.580  -518.246  -673.318  -541.781  -352.529
  -197.576   -10.360   85.593   94.847   41.890   10.545   -16.284   -42.967
CT1693:320          -178.524  -158.293  -136.992  -121.694  -114.838   -60.673
   94.253  313.539  390.282  313.496  186.419  141.085  116.750  101.565
  112.554  251.349  311.515   31.051  -527.708  -780.725  -745.074  -463.903
  -229.126   -70.705   69.634  105.792   52.370   25.276    -6.836   -39.352
CT1693:315          -172.047  -155.149  -130.164  -105.224   -85.783   -35.328
   69.477  213.458  312.315  289.457  171.870   49.391    0.322    5.910
   39.964   82.634   17.325  -227.926  -631.860  -771.090  -576.910  -307.251
  -191.362   -27.256   24.480   49.866   66.449   62.318   47.173   22.021
CT1693:310          -118.757  -130.193  -116.995   -82.426   -41.979    7.593
   94.773  235.471  391.754  430.378  331.853  180.216   -11.083  -130.010
  -130.424   -15.502    9.226   -93.728  -213.672  -209.332  -276.955  -308.950
  -417.366  -718.978  -578.239   -90.607  106.632   67.410   29.492   31.957
CT1693:305          -110.306  -118.827  -127.727  -123.675   -90.004    2.519
  130.253  234.585  281.358  226.890  102.491   -53.622   -92.413   -64.392
   -47.848   -62.745   -85.086  -167.703  -282.646  -355.251  -435.162  -705.935
-1023.216  -941.644  -565.829  -113.125  175.102  226.933  141.167   12.930
CT1693:300          -146.250  -129.904  -119.261  -117.803  -101.455   -25.882
  129.454  261.788  280.423  288.074  285.318  229.638   76.078    4.557
   -18.232   -78.455  -151.606  -216.817  -200.744  -224.558  -242.600   -56.438
   24.404   -87.511  -120.746   70.306  217.857  208.604   82.104   -52.152
CT1693:295          -172.224  -137.829  -101.152   -66.030   -39.162   35.151
  268.795  566.008  608.245  364.802   -40.289  -156.292   -77.582   14.981
   -19.084  -134.304  -249.908  -329.266  -381.743  -436.537  -432.434  -277.729
  -175.064   -95.895   20.811   99.488  121.539  107.926    2.510   -82.021
CT1693:290          -166.259  -129.167   -89.150   -45.139    -3.282   72.418
  300.839  586.247  616.120  210.096  -381.058  -491.570  -285.849   -46.455
   -33.055   -66.598  -114.355  -276.747  -638.900  -884.371 -1052.671 -1353.276
-1295.187  -643.494    -2.318  153.653  157.944  147.426   73.949   -30.260
CT1693:285          -153.895  -115.819   -75.487   -26.563   17.888   17.377
   32.309   95.136  108.332   -48.336  -177.640  -129.600   -59.037   34.199
   48.622  140.507  183.327   -53.494  -563.522  -867.384 -1139.283 -1598.072
-1556.241  -792.656   -47.167  119.061  130.716  120.148   60.923   -10.744
CT1693:280          -125.411   -89.660   -60.008   -24.115   31.038   -19.497
  -380.618  -920.773  -997.550  -586.255   -40.820  206.851  472.450  544.937
  507.339  441.483  238.016    -0.599  -321.294  -466.524  -567.007  -557.709
  -449.968  -249.927    1.184   53.368   42.765   38.859    0.760   -30.987
CT1693:275           -95.979   -75.040   -51.704   -18.414   10.404   -88.687
  -540.072 -1085.346 -1082.369  -448.960  432.999  795.471 1276.086 1828.723
 1721.965  776.843   36.313  -111.331  -235.743  -309.431   26.617  681.747
  840.299  510.289  183.377  131.383   67.740   10.185   -25.336   -53.924
CT1693:270           -77.158   -76.185   -62.490   -35.829    -3.281   -70.662
  -343.750  -609.315  -500.336   56.855  700.696  863.833  787.323  709.605
  619.220  386.167  203.385   55.547  -230.553  -255.545  327.238 1259.847
 1469.385 1074.867  629.583  408.641  170.774   19.339   -35.658   -77.985
CT1693:265           -74.313   -45.790   -52.044   -30.682   -10.898   -34.256
  -150.567  -261.819  -109.651  445.788 1024.266  947.547   -78.098 -1166.569
-1235.504  -431.868   51.092    3.223  -290.533  -296.714  248.223 1081.437
 1293.575 1004.916  671.851  463.168  189.843   27.694   -28.600   -85.504
CT1693:260           -62.200   -49.699   -42.773   -32.091   -21.426    -0.767
   -19.481   -67.889   84.066  639.117 1194.502 1073.452   66.593  -910.976
-1071.135  -580.113  -201.730  -168.398  -309.443  -282.949   65.193  592.821
  736.731  560.196  371.146  261.509  124.646   27.326   -32.481   -87.884
CT1693:255           -47.369   -35.633   -21.753   -14.262   -18.022   27.336
  157.484  343.148  531.389  856.824 1231.775 1143.495  502.154  -167.587
  -394.845  -379.171  -297.483  -253.513  -222.674  -140.326   -14.206  124.062
  194.155  163.945  110.973   81.618   90.414   54.644   -11.544   -71.593
CT1693:250           -28.387   -24.021   -19.921   -24.118   -34.213   20.159
  162.677  317.328  488.645  809.175 1104.232 1011.594  512.256    -8.054
  -246.707  -379.726  -439.647  -386.888  -231.281  -119.891   -52.740   -17.170
   30.123   58.861   95.230   83.599   73.742   48.177    -5.559   -60.112
CT1693:245            1.351    -3.600   -17.200   -43.432   -68.892   -13.516
  136.526  307.137  469.839  713.064  941.600  856.556  407.793   -66.054
  -304.189  -472.827  -595.918  -529.884  -260.421  -118.049   -87.232  -105.622
   -59.614    6.574   72.788   82.600   69.085   46.472    0.303   -50.913
CT1693:240           28.847   13.737    -2.238   -36.631   -90.227   -40.533
  121.639  305.183  451.108  656.420  800.448  717.579  381.608   -62.958
  -304.496  -484.316  -627.056  -614.285  -355.227  -187.220  -191.003  -197.846
  -122.597   -29.380   78.982   90.170   64.221   38.977   -14.821   -63.949
CT1693:235           49.740   11.408   -31.793   -94.119  -149.331   -94.200
  106.575  372.774  536.586  717.887  987.176  975.883  626.570  316.723
   76.060  -305.090  -595.305  -718.919  -827.396  -815.105  -620.102  -381.612
  -245.740   -57.279   59.909   62.488   46.306   29.789    -8.158   -53.828
CT1693:230           62.989    6.592   -44.831  -120.368  -207.210  -150.214
   22.228  213.526  312.755  280.756  207.050  173.585  318.564  537.106
  384.580   -56.885  -370.369  -568.992  -912.331  -997.799  -485.828  360.440
  555.770  281.393   21.329    0.249   38.647   26.863   -16.549   -54.472
CT1693:225           47.257    -2.304   -60.189  -145.562  -224.670  -129.737
  187.917  521.242  637.319  365.747   -86.128  -168.828  172.941  357.799
  244.249   80.085  -113.661  -228.478  -311.988  -278.994  125.116  806.162
  914.324  457.665   46.411    -6.509   26.957   22.217    -9.941   -47.069
CT1693:220           23.726   -21.011   -72.012  -150.215  -223.221   -60.030
  548.027 1176.071 1414.416 1293.416  948.878  844.296  872.297  816.618
  653.734  432.828  236.761  178.612  210.070  212.819  358.514  612.760
  619.223  264.633    3.456    -8.187   25.056   22.575   -11.187   -51.778
CT1693:215            0.901   -37.396   -63.045  -106.659  -180.643   -53.329
  598.187 1475.878 1865.763 2148.984 2578.104 2611.680 1847.701 1151.615
  896.027  652.556  463.801  383.183  425.597  392.970  100.844  -523.251
  -610.013  -237.650   22.796   43.097   38.095   26.382   -22.069   -63.086
CT1693:210            7.404   -23.396   -50.224   -83.245  -115.022   -59.871
   14.269   48.210  285.918 1121.203 1993.765 2107.849 1477.693  807.752
  561.817  381.765  197.907   71.190   56.321   12.067  -273.608  -703.611
  -701.307  -309.356   52.318  107.059   80.901   59.387   10.100   -51.386
CT1693:205           12.484   -12.077   -40.082   -69.544   -95.824  -187.966
  -557.476  -921.022  -829.203  -192.983  515.560  695.055  656.450  507.616
  308.864   -37.703  -337.570  -518.878  -637.710  -668.557  -694.474  -655.761
  -516.829  -198.221   84.911  134.350   98.945   65.839    7.399   -55.185
CT1693:200            9.191   -11.272   -41.267   -75.522  -100.256  -198.611
  -659.605 -1204.021 -1232.370  -860.987  -493.926  -343.042   46.757  295.410
  153.774  -322.849  -716.479  -951.814 -1356.861 -1517.806 -1095.910  -368.286
  -122.813   -21.902   86.044  111.615   83.645   59.244    -3.615   -61.853
CT1693:195           -12.815   -24.824   -37.504   -49.955   -64.284  -118.445
  -258.319  -319.666  -326.375  -345.085  -145.425   -36.244   30.325  175.854
   98.112  -262.496  -523.313  -733.234 -1087.025 -1130.874  -690.751   49.956
  264.690  161.077   47.965   35.804   48.358   41.770    -3.007   -60.823
CT1693:190           -34.901   -28.863   -25.238   -36.790   -57.067   -19.112
  109.454  147.537   57.547  -185.268  -580.709  -643.698  -358.992   -83.030
   -31.438   -67.954  -101.055  -121.111  -152.969   -91.598  210.951  687.425
  762.842  382.445   48.630    -0.762   43.341   19.206   -41.364   -93.366
CT1693:185           -56.675   -57.499   -61.509   -75.079   -82.514   35.859
  553.397 1098.905 1040.467  176.386  -784.203  -931.631  -546.747  -187.070
   -62.640   68.943  165.160  266.315  459.471  595.356  718.592  844.460
  805.892  436.944   97.066   17.445   37.866   22.034   -22.960   -74.204
CT1693:180           -64.492   -66.834   -64.111   -66.743   -71.442   58.983
  652.372 1265.994 1224.009  363.026  -556.639  -704.919  -427.014  -120.947
   17.445  185.190  300.112  433.984  637.468  742.417  769.635  765.178
  697.860  409.782  142.353   64.233   64.012   32.293   -16.568   -69.563
CT1693:175           -58.849   -53.722   -44.780   -34.641   -29.803    4.319
  183.430  402.355  381.599   31.031  -309.325  -334.132  -186.363   12.276
  115.080  249.309  363.250  381.184  303.903  289.152  407.472  522.243
  510.166  362.404  215.058  141.878   93.087   33.954   -25.406   -85.657
CT1693:170           -53.387   -52.547   -52.804   -50.683   -48.496  -148.297
  -629.425 -1187.910 -1240.958  -725.228  -201.889   -42.252   94.302  182.694
  193.035  131.108   66.004   55.789   18.746   20.486  125.823  276.686
  317.079  308.978  282.890  217.030  118.928   42.265   -20.270   -81.512
CT1693:165           -56.949   -55.182   -66.230   -74.736   -71.006  -171.389
  -598.548 -1028.120  -992.910  -386.388  337.032  543.797  503.875  363.757
  280.516   92.625   -79.364  -143.288  -166.388  -148.478   -44.007  101.821
  169.883  204.981  215.667  181.416  111.560   53.278   -13.035   -77.980
CT1693:160           -77.278   -71.741   -65.427   -52.017   -54.107  -112.386
  -234.770  -299.768  -201.132  174.452  620.760  777.325  802.393  809.320
  615.386   64.110  -265.329  -347.188  -322.125  -269.860  -167.199   -19.252
   69.691  131.188  170.453  152.541  102.952   52.463    -9.841   -71.992
CT1693:155          -114.134   -95.123   -72.964   -42.138   -13.764    0.091
   33.354   52.110  119.550  287.063  402.805  458.686  470.988  404.595
  213.437  -277.987  -628.615  -686.460  -634.548  -571.750  -383.406  -143.771
   -21.885   49.538  102.262  100.155   71.534   44.532    -4.946   -62.259
CT1693:150          -133.488  -108.111   -75.253   -28.167   21.681   65.503
  137.177  187.680  175.708   56.569   -75.529  -112.733  -163.126  -272.168
  -374.890  -512.058  -638.516  -770.840  -856.878  -799.908  -536.437  -214.459
   -77.379   -14.009   39.264   54.711   55.160   34.250   -17.589   -63.010
CT1693:145          -122.765   -96.827   -70.064   -38.142    -3.698   38.384
  134.881  211.322  151.581  -123.129  -349.372  -433.848  -427.117  -379.743
  -420.016  -467.671  -531.503  -658.302  -765.085  -715.224  -474.900  -211.767
  -107.130   -48.111    5.955   23.005   31.909   25.247   -10.675   -49.164
CT1693:140          -115.805   -87.679   -56.631   -26.092    6.131   53.807
  142.368  195.232  106.416  -176.727  -387.456  -426.629  -324.572  -257.554
  -262.409  -279.736  -304.514  -353.230  -397.262  -366.268  -258.402  -146.410
   -96.749   -60.480   -19.430    1.750   17.947   12.987   -17.741   -51.348
CT1693:135           -97.902   -65.837   -40.393   -12.652   20.901   62.323
  142.860  192.448  119.359   -81.679  -220.918  -249.048  -172.234  -126.087
  -117.185  -124.496  -113.134   -66.384   -18.900    8.019   10.184    -4.421
   -12.549   -32.442   -32.681   -15.564    9.288    2.434   -27.554   -51.887
CT1693:130           -84.994   -49.921   -17.752    8.470   32.543   65.525
  134.027  178.321  117.955   -46.254  -162.274  -209.677  -233.269  -235.567
  -183.663   -93.359   -13.896  111.983  231.684  248.886  155.088   67.375
   22.847   -33.219   -53.901   -25.199   14.383    4.448   -30.763   -64.861
CT1693:125           -84.821   -47.297   -13.819   13.547   41.036   72.946
  119.274  148.508  111.270    6.625   -68.180  -153.680  -277.664  -315.622
  -229.560   -53.142   46.602  197.631  347.658  366.899  254.337  140.863
   72.335   -12.497   -52.098   -24.027   19.212    4.350   -39.429   -73.915
CT1693:120           -86.680   -51.175   -18.441   12.746   45.709   75.833
  105.896  132.443  125.866   90.523   59.115    -2.323  -109.893  -157.353
  -129.235   -38.132   37.508  187.363  358.608  389.148  289.810  178.029
  101.108    2.190   -44.009   -16.352   29.794   19.679   -18.376   -63.576
CT1693:115           -84.335   -51.987   -16.960   21.616   61.277   94.053
  110.005  141.680  208.098  328.108  391.778  389.235  279.280  166.078
   93.995    3.188   -25.088   75.110  209.439  244.170  216.748  163.282
  110.468   17.656   -33.848   -22.803   10.959    0.968   -38.449   -73.483
CT1693:110           -95.651   -60.417   -13.617   35.239   77.991  108.387
  104.240  126.531  241.567  630.493  944.123  966.123  783.432  613.968
  456.152  122.575   -48.861   -27.862   50.107   90.410  161.652  217.706
  180.515   56.064   -21.900   -17.343   15.280    6.473   -32.436   -69.037
CT1693:105          -119.597   -70.149   -18.762   33.910   94.041  155.345
  160.939  177.783  249.516  422.230  601.715  627.057  759.463  875.569
  659.506  173.344   -56.395   -88.182   -77.182   -44.498   73.871  211.582
  201.073   66.592   -20.006   -14.858   31.215   29.254    -4.597   -50.743
CT1693:100          -124.506   -71.312   -20.831   24.916   82.573  188.649
  409.977  580.104  559.805  135.492  -332.843  -351.072   36.914  212.898
  150.909   46.097   -27.846   -64.691  -109.688   -96.830   36.313  178.573
  181.917   81.870   13.149    7.827   35.458   30.469   -10.627   -51.286
CT1693:095          -130.131   -69.708    -2.860   58.855  108.905  263.440
  759.982 1138.623 1188.799  898.798  498.166  402.272  198.414    -7.934
   -50.931   -19.754   -14.558   -14.175    5.725   23.950   98.515  161.428
  154.161   62.206    -9.045    -0.165   48.057   43.511    3.687   -39.498
CT1693:090          -120.353   -65.975    -2.995   74.886  106.627  120.905
  450.950  926.056 1020.998 1017.572 1360.165 1290.899  462.450   16.486
   -31.852   -49.373   -75.714   -30.013  114.554  168.633  141.917  106.476
  100.919   24.365   -32.660   -15.387   33.821   44.487    8.123   -43.250
CT1693:085          -111.677   -61.185   -27.391   57.756  157.622   -32.179
  -935.707 -1878.342 -1951.530 -1156.785  -473.052  -280.664  -132.812   -33.141
   -13.172   -39.283   -67.325  -115.799  -155.040  -159.067  -122.786   -50.851
   -12.204   -19.744   -17.263    8.856   49.171   40.719   -22.205   -71.636
CT1693:080           -88.822   -38.923   17.600  102.067  136.721  -186.489
-1333.968 -2343.192 -2480.920 -2061.017 -1694.556 -1392.577  -563.470   -13.415
   36.722   -59.833  -135.786  -297.300  -588.395  -669.168  -534.836  -317.213
  -221.460   -92.369    3.914   27.077   25.769   18.011   -15.501   -52.702
CT1693:075           -63.655   -38.561   -24.936   21.649   68.944  -100.383
  -599.294  -938.539  -997.821  -886.254  -568.880  -387.457  -155.338   70.006
   77.646   -35.961  -128.993  -314.908  -680.565  -794.667  -630.484  -398.606
  -291.870  -143.780   -24.124    3.640    -1.278    -0.890   -19.417   -40.003
CT1693:070           -43.563   -36.450   -24.841    0.250    8.499   -37.758
  -134.894  -220.809  -175.456   11.095  182.416  234.748  165.077  105.306
   70.555   13.985   -29.924   -97.174  -206.425  -254.691  -282.659  -290.552
  -261.869  -138.523   -38.353    -9.425    1.595    1.485   -17.773   -34.199
CT1693:065           -28.000   -30.461   -33.260   -29.549   -29.133   -29.056
    -5.850   23.768  113.674  364.739  543.528  530.263  279.529   71.543
   11.219   -14.395   -17.057   46.640  195.082  216.596   38.832  -194.625
  -219.352  -112.851   -36.339   -20.060    -6.789    -1.439   -12.083   -23.589
CT1693:060           -23.763   -33.412   -42.775   -61.297   -76.296   -53.657
    6.291   66.012  161.168  451.040  676.581  606.044  197.775   -98.194
  -175.988  -218.294  -234.534   -39.780  351.687  458.787  267.919   -29.492
   -74.255   -50.031   -44.026   -42.938   -25.066   -22.446   -27.516   -30.128
CT1693:055           -19.510   -29.685   -42.931   -65.960   -82.837   -56.108
   20.767   94.999  156.854  251.957  283.326  207.481   -30.465  -220.357
  -273.698  -257.875  -247.288  -155.330   42.406  140.346  201.792  261.742
  246.724   95.884    -4.690   -25.287   -19.508   -20.910   -23.645   -27.582
CT1693:050           -29.916   -29.921   -29.122   -37.077   -48.194   -20.721
   58.956  121.270  120.620   33.231   -47.666  -104.001  -161.808  -206.354
  -240.531  -225.577  -249.877  -368.857  -532.324  -469.476  -103.425  354.435
  429.106  212.059   47.354    -3.840   -22.557   -37.386   -34.405   -28.513
CT1693:045           -40.739   -39.061   -24.259   14.429   53.362   82.294
  106.100  118.126   91.178   -64.465  -198.222  -227.599  -160.834  -118.942
  -140.820  -134.649  -190.222  -545.888 -1300.480 -1394.327  -542.644  462.482
  619.854  302.868   84.418   25.360   -34.305   -57.543   -36.419   -26.567
CT1693:040           10.272    -9.110   -21.350   -36.783   -56.393   -34.644
   40.135   93.842   81.499   -31.855  -123.471  -133.897   -78.076   -47.881
   -55.533   -37.823   -93.076  -429.844 -1042.461 -1091.501  -405.511  425.540
  564.439  312.799  122.390   46.693   -24.556   -53.606   -42.318   -24.539
CT1693:035           75.637   17.802   -40.204   -97.389  -134.327  -122.043
   -43.311   40.843   66.083   53.236   50.271   40.724   13.695    -7.117
    -1.675   40.326   15.823  -128.115  -437.199  -489.333  -154.840  252.151
  307.758  155.201   71.478   47.775    -6.490   -31.256   -33.385   -25.063
CT1693:030          138.655   44.575   -53.826  -199.914  -336.519  -345.232
  -218.699  -118.558   -68.228   33.191  106.914  104.587   53.245   12.927
   13.757   67.763   90.107  156.003  351.070  371.455    -5.240  -369.015
  -364.273  -121.199   60.882   68.131   27.007   16.558    1.375   -12.855
CT1693:025          149.659   41.338   -74.469  -200.720  -289.900  -293.414
  -201.625  -101.920   -61.352   -39.495   -22.082   -12.826    6.542    -7.574
   -86.917  -227.366  -205.953   -34.979  378.581  418.698  -246.737 -1100.532
-1093.618  -423.674    6.243   60.789   49.293   37.003   10.740   -10.659
CT1693:020          105.227   31.672   -35.900  -117.036  -191.075  -193.730
  -130.925   -72.502   -51.186   -59.667   -64.672   -59.350   -22.671   -18.044
  -191.321  -753.978  -995.176  -538.971  199.318  314.110   -90.416  -610.317
  -615.064  -185.167   83.465   88.275   40.317   18.372    0.136   -15.816
CT1693:015           97.657   31.884   -35.391  -110.842  -167.458  -156.360
   -68.898    2.563   16.836   -16.784   -33.413   -23.154   12.282    7.325
   -76.625  -264.821  -239.711   63.715  599.523  730.545  551.225  391.157
  350.931  361.480  342.629  250.349   73.469    -3.922   -14.385   -29.713
CT1693:010           92.362   33.292   -20.116   -88.815  -155.080  -129.853
    1.644   94.517  105.956   51.337   15.957   39.832  115.959  159.745
  212.016  350.662  486.370  643.262  816.370  869.941  858.324  824.959
  801.910  739.831  634.296  424.663   93.754   -33.680   -52.983   -56.884
CT1693:005           83.788   25.668   -35.022  -104.377  -154.029  -123.050
   10.534  104.079  108.258   32.957    -4.924   12.957   89.139  151.698
  245.369  409.009  497.274  523.318  482.830  485.280  560.198  601.563
  591.395  501.547  388.788  253.585   54.928   -20.104   -13.215   -24.068
CT1694:360           68.799   17.016   -31.565   -99.534  -161.632  -141.995
   -49.523   21.388   22.500   -73.107  -135.470  -129.669   -75.775   -39.729
   17.385  110.845  122.128   90.191   -16.005   -69.345   -49.945    -3.845
   31.581   90.558  118.591   76.457    9.571   -24.452   -33.032   -27.187
