
filled_synop: 30 data points in equal steps of sine latitude from +14.5/15 to  -14.5/15

CT1777:360          -126.943   -98.977   -68.796   -44.527   -40.960   -46.087
   -48.528   -58.339   -65.968   -58.604   -35.969   -17.020    -4.331    8.660
   16.334   21.984   29.254   26.863    6.960   -19.799   -32.411   -36.426
   -36.131   -34.993   -37.499   -30.599    6.538   61.807  115.813  169.442
CT1777:355          -112.775   -86.164   -62.965   -46.855   -42.824   -44.178
   -39.495   -28.701   -17.898   -15.764   -21.618   -20.919   -14.473    -4.303
    3.838   13.211   28.366   30.671   14.959    -8.743   -19.906   -23.140
   -25.763   -28.673   -40.861   -47.007   -10.887   53.390  117.746  179.179
CT1777:350          -109.570   -92.055   -74.390   -57.810   -41.463   -22.657
   -13.519   -13.919   -16.279   -13.800   -11.423    -7.494    -7.110   -15.028
   -16.650    -8.680   10.064   16.571    9.909    -2.148   -10.577   -18.149
   -26.162   -26.695   -29.674   -26.794   14.062   78.046  129.318  174.202
CT1777:345          -111.306   -95.251   -78.540   -61.422   -40.865   -16.530
    -5.621   -11.768   -18.691   -15.849    -8.245    -2.499    -4.039   -14.378
   -17.936   -14.542    -4.645    -0.488    -1.563    -3.118    -7.547   -16.716
   -26.889   -26.053   -21.436   -10.983   22.473   71.081  118.062  162.882
CT1777:340          -124.516  -107.134   -87.511   -66.919   -41.249   -10.195
    2.709    -7.652   -21.376   -17.939    -1.840   10.137    9.272    -1.011
    -5.809    -5.382    -2.427    -2.012    -2.778    -0.880    -3.045   -10.774
   -19.069   -16.420    -7.906    4.045   32.146   70.561  109.101  150.909
CT1777:335          -124.621  -108.887   -91.181   -69.648   -42.617   -15.762
    -2.909    -6.048   -10.446    -5.486    7.617   16.471   18.683   17.182
   16.873   17.641   19.107   16.356    1.646   -18.477   -22.990   -15.469
    -7.860    -1.784    6.577   16.150   39.467   72.527  105.643  143.416
CT1777:330          -119.172  -105.628   -91.118   -73.944   -49.628   -22.029
    -5.575    0.942    6.405    9.378    7.354    7.276   13.145   24.450
   29.097   28.714   24.105   18.866    4.171   -15.786   -19.925    -6.798
    9.578   14.980   10.088    5.726   28.741   71.152  112.568  154.322
CT1777:325          -116.878  -107.530  -100.448   -87.346   -62.985   -37.341
   -20.079    -3.822    8.453   10.500    0.814    -2.768    4.839   21.040
   28.342   28.410   24.863   21.522   13.903    5.508    3.109    9.451
   17.202   18.798    8.945    2.845   32.921   85.890  134.594  185.148
CT1777:320          -117.720  -105.920   -96.913   -82.670   -59.718   -38.146
   -21.522    -2.308   13.461   14.599    0.999    -4.878    -0.244    9.506
   13.773   16.645   16.808   16.991   20.066   19.561   17.210   11.697
    6.087    4.473    -2.306    -3.371   26.350   81.067  138.478  192.710
CT1777:315          -125.065  -111.944   -97.392   -79.522   -57.937   -35.841
   -19.725    -6.044    5.488    8.165    3.227    0.802    1.497    3.974
    5.169    6.857   15.199   21.753   24.659   32.487   30.607    9.930
   -11.609   -16.659   -18.877   -14.377   25.529   94.013  150.967  203.743
CT1777:310          -131.202  -115.585  -101.324   -83.420   -60.121   -39.572
   -24.386   -10.407    -0.003    3.157    1.714    2.843    -1.442    -4.749
    -6.064   -15.270   -32.617   -28.378   10.951   48.373   49.114   16.069
   -18.240   -24.849   -25.366   -18.344   16.550   77.400  144.526  210.022
CT1777:305          -136.379  -119.580  -108.166   -92.249   -64.211   -36.025
   -20.897    -6.745    6.150    5.673   -11.601   -20.453   -13.708    -7.447
    -8.460   -17.000   -24.893   -18.750   13.393   49.364   51.628   28.748
    8.196    0.779   -18.855   -24.196   17.407   92.383  160.884  227.296
CT1777:300          -175.420  -138.661   -94.713   -61.580   -42.692   -26.341
   -15.148   -10.669    -4.229    1.596   12.934   20.649   11.911    -2.852
    -7.515    -8.815    -9.452    -5.779    7.709   22.971   24.513   14.111
    2.024    2.847    2.485    6.123   37.893   88.977  141.335  194.080
CT1777:295          -203.683  -157.479   -96.753   -54.991   -40.657   -28.130
   -19.463   -27.172   -29.206   -20.814    -2.730    4.891    6.343    7.801
    8.072    1.334    -9.189   -10.751    -9.114   -12.922   -13.399    -6.892
    0.526    8.382   23.227   40.810   72.742  116.790  153.082  183.999
CT1777:290          -171.025  -132.552   -95.855   -68.000   -50.808   -36.056
   -28.218   -34.742   -35.819   -27.737   -14.131    -9.190    -3.158    0.948
    1.521    7.636   16.143   13.115    -5.805   -22.874   -28.690   -36.858
   -42.053   -26.484   10.940   44.484   79.196  119.928  155.388  186.642
CT1777:285          -147.523  -118.395   -90.112   -67.956   -54.944   -41.206
   -29.281   -17.688    -4.882    -2.819    0.966    6.398    0.632    -6.176
    -7.209    -1.086    7.075    3.690   -10.726   -26.724   -36.351   -54.682
   -65.699   -50.186    -7.792   32.253   69.318  110.263  147.905  186.974
CT1777:280          -139.325  -116.105   -90.880   -68.474   -53.281   -38.575
   -25.945   -16.903   -10.920    -9.211    -8.474    -8.951   -12.905   -17.922
   -21.299   -22.292   -20.694   -24.348   -30.510   -37.479   -43.616   -59.380
   -70.914   -58.173   -28.808    1.699   40.841   91.487  143.024  193.207
CT1777:275          -140.120  -116.155   -92.849   -70.579   -46.277   -21.712
    -4.017   12.620   23.066   19.681    2.174    -8.338   -11.419   -16.617
   -24.810   -35.473   -45.849   -53.222   -54.133   -48.105   -47.764   -51.030
   -50.115   -37.663   -22.022    -1.635   38.862   93.146  144.688  196.763
CT1777:270          -150.999  -127.300  -103.291   -77.139   -45.266   -15.432
   10.794   45.864   67.510   60.907   34.015   23.148   15.703   12.342
    4.260   -23.759   -58.249   -71.139   -74.662   -76.724   -72.115   -47.737
   -25.440   -11.370    -4.451    8.684   44.547   95.132  145.916  195.403
CT1777:265          -160.367  -141.681  -119.718   -94.940   -61.982   -27.915
    -0.364   38.580   63.003   57.104   27.116   14.873   18.211   27.050
   22.252    1.293   -23.526   -37.084   -59.008   -78.253   -74.337   -41.857
   -13.859    0.322    8.861   23.657   59.229  106.790  149.330  190.009
CT1777:260          -136.814  -124.113  -110.443   -88.507   -57.230   -26.892
    -2.463   24.016   38.594   37.984   21.593   13.631   19.870   30.153
   29.596   30.688   33.175   23.292    -7.259   -31.241   -39.299   -50.133
   -54.811   -39.662    -4.970   27.088   63.931  109.500  152.815  193.756
CT1777:255          -121.040  -108.604  -100.915   -83.059   -48.939   -16.976
    1.893   18.713   30.656   28.632   23.427   23.562   21.547   21.671
   21.214   20.833   16.584   15.353   22.862   24.409   11.986   -28.796
   -57.006   -49.709   -21.119    7.360   50.416  110.891  160.772  204.384
CT1777:250          -132.220  -120.611  -106.121   -83.222   -42.995    -6.336
    6.661    -1.881    -5.339    -3.171    -4.590    -6.981    -2.776    2.329
    3.035    -0.452    -3.765    2.928   35.991   60.821   52.898   19.093
    -6.163   -13.699   -25.524   -23.031   16.821   80.341  140.042  193.474
CT1777:245          -136.931  -121.400  -102.075   -77.933   -41.274    -8.404
    3.325    1.331    1.915    -2.800   -10.319   -12.317   -14.668   -16.586
   -16.848   -18.557   -20.679   -10.984   24.930   53.023   53.260   34.903
   15.109    4.333   -21.072   -30.537    2.055   57.490  115.003  176.102
CT1777:240          -131.683  -106.892   -80.949   -56.625   -34.030   -15.359
    -5.623    -1.048    1.546    -3.152   -15.461   -20.158   -16.739   -10.550
    -9.318   -16.244   -21.065   -14.263    7.242   26.723   28.933   20.888
   12.779    7.327    -9.875   -13.664   16.129   65.143  116.278  172.400
CT1777:235          -129.710   -98.816   -70.560   -49.810   -36.522   -25.042
   -18.587   -15.943   -13.872   -13.865   -14.115   -13.914   -14.069   -13.128
   -10.898    -8.145    -6.075    -4.100    -6.239    -7.338    -6.783    -7.361
    -7.334    -4.816    -4.503    0.744   34.494   86.096  132.440  180.072
CT1777:230          -139.989  -105.521   -66.271   -39.180   -33.890   -30.782
   -28.258   -32.717   -33.943   -31.503   -24.439   -21.547   -25.455   -29.649
   -25.578    -9.268   12.835   14.174    -9.983   -29.244   -27.988   -15.446
    -4.401    -0.433    1.744   12.123   43.772   90.811  140.825  193.401
CT1777:225          -146.161  -109.370   -73.339   -48.733   -38.936   -31.289
   -33.132   -47.575   -51.254   -48.177   -34.084   -26.067   -34.230   -47.028
   -43.681   -20.686    1.782    3.319   -13.978   -28.287   -23.378    -1.262
   16.188   18.755    4.827    2.362   40.648  101.825  153.791  204.812
CT1777:220          -157.761  -120.775   -81.319   -53.730   -38.372   -26.596
   -28.532   -53.084   -64.330   -56.606   -44.256   -39.799   -30.397   -20.717
   -15.665    -8.476    -1.462    -1.410    -9.162   -13.211    -5.553   16.896
   32.091   35.575   19.642   15.339   47.604  101.361  152.186  200.952
CT1777:215          -170.375  -131.163   -87.271   -55.539   -34.270   -15.352
   -10.270   -20.425   -22.558   -17.978   -12.306    -6.940    2.306   18.111
   21.126    8.570    0.089    -2.066    -2.471    1.677   10.080   34.330
   53.150   56.457   40.081   38.488   69.830  118.700  161.953  207.198
CT1777:210          -151.793  -115.264   -81.149   -54.278   -33.265   -15.554
    -3.955    6.573   13.722   17.326   21.039   25.390   23.789   16.583
   16.769   18.752   14.757    7.816    -7.852   -17.718    -7.455   22.564
   41.078   45.932   34.264   31.467   63.700  114.981  164.473  213.710
CT1777:205          -147.029  -114.932   -82.069   -54.342   -29.032    -5.072
    7.471   11.880   15.378   19.467   18.461   21.466   37.115   57.986
   60.921   39.996   18.593   10.938    -0.562    -9.310    -4.196   19.731
   37.207   39.282   25.064   26.112   64.483  123.253  174.886  226.106
CT1777:200          -141.333  -115.671   -87.121   -59.335   -26.974    2.462
   11.359    2.163    -1.673    3.602   10.748   17.103   32.343   47.639
   53.749   57.100   59.657   52.328   25.960    4.171    1.530   15.513
   25.629   23.789    6.609    7.230   47.808  114.411  178.746  240.023
CT1777:195          -141.216  -117.658   -91.952   -63.908   -26.920    4.327
   10.458   -11.569   -20.810    -9.328   19.843   32.401   31.398   22.757
   29.755   61.226   92.583   92.758   65.384   41.847   32.555   22.192
   12.482   10.296    3.933    9.969   63.878  145.610  208.082  261.732
CT1777:190          -140.500  -118.821   -95.562   -66.616   -23.817   13.191
   17.668    -8.669   -20.320   -11.301   12.690   18.133    5.352   -14.861
    -5.294   37.114   79.842   93.415   88.157   78.024   62.015   26.404
    1.114    -0.950    5.361   19.587   63.513  128.009  187.367  243.945
CT1777:185          -138.096  -124.524  -110.347   -83.316   -32.033   12.623
   26.965   25.379   24.199    8.996   -15.939   -26.448   -40.340   -52.109
   -35.951   12.758   62.198   81.769   93.211   93.213   75.486   32.914
    1.847    -3.098    1.102   13.530   53.330  107.657  160.722  219.708
CT1777:180          -138.367  -122.498  -110.795   -86.679   -41.342    -4.449
   15.647   37.427   40.248    5.127   -54.899   -73.038   -77.441   -68.036
   -45.363   10.528   79.809   91.504   85.517   82.923   65.588   28.551
    0.693    -7.799   -16.086    -9.740   28.242   86.958  147.425  208.136
CT1777:175          -148.190  -130.076  -110.056   -85.123   -48.902   -14.418
    4.883   23.432   26.902    -9.662   -68.258   -72.566   -49.910   -36.194
   -13.375   31.236   61.209   56.283   43.608   32.101   20.150    9.461
    -1.303    -4.461   -13.652    -9.951   31.913   93.211  148.365  205.823
CT1777:170          -157.488  -133.048  -104.785   -78.382   -51.324   -26.608
   -18.254   -17.529   -19.478   -35.945   -59.207   -39.911   70.384  123.537
  153.332  158.699   58.597   47.703   34.896    1.743   -12.095    -3.949
    2.302    2.279    -9.826    -3.908   34.431   92.178  150.752  208.268
CT1777:165          -158.652  -127.258   -96.422   -71.294   -55.831   -41.150
   -33.545   -30.589   -33.563   -50.778   -82.278   -72.250  157.432  576.918
  590.278  347.293  323.733  255.336   43.845   -59.547   -65.049   -34.910
   -20.191   -11.163    -9.697    2.591   46.618  109.260  162.017  213.394
CT1777:160          -161.643  -119.712   -82.298   -54.090   -29.088    -7.750
    -3.161    -7.582   -13.400   -37.781   -66.704   -95.562  -321.041  -707.079
  -657.085  -238.737   -74.254   -51.244   -67.584   -97.200   -92.451   -45.348
   -15.066    -5.522    -7.850    2.461   44.066  103.542  159.878  213.193
CT1777:155          -179.482  -133.519   -83.314   -44.141   -10.450   14.419
   19.665   14.139    8.200    -7.376   -23.116   -61.582  -223.559  -321.812
  -322.904  -230.784  -105.202   -89.258  -101.063  -100.864   -91.542   -50.633
   -20.757   -10.436   -13.235    -0.612   44.765  107.137  161.313  214.706
CT1777:150          -177.292  -128.348   -76.377   -36.822    -5.007   18.095
   18.692    -1.526    -5.210   13.969   38.388   34.798   52.546  108.606
   96.971   30.544   18.141    3.517   -50.674   -79.795   -76.039   -46.229
   -26.490   -22.906   -36.388   -26.811   20.922   90.677  153.942  212.530
CT1777:145          -162.258  -116.810   -75.295   -46.308   -28.917   -15.297
   -14.090   -34.472   -31.262   13.512   78.719  105.363  148.902  168.683
  165.080  137.145   86.967   59.215    -1.607   -47.099   -52.097   -40.234
   -33.511   -29.030   -35.374   -27.626   16.755   80.042  140.808  203.194
CT1777:140          -161.182  -128.024   -95.199   -66.853   -37.972   -13.052
   -17.152   -50.080   -53.159    -0.729   88.735  110.588   91.724   55.398
   46.164   57.776   56.747   43.343    6.231   -22.490   -27.220   -22.331
   -20.024   -18.855   -27.308   -18.675   23.204   82.158  136.038  191.963
CT1777:135          -161.518  -121.891   -86.097   -55.652   -26.348    -4.542
    -3.360   -19.875   -18.871    6.529   50.444   50.651   -16.713   -96.438
  -104.136   -59.748   -14.712    -0.921    6.139    7.633    2.011    -7.930
   -14.268   -12.833   -15.995    -7.461   30.057   81.503  129.353  175.956
CT1777:130          -175.866  -123.095   -69.226   -34.348   -15.630    -0.914
    4.646    3.451    5.807    0.591    -8.177   -26.684  -107.560  -196.449
  -197.805  -117.066   -37.229   -14.626    0.986   10.683    6.580   -11.313
   -20.773   -15.421    -9.385    3.551   37.957   80.593  116.906  154.057
CT1777:125          -182.046  -132.684   -76.616   -38.377   -27.701   -20.407
   -15.020   -11.228   -13.048   -28.236   -50.891   -70.219  -121.128  -168.014
  -158.944   -84.199   -18.572    -2.034    -3.904    -6.748   -11.827   -23.649
   -28.175   -15.871    9.218   29.617   52.756   78.672  106.930  137.328
CT1777:120          -177.020  -120.637   -71.631   -42.646   -34.285   -28.748
   -34.373   -50.091   -54.505   -61.479   -66.504   -66.994   -70.612   -66.361
   -56.444   -20.796   11.041   12.602    -7.107   -20.171   -24.780   -30.132
   -28.956   -13.743   11.078   33.641   60.792   89.074  113.359  136.737
CT1777:115          -204.496  -147.731   -83.994   -48.889   -37.345   -31.091
   -47.381   -85.137   -91.271   -70.262   -37.548   -22.150    -8.777    2.350
    6.439   15.666   19.613   10.521   -12.462   -25.573   -32.786   -37.263
   -32.308   -16.594   10.450   35.755   61.825   89.750  117.369  143.837
CT1777:110          -211.471  -152.235   -86.488   -49.499   -30.493   -17.519
   -33.720   -85.064   -87.613   -42.289   21.542   47.231   61.337   71.998
   62.617   32.773   12.257    -6.552   -34.399   -53.195   -54.612   -52.824
   -48.045   -28.632    2.354   28.909   57.673   89.110  119.805  150.835
CT1777:105          -186.373  -111.939   -52.299   -21.303   -14.325    -9.202
   -21.663   -60.040   -52.137   12.470   97.092  128.747  131.128  117.901
   98.506   41.407    -9.921   -26.406   -22.535   -24.194   -34.544   -41.050
   -36.166   -20.352    5.164   31.815   60.712   91.741  122.558  152.708
CT1777:100          -195.613  -126.381   -58.044   -23.694   -26.724   -28.738
   -26.538   -28.705    -2.935   76.043  174.088  213.123  224.212  226.029
  192.877  102.588   36.056    8.093    -8.369   -23.693   -28.947   -31.479
   -29.606   -11.457   16.327   40.392   67.292   96.195  121.888  144.599
CT1777:095          -193.423  -139.026   -79.133   -48.788   -53.362   -49.124
   -29.785    -7.348   34.550  125.917  231.260  270.006  266.526  242.607
  211.303  156.572  110.519   75.258   33.663    4.124    -8.433   -18.305
   -20.364    -1.793   31.842   56.028   76.857   96.130  113.509  130.560
CT1777:090          -177.606  -123.808   -76.822   -54.386   -65.354   -63.262
   -34.451    8.476   56.550  148.401  262.828  291.771  233.910  147.005
  115.972  115.959  103.390   84.767   53.521   25.271   10.504    -5.759
   -10.758    2.154   29.820   53.018   67.996   78.680   95.394  117.021
CT1777:085          -184.707  -136.705   -81.023   -49.884   -52.259   -47.428
   -19.658   18.691   58.270  137.628  247.052  252.105  136.840    1.802
   -29.485   14.630   55.788   59.261   43.318   28.971   15.091    -9.690
   -18.892    -4.007   27.950   49.581   63.921   75.755   93.676  116.276
CT1777:080          -176.027  -130.815   -81.371   -51.666   -48.398   -38.042
    -9.095   35.509   73.493  115.523  175.194  160.983   24.389  -118.860
  -138.508   -69.330    -2.846   16.047   16.056   15.556   12.991    0.904
    -5.121    4.156   23.510   42.599   65.223   89.141  108.512  125.936
CT1777:075          -164.236  -127.172   -90.197   -61.078   -40.440   -17.308
    9.031   45.305   63.336   41.888    0.456   -35.833  -115.250  -196.357
  -200.633  -114.396   -31.917    -3.781   12.649   24.791   25.408   14.551
    9.247   17.778   33.706   48.017   70.960   97.109  117.435  134.017
CT1777:070          -159.936  -124.652   -89.086   -56.732   -28.906    -1.247
   29.455   67.801   75.443   23.972   -61.049  -108.166  -161.345  -201.293
  -193.864  -117.420   -44.359   -13.297   12.608   31.428   34.458   26.136
   24.730   30.570   36.368   48.262   71.315   96.382  116.921  135.852
CT1777:065          -155.532  -122.511   -89.885   -55.871   -19.642   12.667
   46.139   96.213  104.793   50.424   -32.029   -69.444   -78.350   -99.431
   -91.639   -51.346   -30.292   -12.888    9.112   24.858   27.266   17.187
   14.412   23.060   35.756   49.981   70.287   89.287  109.639  133.298
CT1777:060          -156.963  -125.538   -95.094   -54.760    -4.301   32.441
   61.503   96.708   96.814   52.226    -7.177   -26.447   15.487   65.370
   58.011    -7.607   -34.160   -25.983    -9.691    5.153    4.292    -7.386
    -9.387    5.856   31.141   50.237   70.166   90.207  113.506  139.362
CT1777:055          -171.678  -144.495  -113.412   -73.376    -5.233   45.306
   54.044   50.228   36.178   -22.339   -75.599  -101.500  -104.455   -57.362
   -65.250   -94.184   -91.724   -63.931   -25.100   -10.684   -13.896   -28.826
   -33.001   -20.841    1.398   25.203   59.917   97.103  128.478  159.099
CT1777:050          -172.303  -143.283  -111.418   -67.246    -7.295   29.970
   14.052   -31.646   -56.397  -110.921  -161.147  -189.508  -288.019  -380.010
  -322.219  -124.754   -26.619   -14.044    4.038   13.607    -7.605   -47.538
   -58.158   -48.262   -22.233    7.552   46.409   91.266  136.641  178.988
CT1777:045          -173.135  -142.030  -111.129   -78.603   -40.306   -13.972
   -14.309   -27.954   -30.112   -61.106  -123.114  -116.773   -63.808   -99.203
   -63.197    0.054   12.943   20.424   23.582   16.172   -12.004   -73.575
   -94.550   -76.184   -33.165    1.301   46.592  100.005  145.801  188.124
CT1777:040          -183.004  -150.686  -115.358   -78.639   -34.170    -5.733
    -5.882   -19.456    -5.778  107.879  246.303  271.183  396.516  597.098
  467.289  146.045   48.418   57.404   65.005   57.960   16.728   -59.776
   -88.119   -72.790   -31.626    4.651   48.088   96.602  142.019  185.102
CT1777:035          -190.772  -155.231  -115.577   -73.563   -15.722   19.506
    1.830   -45.549   -36.832  102.033  251.608  220.326   -88.298  -394.120
  -311.857   -62.797   32.381   60.325   80.706   81.680   44.731   -21.393
   -50.140   -39.488   -12.295   12.387   50.469   93.157  134.260  177.278
CT1777:030          -188.633  -144.447   -99.483   -53.609    5.976   38.991
   12.502   -48.903   -68.826   -79.845  -120.345  -197.400  -474.984  -703.584
  -619.618  -219.929   21.167   58.419   44.038   36.162   21.285    -5.775
   -19.664   -14.964    -3.758   13.937   49.582   91.398  131.672  172.807
CT1777:025          -189.294  -139.824   -90.835   -49.240    -4.526   19.213
    0.884   -48.285   -74.652  -114.777  -153.169  -209.261  -314.621  -334.864
  -301.447  -134.112   13.143   47.696   22.892   12.538    4.121    -7.283
   -14.812   -15.226   -15.652    -2.685   41.671   94.816  135.873  172.046
CT1777:020          -196.436  -144.659   -84.465   -42.543   -10.704    9.229
   -10.252   -50.724   -64.735   -53.402   -27.499   -36.941   -65.542   -80.748
   -65.755   -27.372    9.019   28.581   22.229   19.485   11.905    -5.382
   -15.038   -18.276   -26.389   -17.056   26.244   84.877  129.499  168.078
CT1777:015          -185.871  -133.834   -78.005   -41.222   -12.084    4.493
   -14.804   -59.866   -70.368   -32.771   17.660   25.481   19.936    3.330
    3.655    -1.077    -4.944    4.761   17.794   23.627   17.300    3.761
    -4.016    -9.475   -21.940   -15.300   16.793   60.326  107.458  157.300
CT1777:010          -169.861  -120.872   -74.493   -42.991   -20.101    -7.057
   -21.257   -61.181   -66.396   -24.507   23.234   35.616   27.550   13.395
    9.751    -0.384    -9.118    -6.402    0.334    1.018    -4.308   -15.733
   -20.824   -17.412   -17.317    -5.810   27.866   67.641  104.703  145.387
CT1777:005          -170.807  -124.812   -75.725   -38.857   -10.498    4.422
    -8.030   -41.059   -43.927   -17.725   14.772   24.849   14.654    6.573
    4.784    9.482   13.417    8.975    2.342    -3.874   -14.844   -32.422
   -37.390   -21.452    8.333   29.120   53.240   78.384  103.308  130.802
CT1778:360          -161.832  -113.949   -72.659   -44.678   -25.048   -14.396
   -20.748   -37.296   -36.689   -19.400    0.168   12.387   12.961    -1.452
    5.300    8.712    4.546    2.213    4.731    -0.484   -18.184   -49.347
   -58.586   -41.919    -8.636   17.627   43.113   66.447   92.103  120.933
