
filled_synop: 30 data points in equal steps of sine latitude from +14.5/15 to  -14.5/15

CT1646:360          150.607   93.804   35.947   22.309   29.064   24.283
   11.247    -0.111    0.445    9.307   15.370   23.891   37.374   38.378
   28.168   15.121    2.400   -18.498   -36.325   -43.702   -40.450   -32.356
   -29.320   -16.073    -7.603   -22.556   -59.521   -90.668  -112.415  -130.369
CT1646:355          132.070   71.965   26.072   14.542   21.520   19.943
    4.166   -13.732   -15.230    -7.041    1.464   19.603   41.729   48.324
   44.442   31.515   17.749    -3.665   -25.640   -33.407   -32.305   -30.722
   -29.148   -24.511   -24.287   -34.713   -56.428   -80.202  -100.404  -117.512
CT1646:350          144.767   83.968   27.112    9.477   25.768   29.534
   19.983    6.004    1.865    6.766   17.651   36.935   69.707   83.406
   71.207   53.275   37.686   18.841    2.827    -9.154   -16.475   -21.154
   -23.801   -23.614   -23.519   -31.973   -50.849   -69.886   -87.143  -104.197
CT1646:345          142.044   83.669   25.639    6.880   25.681   37.409
   31.087   17.962   14.612   17.710   25.200   44.301   70.178   78.703
   68.294   47.452   36.111   29.087   16.655    3.256    -7.279   -16.500
   -22.755   -23.371   -24.226   -30.262   -41.028   -51.289   -59.616   -66.957
CT1646:340          138.104   81.422   25.982    4.024   14.554   19.694
   19.318   20.269   24.149   29.399   36.025   51.263   83.831  101.776
   91.969   62.463   42.685   29.366   15.082    -0.184   -12.181   -20.206
   -26.287   -29.459   -33.613   -37.358   -39.723   -42.303   -46.251   -51.004
CT1646:335          139.678   85.733   29.073    2.626    4.228    3.242
    3.424   11.502   25.949   39.010   41.580   40.111   52.323   69.555
   81.239   76.757   59.681   37.576   19.701    4.377   -12.560   -25.714
   -31.233   -31.947   -32.028   -33.379   -37.314   -41.310   -43.549   -46.044
CT1646:330          125.754   66.612   17.285    -2.692    -0.925    -5.088
   -22.356   -31.587   -14.947   13.707   23.665   11.288    -0.756    9.693
   40.454   69.444   67.472   44.459   21.663    3.393   -19.595   -38.979
   -44.559   -38.952   -32.871   -31.054   -31.821   -34.415   -38.233   -43.404
CT1646:325          130.524   74.348   16.854    -6.558    -2.146    -4.281
   -10.897   -10.446    -2.666   15.355   21.658    -7.949   -56.158   -58.679
    -8.390   47.004   55.231   38.852   19.343    0.854   -21.832   -38.966
   -44.584   -37.851   -31.205   -29.609   -28.722   -30.915   -36.966   -44.783
CT1646:320          119.943   72.745   24.821    7.944    7.838    6.481
    6.056    9.153   20.412   45.455   51.639   19.826   -24.478   -29.302
    1.833   39.311   46.785   33.071   14.111    -1.742   -19.966   -35.029
   -41.264   -37.642   -33.535   -33.539   -36.168   -40.164   -46.028   -54.233
CT1646:315           83.355   46.941   20.982   16.113   26.625   29.479
   28.321   30.309   44.084   70.978   78.638   52.573   12.456    6.525
   32.242   63.011   64.908   40.076   12.313    -3.645   -16.674   -27.442
   -34.813   -33.676   -31.125   -35.578   -46.065   -56.547   -64.491   -71.744
CT1646:310          111.039   63.582   20.437   17.800   32.871   41.741
   58.284   69.977   71.616   62.530   54.086   49.078   42.149   38.947
   45.378   57.104   58.380   53.577   45.800   30.842    -5.144   -35.481
   -40.883   -22.716   -10.575   -18.596   -36.554   -54.610   -69.369   -82.345
CT1646:305          120.621   71.467   25.433   23.623   41.002   46.258
   66.396   86.288   81.443   56.920   46.020   48.409   50.144   46.914
   39.500   29.833   31.225   48.489   59.508   47.643   16.391    -5.311
   -15.156   -17.243   -20.111   -29.314   -46.173   -62.550   -74.947   -85.656
CT1646:300          111.085   75.262   51.572   48.461   56.341   56.935
   42.087   28.126   35.586   62.363   71.797   61.159   45.786   37.543
   27.232   19.460   18.975   24.847   28.874   28.372   25.378   17.622
    6.208    -7.428   -19.742   -32.125   -47.476   -62.439   -74.762   -85.213
CT1646:295          133.652   91.503   52.522   47.303   54.704   52.853
   37.020   23.805   27.142   48.303   55.658   47.008   34.092   24.705
    6.554   -14.685   -12.425   11.407   29.281   31.300   28.984   23.034
   10.912    -9.621   -28.490   -39.905   -48.929   -57.566   -65.785   -74.200
CT1646:290          143.583   94.227   40.543   35.799   55.952   59.588
   50.202   40.526   38.621   32.005   21.360   23.850   27.839   21.681
    3.849    -3.606    -0.144   13.257   38.061   37.265   26.351   20.346
    7.149    -8.486   -22.464   -31.950   -36.170   -42.196   -50.878   -60.659
CT1646:285          114.271   69.598   37.692   31.829   37.123   42.541
   71.258   96.168   86.925   58.654   44.857   25.976   10.163    5.649
    -8.162   -18.875    -7.252   12.722   34.478   33.250   21.049   11.676
    -5.999   -17.597   -27.608   -34.904   -37.063   -40.642   -48.928   -61.354
CT1646:280          115.897   74.739   39.891   31.283   39.027   48.679
   76.971   98.080   89.108   48.170   20.826    6.806   -14.129   -14.061
    4.162   21.290   54.160  103.202  123.135  112.948   62.703    2.154
   -30.831   -32.089   -32.144   -38.032   -38.340   -42.857   -54.112   -69.622
CT1646:275          122.855   86.849   52.724   40.077   37.772   40.045
   58.943   76.974   74.585   55.790   38.928   21.867    -1.573    7.560
   68.465  150.907  223.768  383.275  508.386  465.315  241.265   31.213
   -35.557   -33.643   -31.355   -40.961   -48.021   -56.200   -66.040   -77.009
CT1646:270          136.922   96.947   55.256   34.374   19.519   16.607
   35.372   55.773   61.554   67.365   64.728   39.203    -9.622    -6.402
   78.675  186.844  276.810  544.986  788.426  725.638  351.556   41.647
   -28.091   -22.934   -21.516   -33.378   -43.576   -53.713   -65.348   -78.220
CT1646:265          140.390   89.361   46.021   21.361    2.974    -1.937
   12.289   27.283   33.355   50.091   54.767   32.682    -0.036    -2.843
   24.679   56.995   95.272  200.785  267.785  256.459  148.615   37.934
    -2.232   -16.164   -27.312   -37.814   -48.582   -58.656   -67.080   -76.010
CT1646:260          118.114   72.157   33.386   12.468    0.399    -3.406
    6.722   16.682   15.856   10.745    4.624    1.426    -0.019   -10.887
   -36.834   -62.902  -108.033  -293.689  -461.279  -411.793  -186.738   -24.220
    2.306    -4.381   -10.086   -20.693   -41.309   -61.691   -79.230   -94.894
CT1646:255          123.502   77.697   31.372   11.634    6.728    8.594
   28.589   45.501   37.036    9.980    -9.714   -20.730   -22.609   -40.235
   -83.613  -135.064  -215.576  -497.767  -757.344  -717.770  -378.563   -82.588
   -10.898    -1.555    4.466    -4.790   -36.271   -65.507   -91.018  -117.125
CT1646:250          110.546   61.759   25.355   10.219    3.733   10.082
   55.361   91.257   74.345   17.610   -13.615   -36.040   -48.367   -69.155
   -97.807  -133.500  -215.287  -432.767  -561.706  -541.920  -326.208  -106.074
   -32.152   -10.508    2.783    -4.541   -35.312   -68.200   -96.957  -125.544
CT1646:245          107.130   64.648   29.244   21.630   30.179   40.567
   71.637   99.012   78.395    7.847   -32.096   -45.751   -44.681   -56.290
   -59.703   -61.635   -98.050  -161.246  -197.823  -195.378  -139.247   -74.803
   -38.579   -25.055   -16.140   -27.107   -58.415   -84.253  -103.864  -122.496
CT1646:240          115.991   74.022   29.850   21.304   34.170   45.483
   69.744   86.929   88.255   66.416   31.716   24.189    5.214    -9.253
    -9.243   -11.400   -20.044   -22.829   -34.987   -39.310   -46.984   -53.098
   -47.365   -42.195   -39.625   -49.046   -68.288   -87.698  -107.959  -128.170
CT1646:235          107.065   82.221   59.756   43.425   26.763   39.305
  110.279  180.926  193.016  203.766  184.478  110.581   33.593   15.545
   14.913   11.939    9.366   15.175   13.256    4.909   -17.542   -36.542
   -37.900   -31.596   -28.011   -37.216   -55.459   -74.025   -93.159  -101.091
CT1646:230          103.104   80.439   60.727   47.993   35.418   53.769
  159.678  270.094  249.642  111.613   18.162    6.276   12.378   15.035
   23.149   24.911   27.548   34.307   34.405   26.539    5.527   -14.376
   -21.627   -20.494   -22.677   -32.954   -46.212   -62.399   -82.501  -105.057
CT1646:225          105.503   88.904   67.618   54.637   42.879   60.641
  172.691  281.922  207.188   -77.736  -240.653  -191.910   -33.980   21.358
   27.962   22.271   27.525   38.027   44.790   39.977   22.807    5.724
    -5.549   -10.913   -18.730   -33.100   -55.077   -76.587   -94.327  -110.934
CT1646:220          106.262   90.643   74.233   60.729   44.581   50.956
   96.560  130.612   51.238  -198.346  -333.651  -261.623   -60.706   13.872
   16.987    5.018   13.511   29.962   40.215   40.569   30.150   14.887
    -0.579   -18.823   -35.540   -51.729   -71.652   -89.704  -102.495  -111.364
CT1646:215          108.815   98.755   85.439   68.305   45.220   35.988
   49.149   61.482    4.811  -149.433  -231.583  -182.189   -52.896   -10.285
   -14.754   -30.208   -16.955   29.685   73.567   73.260   31.462    -5.251
   -21.687   -36.431   -50.926   -64.815   -78.611   -89.442   -96.647  -102.030
CT1646:210          104.482   92.633   80.107   64.606   42.245   31.921
   32.221   28.061   12.141    9.227    1.271   -24.526   -45.144   -47.389
   -54.598   -64.921   -48.923    7.939   62.417   64.113   22.455   -10.016
   -25.774   -43.914   -59.593   -68.478   -67.418   -68.636   -75.403   -84.023
CT1646:205           96.452   79.205   63.545   50.638   39.124   31.974
   35.983   38.289   37.036   59.890   58.792   14.438   -53.254   -75.674
   -90.148   -99.794   -88.084   -54.016   -24.164    -7.419    9.852   20.068
    7.447   -25.469   -52.544   -66.882   -73.685   -80.365   -89.888  -100.712
CT1646:200           96.263   78.235   61.517   49.815   41.973   37.872
   43.923   50.946   42.640   36.165   21.821   -23.789   -92.855  -117.146
  -118.034  -108.223   -98.078   -79.630   -58.349   -39.051   -10.687    9.571
    4.137   -24.362   -49.964   -65.110   -73.807   -81.564   -92.983  -107.501
CT1646:195           96.362   75.474   55.181   41.079   29.120   22.285
   30.367   35.640   19.178   -25.333   -60.784   -85.287  -122.198  -137.890
  -122.702  -103.553   -94.138   -76.275   -56.960   -39.207    -9.635    9.357
    8.910   -13.924   -38.687   -53.442   -60.423   -71.107   -89.123  -110.713
CT1646:190           95.011   75.110   56.737   41.417   29.084   23.975
   38.409   52.797   30.764   -28.534   -63.396   -74.228   -73.451   -75.235
   -66.283   -51.833   -48.663   -52.265   -51.308   -35.737   12.671   54.443
   51.953   17.007   -12.898   -32.737   -55.603   -77.569   -95.949  -113.506
CT1646:185           98.167   80.113   64.408   53.915   44.367   39.214
   45.634   47.389   32.349    5.041   -11.153   -13.869    4.285    9.435
    4.721    6.790    0.106   -37.373   -68.642   -59.417   -15.060   17.175
   21.982   10.011    -6.183   -24.231   -53.182   -78.679   -97.969  -114.304
CT1646:180          105.106   91.728   76.126   67.932   66.060   61.295
   53.651   44.987   32.449   14.357    1.039    7.905   27.785   30.490
   18.463   -10.996   -24.608   -37.583   -53.686   -55.697   -49.999   -42.543
   -36.673   -21.220    -8.738   -16.889   -40.222   -65.737   -89.428  -112.020
CT1646:175          103.833   90.118   77.060   65.771   48.850   38.311
   41.771   43.819   30.622    -1.487   -24.362   -13.393   20.840   31.196
   19.285    -0.684   -10.754   -18.362   -22.522   -31.129   -57.315   -78.967
   -73.372   -36.296    -3.505    -8.656   -35.043   -59.252   -80.794  -103.687
CT1646:170           98.748   83.377   63.501   51.691   45.769   41.495
   47.435   53.420   40.170    -5.922   -37.818   -30.492    -3.382    7.983
    8.869    9.763    6.984    2.540    -1.432   -12.537   -38.327   -59.479
   -57.908   -30.660    0.597    -0.595   -24.731   -48.535   -67.857   -85.815
CT1646:165           95.442   81.466   60.147   48.276   47.772   41.954
   37.748   33.914   21.605    -6.426   -25.056   -20.209    -2.878    9.773
   18.502   24.444   23.121   15.214    3.713    -6.182   -21.616   -36.534
   -36.172   -15.100    6.353    2.703   -17.939   -38.066   -53.739   -68.412
CT1646:160           85.510   72.981   55.924   44.310   36.738   27.233
   15.400    -1.383   -13.757   -20.866   -21.692    -9.977   24.999   46.091
   45.887   37.536   32.501   22.522   11.191    3.366    -5.619   -16.128
   -18.780   -13.428    -8.261   -10.316   -17.257   -27.488   -41.710   -58.037
CT1646:155           82.883   79.830   59.770   42.308   29.643   15.106
    -9.528   -40.174   -49.104   -37.643   -17.953    0.909   34.970   56.411
   53.506   26.570   13.598   15.296   22.958   20.192   12.845    4.780
    -0.061    -3.974    -9.736   -14.814   -20.118   -25.346   -35.000   -30.832
CT1646:150           83.512   96.793   80.644   63.455   39.039   15.727
    -8.774   -41.082   -50.213   -36.015    -8.322   13.075   38.891   58.966
   58.951   45.737   36.254   34.523   35.916   30.851   24.216   18.619
   13.234    4.492    -6.795   -12.231   -18.407   -26.251   -35.176   -27.323
CT1646:145           76.053  100.056   83.020   66.136   42.790   17.179
    -8.363   -33.426   -35.129    -9.854   18.196   30.969   47.790   63.267
   61.074   50.261   41.493   40.230   38.728   30.532   17.411    3.714
    -0.807    2.217    0.993    -3.445   -11.533   -21.871   -33.247   -44.537
CT1646:140           68.399   84.515   72.170   59.952   44.387   27.584
   12.158    -2.759    8.457   61.072  129.910  142.345  103.307   62.774
   46.968   40.955   35.885   38.868   41.576   31.451    5.820   -21.466
   -26.395   -11.042   10.667   10.488    -3.287   -19.411   -36.347   -48.094
CT1646:135           60.171   36.016   36.540   40.806   37.864   29.594
   23.671   29.084   78.644  203.970  300.671  291.029  166.155   64.353
   23.949   14.161   13.209   18.839   24.100    5.449   -70.640  -169.669
  -189.157  -119.102   -17.981    9.361   -12.792   -38.825   -69.233  -110.911
CT1646:130           77.078   14.478   22.981   21.542   17.133   14.912
   23.597   46.422  126.356  344.231  535.611  492.203  250.711   56.000
    -2.519    -0.419    4.756    8.096    0.079   -32.412  -120.150  -182.496
  -170.235   -82.196    -4.721    -4.827   -29.616   -54.725   -74.082   -83.879
CT1646:125           44.548   72.272   43.883   22.472    9.544    2.549
    4.166   24.049   62.776  157.441  238.057  229.729  119.576   20.765
   -13.068    -7.923    -2.001    -1.727    -5.852   -11.812   -24.840   -15.345
    -2.654    5.087    -7.923   -23.410   -41.163   -61.148   -79.363   -94.006
CT1646:120          109.277  135.302   84.154   44.830    9.995   -25.231
   -74.058  -140.707  -146.291   -77.899    -4.554   18.417    6.689   -18.084
   -17.846    -2.745    3.365    -6.043   -10.798   19.353  143.778  260.504
  280.086  176.310   31.460   -31.978   -55.875   -72.701   -87.974   -91.876
CT1646:115          128.914  149.530  116.972   80.573   46.118    9.749
   -49.924   -98.202  -141.664  -248.917  -287.568  -199.122   -44.707    7.990
   11.508    -2.880    -5.367   -17.742   -32.415   13.734  228.265  430.458
  405.660  190.295   17.289   -32.645   -47.834   -66.190   -91.199  -116.888
CT1646:110           69.206  154.065  127.854   93.055   52.328    0.735
   -97.394  -231.551  -285.425  -251.612  -182.863  -119.039   -16.857   39.116
   38.525   29.715   27.395    3.792   -19.655   -10.048   26.738   61.274
   76.883   59.619    5.640   -35.617   -63.278   -84.037  -101.396  -117.851
CT1646:105          111.040  152.282  119.451   83.333   42.775   -10.718
  -108.753  -224.808  -257.307  -193.668  -115.023   -76.494   -55.426   -33.381
   -15.521    -8.570    -1.944    1.607    -2.482    -4.432    -7.386    1.056
    5.411    -0.624   -11.323   -33.521   -63.661   -88.181  -108.026  -125.063
CT1646:100          131.150  128.430  114.493   83.259   43.559    -1.998
   -78.820  -171.245  -188.867  -115.201   -47.373   -33.891   -51.091   -49.046
   -35.125   -15.119    -4.603    -1.718    2.887    2.499    -8.579   -16.132
   -16.256    -7.057    4.258    -8.933   -39.778   -72.893  -102.223  -129.399
CT1646:095          138.450  127.675  106.055   77.947   48.740   16.876
   -35.011   -94.713  -104.253   -66.383   -41.011   -33.307   -37.936   -32.753
   -19.658    -5.765    1.861    2.959    0.321    -1.597    -7.841   -16.382
   -16.209    0.910   13.275    0.010   -32.295   -63.502   -90.181  -117.801
CT1646:090          135.067  119.494   96.643   68.968   34.770    3.294
   -15.547   -32.897   -44.300   -45.495   -42.479   -34.522   -26.355   -16.526
    -2.436    8.736   13.474   17.975   19.778   16.777    8.169    -1.963
    -6.597    -2.030    3.593    -6.166   -27.918   -52.882   -77.821  -103.488
CT1646:085          132.461  106.333   86.235   59.245   25.305    3.849
    5.716    8.965    2.010   -11.714   -24.146   -23.099   -18.491    -7.457
   20.194   63.336   75.645   56.862   35.482   27.392   24.215   23.659
   17.733   10.673    5.348    -7.337   -31.525   -56.305   -78.638  -101.194
CT1646:080          131.500  103.359   77.170   49.707   15.061    -0.495
   27.465   61.387   52.138    7.133   -19.167   -21.353   -15.088    -2.444
   33.442   82.815   93.577   64.402   28.434   19.009   21.177   19.472
   13.426    4.238    -7.181   -19.051   -37.018   -56.077   -74.551   -93.179
CT1646:075          124.076   99.938   76.557   53.667   26.321   13.226
   39.697   76.755   64.187    -5.568   -48.052   -35.914    0.343   20.364
   39.094   53.744   59.003   53.532   38.427   27.434   16.552    6.720
    1.746    5.235    7.251    -4.656   -30.003   -57.192   -81.823  -105.450
CT1646:070          121.732   95.213   69.377   49.764   36.565   28.141
   35.059   41.729   28.003   -23.603   -56.961   -32.908   38.344   73.027
   66.072   47.319   45.389   50.652   56.029   44.773   17.085    -6.582
   -11.468    4.439   19.449    5.922   -30.131   -64.834   -94.518  -124.361
CT1646:065          126.935   98.349   70.579   51.275   41.682   29.968
   24.021   20.752    9.081   -32.584   -53.260   -18.637   55.698   85.724
   77.143   37.906   29.885   53.685   71.181   58.454   16.519   -21.556
   -25.946    -3.452   14.300    1.469   -31.162   -67.355  -101.586  -135.262
CT1646:060          135.899  112.747   88.812   63.332   29.652    5.981
    -9.722   -22.063   -24.640   -16.544    -4.195   20.618   67.591   90.656
  102.685  119.076  117.223   84.242   48.606   33.326   16.956    1.106
    -2.697    9.325   20.502    9.348   -19.592   -48.186   -74.631  -102.620
CT1646:055          137.380  114.378   88.681   53.794    9.090   -18.263
   -38.217   -55.506   -51.561   -10.723   16.513   24.104   28.733   33.598
   53.922   89.906   91.817   51.770   12.827    4.585   11.098   16.256
   16.632   18.780   20.338   12.669    -6.727   -29.049   -50.393   -71.887
CT1646:050          136.247  109.284   82.007   48.476    3.638   -22.695
   -31.447   -33.068   -31.301    -7.982    8.264    2.575   -20.345   -32.224
   -44.776   -75.767   -79.794   -51.982   -38.257   -31.235    -9.223    5.472
   12.858   17.290   17.761    8.511   -13.955   -35.078   -53.771   -72.859
CT1646:045          142.196  112.894   81.500   50.027   16.096    -4.364
    -2.535    6.577    0.102   -13.013   -21.309   -31.713   -47.048   -57.356
   -80.506  -109.714  -117.105   -92.084   -56.479   -46.028   -27.587    -4.472
   10.364   14.060   12.370    5.264   -15.721   -38.216   -57.745   -76.594
CT1646:040          145.258  117.876   89.641   66.598   38.559   21.600
   34.233   56.262   39.731   -21.471   -65.701   -77.343   -71.427   -66.697
   -58.312   -30.079   -36.831   -97.550  -157.929  -156.290   -95.022   -27.383
    -0.647   10.261   17.635   11.661   -12.569   -37.772   -59.454   -80.051
CT1646:035          138.990  111.008   85.093   71.300   67.320   61.069
   64.206   71.673   51.034   -19.747   -78.091   -94.253   -92.632   -87.200
   -45.689   39.596   41.168   -97.067  -267.056  -292.002  -219.279  -115.158
   -69.136   -30.955    9.362   14.717    -7.253   -31.796   -54.501   -78.179
CT1646:030          153.311  119.421   80.956   67.763   78.990   79.242
   76.600   72.674   54.663    2.994   -45.653   -60.692   -73.226   -81.254
   -44.007   20.644   16.145  -106.356  -301.738  -332.585  -248.176  -179.945
  -137.505   -53.022   16.577   19.971    -7.399   -32.984   -54.327   -77.698
CT1646:025          156.202  113.426   77.339   70.337   90.575   91.541
   74.912   51.321   40.378   45.084   47.794   26.523    -5.259   -16.488
   -14.252    0.032    -4.642    1.911   65.414   63.458    9.035   19.601
   32.061   16.878    9.110    4.019   -10.931   -28.807   -48.719   -70.519
CT1646:020          161.670  116.853   71.558   56.396   65.507   61.569
   42.284   19.878   15.914   33.565   42.892   35.249   20.389    7.075
   -28.361   -75.767   -81.513   -45.249   -18.127   11.546  103.649  169.374
  167.875   97.683   26.760    -1.046   -20.704   -41.140   -61.883   -82.156
CT1646:015          153.986  100.691   55.071   35.098   36.686   29.359
    4.412   -24.715   -25.174    5.931   22.287   15.397   -11.630   -31.529
   -47.027   -74.940   -82.412   -65.744   -50.108   -23.649   37.691   85.684
   94.331   71.756   38.074   11.078   -18.788   -47.491   -73.487   -97.473
CT1646:010          148.102   93.933   45.981   22.968   21.229   12.441
    -5.906   -25.912   -25.848    4.069   27.221   19.416    -6.938   -18.995
   -17.637    -1.124    -0.607   -22.632   -33.378   -18.502   23.675   68.029
   75.416   57.474   34.679   13.354   -14.136   -40.670   -63.265   -85.342
CT1646:005          146.060   97.313   48.794   25.012   23.722   17.521
    4.778   -10.270   -12.481    0.033   12.145   15.365   10.383    5.255
   11.753   18.802   13.422    -3.839   -24.056   -21.169    7.489   40.393
   44.318   30.073   17.099    3.890   -13.283   -32.566   -52.542   -72.876
CT1647:360          134.490   92.076   51.415   29.808   26.672   21.112
   13.520    4.651    1.837    0.307    1.838   19.661   58.823   74.381
   61.005   35.331   22.853   13.409    2.315    -4.058   -18.484   -40.511
   -41.500   -27.920   -19.702   -22.803   -29.267   -36.260   -45.702   -56.992
