
filled_synop: 30 data points in equal steps of sine latitude from +14.5/15 to  -14.5/15

CT1753:360          -179.740  -136.213   -97.952   -75.548   -59.984   -50.125
   -50.693   -52.494   -52.218   -62.520   -53.823    -6.184   65.260  105.470
  159.456  206.712  181.834   90.258   -12.050   -92.134  -212.915  -294.438
  -262.912  -126.667    -2.294   47.602   56.419   64.601   78.639   95.279
CT1753:355          -173.293  -135.029  -100.520   -69.552   -39.159   -23.049
   -25.017   -29.398   -34.804   -57.418   -55.726   -11.743   52.540   90.858
  132.894  165.887  159.448  135.123   81.202    -2.667  -173.568  -305.461
  -289.429  -152.843   -26.519   31.843   53.561   76.474  104.004  131.961
CT1753:350          -177.256  -146.912  -117.312   -81.596   -35.380   -15.059
   -23.313   -34.679   -33.449   -31.651   -21.691    -6.977   17.912   42.461
   81.901  116.554  119.397  120.414   88.039   11.788  -160.929  -283.046
  -266.658  -124.642    -2.180   53.809   70.832   92.706  121.960  152.612
CT1753:345          -171.051  -137.334  -104.888   -75.549   -46.139   -28.036
   -20.963   -18.062   -20.538   -34.780   -36.817   -21.764    -5.218    6.963
   33.345   58.092   56.511   55.992   37.961   -24.361  -172.015  -285.350
  -261.811  -107.275   32.464   87.491   91.824   95.665  109.068  124.483
CT1753:340          -164.226  -135.209  -106.059   -76.385   -46.536   -27.702
   -17.363    -9.630   -11.346   -20.863   -20.698   -14.848    2.542    1.919
   -21.345   -39.993   -51.126   -37.757   -22.731   -75.213  -216.170  -308.860
  -272.527  -110.912   32.865   89.524   94.941   95.946  105.004  116.307
CT1753:335          -163.570  -138.280  -113.250   -82.603   -44.152   -24.314
   -25.642   -27.560   -25.767   -30.845   -35.929   -28.096   -17.736   -36.153
  -108.559  -180.501  -198.336  -187.510  -184.103  -210.314  -281.464  -319.387
  -272.302  -111.854   20.782   76.138   89.968  105.271  122.652  135.780
CT1753:330          -163.710  -143.654  -120.208   -88.876   -50.297   -30.632
   -35.424   -39.059   -27.579    4.994   15.807    -9.422   -50.730   -83.919
  -161.201  -237.702  -252.216  -237.788  -220.736  -226.012  -250.197  -256.628
  -225.453  -115.899   -12.342   40.741   70.879   98.592  127.662  156.092
CT1753:325          -150.525  -132.801  -115.312   -84.500   -44.015   -23.635
   -29.046   -34.060   -20.240   18.234   29.752    5.161   -33.320   -52.968
   -91.455  -127.334  -106.021   -16.075   51.095   34.194   -74.909  -153.488
  -154.385   -88.013   -29.103    9.869   53.382   95.690  137.402  179.459
CT1753:320          -154.305  -126.642   -99.098   -69.536   -39.546   -20.448
   -17.425   -16.018    -9.074    6.656    8.705    -1.123   -11.469   -16.807
   -30.947   -27.737   17.488  146.971  244.474  223.383   72.422   -44.274
   -74.916   -60.956   -41.622    -9.145   45.448   97.375  146.321  196.425
CT1753:315          -156.471  -126.842   -95.851   -56.910   -12.511   11.688
   17.208   21.415   13.345   -15.637   -29.644   -30.764   -29.540   -17.726
   26.266   89.465  163.669  342.483  487.705  465.063  269.564   99.838
   31.038   -22.442   -63.107   -46.386   23.009   92.533  153.021  211.346
CT1753:310          -147.605  -115.124   -85.750   -48.830    -7.198   17.691
   31.463   37.558   25.527   -18.808   -40.465   -43.845   -57.141   -43.496
    8.926   54.629  143.439  365.855  520.377  518.264  379.162  243.264
  152.829   18.731   -81.028   -74.129   13.878   94.660  165.082  237.678
CT1753:305          -149.532  -114.858   -80.222   -44.990    -9.311   16.119
   34.793   47.093   40.180   14.211    3.200    -1.655    -0.130   13.031
   26.272   43.442  114.716  295.377  445.779  463.519  398.468  320.360
  226.249   44.171  -102.705  -103.540    -6.035   89.978  172.407  254.626
CT1753:300          -154.617  -120.651   -85.784   -51.697   -17.303    7.743
   26.905   42.916   40.903   18.852    9.421   17.560   29.619   38.670
   43.182   57.218   99.208  178.025  247.055  279.903  306.318  300.333
  227.340   52.121   -88.214   -91.060    3.583  104.091  188.232  266.328
CT1753:295          -149.551  -123.722   -98.450   -67.589   -30.761    -6.507
    8.350   19.750   26.538   32.088   34.280   36.059   35.040   37.963
   34.854   27.284   50.785   89.639  118.158  157.300  228.306  253.120
  199.575   34.882   -90.659   -79.921   38.434  134.724  203.652  268.322
CT1753:290          -159.899  -121.193   -83.982   -50.981   -19.688    1.771
    9.208   13.134   21.647   40.949   49.463   43.832   35.730   34.844
   37.285   41.477   44.618   42.121   63.775   95.840  178.543  239.461
  204.320   60.005   -53.889   -53.209   27.441  115.992  187.855  250.783
CT1753:285          -174.026  -127.124   -79.680   -36.159   14.680   39.852
   38.524   36.808   30.796    8.952    -0.607    7.106   18.448   17.370
   13.105    4.200   -11.555   -84.262  -133.426   -88.022   71.808  183.340
  165.719   39.189   -50.089   -38.468   43.146  112.909  170.133  228.465
CT1753:280          -165.365  -119.342   -72.436   -22.977   27.566   51.147
   44.127   33.563   22.465    -4.771   -18.821   -13.701    0.499    -1.193
   -13.441   -25.349   -41.588  -113.918  -169.696  -128.410    8.785  107.572
  105.328   24.226   -40.025   -34.504   20.469   82.983  142.252  197.948
CT1753:275          -154.581  -110.028   -66.967   -23.045   24.850   46.103
   38.111   26.084   13.469   -12.409   -27.302   -26.248   -18.880   -24.499
   -43.439   -62.478   -66.751   -68.141   -55.758   -23.821   37.716   85.273
   83.284   29.399   -15.458    -9.907   32.682   75.593  117.939  165.015
CT1753:270          -151.418  -104.577   -58.012   -18.332   21.484   40.535
   31.596   21.037    9.274    -7.065   -14.469   -28.021   -33.066   -41.873
   -73.314  -105.662   -93.440    -9.129   77.337   97.710  101.645  114.558
  107.587   54.845   18.120   20.842   48.985   76.063  104.538  133.345
CT1753:265          -153.460  -114.876   -73.215   -32.962    7.695   24.870
    6.534   -14.807   -21.385   -24.709   -32.484   -44.861   -63.908   -76.629
   -88.770  -101.422   -88.473   -30.920   21.946   52.506   83.714  102.797
   98.123   53.767   18.236   21.978   52.308   82.396  105.787  122.714
CT1753:260          -146.247  -110.491   -75.020   -43.651    -8.432    8.643
    -0.428    -9.875   -11.360    -4.557    -5.985   -22.637   -48.884   -63.635
   -69.285   -66.070   -63.767   -70.090   -68.720   -39.131   15.609   56.286
   62.450   40.207   19.921   26.795   55.692   81.415  100.825  116.004
CT1753:255          -141.579  -102.266   -60.447   -31.009   -12.545    1.237
    9.106   15.808   19.287   26.818   24.546    5.567   -22.721   -35.820
   -52.123   -79.764   -84.766   -77.106   -59.759   -36.063    3.299   46.863
   56.874   40.813   26.664   30.262   46.856   66.008   84.626   98.872
CT1753:250          -140.482   -99.354   -59.727   -30.735    -8.214    7.931
   18.029   27.553   24.273    9.733    -7.981   -17.694   -25.795   -27.278
   -34.457   -53.588   -54.809   -37.223   -13.071    7.589   36.152   64.259
   71.153   55.364   40.153   40.727   49.503   60.055   73.992   91.145
CT1753:245          -148.967  -105.805   -59.183   -26.260    -4.373    9.282
   10.943    7.433   -10.237   -56.627   -89.757   -85.528   -50.739   -24.122
    -3.430   18.269   28.560   39.906   53.549   67.652   82.243   89.407
   89.731   71.343   50.909   47.479   54.689   63.652   75.099   89.031
CT1753:240          -155.035  -109.506   -64.303   -32.519    -8.346    4.079
    -2.242   -14.743   -44.743  -121.505  -166.086  -138.422   -64.142   -16.169
   27.538   73.453   85.372   73.456   65.156   69.647   90.849  114.316
  117.417   88.927   57.310   52.401   63.506   72.817   80.317   80.100
CT1753:235          -164.740  -118.431   -72.660   -39.204   -11.078    1.394
    -6.968   -24.391   -55.731  -127.513  -155.250  -107.137    -6.242   45.848
   74.278   90.689   82.188    7.699   -56.648   -47.284   44.958  134.147
  143.781  102.446   65.511   59.735   69.847   79.406   83.720   84.885
CT1753:230          -172.357  -125.908   -76.841   -36.626    9.872   26.348
   11.558    -8.576   -33.667   -85.416   -95.596   -42.676   58.246  104.774
  116.619  126.417  108.965   -23.962  -150.284  -122.426   26.215  118.729
  123.755   92.018   67.121   64.926   76.397   85.450   90.527   94.690
CT1753:225          -154.085  -102.001   -55.069   -15.987   22.850   34.947
   10.534   -17.841   -34.120   -63.950   -67.844   -17.638   60.780   99.336
  102.491   90.244   95.030  107.764  115.362  110.342  106.063  107.788
  104.761   92.146   80.137   75.768   75.292   76.844   81.015   87.228
CT1753:220          -148.037   -91.649   -39.789    -3.744   23.082   25.495
   -10.913   -47.698   -48.887   -31.601   -10.986   20.355   59.291   86.699
   94.339   99.589  124.645  227.688  331.673  313.228  196.353  112.107
   93.340   93.385   94.212   92.022   89.147   86.487   86.059   87.087
CT1753:215          -157.390   -90.292   -23.035    9.815   28.942   29.242
   -26.733   -76.166   -64.508    -9.832   28.178   52.420   69.560   92.147
   97.603  100.917  127.838  217.455  282.136  266.188  168.259   83.554
   72.010   96.656  109.989  111.938  118.914  120.321  113.116   99.294
CT1753:210          -149.743   -79.296   -19.266   11.713   27.264   21.006
   -42.659   -97.654   -77.451    -3.169   50.513   87.392  115.443  143.706
  165.558  175.127  182.902  184.839  167.575  154.721  140.969  121.957
  108.304  106.724  106.961  105.281  104.947  103.756  100.537   95.443
CT1753:205          -170.014   -95.418   -17.315    9.329   11.195    6.752
   -49.378   -97.868   -70.187   12.662   73.479  134.110  197.679  240.165
  285.040  328.613  315.918  226.987  152.767  130.237  138.397  143.221
  131.475  115.778  104.034  101.472  103.377  103.648  101.443   98.039
CT1753:200          -179.417  -113.895   -47.216   -18.564    -6.967    -4.423
   -35.894   -59.352   -32.654   27.217   84.826  169.564  273.896  325.150
  354.085  360.440  338.137  253.232  170.400  140.327  139.934  138.923
  127.416  106.821   90.341   89.744  100.098  106.429  107.538  107.569
CT1753:195          -167.559  -112.844   -62.997   -34.003   -15.891   -11.329
   -39.425   -58.218   -24.526   44.401  109.434  195.217  305.583  353.259
  367.587  357.164  330.476  249.647  163.979  132.634  123.534  115.331
  109.619  107.581  104.403  101.813  101.827  103.015  103.829  103.842
CT1753:190          -170.936  -122.004   -71.905   -47.180   -32.372   -25.021
   -60.085   -85.047   -35.212   73.415  138.071  209.999  279.369  302.325
  318.541  329.980  307.905  219.962  142.769  125.625  126.336  120.105
  119.643  122.290  120.001  117.715  119.851  120.443  118.104  113.570
CT1753:185          -169.182  -126.603   -87.091   -65.386   -53.285   -42.228
   -56.766   -60.165    7.753  184.916  271.974  233.153  142.201  109.269
   94.751   93.596   96.478   95.107   91.119   99.725  131.527  160.511
  162.085  136.493  115.436  113.779  118.995  122.569  124.837  126.984
CT1753:180          -180.215  -140.904  -101.302   -75.207   -58.733   -37.455
   -22.300    -0.369   64.593  228.566  277.144  106.978  -204.773  -303.354
  -248.901  -153.036  -115.308   -77.471   -43.298    -1.186   65.462  112.846
  130.860  126.618  119.749  120.902  122.406  123.653  125.943  128.407
CT1753:175          -172.139  -130.619   -93.271   -68.308   -52.482   -26.880
   14.161   62.229  108.166  195.935  198.157    -1.754  -363.307  -487.222
  -408.762  -266.566  -208.418  -141.296   -67.614   -17.545   34.792   83.359
  107.759  114.420  118.825  123.817  128.127  131.062  132.806  133.811
CT1753:170          -179.810  -136.108   -95.417   -71.899   -56.907   -25.087
   40.471  108.069  132.213  158.534  126.568   -61.850  -381.880  -493.521
  -435.775  -334.141  -280.269  -187.395   -94.854   -43.746    2.320   52.039
   82.382  101.043  118.051  128.702  131.837  133.212  136.417  140.786
CT1753:165          -190.314  -142.536   -92.051   -62.170   -50.313   -18.962
   51.285  115.064  125.628  122.638   84.715   -53.397  -247.802  -324.436
  -323.549  -286.551  -252.077  -192.103  -142.216   -91.674   -34.454   13.336
   45.303   74.116  100.201  115.296  119.949  127.196  139.786  154.447
CT1753:160          -183.934  -130.638   -84.053   -51.785   -25.599    7.583
   56.238  102.292  104.172   75.784   37.373   -28.735  -110.424  -166.575
  -186.476  -191.830  -182.921  -146.852  -108.417   -69.557   -49.845   -28.974
    0.285   27.547   52.757   76.912  103.792  129.626  150.713  168.757
CT1753:155          -200.256  -148.013   -92.637   -56.662   -29.245    0.483
   34.941   66.099   67.423   40.119   12.203    -9.628   -24.332   -83.354
  -186.914  -252.222  -266.827  -223.769  -131.018   -79.686   -61.928   -40.817
   -14.033    4.460   27.143   56.014   94.922  130.124  156.132  177.548
CT1753:150          -186.407  -141.119   -96.203   -63.676   -35.576    -6.569
   22.388   50.324   58.558   54.519   45.953   31.425   33.513   -33.877
  -294.878  -597.972  -632.583  -433.002  -208.372  -129.118   -83.745   -43.444
   -16.561    -4.881   12.336   36.983   64.244   94.347  126.754  160.411
CT1753:145          -171.574  -135.031   -98.700   -69.957   -45.148   -15.082
   21.431   59.883   78.500   95.938  103.939   92.520   81.212    6.200
  -314.677  -776.329  -833.163  -520.752  -249.441  -166.721  -104.283   -53.887
   -27.436   -16.710    0.567   25.137   53.107   85.310  121.126  160.575
CT1753:140          -163.752  -126.721   -87.831   -61.709   -52.671   -25.350
   29.107   80.503   99.601  109.204  113.437  128.692  163.157  131.412
    7.500  -131.765  -171.858  -145.550  -109.231   -85.869   -69.562   -59.810
   -38.067   -19.908    -1.096   26.141   60.450   95.609  129.643  165.345
CT1753:135          -163.565  -124.033   -86.057   -51.806   -19.414   15.711
   59.599  104.601  117.162  100.788   91.968  110.233  155.073  165.362
  272.314  463.042  439.176  210.611   38.595    4.228   -17.331   -27.346
   -10.983    9.227   29.004   52.720   78.321  104.711  132.119  159.435
CT1753:130          -169.251  -123.128   -78.667   -40.519    -4.075   35.668
   84.539  128.675  131.191   92.921   67.182   53.393   46.563   44.220
   99.817  142.103  116.356   27.129  -103.584  -125.646   -86.989   -50.696
   -20.038    9.266   33.676   62.673   93.395  120.464  144.151  164.196
CT1753:125          -173.657  -121.888   -69.874   -28.532    6.576   47.499
  108.711  165.262  160.645   96.174   53.105    7.023   -58.891   -95.532
  -103.177  -133.525  -169.808  -222.755  -283.170  -272.852  -168.641   -75.423
   -31.591    2.625   35.372   70.625  111.667  143.480  160.942  168.707
CT1753:120          -179.679  -125.116   -75.703   -36.262    -0.651   48.978
  133.275  212.914  210.350  129.368   58.823   18.933   -30.992   -83.683
  -144.049  -197.926  -241.507  -321.493  -367.036  -344.562  -236.634  -129.000
   -74.246   -26.148   19.358   55.875   86.734  115.683  142.312  165.808
CT1753:115          -207.317  -155.056   -99.927   -52.687   -16.407   38.104
  154.366  258.805  263.857  235.561  196.836  109.613   24.765   -32.671
  -162.256  -281.026  -315.197  -336.758  -331.223  -307.804  -244.678  -167.938
  -119.449   -58.477    0.449   38.331   68.067  100.368  132.785  166.309
CT1753:110          -180.938  -137.551   -94.400   -52.402    -6.262   55.086
  175.233  289.738  277.930  173.480   87.984    -5.225  -134.938  -203.659
  -241.421  -291.360  -292.232  -253.185  -233.073  -204.846  -168.790  -142.279
  -113.807   -66.093   -16.259   19.239   51.741   85.188  118.489  153.431
CT1753:105          -160.267  -125.789   -86.860   -38.886   14.537   69.780
  174.574  268.684  222.085   25.243  -116.781  -180.780  -256.629  -294.254
  -246.370  -165.044  -114.536   -10.833  104.223  118.860   31.969   -45.246
   -53.220   -32.217    -9.800   13.941   49.059   85.188  119.961  155.307
CT1753:100          -146.243  -105.240   -68.811   -15.491   54.781  102.552
  157.450  202.484  142.629   -44.823  -160.990  -214.667  -241.482  -238.261
  -180.014   -84.258    -7.843  170.319  349.611  351.758  197.919   78.398
   48.333   25.676   12.938   25.000   55.345   87.369  121.204  159.251
CT1753:095          -156.024  -125.386   -86.323   -19.311   74.104  120.159
   99.597   53.440    -4.461  -118.400  -197.601  -223.300  -215.700  -193.081
  -126.277   -40.652   30.965  144.953  230.962  249.805  204.365  135.707
   98.170   46.482    3.404    8.146   41.802   77.349  110.463  143.989
CT1753:090          -155.766  -133.414  -102.925   -38.049   80.383  129.234
   68.167   -21.807   -82.133  -153.930  -198.146  -198.935  -162.057  -123.083
   -65.071    8.986   60.967  104.195  131.727  145.446  144.261  122.649
   94.372   48.902    6.769    8.718   43.850   75.749  104.654  136.251
CT1753:085          -144.730  -120.181   -99.931   -32.469   84.979  129.253
   52.364   -62.033  -116.261  -159.723  -173.665  -151.026   -92.255   -45.512
    8.485   73.788  102.202  107.135  110.075  110.624  104.578   95.903
   77.677   37.368    1.939    5.080   35.321   69.738  101.559  131.871
CT1753:080          -168.222  -143.000  -109.194   -45.520   72.692  115.688
   38.603   -66.676  -103.649  -136.430  -135.028   -73.795   41.820   98.241
  113.169  120.029  109.714   86.042   64.302   56.820   63.528   69.048
   61.882   30.655    1.184    7.764   42.825   75.273  101.955  128.974
CT1753:075          -172.274  -141.844  -100.844   -29.710   66.185   97.034
   29.893   -47.306   -52.045   -45.096    -6.441   87.047  228.303  268.222
  232.266  152.768   97.698   35.333   -10.510   -20.402   18.232   60.928
   63.293   30.492    5.067   14.846   43.578   73.193   98.457  122.059
CT1753:070          -159.877  -128.584  -100.755   -52.074   32.628   61.746
    0.447   -71.970   -36.579   69.804  148.284  286.334  467.638  486.040
  361.199  131.242   36.649   -28.416   -99.479  -107.390   -46.512    1.231
   17.252   29.602   40.477   51.226   64.467   77.962   92.394  107.579
CT1753:065          -169.275  -133.184   -91.046   -36.740   23.671   39.906
   -31.404  -109.162   -34.829  251.720  438.605  522.378  662.162  686.431
  443.725  159.197   58.602   -19.802   -79.395   -89.117   -64.413   -40.434
   -18.860   10.821   37.023   55.690   75.852   95.814  113.558  130.105
CT1753:060          -167.628  -131.406   -96.785   -51.365   25.309   44.534
   -48.640  -159.406  -103.456  159.886  319.214  297.681  166.284   98.554
   42.975   -47.849   -94.509   -80.459   -52.771   -46.172   -39.146   -24.932
    -4.142    7.081   19.492   43.413   73.991  104.975  134.705  167.298
CT1753:055          -166.005  -125.727   -79.009   -18.889   52.795   62.715
   -42.642  -161.605  -156.422   -74.146   -30.563   -60.216  -210.094  -276.961
  -245.738  -214.728  -223.266  -179.932  -129.890  -100.612   -45.857    4.266
   30.983   37.310   45.873   63.780   83.958  105.622  127.217  148.124
CT1753:050          -154.528  -113.851   -75.449   -33.190   44.179   53.230
   -50.998  -177.969  -227.134  -264.863  -276.433  -258.408  -200.305  -171.207
  -204.599  -225.648  -238.108  -241.085  -228.159  -189.498   -93.837    -3.407
   37.590   45.299   49.939   65.799   85.294  103.791  120.083  134.736
CT1753:045          -142.477  -103.330   -60.452   -16.978   29.884   21.828
   -81.334  -215.131  -285.591  -380.191  -417.814  -310.171   -23.960  101.996
    -0.151  -169.317  -231.404  -271.127  -299.719  -264.282  -149.819   -32.254
   19.924   28.848   34.637   52.530   70.327   88.606  106.615  124.114
CT1753:040          -144.477  -105.609   -68.923   -50.555   -18.178   -28.199
  -131.671  -268.493  -331.741  -408.481  -432.541  -301.539   27.738  148.247
   32.098  -214.666  -314.878  -343.086  -351.232  -307.523  -190.581   -65.601
    -4.821   19.825   43.164   62.449   71.910   81.875   92.504  102.660
CT1753:035          -137.806   -93.797   -51.753   -49.886   -94.728  -142.014
  -217.779  -301.924  -330.448  -312.732  -279.914  -219.316   -70.942   -18.794
  -134.735  -361.133  -445.545  -420.906  -350.352  -292.088  -199.740   -93.918
   -28.705   12.073   45.367   63.084   64.852   68.665   74.984   80.291
CT1753:030          -139.367  -111.185   -68.001   -71.874  -132.663  -175.154
  -201.922  -218.840  -220.978  -185.403  -139.913  -147.376  -236.960  -308.523
  -365.733  -432.158  -459.206  -426.873  -348.150  -286.013  -187.478   -76.005
   -14.459   14.864   39.703   55.354   55.711   56.672   59.309   61.158
CT1753:025          -112.005   -90.308   -67.710   -75.452  -132.977  -175.461
  -176.575  -144.827  -127.935   -99.195   -72.707   -96.003  -200.899  -271.047
  -305.224  -323.320  -324.952  -314.061  -283.625  -245.635  -170.035   -70.677
   -11.652   11.613   26.510   39.284   39.704   41.647   45.068   47.588
CT1753:020           -88.238   -73.138   -57.788   -62.972  -110.120  -151.753
  -144.738  -103.056   -76.398   -56.470   -45.791   -55.789   -93.400  -129.536
  -152.148  -164.233  -175.463  -198.232  -242.450  -238.856  -171.801   -74.195
   -20.213    7.031   26.148   36.850   33.105   31.909   36.731   44.911
CT1753:015           -78.524   -61.162   -42.627   -39.931   -84.051  -131.476
  -126.611   -80.178   -52.949   -35.636   -22.266   -19.002   -16.609   -18.154
   -25.127   -23.261   -33.376   -74.371  -171.211  -215.608  -173.569   -92.536
   -45.841    -8.477   24.473   37.088   31.858   22.529   19.336   39.887
CT1753:010           -91.415   -68.511   -43.457   -36.892   -77.625  -121.474
  -120.060   -87.231   -59.586   -27.800    5.020   25.061   47.459   66.803
   82.639  103.554   95.854   32.400  -109.481  -172.000  -166.472  -123.500
   -85.079   -27.334   34.088   58.545   52.453   46.951   54.877   71.356
CT1753:005           -85.078   -66.514   -38.463   -18.770   -46.496   -94.909
   -96.165   -62.943   -43.466   -31.229   -21.873    -5.504   38.648   83.144
  102.540  138.349  149.751  109.798    3.585   -71.993   -97.883  -111.825
   -97.706   -35.467   35.240   59.872   57.700   37.825   23.826   77.185
CT1754:360          -169.670  -126.071   -78.723   -54.257   -72.010   -95.806
   -97.034   -81.733   -65.901   -53.348   -18.529   21.309   51.291   62.933
   89.165  112.833   99.558   38.774   -33.778   -89.908  -161.095  -213.717
  -195.138  -100.007    4.500   54.788   71.647   83.515  100.374  116.641
