
filled_synop: 30 data points in equal steps of sine latitude from +14.5/15 to  -14.5/15

CT1763:360          -143.144  -114.763   -78.114   -44.509   -27.241   -18.265
   -10.838   -13.120   -23.245   -16.098   24.883   82.614   88.252   67.385
   47.626   -38.408  -502.265  -890.963  -592.238  276.631  644.029  485.394
   70.564   -77.863   -47.955   39.755   81.258  124.787  164.765  206.586
CT1763:355          -146.192  -109.372   -71.205   -38.874   -25.568   -22.041
   -18.147   -23.257   -34.099   -36.350   -38.237   -44.613   -41.569   -54.417
   -70.432   52.618  598.299 1070.229  972.359  608.189  450.600  327.334
   70.601   -48.065   -43.216    8.181   49.910  103.807  156.552  206.796
CT1763:350          -158.442  -122.411   -80.611   -43.808   -31.487   -33.064
   -31.205   -32.129   -32.647   -38.078   -67.918   -99.538   -94.012   -95.718
   -68.359   57.233  401.187  571.795  555.035  283.046   87.878   32.574
   -10.001   -48.646   -38.719    -0.039   38.414  103.359  164.539  220.615
CT1763:345          -145.534  -107.648   -68.766   -36.704   -25.267   -26.961
   -24.749   -22.155   -16.778   -21.722   -59.604   -97.896   -85.997   -58.907
    2.940   70.601  156.348  168.778  182.119  119.454   42.206   -12.432
   -41.454   -60.170   -45.148    -8.847   30.003   91.348  152.809  210.938
CT1763:340          -157.548  -117.554   -73.930   -35.171   -13.571    -1.409
    5.168    -0.174   -15.328   -20.937   -40.553   -59.025   -19.912   61.950
  101.200  130.972  118.694   88.698   60.073   54.711   39.919    -5.856
   -54.384   -71.743   -52.237   -12.253   28.199   81.562  139.191  196.240
CT1763:335          -176.338  -141.194   -89.284   -43.456   -14.301   18.986
   35.035   20.792   -12.504   -12.741    3.640   23.145  101.105  365.121
  520.964  510.190  280.148   99.259   59.520   60.036   44.762    6.613
   -52.388   -71.234   -48.236   -11.114   26.848   84.091  138.310  192.323
CT1763:330          -169.806  -126.062   -80.477   -41.101   -15.699    3.922
   14.981    9.858    -9.199    -5.570   38.143   88.706  155.582  486.808
  864.964  768.061  303.119   84.317   62.573   70.826   62.649   32.483
   -15.141   -29.248   -11.051   20.568   55.785  101.797  148.113  193.727
CT1763:325          -168.520  -127.261   -80.241   -37.169   -18.305   -11.224
    -2.892    6.813   20.599   20.565    8.441    -6.735   -55.435  -323.630
  -628.960  -541.677  -174.279    -7.279   14.771   20.539   22.046   10.944
    -8.143    -8.947   11.645   41.952   77.042  124.770  168.973  213.845
CT1763:320          -161.921  -123.057   -78.458   -37.246   -19.370   -11.207
    -2.832    6.183   20.017   11.998   -22.951   -62.379  -157.591  -577.977
  -966.206  -855.425  -338.242   -63.821   -21.112   -17.616   -12.881   -20.411
   -44.630   -44.334   -12.547   31.002   69.538  121.315  167.176  209.936
CT1763:315          -155.477  -111.948   -68.099   -33.034   -17.150    -8.700
    -0.987    -0.472    -1.529   -14.202   -42.804   -80.405  -154.338  -321.645
  -383.493  -366.829  -203.731   -54.063   -13.999   -16.514   -12.171   -26.943
   -58.962   -57.898   -22.747   29.432   70.255  110.684  150.224  187.660
CT1763:310          -155.824  -112.529   -63.016   -20.147    -7.437   -10.584
    -8.029    -7.355    -8.299   -15.181   -23.716   -32.049   -58.403   -91.676
  -114.519  -102.520   -60.906   -28.611    -9.832    -7.365    -4.651   -18.035
   -46.383   -41.776    -6.584   40.357   76.628  113.489  147.321  183.030
CT1763:305          -144.797  -102.900   -59.897   -25.842   -15.713   -17.671
   -14.529    -8.862    -1.829    -3.871   -16.015   -30.776   -38.828   -21.700
   -12.714   -13.703   -28.122   -34.750   -26.812   -20.257   -15.668   -17.215
   -26.112   -18.167   11.129   47.089   78.083  107.440  134.528  163.338
CT1763:300          -136.664   -97.074   -56.794   -26.877   -20.666   -24.504
   -21.174   -14.692    -7.352    -5.384   -13.544   -29.040   -30.327    -0.995
   20.253    6.227   -37.409   -58.055   -54.494   -42.356   -34.455   -28.404
   -19.474    -5.357   18.109   43.662   71.250  102.482  133.915  166.563
CT1763:295          -132.324   -98.269   -57.445   -21.567   -23.427   -45.660
   -46.950   -28.092    3.298   13.729    8.488    4.318    -1.197   -24.478
   -53.852   -54.955   -57.158   -69.125   -68.557   -69.430   -68.840   -56.640
   -34.663   -17.718    5.346   30.394   61.796  102.919  140.083  182.383
CT1763:290          -126.097   -88.052   -50.701   -25.703   -31.152   -52.805
   -53.349   -37.678   -18.615    -5.682   20.043   43.177   40.263   10.770
    -9.788   -16.951   -14.289   -11.453   -25.672   -47.890   -56.214   -55.894
   -52.967   -42.247   -17.651   14.843   49.888   91.979  136.765  181.440
CT1763:285          -130.517   -95.462   -57.135   -25.235   -21.856   -32.980
   -28.200   -11.737    8.299   22.695   35.952   48.219   51.686   51.754
   52.642   40.912   13.772    -5.636    2.016   18.045   14.170   -16.784
   -66.883   -71.413   -35.274   14.995   55.241  101.661  147.693  192.252
CT1763:280          -125.058   -95.165   -62.540   -34.700   -28.013   -32.561
   -24.631    1.447   33.566   50.124   48.844   45.999   51.307   61.910
   65.002   56.918   46.064   38.016   41.393   51.716   45.856   12.164
   -49.819   -60.014   -24.714   25.106   65.502  115.619  163.407  206.984
CT1763:275          -137.858  -101.224   -64.534   -37.195   -27.810   -26.436
   -16.507    0.566   20.440   40.425   59.555   76.969   85.278   84.361
   79.714   63.824   55.811   61.567   54.579   74.750   79.531   43.691
   -17.540   -30.667    -5.387   34.424   71.517  116.280  160.241  202.895
CT1763:270          -160.087  -125.965   -84.137   -47.665   -36.346   -31.847
   -21.063   -16.618   -14.074   13.987   78.642  144.392  158.044  128.651
  108.715   57.892   -67.327  -124.731   -79.651   43.374   74.695   46.723
    -4.295   -17.100    5.715   40.482   74.277  124.019  169.859  211.888
CT1763:265          -165.567  -134.131   -93.918   -57.557   -46.211   -41.951
   -30.090   -24.594   -23.444   11.885   90.429  164.786  188.109  174.683
  161.203   91.743  -111.471  -225.329  -133.370   53.713   94.577   64.687
   11.566    -3.153   11.545   35.693   67.431  119.421  167.812  210.621
CT1763:260          -148.496  -117.469   -85.526   -59.982   -47.765   -40.717
   -28.789   -23.599   -15.323   37.402  133.539  228.697  286.163  336.710
  337.402  307.748  240.376  191.870  161.030  162.717  146.965  100.987
   30.104    5.346   12.893   29.284   57.469  106.527  156.667  203.887
CT1763:255          -140.766  -118.526   -96.229   -74.139   -57.519   -40.103
   -24.764   -23.269   -18.264   59.953  233.374  326.836  437.463  621.947
  661.216  604.777  469.828  391.246  309.077  215.830  166.900  112.482
   34.336    6.952    8.072   12.318   39.953  100.448  155.200  201.528
CT1763:250          -134.797  -109.414   -82.777   -59.665   -45.316   -36.123
   -25.617   -31.943   -45.200   41.809  420.667  779.027  793.568  655.807
  622.672  517.421  280.129  169.049  156.604  133.172  104.115   77.424
   42.500   24.445   18.148   16.390   41.804   96.506  153.659  208.461
CT1763:245          -126.839  -103.099   -79.268   -57.588   -39.397   -19.790
   -12.564   -24.508   -40.076   -45.416   -70.208  -115.864  -131.351  -231.590
  -322.889  -240.477   -66.298    1.025   31.955   63.385   71.159   53.860
   27.536   16.749   11.150    8.211   35.050   94.544  155.014  215.326
CT1763:240          -126.703   -99.998   -68.775   -40.618   -21.869    -2.519
    1.424   -10.796   -21.363   -87.679  -380.586  -658.242  -668.882  -618.457
  -623.902  -483.548  -174.341   -34.715    9.654   53.055   74.150   58.912
   35.028   24.788    7.811    -7.299   22.345   95.619  167.182  234.368
CT1763:235          -125.405   -99.833   -74.149   -51.100   -28.414    -2.352
    3.109    -1.663   -12.506  -110.498  -424.366  -649.941  -677.009  -550.072
  -422.146  -343.564  -186.941   -76.966   -20.574   31.877   61.015   57.480
   42.636   34.823   14.539    -7.292   17.736   85.979  158.256  225.309
CT1763:230          -146.415  -117.888   -85.628   -57.238   -38.716   -21.053
   -15.032   -10.859   -16.370   -77.172  -220.180  -319.178  -337.361  -277.885
  -214.938  -170.393  -122.133   -70.856   -19.562   35.994   65.929   65.123
   55.641   51.695   32.862   14.000   38.130  101.421  161.386  214.775
CT1763:225          -142.261  -117.044   -89.489   -64.706   -47.639   -31.481
   -26.320   -23.789   -29.133   -66.809  -133.575  -183.314  -192.664  -163.692
  -133.584  -103.590   -81.466   -48.451   -10.063   33.898   59.458   60.826
   52.749   52.102   45.314   38.413   62.305  118.520  168.268  211.682
CT1763:220          -132.681  -115.287   -96.736   -77.689   -58.947   -39.236
   -29.765   -30.033   -34.289   -45.397   -51.504   -63.812   -68.990   -71.370
   -71.278   -60.668   -57.516   -42.542   -11.078   28.508   51.542   60.956
   61.747   64.614   61.274   54.631   72.341  112.587  154.907  196.911
CT1763:215          -123.795  -109.056   -94.060   -78.186   -59.993   -39.169
   -27.114   -23.214   -22.799   -27.672   -34.599   -41.547   -45.005   -50.378
   -56.442   -50.424   -52.584   -46.817   -19.515   19.300   40.942   57.812
   73.855   80.230   69.560   57.215   74.991  111.901  148.242  190.525
CT1763:210          -131.296  -116.142   -99.082   -79.318   -56.172   -31.583
   -16.244    -2.219   11.479    6.201   -28.984   -58.153   -50.375   -15.942
    -2.839   -12.729   -36.113   -39.987   -25.769    -4.465   10.919   28.987
   47.700   55.275   44.147   30.141   50.325   97.273  149.288  200.770
CT1763:205          -141.574  -122.750  -106.439   -87.601   -54.716   -14.179
    3.220    5.106    3.883    1.124    -4.865    -3.790    -4.456    4.470
    6.175    -4.870   -29.461   -38.386   -38.326   -34.613   -24.802   -11.861
    0.027   10.175   11.341   13.301   44.936  107.816  164.668  216.242
CT1763:200          -138.281  -110.158   -83.653   -57.848   -29.116    1.074
   14.631    3.198   -12.377   -13.760    -7.495    -7.550    -3.217    9.260
    8.435    -8.885   -43.791   -58.479   -57.711   -49.348   -37.885   -23.987
    -6.044    4.712    0.614    -1.063   28.771   87.829  150.811  209.220
CT1763:195          -142.776  -110.321   -75.812   -43.930   -16.464    9.927
   21.821   16.558    9.399    7.278    9.623   11.159   10.781   11.713
    5.554   -17.382   -62.353   -80.624   -77.322   -68.357   -53.618   -22.783
   12.583   24.766   10.425    -5.375   21.726   85.435  150.204  210.704
CT1763:190          -147.351  -106.215   -62.108   -25.458    -1.983   13.048
   22.600   24.680   22.801   17.267   12.057   13.312    7.904    5.484
    0.029   -22.577   -64.803   -78.034   -72.151   -56.816   -36.835    6.505
   54.124   63.837   25.493   -10.928   18.015   92.004  158.910  218.733
CT1763:185          -156.585  -110.140   -66.208   -29.603    0.586   29.515
   40.129   25.155    6.833    -5.832   -30.485   -49.423   -45.907   -19.100
   -11.491   -29.059   -63.621   -72.440   -54.328   -23.464    -0.086   35.457
   72.998   82.236   56.505   27.271   43.435   90.087  138.216  186.789
CT1763:180          -178.972  -131.970   -81.447   -37.896    -3.469   28.005
   38.764   21.452    1.057   -13.976   -45.920   -69.971   -66.879   -42.048
   -34.792   -43.136   -58.791   -59.573   -39.838   -12.223    9.112   40.064
   68.778   77.677   58.725   36.162   50.573   89.386  129.801  169.415
CT1763:175          -201.967  -152.809   -94.631   -47.816   -13.466   16.902
   28.341   19.521    7.948    -3.476   -24.493   -38.745   -47.066   -56.540
   -62.601   -59.663   -51.995   -45.568   -28.989    -7.079   11.177   36.491
   59.464   70.507   59.706   49.051   67.083  104.578  136.722  166.335
CT1763:170          -179.567  -128.825   -77.898   -38.628   -17.939    -2.670
    5.879    5.876    2.843    -2.505    -5.713    -8.313   -22.405   -49.026
   -60.136   -58.426   -50.313   -46.063   -35.014   -19.053    -3.998   12.989
   26.939   43.282   55.072   62.824   80.196  107.620  134.336  159.459
CT1763:165          -164.991  -120.591   -73.791   -38.971   -26.713   -22.402
   -18.873   -20.688   -23.925   -26.469   -26.721   -30.435   -35.434   -46.777
   -51.637   -56.254   -54.122   -56.765   -76.917   -80.049   -65.693   -33.993
   18.569   48.201   61.682   72.639   91.914  116.572  139.734  162.687
CT1763:160          -172.629  -130.455   -81.972   -44.930   -30.581   -18.489
   -16.328   -37.349   -54.156   -55.161   -48.363   -46.894   -44.136   -43.907
   -43.807   -55.527   -98.250  -126.653  -162.878  -256.662  -255.871  -125.987
    9.495   50.652   59.477   67.944   89.229  114.781  140.440  167.894
CT1763:155          -162.707  -122.593   -84.003   -55.462   -40.216   -28.433
   -28.586   -54.560   -75.269   -76.396   -61.649   -46.094   -40.792   -31.683
   -18.936    9.313   73.467   80.752   -11.460  -113.823  -122.305   -62.741
   12.174   41.762   52.605   60.154   81.643  110.683  140.216  170.192
CT1763:150          -163.280  -137.661  -110.264   -85.068   -63.411   -41.800
   -38.851   -61.795   -81.599   -83.690   -84.795   -82.855   -59.677   -25.547
    -8.798   22.715   59.137   59.809   38.081   11.258    2.253    -2.050
    3.629   16.789   25.464   36.436   65.236  105.218  143.316  181.335
CT1763:145          -151.748  -131.887  -108.884   -85.060   -55.526   -26.520
   -21.691   -46.964   -65.658   -63.276   -46.879   -27.272    -9.308   24.347
   45.785   39.631   19.956   14.865   26.203   33.183   25.984    3.409
   -25.002   -22.095    -1.794   21.746   54.020   98.462  145.420  191.357
CT1763:140          -137.002  -124.582  -115.958  -102.594   -70.754   -33.770
   -23.712   -39.811   -50.336   -42.172   -23.358    -6.365   10.808   31.796
   39.667   36.008   21.445   20.436   40.393   63.981   58.976   19.619
   -22.654   -26.320    -9.079   14.786   51.068  103.623  152.654  198.569
CT1763:135          -146.599  -134.888  -121.708  -105.006   -80.611   -53.467
   -41.599   -42.730   -42.495   -31.162   -10.663    6.000   18.040   32.053
   36.022   30.595   22.745   24.032   43.036   71.087   67.217   20.195
   -28.716   -32.968   -16.713    5.465   46.868  111.923  168.839  217.781
CT1763:130          -129.746  -121.170  -109.800   -96.677   -84.174   -70.536
   -58.034   -44.692   -30.500   -15.824    2.735   17.207   26.891   35.968
   33.730   10.160   -23.656   -29.643    -2.404   36.751   39.743    4.387
   -35.108   -34.308    -9.667   19.067   54.518  102.057  149.772  195.168
CT1763:125          -108.246   -96.036   -89.541   -80.788   -71.094   -60.608
   -47.199   -31.539   -12.586    6.668   37.085   59.546   58.942   52.601
   40.277    -9.407   -92.998  -113.351   -66.299   -16.014    -3.754    -4.426
    -6.989    2.538   26.193   51.114   79.763  116.276  151.718  188.837
CT1763:120          -125.092  -102.295   -83.110   -66.683   -55.656   -45.697
   -31.376   -17.035    -1.614   21.728   58.051   77.092   80.201   72.084
   51.448   17.974   -32.770   -49.925   -37.950   -16.750    -4.279    8.549
   19.102   28.527   33.912   41.606   69.121  109.639  148.349  185.345
CT1763:115          -134.642  -111.797   -86.885   -63.680   -44.256   -26.995
    -9.889    5.226   22.240   48.958   94.907  112.560  107.139   92.301
   68.129   30.449   -15.472   -30.029   -24.616   -15.206    -2.156   12.729
   24.022   34.950   37.166   42.048   69.062  111.114  150.741  187.824
CT1763:110          -134.014  -108.439   -81.766   -56.390   -32.802   -10.318
    7.959   21.986   37.133   63.420  119.823  136.266   97.174   34.745
    1.353   -39.328   -62.657   -65.138   -56.843   -37.051   -19.198    0.092
   20.327   35.044   35.188   39.791   67.843  109.619  149.003  187.504
CT1763:105          -136.659  -108.652   -80.350   -53.303   -23.278    5.378
   24.264   36.414   49.357   62.957   91.350   85.563    -7.850  -188.103
  -260.054  -239.270  -195.389  -178.927  -146.362  -110.579   -83.688   -41.450
    1.248   24.790   32.638   44.601   77.801  125.839  172.042  213.305
CT1763:100          -150.182  -119.208   -83.710   -53.155   -33.723   -16.504
    1.438   24.124   41.567   42.371   37.007   14.563   -61.289  -194.435
  -243.425  -211.846  -150.364  -133.678  -129.692  -124.785  -105.639   -65.981
   -25.023    4.875   32.254   58.737   95.595  144.309  186.860  223.158
CT1763:095          -150.186  -116.868   -83.378   -55.794   -39.026   -22.861
    -5.850   22.856   45.583   39.874   20.226    -3.672   -49.685  -109.244
  -130.230  -120.485   -74.244   -63.586   -89.778  -108.957   -95.677   -56.321
   -11.343   17.100   38.033   60.654   90.703  125.641  159.402  193.473
CT1763:090          -156.428  -106.566   -59.548   -29.301   -27.528   -27.034
   -14.403    4.074   12.890   10.587    5.397    -7.655   -23.608   -31.606
   -32.854   -14.869   16.578   17.277   -35.164   -98.177   -96.116   -49.107
    -3.447   24.531   50.455   75.548  100.531  123.482  147.209  172.592
CT1763:085          -173.719  -121.794   -60.847   -17.368    -5.133    4.091
   16.482   34.264   45.106   25.134   -21.027   -44.943   -52.817   -60.302
   -59.172   -18.571   23.578   26.253   -11.402   -52.404   -55.519   -37.326
   -14.653    9.452   41.235   71.080   96.299  117.422  139.961  163.979
CT1763:080          -165.213  -120.445   -75.070   -38.899   -13.626    8.152
   20.165   28.258   28.191    1.693   -57.971   -88.001   -83.457   -57.154
   -41.249   -26.779    -5.078    1.436    -7.974   -21.127   -26.371   -36.976
   -40.380   -19.646   26.822   70.928   97.216  115.265  133.976  154.261
CT1763:075          -173.529  -138.839  -105.554   -71.975   -31.656    6.448
   17.926   12.481    1.803   -26.414   -84.148  -110.253  -103.765   -85.943
   -74.339   -53.352   -37.456   -27.778   -10.987    1.424    -2.372   -31.472
   -51.096   -31.761   22.814   69.484   96.398  118.155  140.194  161.299
CT1763:070          -167.259  -138.131  -111.042   -79.950   -32.873   12.892
   22.330    5.559    -9.661   -32.223   -67.654   -80.868   -74.129   -49.613
   -33.682   -19.591    -0.890    8.309   10.388   12.305   10.327    -1.476
    -7.786    4.638   33.093   62.746   90.771  119.548  145.525  168.551
CT1763:065          -168.671  -137.681  -103.563   -67.744   -22.417   19.254
   26.411    1.010   -19.113   -34.522   -58.107   -68.240   -47.909   -10.181
    5.971   12.462   17.869   23.886   26.628   27.022   26.940   21.228
   14.234   22.997   39.918   58.450   86.922  122.383  157.351  189.806
CT1763:060          -163.673  -133.527  -102.707   -69.461   -24.551   15.495
   26.120   12.899    -0.052   -10.266   -24.486   -29.693   -17.190    6.142
   16.818   21.333   18.893   22.987   31.947   35.643   36.357   34.606
   32.824   40.318   48.224   61.243   97.005  147.360  187.728  221.304
CT1763:055          -181.306  -141.188   -96.462   -56.433   -17.167   18.278
   29.908   22.535   17.941    9.845    0.133    -2.060    -2.200    4.456
    9.119   11.076   12.407   16.969   30.057   39.268   40.867   30.524
   23.467   34.689   53.528   72.920  106.059  149.702  184.389  212.809
CT1763:050          -170.441  -131.101   -91.276   -56.156   -24.606    2.506
   11.948    3.636    -1.304    -6.308   -16.506   -22.531   -23.654   -28.628
   -32.733   -17.003   -10.560    -9.737    -5.014    -7.387    -3.058    -6.105
    -5.523   11.130   40.709   67.813   94.263  122.566  149.481  175.443
CT1763:045          -156.698  -127.615   -98.203   -71.118   -47.015   -24.537
   -14.835   -19.315   -20.944   -18.359   -13.726   -15.540   -14.056   -12.967
   -29.848   -28.451   -36.091   -42.719   -58.490   -79.401   -59.798   -36.528
   -15.811    5.499   34.000   59.720   81.341  101.177  122.592  145.861
CT1763:040          -175.803  -141.620  -103.530   -71.700   -51.189   -31.956
   -19.475   -13.688    -9.147    -4.209    5.906    4.662    6.413   13.800
   -28.626  -101.486  -140.060  -150.897  -153.103  -110.992   -65.184   -42.821
   -21.496    -1.076   24.731   49.973   71.333   91.048  112.999  136.971
CT1763:035          -179.967  -144.117  -105.783   -70.683   -38.865    -9.046
    6.760   18.526   27.388   29.068   35.421   26.853    5.810   -16.354
  -109.205  -435.080  -737.656  -730.169  -425.988  -101.446   -17.734   -30.279
   -30.556   -18.111    -0.013   23.865   52.825   86.323  119.634  152.787
CT1763:030          -160.221  -128.986   -99.401   -66.946   -21.076   20.572
   33.060   22.606   18.215   20.052   25.502   11.500   -20.153   -63.207
  -166.050  -611.392 -1178.736 -1124.380  -463.502   17.565  101.866   22.551
   -45.007   -43.254    1.051   39.488   67.289   94.600  124.645  156.403
CT1763:025          -159.626  -124.484   -87.840   -47.547    5.548   49.424
   55.715   23.183    6.216   14.067   40.398   39.549    4.666   -41.576
   -94.558  -166.247  -155.094   -97.463  118.689  363.716  371.335  138.503
   -36.474   -55.791    -9.257   31.978   67.344  105.305  140.833  174.800
CT1763:020          -155.602  -119.794   -84.232   -46.755    6.939   52.717
   57.903   20.652    3.543   15.578   48.666   56.634   29.199   -19.446
   -28.316  117.807  349.550  389.755  381.970  416.553  379.898  150.753
   -19.387   -39.115    6.733   42.269   81.661  130.163  171.313  209.183
CT1763:015          -156.359  -121.820   -85.261   -45.363    8.074   51.823
   54.541   14.512    -3.853   11.957   46.034   59.917   60.874   40.843
   46.788   60.685   17.313   32.224  117.220  134.431  106.185   36.569
   -22.535   -26.376    -2.198   24.383   63.113  111.675  156.826  198.741
CT1763:010          -158.914  -125.999   -89.395   -51.564    -3.087   36.949
   39.796    4.958    -9.366   13.470   61.672   85.782  115.787  164.924
  198.865  179.472  139.041   91.682   -67.940  -181.843  -225.569  -154.636
   -66.359   -38.168   -10.307   17.624   55.166  103.160  149.151  193.741
CT1763:005          -158.391  -129.417  -100.440   -69.312   -25.569   11.804
   17.257    -9.597   -19.789    0.053   40.936   59.534   46.543   27.675
   99.999  375.544  658.416  596.837    -4.111  -568.715  -553.950  -198.848
   -24.909    -9.704    7.328   30.707   61.161  100.708  141.945  187.484
CT1764:360          -154.843  -114.660   -75.039   -43.194   -18.915    0.723
    2.410   -15.438   -22.838   -19.369   -10.263    -6.808   -58.917  -144.930
   -54.723  374.760  801.978  816.550  485.339  175.223   76.763   46.423
   32.538   24.564   17.477   19.479   53.598  101.985  144.147  186.704
