
filled_synop: 30 data points in equal steps of sine latitude from +14.5/15 to  -14.5/15

CT1736:360          -103.848   -77.417   -51.032   -22.676    -2.711   14.294
   22.149    -2.783   -54.660   -84.844  -101.046  -102.403  -118.098  -141.970
  -194.623  -509.100 -1336.718 -1874.722 -1741.665  -943.516  -425.665  -225.637
   -39.705   70.351   56.495   22.223   33.832   68.259  100.239  128.419
CT1736:355          -113.189   -85.549   -55.444   -26.689   -13.631    -2.372
    -4.963   -43.308  -111.950  -148.904  -150.404  -132.341  -124.736   -85.630
   -46.880  -312.839 -1462.575 -2253.456 -2118.885 -1142.004  -428.043  -199.088
   -11.566   77.950   58.352   22.259   32.198   59.512   92.433  122.233
CT1736:350          -119.609   -94.362   -63.611   -26.557   -15.902   -21.808
   -36.122   -84.872  -171.708  -207.053  -197.569  -172.263  -132.205   -11.590
  117.628  121.887   -49.663  -231.839  -218.786   -84.203   -42.084   -39.954
    2.704   35.659   46.257   46.446   57.522   77.099   95.383  114.350
CT1736:345          -115.170   -86.330   -54.439   -28.418   -28.368   -40.885
   -64.963  -126.584  -221.466  -255.200  -232.062  -190.434  -126.733   -16.704
   98.522  417.439 1481.070 2273.431 2080.370  980.470  309.768  172.998
   97.893   45.036   50.437   58.654   67.431   82.539   96.163  108.253
CT1736:340          -110.304   -90.404   -67.335   -43.103   -49.286   -69.474
   -95.278  -150.704  -239.941  -267.754  -233.893  -183.438  -127.997  -104.923
   -66.855  312.745 1557.983 2413.001 2240.112 1075.319  273.518  111.176
   84.572   43.139   56.685   79.290   87.592   92.979   97.750  104.903
CT1736:335          -102.135   -80.824   -56.038   -38.535   -55.272   -95.428
  -131.055  -171.422  -227.132  -239.380  -197.795  -135.905  -100.676  -142.279
  -166.674   12.092  462.793  769.021  722.974  357.894   69.073   -14.296
   23.630   30.160   49.759   74.150   88.923   96.032  100.705  105.549
CT1736:330           -97.682   -80.224   -57.752   -41.572   -62.342  -108.855
  -145.962  -183.034  -233.370  -237.685  -170.217   -77.641   -44.016   -85.035
  -130.639  -125.598  -165.806  -178.586  -198.653  -194.418  -181.106  -159.298
   -41.718   23.491   51.789   70.167   87.712   94.863  101.476  110.444
CT1736:325           -91.842   -76.769   -56.330   -42.307   -73.871  -140.945
  -183.618  -205.897  -222.706  -210.038  -143.775   -49.339    -9.831    -3.264
    -4.138   -61.580  -274.556  -433.493  -465.962  -425.669  -368.455  -276.021
   -87.952   21.737   57.167   65.747   81.229   90.607  102.948  116.642
CT1736:320           -83.102   -62.976   -44.841   -43.206   -87.488  -175.908
  -223.597  -226.143  -209.334  -187.927  -137.544   -71.440   -36.044   15.883
   56.853    -8.743  -214.690  -371.246  -421.064  -431.485  -405.929  -294.040
   -98.509   13.970   57.862   64.741   83.816   97.411  109.026  121.001
CT1736:315           -92.863   -79.997   -63.274   -50.731   -86.539  -176.588
  -221.841  -213.903  -176.639  -149.329  -120.187   -84.255   -55.048    5.471
   56.986   -15.359  -231.567  -359.838  -422.773  -400.014  -321.146  -244.424
   -99.451    0.218   48.888   65.638   93.948  101.626  107.426  118.676
CT1736:310          -118.930   -95.827   -71.833   -64.349   -92.109  -145.698
  -165.411  -151.140  -118.757   -93.409   -73.442   -58.135   -36.334    9.024
   37.610   -40.750  -361.838  -652.889  -656.640  -484.737  -391.426  -335.028
  -198.396   -99.900   -35.475   49.729  114.531  132.406  126.988  121.882
CT1736:305          -150.341  -139.676  -119.107   -99.245  -112.369  -159.663
  -174.735  -136.325   -61.381   -21.147    -9.353    -0.616   23.584   82.383
  146.865  105.028   -94.291  -254.642  -286.167  -306.222  -356.890  -363.498
  -421.983  -421.175  -266.084   11.415  117.706  108.454  100.634  109.803
CT1736:300          -145.913  -130.261  -110.968  -101.159  -116.771  -153.547
  -157.619  -116.313   -44.687    -1.712   22.908   34.619   61.427  123.304
  170.281  188.776  288.972  375.259  333.348  278.189  251.730   61.579
  -333.516  -451.458  -323.210   -43.774   98.629  126.246  120.197  114.303
CT1736:295          -135.760  -126.396  -114.211  -105.137  -113.981  -145.597
  -144.962   -98.249   -25.635   22.373   63.272  106.757  135.125  157.051
  166.387  196.549  325.528  359.813  386.115  408.760  352.877  209.709
  -119.885  -253.936  -172.907   16.550   90.440   93.649   96.379  110.098
CT1736:290          -135.637  -131.122  -125.226  -120.007  -120.120  -131.480
  -116.848   -64.021   11.470   59.791   94.058  127.752  139.825  156.771
  152.669  112.863  112.153  108.849  129.982  172.095  203.273  187.943
   45.005   -14.882    0.094   33.074   58.319   80.846   97.603  117.597
CT1736:285          -148.389  -141.337  -131.693  -120.459  -109.521  -101.726
   -71.161    -9.744   74.049  117.995  128.566  128.453  109.048  107.573
   70.839  -146.091  -637.760  -783.326  -746.498  -316.121   53.036  178.539
  212.941  225.418  189.059   95.733   52.169   70.055  101.690  131.663
CT1736:280          -162.789  -149.123  -133.976  -116.082   -88.810   -61.711
   -20.659   55.308  159.782  201.454  188.297  160.877  115.334   56.394
    1.759  -334.599 -1689.450 -2686.152 -2202.209  -651.235   65.394  226.991
  389.190  445.038  314.046   85.479   33.075   77.428  115.709  142.537
CT1736:275          -159.355  -143.341  -128.241  -110.890   -79.197   -41.802
   11.379  112.298  244.980  292.851  258.972  205.474  156.612   48.744
   -65.939  -197.881  -703.264 -1152.523  -865.908  -101.800  228.204  268.294
  255.060  239.710  184.306   74.335   31.747   62.991  109.503  153.804
CT1736:270          -168.485  -152.665  -135.031  -109.130   -62.392    -8.166
   53.909  157.384  295.773  346.944  284.502  203.233  173.284  132.423
  121.083  325.472 1454.641 2371.716 1926.858  693.840  207.334  143.353
   87.455   45.057   23.375    5.126   21.680   70.640  122.194  169.385
CT1736:265          -180.398  -158.343  -141.289  -119.345   -59.406   25.647
   95.865  168.582  246.089  295.168  270.089  196.776  180.906  166.961
  162.158  353.069 1160.365 1617.928 1389.006  517.351   61.908   -37.737
  -115.242  -158.689  -109.992   -11.564   36.376   85.819  136.229  182.323
CT1736:260          -169.933  -155.544  -141.493  -112.865   -42.336   56.759
  127.553  161.180  168.167  227.620  372.748  528.490  528.145  316.065
  134.115  113.826   -46.969  -327.243  -186.225   57.058   29.590   -88.485
  -186.759  -221.189  -163.013   -41.436   31.855   84.537  132.208  177.722
CT1736:255          -154.082  -134.050  -120.379   -97.501   -25.971   81.772
  149.701  156.911  128.207  215.150  555.689  930.002  953.340  631.041
  323.188  221.732  127.289  120.682   44.945   40.861   32.111   -56.419
  -156.296  -189.550  -131.974   -31.877   29.000   75.613  121.155  165.665
CT1736:250          -146.932  -126.903  -111.205   -87.514   -18.538   91.141
  155.561  153.169  106.183  200.508  635.983 1094.513 1136.116  827.770
  536.715  455.420  465.600  474.508  366.098  164.539   48.490   -27.647
  -120.392  -153.902  -103.671   -22.093   29.580   74.082  113.860  152.825
CT1736:245          -150.610  -134.611  -118.277   -88.002   -16.949   78.598
  133.336  141.636  115.133  158.583  380.500  581.515  602.032  471.751
  319.723  312.585  372.156  368.907  303.856  150.628   41.670   -27.907
  -107.583  -135.501   -97.479   -27.752   23.948   65.368  103.320  143.644
CT1736:240          -143.621  -125.968  -111.121   -88.431   -31.497   60.327
  109.210  119.386  118.249   63.913  -123.621  -272.185  -286.338  -192.596
   -51.864   20.237   85.721  128.512  120.791   74.247   24.863   -32.866
  -107.542  -131.692   -86.730   -19.729   23.122   62.333  101.332  142.575
CT1736:235          -139.223  -124.008  -109.676   -83.886   -26.649   59.965
   92.430   75.405   50.205   -96.522  -604.668 -1094.635 -1104.886  -698.088
  -349.631  -209.420   -63.585   28.644   49.405   42.002   22.585   -26.043
  -103.801  -126.148   -85.829   -23.783   21.728   65.023  104.738  143.443
CT1736:230          -135.865  -122.592  -109.083   -81.048   -19.036   71.704
   86.969   23.206   -63.391  -223.942  -686.539 -1127.855 -1119.963  -699.358
  -358.766  -223.624   -84.515   19.121   23.371   12.025    9.905   -33.562
  -107.798  -120.291   -80.640   -22.063   20.411   61.610  100.796  139.837
CT1736:225          -132.611  -113.688  -101.435   -82.448   -23.356   87.212
  100.393    -4.241  -155.608  -294.630  -518.839  -670.155  -657.724  -429.165
  -181.424  -112.196  -145.911  -145.364  -115.908   -90.352   -85.268   -87.468
  -105.997  -100.239   -65.789   -21.074   15.924   56.719   97.076  137.658
CT1736:220          -122.448  -112.375   -98.813   -66.830    6.393  106.622
  111.956   -10.080  -183.371  -289.193  -391.011  -479.647  -449.237  -265.163
  -131.857  -100.035  -159.235  -188.465  -184.294  -160.455  -141.851  -124.116
   -91.415   -64.157   -43.068   -25.976    2.440   39.995   80.739  122.544
CT1736:215          -111.752   -91.780   -81.060   -64.930    -9.972   89.245
   96.276    -8.046  -145.768  -213.384  -258.947  -275.009  -245.402  -135.789
   -56.665   -53.219  -112.884  -150.823  -189.544  -252.868  -266.317  -197.892
   -88.160   -39.525   -30.886   -35.812    -9.693   32.661   75.003  115.369
CT1736:210          -124.349   -98.164   -72.290   -39.088   13.243   80.290
   78.436   -26.008  -165.235  -211.251  -177.424  -137.819  -105.086   -36.759
    5.032   -11.445   -78.933  -132.115  -193.125  -282.155  -301.659  -231.950
  -102.668   -37.550   -22.288   -27.338    -3.633   37.585   83.254  127.939
CT1736:205          -123.523   -94.765   -66.172   -31.860   19.481   81.458
   80.648   -23.826  -165.935  -189.463   -87.043    9.937   40.118   45.974
   38.473   11.070   -51.633  -111.139  -206.350  -341.421  -375.245  -290.777
  -125.487   -43.580   -19.428   -24.923    -0.260   42.987   92.379  140.100
CT1736:200          -108.152   -80.600   -56.404   -31.285   11.477   76.788
   82.916    5.493  -103.390  -114.333   -10.778   96.834  118.813   88.560
   70.283   42.896   -22.480   -95.609  -212.594  -424.086  -495.458  -354.906
  -112.039   -22.171    -1.665   -14.037   15.950   57.212   97.531  138.936
CT1736:195          -108.164   -96.279   -81.484   -55.420    -9.059   45.804
   51.642   11.332   -36.277   -43.877   -24.302    -0.397   27.227   55.754
   70.309   80.779  100.688   54.275   -73.229  -311.896  -404.024  -316.658
  -103.669   -12.053   11.857    5.405   31.600   67.469  102.509  139.397
CT1736:190          -104.457   -92.711   -81.854   -64.885   -33.214   20.516
   29.018   -26.054  -100.787  -117.999  -100.641   -86.034   -52.981   16.912
   68.078  126.428  311.431  374.342  158.978  -253.040  -421.687  -392.830
  -298.555  -232.024  -141.227   -47.244   22.810   64.887  103.159  144.417
CT1736:185          -101.050   -83.476   -66.412   -46.049   -20.411   14.558
   14.079   -50.133  -133.197  -150.007  -119.829   -71.398   -45.127    -6.126
   35.082   72.388  164.205  166.393   37.256  -237.154  -381.833  -434.604
  -449.685  -409.609  -270.542   -75.494   16.090   60.223  104.395  151.385
CT1736:180          -101.705   -78.836   -53.682   -25.928    -2.113   21.087
   19.618   -33.056  -109.711  -115.338   -74.209   -26.155   -16.611   -28.886
   -36.469   -48.270   -93.347  -143.814  -166.759  -188.256  -234.732  -334.099
  -488.640  -489.315  -325.314   -98.037    1.189   50.750  103.757  153.832
CT1736:175          -103.563   -69.310   -31.365    3.521   21.483   30.634
   25.772    -9.343   -43.802   -20.303   80.376  162.708  148.013   27.786
   -76.441   -86.993   -21.638    -6.164   -42.440  -106.887  -130.246  -120.535
   -86.680   -58.127   -49.828   -36.833    2.120   53.431  100.687  144.308
CT1736:170          -105.044   -60.877   -17.259   17.166   30.603   24.633
   25.989   42.563   60.445   94.234  231.671  334.604  273.500   52.966
  -130.058  -174.398  -101.775   -66.134   -94.294  -151.940  -143.051   -59.612
   54.578   96.556   60.556    -5.110    5.720   50.442   92.394  131.231
CT1736:165          -116.829   -70.589   -23.143   18.279   26.255    6.259
   13.881   99.445  208.841  267.299  368.456  413.039  322.245   31.308
  -196.271  -363.320  -621.873  -707.178  -608.847  -349.455  -197.946   -37.352
  143.390  196.925  119.100    7.313    2.266   47.891   90.130  131.861
CT1736:160          -129.145   -79.060   -24.066   18.771   26.798   17.244
   24.389   79.740  136.298  154.634  178.339  203.353  103.347  -107.999
  -246.965  -452.193  -863.879 -1028.225  -780.742  -366.566  -179.312   -56.361
   62.430  107.474   55.030   -12.817    -8.718   32.491   79.259  125.617
CT1736:155          -137.981   -84.210   -23.432   22.396   18.428    -8.702
   -51.768  -152.291  -218.730  -247.201  -319.243  -345.043  -335.792  -264.479
  -261.571  -329.910  -454.552  -520.848  -396.453  -224.351  -117.757   -25.747
   41.970   73.990   33.687   -11.261    -3.118   41.918   85.249  127.413
CT1736:150          -143.147   -75.217    -7.354   25.316    -6.752   -54.881
  -128.905  -379.326  -651.415  -660.596  -509.714  -473.755  -401.914  -237.750
  -230.428  -217.813    6.641  130.507   -22.180  -143.280   -87.675   -32.111
   17.560   58.255   30.770   -12.212    -6.610   34.076   84.048  129.746
CT1736:145          -162.594  -102.745   -19.033   35.174   -15.083  -100.386
  -167.863  -300.572  -407.889  -368.117   14.022  405.227  313.116   -30.753
  -184.331  -370.081  -787.438  -962.177  -758.672  -480.397  -337.142  -184.414
    5.972   76.761   43.906    -5.033    3.879   52.479   95.192  131.390
CT1736:140          -154.425   -82.050    -9.130   23.286   -29.017  -110.205
  -164.973  -197.469  -194.420  -157.255   -29.144   54.241   21.966  -148.485
  -297.763  -525.793  -957.153 -1089.215  -934.217  -653.449  -479.412  -222.242
   88.192  172.190  100.341   12.617    2.524   35.047   78.699  118.856
CT1736:135          -157.874   -84.361    -9.839   22.735   -29.945  -111.744
  -157.185  -201.424  -238.341  -209.661  -169.432  -163.711  -182.641  -231.822
  -318.375  -476.194  -680.985  -700.406  -549.023  -249.307   -61.120   68.758
  211.106  235.132  143.938   37.577   14.385   49.400   79.898  107.737
CT1736:130          -170.662  -108.972   -27.637   20.809   -26.398  -107.218
  -147.230  -198.301  -228.862  -138.300   74.819  149.955  141.098   -41.315
  -200.326  -271.589  -315.692  -266.523   13.911  423.805  565.368  496.582
  300.331  224.884  134.975   43.258   15.802   39.812   71.979  102.739
CT1736:125          -164.231  -104.091   -32.222    3.246   -40.565  -113.930
  -148.849  -194.974  -214.009   -54.576  534.989 1006.041  835.970  244.130
    6.242   -13.529   -19.708   13.329  374.270  908.620 1022.891  756.715
  386.668  261.857  163.176   61.204   32.105   63.435   85.955  109.775
CT1736:120          -139.517   -79.852   -26.612    -9.057   -55.363  -112.993
  -127.738  -164.863  -180.769   -98.584  127.104  294.362  291.640  182.305
  135.711  191.190  341.618  398.978  385.510  468.813  510.553  391.009
  359.290  329.757  212.191   81.642   37.430   59.248   97.242  127.661
CT1736:115          -144.060  -106.223   -63.121   -34.697   -68.006  -126.871
  -123.187   -71.968   -15.336   22.788  -121.165  -377.667  -156.706  213.328
  291.084  356.706  427.401  419.830  111.878  -599.200  -719.063  -170.757
  355.355  386.699  237.948   87.195   54.048  106.129  136.573  150.382
CT1736:110          -147.130   -93.237   -46.048   -24.751   -47.607   -73.618
   -43.690   94.041  221.730  276.935  581.064 1023.959  838.945  481.267
  483.977  506.795  487.749  486.571  449.589  469.623  495.940  450.222
  512.061  486.558  312.538  107.425   39.300   61.510  103.058  133.268
CT1736:105          -170.677  -121.154   -60.558   -13.808    -8.780   -15.585
   23.222  167.289  286.454  183.340  -430.432  -934.016  -677.765   -12.029
  250.515  337.155  409.992  477.662  630.615  875.768  927.510  810.199
  660.446  561.818  349.905  125.137   58.644   86.198   94.462   96.515
CT1736:100          -167.732  -108.966   -50.835    -9.247    0.050    2.972
   37.990  156.481  253.625  102.204  -537.523  -928.745  -782.302  -201.596
   85.256  172.252  225.213  289.363  423.867  556.134  600.292  644.623
  618.140  534.802  338.901  124.407   47.875   55.744   71.923   82.426
CT1736:095          -162.814  -106.770   -49.784    -5.843   11.148   22.419
   54.839  131.644  207.202  197.711  149.044  197.007  143.297   67.872
   99.334  127.758  122.398  154.619  231.623  310.606  353.887  411.149
  465.333  419.038  265.483  100.267   45.758   55.876   58.718   63.873
CT1736:090          -156.500  -109.201   -57.930   -12.934   12.039   30.863
   46.390   21.965   -12.960   82.643  439.865  635.971  583.620  322.241
  177.445  175.847  191.157  195.630  212.867  204.746  222.334  249.323
  269.441  242.969  158.381   76.465   44.579   47.602   52.719   57.660
CT1736:085          -156.054  -107.273   -58.418   -16.930   16.527   43.496
   54.051   46.948   63.050  160.060  435.333  596.751  563.242  352.353
  198.408  165.516  158.555  134.398  149.037  139.438  168.799  171.123
  149.351  137.824  104.562   68.546   51.897   58.121   59.346   58.039
CT1736:080          -166.350  -120.655   -67.874   -17.572   23.711   65.473
   72.973   33.615   -11.588   33.100  186.868  306.395  279.499  206.894
  106.175   -98.419  -307.330  -349.253  -298.297   -81.333   52.680   86.815
   90.730   97.550   71.992   54.092   46.297   45.733   48.098   54.508
CT1736:075          -174.664  -118.279   -59.401    -7.918   48.850  110.511
   79.953   -82.452  -187.583  -228.973  -224.518  -158.761  -148.596   -53.796
  -113.924  -583.546 -1335.688 -1498.107 -1099.070  -390.483  -122.198   -35.969
   51.432   94.810   64.610   37.317   31.244   35.088   44.658   62.141
CT1736:070          -179.007  -116.970   -51.734    7.981   78.707  144.988
  104.493  -187.123  -456.101  -461.555  -411.767  -468.380  -350.444  -131.283
  -173.418  -687.676 -1607.003 -1819.736 -1289.141  -606.671  -381.079  -180.076
   31.574   98.321   59.323   18.746   21.093   44.074   70.331   94.437
CT1736:065          -186.664  -124.664   -54.474    4.840   55.053  101.580
   92.391   23.274    -7.315    4.959  213.140  399.556  247.942    -4.321
  -100.470  -230.019  -343.045  -371.910  -455.548  -474.529  -400.636  -190.771
   26.937   78.101   18.624   -32.009   -10.686   50.142   96.072  128.282
CT1736:060          -177.414  -124.134   -67.316   -14.856   33.350   71.624
   81.982   89.771   89.214  104.003  150.840  142.659  100.335   -61.191
  -106.003  162.266  667.268  753.291  388.397   -77.813  -157.546   -89.229
    6.722   31.088    -3.569   -43.691   -29.164   21.869   82.200  136.544
CT1736:055          -168.558  -120.948   -73.571   -29.983   11.919   57.425
   76.352   75.126   67.045   48.936   -33.399  -105.661  -104.097  -126.794
   -75.052  287.992  881.845  998.330  694.010  210.454   56.215   26.110
    9.576    -6.532   -23.057   -39.386   -15.437   39.268   87.225  132.879
CT1736:050          -165.163  -120.221   -71.306   -24.820   15.275   55.252
   71.709   61.310   51.039   33.832    -9.705   -21.003   -29.760   -50.314
   18.730  249.943  572.237  648.192  569.206  390.800  266.969  143.406
   25.363   -21.460   -10.551    3.837   21.961   56.252   91.543  128.165
CT1736:045          -167.617  -118.832   -67.876   -20.651   28.145   75.957
   91.985   68.219   53.754   70.261  111.364  148.144  187.108  203.810
  250.263  345.095  417.546  439.595  445.871  435.131  351.650  190.780
   32.871   -21.279   -13.331    4.323   29.852   68.222   99.872  130.191
CT1736:040          -176.051  -121.576   -66.297   -14.918   36.893   85.281
  104.647   79.061   60.208   94.027  181.243  244.127  350.863  534.642
  623.877  603.540  518.442  487.990  443.399  366.611  283.426  157.543
   33.962   -12.536    -4.239    8.463   26.062   58.803   91.384  122.713
CT1736:035          -201.211  -141.951   -76.446   -17.716   36.067   89.460
  116.152  117.577  117.586  133.088  147.819  164.885  266.605  475.442
  576.933  567.127  576.449  570.098  441.837  291.650  216.838  127.543
   41.064    4.705   10.629   17.145   33.610   64.410   92.591  122.892
CT1736:030          -168.679  -118.458   -66.928   -17.137   34.127   81.917
  114.388  155.268  184.069  160.944   78.858   41.269   15.608   -82.032
   -98.771  106.221  347.277  401.354  349.201  252.897  205.743  145.544
   68.374   30.266   22.626   20.914   35.656   67.137   99.004  129.228
CT1736:025          -155.454  -111.292   -66.520   -22.523   26.016   74.841
  103.558  130.723  143.172  112.744   32.450   -18.803   -72.346  -145.611
  -153.675   -92.659    -0.373   55.161  198.891  330.227  329.331  205.940
   82.756   49.388   37.702   28.920   47.088   86.685  115.785  142.151
CT1736:020          -148.353  -100.341   -52.156    -8.883   27.885   60.888
   79.135   86.360   79.235   51.729    2.809   -45.308   -86.549  -109.967
  -144.116  -213.676  -290.365  -268.960   -68.066  155.200  210.016  124.778
   37.254   31.666   22.071   13.543   32.761   71.487  109.864  144.889
CT1736:015          -141.079   -96.737   -50.197    -9.629   22.642   53.727
   66.798   76.851   76.498   37.354   -19.324   -66.396  -124.446  -175.952
  -272.648  -436.212  -619.455  -645.355  -526.676  -355.343  -235.157  -125.054
   -26.886   19.820    7.267    3.572   32.258   77.736  117.179  154.710
CT1736:010          -143.908   -96.963   -47.070    -4.873   27.039   53.909
   59.068   46.056   23.965   -19.417   -94.737  -157.870  -197.328  -212.655
  -340.018  -696.205 -1082.211 -1160.786 -1075.853  -863.637  -669.449  -351.237
   -59.742   26.901    0.998   -14.175   12.495   58.036  107.800  154.374
CT1736:005          -145.389   -92.582   -39.868    -0.284   29.476   55.340
   52.450   29.529    2.011   -51.271  -134.499  -191.249  -219.766  -203.953
  -351.460  -970.018 -1791.453 -1930.797 -1518.320  -982.802  -720.306  -406.978
   -94.501    2.709   -11.281   -15.341   16.389   65.718  113.375  160.085
CT1737:360          -149.996   -94.568   -32.695   14.733   36.035   49.085
   34.829    -9.520   -53.459   -99.027  -154.305  -187.831  -194.970  -160.892
  -263.914  -809.310 -1512.772 -1570.086 -1050.502  -441.878  -235.386  -157.617
   -88.116   -47.909   -35.268   -12.029   22.985   71.355  121.605  168.248
