
filled_synop: 30 data points in equal steps of sine latitude from +14.5/15 to  -14.5/15

CT1715:360           -59.705   -63.868   -71.516   -63.273    -1.431   71.882
   81.585   36.608    0.372    0.550    -4.814   21.192  157.873  398.669
  500.017  728.453 1044.428  874.473  392.338  234.410   35.541  -163.245
  -197.786  -160.667  -113.241   -77.563   -22.253   42.740  102.452  163.862
CT1715:355           -57.577   -63.131   -73.302   -67.823   -12.046   56.814
   60.467   -33.007   -91.605   -41.269   75.880  131.359  118.993   28.793
  104.457  551.244  874.298 1053.078 1702.929 2089.327 1678.784  629.367
   90.607   10.090   -59.130   -87.051   -40.322   23.646   81.967  142.477
CT1715:350           -49.444   -63.249   -77.324   -73.968   -28.327   25.033
   44.505    -8.200   -33.869   74.214  291.420  358.137  222.950   -14.040
   -30.049  100.721  193.836  311.307  614.669  643.887  563.298  256.273
   56.662   18.187   -50.660   -72.902   -28.591   23.422   69.534  120.762
CT1715:345           -31.647   -48.358   -77.696   -94.529   -71.128   -42.027
    -7.840   59.080  133.878  248.841  508.191  589.966  364.704    -4.001
   -96.861   -29.823   50.405   -27.792  -325.863  -507.324  -489.827  -273.925
  -168.324  -139.761  -109.116   -72.664   -28.858   14.523   59.742  106.883
CT1715:340           -43.193   -62.669   -82.869   -93.993   -98.270  -103.931
   -71.161   13.629   90.226  193.658  400.980  462.113  292.518    -1.369
   -88.383    2.302   99.753  -107.616  -893.836 -1411.886 -1291.829  -663.920
  -320.332  -221.032  -122.561   -48.956    -8.253   26.784   67.832  109.785
CT1715:335           -45.681   -60.117   -77.099   -95.228  -113.018  -130.679
  -112.282   -66.945   -17.923   33.858   94.391  114.494   78.432   10.752
   -35.847    9.293   72.072   -86.007  -661.101 -1014.542 -1011.033  -717.605
  -489.186  -353.464  -177.079   -55.786    -0.870   37.769   82.157  121.376
CT1715:330           -52.356   -64.101   -73.126   -88.910  -127.954  -177.832
  -166.634  -101.508   -33.663   -50.947  -173.108  -204.338  -101.369  120.920
  128.391   -15.192  -207.371  -254.292  -207.130  -156.053  -215.843  -415.715
  -500.694  -409.644  -179.936   -53.762    6.805   52.018   99.500  143.964
CT1715:325           -59.649   -70.686   -73.569   -86.883  -166.519  -278.166
  -256.409   -63.296   92.459  110.268  -160.011  -394.819  -141.356  304.454
  358.164  -123.885  -498.906  -379.516  277.403  767.373  622.042   -43.632
  -425.362  -438.685  -248.368  -115.425   -29.644   41.630  111.033  172.998
CT1715:320           -54.483   -55.237   -60.705   -97.881  -237.124  -407.106
  -390.462   -60.550  262.030  416.167  871.014 1138.009  402.762  -865.394
-1161.480  -792.713  -523.455  -228.662  657.976 1192.211 1028.729   98.883
  -484.154  -514.482  -264.775  -139.306   -56.401   33.220  123.179  206.514
CT1715:315           -63.613   -76.851   -70.641   -78.835  -205.422  -393.269
  -420.631  -348.354  -266.260   -88.330  359.425  499.172   68.048  -711.472
  -884.770  -639.269  -213.047  126.469 1052.526 1702.123 1475.061  400.720
  -187.902  -281.886  -213.743  -192.181   -97.132   30.836  128.676  222.988
CT1715:310           -55.749   -54.933   -56.817   -85.708  -151.229  -207.742
  -265.910  -511.303  -666.228  -568.767  -467.933  -532.277  -327.614   -84.122
   -71.372  -240.423  -299.992   -50.636  754.568 1299.712 1213.557  701.528
  377.572  161.418   -76.865  -176.530  -115.803    -5.126   98.740  204.566
CT1715:305           -59.751   -66.197   -67.198   -68.321   -74.319   -90.810
  -155.448  -346.610  -423.465  -289.825  166.722  464.865  352.257  202.891
  142.383    8.376  -133.905   -68.345   70.275  102.754  220.593  414.093
  411.552  258.839    -6.028  -144.981   -83.474   21.889   94.401  186.414
CT1715:300           -59.218   -58.507   -61.650   -67.630   -48.888   -16.086
   -30.614  -179.034  -263.858   -10.262  659.999 1016.436  848.936  432.608
  288.646  276.607  271.583  205.109   -98.727  -299.024  -230.153   84.771
  250.790  160.707   -50.331  -137.016   -96.150    1.533   90.045  174.958
CT1715:295           -57.973   -58.915   -56.981   -51.071   -29.544   -10.432
    4.626   -43.211   -63.263  174.304  675.747  935.591  893.018  621.377
  454.942  449.280  497.680  396.174   99.923  -100.205   -97.801   17.441
   82.523   30.443   -72.008  -113.501   -51.031   47.473  114.357  173.320
CT1715:290           -54.600   -52.091   -51.723   -47.706   -26.871    -9.395
   19.764   79.116  154.013  376.708  856.360 1144.320 1070.593  737.747
  496.967  288.291   -17.287  -136.145   -23.266   99.356  135.093   63.470
   17.752   -22.802   -84.409  -107.741   -59.616   19.278   89.613  154.365
CT1715:285           -47.003   -42.772   -41.596   -39.119   -13.905   14.665
   68.764  240.790  442.730  648.171 1066.982 1307.424 1208.836  823.669
  493.504   -37.390  -716.714  -853.169  -413.247  117.826  234.301  117.905
   54.904    2.316   -66.776  -100.075   -60.258    9.413   70.078  135.996
CT1715:280           -58.619   -44.010   -33.665   -22.676    4.317   43.379
   51.183   44.113   49.817  176.540  529.316  775.152  755.387  617.315
  460.707  -185.230 -1310.950 -1480.942  -764.184   56.802  258.479  218.438
  167.005   91.489   -14.308   -68.827   -38.557   14.722   53.626   97.262
CT1715:275           -68.545   -43.964   -14.745   16.261   47.277   97.284
   92.348   -68.261  -274.566  -357.344  -466.158  -512.663  -351.374  103.587
  208.989   -74.221  -490.213  -498.500   15.468  688.457  822.953  556.295
  290.682  164.143   35.948   -53.383   -42.285    1.650   34.674   74.755
CT1715:270           -71.237   -39.576    -7.105   26.807   60.791  109.574
   74.646  -197.954  -516.010  -636.232  -777.989  -809.559  -644.617  -176.005
   76.421   72.286   -27.038   81.742  632.860 1240.128 1314.124  846.436
  402.773  211.729   59.943   -47.624   -45.160    1.695   31.356   68.418
CT1715:265           -71.537   -41.669   -15.579    9.623   41.333  106.344
  110.165   -30.894  -197.740  -335.413  -609.742  -743.719  -615.416  -185.851
   49.323   58.004    3.776  148.169  627.566 1140.917 1208.572  828.833
  470.723  285.492   69.108   -77.217   -74.560   -19.559   20.826   64.946
CT1715:260           -80.229   -49.627   -21.834    5.751   35.716   69.673
   86.400   82.380   77.842    9.340  -170.967  -303.584  -240.136    9.404
  126.885   17.970  -251.089  -178.151  353.058  913.900 1002.249  777.077
  544.204  350.299  102.441   -64.866   -66.872   -10.761   21.088   62.134
CT1715:255           -94.433   -63.975   -32.318    5.664   47.620   68.209
  133.671  320.143  482.534  487.617  377.476  250.358  203.176  176.673
  160.342  122.341   42.071  116.447  406.914  739.443  787.333  662.944
  534.715  377.452  146.032    -7.775   -32.659    0.903   27.593   61.007
CT1715:250           -98.618   -71.587   -48.647   -23.180   32.259   94.915
  233.426  607.989  968.141  996.125  772.358  566.462  443.859  243.787
  159.322  244.134  360.190  427.251  475.050  469.398  486.528  500.223
  465.641  345.192  146.204    2.545    -2.137   48.703   63.438   79.519
CT1715:245           -97.679   -83.418   -71.644   -40.465   31.500  120.206
  254.545  639.670 1055.662 1059.320  754.622  539.266  393.096  177.105
   89.688  283.200  549.258  624.709  580.838  479.626  470.964  412.701
  351.875  256.236   96.237   -11.832   -15.981   33.908   70.290   98.358
CT1715:240           -88.188   -68.138   -67.489   -56.092   27.017  145.336
  250.292  419.317  538.050  506.577  302.274   98.429   29.407   16.494
   -31.627   78.566  346.747  439.040  391.918  396.306  442.544  357.868
  271.047  191.715   50.631   -36.111   -22.257   42.639   74.888  107.330
CT1715:235           -86.258   -65.765   -47.477   -11.534   72.509  186.958
  256.865  274.544  283.503  204.800   -19.801  -175.639  -245.375  -206.468
  -260.202  -537.431  -839.594  -782.231  -325.866  214.010  372.200  324.241
  265.481  191.809   36.350   -61.119   -59.479    -6.600   41.162   89.287
CT1715:230           -85.829   -62.269   -36.762    3.021   83.705  203.903
  228.642  102.912   -56.339  -153.464  -264.824  -347.787  -418.654  -445.750
  -546.762 -1003.302 -1736.141 -1747.604  -880.086   44.110  275.187  263.011
  245.794  193.836   39.257   -54.250   -51.800    -6.671   30.713   70.194
CT1715:225           -89.144   -54.965   -24.860    9.438   79.267  202.712
  209.269   49.292  -124.084  -215.662  -314.444  -380.573  -416.787  -443.176
  -530.675  -895.590 -1513.101 -1534.200  -845.573   -97.416   98.982  154.516
  210.944  183.618   36.765   -40.582   -26.405   26.200   52.180   75.185
CT1715:220           -99.807   -60.739   -17.886   36.261  126.865  243.481
  240.436   62.094  -152.137  -221.506  -205.910  -171.877  -171.648  -110.948
   -89.153  -219.430  -380.428  -404.167  -405.866  -377.539  -282.392   -49.530
  112.137  116.760   22.952   -36.217   -31.605    6.566   43.562   78.418
CT1715:215           -99.782   -57.076   -13.260   29.465  102.509  233.928
  240.079   65.631  -155.462  -178.351   -60.328   -10.423   64.702  150.405
  212.938  464.941  920.178  948.785  366.143  -246.277  -313.949   -99.301
   66.669   71.505    -6.013   -45.198   -31.083    5.119   34.656   71.650
CT1715:210           -89.359   -50.518    -4.838   43.101  101.288  165.566
  147.001    -3.582  -186.263  -165.108  130.210  350.523  349.084  165.782
  167.153  593.746 1286.011 1336.812  670.885   -87.412  -229.014   -75.741
   48.812   53.650    -9.688   -48.173   -36.000    2.436   40.713   77.227
CT1715:205           -68.384   -32.453    3.638   24.648   19.006   15.269
   -31.929  -154.027  -294.731  -255.001   47.377  277.580  272.073   39.999
   34.726  375.245  846.822  878.590  524.397   37.805  -103.589   -24.453
   56.834   57.605    -3.534   -43.896   -21.175   24.247   52.942   78.838
CT1715:200           -49.868   -28.779    3.221   25.000   -34.205  -163.111
  -259.999  -365.965  -467.460  -468.280  -373.727  -308.255  -218.842  -163.867
   -62.757  140.711  415.899  440.401  224.637   -66.619  -153.783   -51.299
   29.568   36.962   -10.474   -33.883   -16.821   12.115   37.573   61.557
CT1715:195           -37.359   -20.923    3.482    5.788  -110.248  -307.119
  -439.699  -546.463  -617.296  -627.715  -616.858  -557.050  -451.175  -277.192
  -118.767   19.967  197.741  220.778   35.582  -164.898  -222.833  -147.620
   -68.818   -41.688   -20.061    -5.761    3.454   11.932   27.069   45.828
CT1715:190           -34.365   -34.950   -15.947    -1.598  -116.752  -365.046
  -515.344  -589.540  -601.229  -579.212  -532.968  -451.232  -352.069  -195.528
   -55.522   55.200  172.015  154.236   -45.664  -264.108  -324.991  -278.970
  -213.346  -160.018   -75.152    -8.941   13.720   21.279   30.327   41.112
CT1715:185           -26.256    -5.438   11.718   -10.892  -139.033  -361.918
  -496.583  -500.401  -414.935  -339.906  -258.334  -171.303   -68.082   35.676
  107.861  163.492  214.178  179.878   31.139  -147.437  -241.007  -327.331
  -360.523  -281.988  -103.854    -1.373   18.679   25.795   37.228   44.750
CT1715:180           -29.073   -30.831   -15.857   -15.595  -143.720  -348.148
  -411.323  -278.604   -51.931   62.167   89.317   95.843  150.275  211.100
  231.891  231.493  218.243  176.078   99.105   11.151  -110.780  -270.938
  -351.979  -274.267  -119.569   -25.685   10.524   32.703   51.624   63.615
CT1715:175           -20.247   -20.199    -9.682   -50.664  -203.438  -407.945
  -422.025  -142.982  235.701  386.773  347.171  276.230  284.666  291.050
  261.608  169.613   64.339   49.260  116.476  165.009   51.570  -144.200
  -214.716  -151.603   -66.028   -33.839    -7.421   21.816   47.648   69.938
CT1715:170            -3.086    7.538    -1.185   -41.097  -201.469  -392.058
  -305.949   78.766  415.650  507.664  412.837  295.381  261.556  236.167
  138.150   -69.553  -274.246  -249.071   -33.883  135.660  183.916  197.052
  202.188  128.229    -6.887   -42.493   -17.233   15.927   44.164   67.661
CT1715:165           -24.225   -42.072   -46.784  -101.243  -271.023  -406.763
  -298.867  164.154  462.428  438.236  260.315  172.755  104.059   54.797
   -98.960  -416.012  -651.621  -572.636  -196.873   52.409  215.643  398.153
  475.221  367.273  105.978    -7.084    -4.049   18.726   33.630   56.188
CT1715:160           -10.201   -23.134   -37.486   -83.224  -260.311  -461.403
  -389.231   -35.563  203.371  216.906   32.858   -85.561  -107.996  -181.689
  -363.557  -674.014  -931.142  -859.373  -470.393  -147.269   72.515  360.863
  499.673  394.281  131.499   30.284   25.730   37.401   39.331   51.759
CT1715:155            9.712   -19.605   -53.528  -123.421  -295.076  -476.297
  -430.853  -158.701   83.322  175.256  291.616  329.979  113.909  -232.020
  -488.578  -834.992 -1138.102 -1172.361  -859.982  -504.187  -279.117    -4.284
  195.311  210.224  102.157   44.445   27.957   37.144   50.273   62.853
CT1715:150           19.445   -34.218   -73.120  -120.924  -236.604  -404.590
  -387.312  -171.850   63.404  225.347  518.249  710.347  439.029  -154.875
  -489.807  -895.114 -1369.498 -1449.339 -1193.994  -842.009  -625.061  -351.621
  -110.206   -29.389   -14.764    8.702   19.948   40.901   60.051   80.302
CT1715:145           50.638   -20.753  -105.080  -182.334  -236.216  -302.931
  -284.732  -133.093   67.040  202.838  359.505  378.843  206.171  -202.588
  -531.912  -767.663 -1077.426 -1157.371  -974.400  -754.924  -578.655  -383.560
  -165.289   -76.565   -41.415    -9.318    6.881   34.149   68.996   98.210
CT1715:140           71.779   -10.844  -112.326  -221.951  -260.361  -251.942
  -220.254  -124.323   20.579  130.684  211.752  289.320  214.343   -48.780
  -289.952  -384.430  -330.601  -264.956  -225.265  -172.194   -69.841   31.256
  109.943  145.792   85.745   21.367   23.778   57.968   81.788   98.206
CT1715:135           70.044   -36.697  -149.928  -241.544  -263.337  -216.027
  -171.107  -126.039  -101.941    -9.414  235.486  610.147  726.769  428.812
  103.246   47.117  160.047  233.908  336.311  468.050  491.325  474.072
  359.902  262.696  176.022   66.963   31.223   53.244   69.590   81.387
CT1715:130           57.223   -24.229  -112.251  -205.234  -233.870  -191.892
  -155.330  -138.336  -177.924  -121.575  181.780  722.890  898.455  732.308
  438.225  383.639  555.216  713.934  770.675  839.246  819.520  669.831
  397.093  249.216  149.021   56.490   27.991   45.699   58.270   69.067
CT1715:125           50.338   -14.024   -89.108  -169.836  -201.640  -174.676
  -154.928  -162.040  -220.209  -190.281   51.139  428.649  603.377  646.579
  599.054  569.961  550.550  564.383  600.199  609.273  556.185  452.375
  235.295  102.422   41.860   16.352   11.779   29.234   44.944   62.189
CT1715:120           30.511   -26.426   -81.323  -133.957  -163.767  -165.416
  -169.828  -172.789  -182.312  -103.371  219.445  589.534  724.651  663.462
  584.363  551.357  341.016  142.586  113.436  224.076  263.148  218.623
  145.637   88.547   31.263    -6.891    -5.499   20.635   44.346   67.513
CT1715:115           12.241   -29.966   -74.930  -121.352  -144.576  -145.757
  -161.491  -217.222  -336.547  -342.079    1.719  512.625  645.321  498.735
  522.759  564.533  282.183   43.998   -64.192  -114.612  -109.597   -57.787
   43.508   44.461    9.015   -13.161    0.953   34.359   58.065   79.530
CT1715:110            -8.861   -44.775   -83.409  -121.181  -146.863  -135.504
  -146.530  -264.641  -470.737  -607.476  -829.320  -968.012  -860.852  -304.823
  331.694  509.628  396.729  304.527  125.896  -173.668  -277.025  -179.261
   -24.146    -6.919   -14.086   -12.047    4.771   35.171   61.894   85.554
CT1715:105           -38.729   -63.191   -86.868  -109.047  -128.954  -126.475
  -146.334  -281.846  -500.347  -683.528 -1383.131 -2294.452 -2155.421  -824.770
  187.600  439.907  523.427  566.005  472.863  283.175  168.250   86.975
    5.564   -53.577   -51.937   -28.376    -4.358   30.389   57.365   84.825
CT1715:100           -71.873   -84.736   -95.835  -105.011  -114.847  -125.525
  -133.091  -181.092  -257.468  -325.247  -658.348 -1002.614  -864.390  -143.594
  439.589  593.808  605.839  616.070  726.335  874.946  818.923  504.687
   77.340   -67.283   -63.528   -51.855   -42.191    1.658   45.865   90.734
CT1715:095           -96.532  -101.578  -102.328  -100.600   -99.616  -125.054
  -121.574   -54.695   54.518  137.962  377.909  760.662  853.775  770.493
  799.500  785.062  656.718  623.521  809.027 1187.754 1200.468  762.888
  235.427   64.466   -33.222  -113.775  -102.021   -17.841   43.055  104.436
CT1715:090           -85.364   -87.258   -88.748   -93.619   -84.204   -75.886
   -22.173  120.197  332.541  532.771  947.101 1346.992 1361.722 1029.096
  668.338  526.186  386.864  302.497  415.631  621.532  658.265  537.562
  342.983  212.969   43.150   -92.367   -98.704   -27.332   40.730  108.893
CT1715:085           -65.798   -73.926   -83.475   -85.434   -44.767   -25.941
   57.982  319.259  642.045  877.898 1401.016 1826.606 1727.365 1091.511
  404.685  106.500  -117.311  -267.760  -198.126  -103.062   -12.835  149.623
  239.041  210.715   59.476   -69.541   -80.327   -14.223   51.685  117.720
CT1715:080           -43.902   -46.252   -61.981   -92.354   -27.259   93.146
  239.680  596.818 1174.013 1456.069 1795.246 2263.109 2061.829  961.841
   44.895  -401.616  -867.272 -1097.065  -909.123  -397.543   -81.498  121.207
  214.350  240.169   61.902  -104.730  -101.819    -2.265   70.638  140.828
CT1715:075           -52.384   -60.122   -71.708   -79.556    2.244  182.174
  365.943  660.137 1136.802 1293.707 1019.708  538.950  279.804  133.483
  -140.863  -851.343 -2086.620 -2407.380 -2124.977  -814.792   -84.992  160.889
  367.667  449.365  201.579   -42.472   -72.701    -4.734   70.639  139.446
CT1715:070           -40.123   -45.439   -58.950   -81.652   -53.576    -2.830
   63.955  247.081  563.677  583.884   -23.546  -937.492 -1178.507  -736.852
  -541.465 -1469.782 -4386.042 -1602.534 -4573.834 -1916.559  -902.869  -308.653
  260.460  422.554  192.365    -1.301    -5.175   53.216   91.180  124.710
CT1715:065           -28.483   -37.750   -46.642   -51.716   -88.468  -220.267
  -266.798  -152.206  117.263  123.522  -323.822  -832.795  -938.726  -639.065
  -345.174  -906.315 -3061.503 -4197.689 -3362.574 -1589.870  -885.123  -459.237
   84.850  246.673  129.208   20.397   10.292   48.594   90.050  128.391
CT1715:060           -37.766   -36.045   -32.787   -43.870  -137.039  -334.919
  -458.081  -456.789  -315.878  -305.587  -508.630  -697.828  -639.901  -306.374
   72.803  354.130 1113.204 1614.433 1133.480   83.801  -242.654   -90.491
   46.157   25.851    9.528    5.231   17.210   53.256   87.214  118.862
CT1715:055           -64.720   -69.100   -58.148   -31.678  -108.506  -319.752
  -476.144  -603.729  -768.986  -816.120  -797.560  -780.845  -617.209  -198.318
  200.691  982.610 3321.162 4613.297 3938.694 2262.265 1600.035  924.672
  135.873   -91.511   -38.943    7.799   20.308   57.329   86.085  114.295
CT1715:050           -68.145   -55.818   -36.034   -31.653  -107.802  -248.055
  -369.367  -591.576 -1005.834 -1100.024  -790.366  -336.012  -110.374   -21.233
  105.807  802.177 2542.039 3326.911 3149.198 2218.493 1635.356  982.057
  166.287  -112.179   -62.264    7.211   29.013   62.757   86.982  112.756
CT1715:045           -68.063   -71.612   -63.486   -44.875   -91.817  -204.040
  -316.897  -492.250  -799.507  -825.650  -395.784  270.072  474.259  263.951
  162.214  414.892  852.581 1050.305 1156.840 1009.801  734.474  451.686
   81.190   -99.100   -58.286   11.448   41.148   67.580   88.755  112.115
CT1715:040           -52.285   -56.176   -53.184   -58.175  -101.563  -194.650
  -268.306  -303.361  -347.041  -268.660   36.520  451.696  564.490  346.223
  122.092   82.385  -103.344  -145.518    -8.904  308.173  360.008  190.736
    3.832   -76.250   -23.273   31.074   50.938   73.539   93.039  114.069
CT1715:035           -35.753   -53.961   -69.205   -87.305  -131.344  -213.051
  -251.415  -177.120   -37.048   76.636  286.632  531.492  569.231  375.308
  161.796    3.180  -398.218  -580.598  -413.571   89.755  271.965  158.261
   -17.638   -69.504   -33.587   16.604   45.097   68.300   88.946  108.601
CT1715:030           -27.615   -52.945   -76.952  -106.108  -138.179  -213.531
  -232.874   -96.040  184.245  332.709  430.671  479.784  450.312  306.956
  135.211   -16.832  -325.294  -463.698  -368.486   -18.321  118.389   45.501
   -82.697  -100.226   -58.600    0.825   38.485   62.812   76.611   87.867
CT1715:025           -29.634   -61.727   -97.788  -138.639  -160.705  -223.295
  -240.786   -51.846  419.155  636.328  559.839  381.812  304.832  172.522
   60.673   -39.405  -148.907  -195.736  -207.147  -178.831  -175.680  -170.199
  -226.613  -211.624  -106.063    0.765   35.264   42.006   53.796   63.603
CT1715:020           -16.513   -62.689  -112.635  -164.367  -183.278  -188.456
  -150.170    9.805  344.335  491.788  380.752   95.082   -17.959   -77.417
  -164.917  -200.816  -113.105   -81.161  -152.242  -207.504  -201.921  -266.198
  -280.714  -232.591  -141.536   -51.913    -4.941   16.015   34.913   54.720
CT1715:015            2.400   -49.817  -106.716  -170.669  -179.175  -142.085
   -84.983    7.188  123.963  179.840  174.429  131.563   70.706   -81.196
  -174.094  -199.907  -117.737   -97.440  -266.728  -719.187  -908.065  -685.243
  -322.837  -186.375  -119.858   -59.200   -22.598   -17.913    7.538   43.451
CT1715:010            -4.381   -67.349  -135.814  -201.777  -202.451  -125.658
   -48.878    2.460   26.967   57.894  122.140  215.386  196.768   -16.855
  -203.133  -196.775   38.622  153.750  -116.572  -726.339  -965.969  -783.477
  -370.910  -214.602  -129.913   -53.807    -5.424    8.786   27.153   54.865
CT1715:005            -9.892   -68.086  -127.876  -195.294  -190.377   -98.784
   -22.225   40.457  125.860  194.645  252.814  295.675  320.645  218.899
   86.369  105.179  338.598  436.856  230.635  -190.836  -411.544  -421.660
  -328.340  -272.748  -174.925   -65.702    -8.145   19.353   51.661   81.892
CT1716:360           -12.529   -72.547  -133.220  -182.408  -170.310   -76.311
   11.722   84.257  211.634  332.652  375.115  367.743  445.889  733.892
  810.965  792.127  693.962  499.255  367.044  221.633   61.561   -95.852
  -343.197  -379.996  -234.581   -86.030   -18.027   26.424   64.809  100.926
