
filled_synop: 30 data points in equal steps of sine latitude from +14.5/15 to  -14.5/15

CT1675:360           76.472   49.312    4.844   13.620  205.975  536.768
  599.753  351.775   18.561   -45.337   73.846  125.127  114.645   69.921
   42.757   11.308   -32.119   -26.134   27.655   66.589  173.640  405.410
  525.305  428.436  124.571   -33.435   -48.395   -23.023    -7.252   11.019
CT1675:355           80.662   80.332   47.875   53.329  280.504  654.127
  723.062  543.538  358.991  256.471  144.179  106.714  102.772   72.632
   58.136   42.732   29.628   61.890  237.694  412.231  465.378  476.792
  472.140  375.639  140.527    -9.262   -28.720    -0.842    3.840    7.062
CT1675:350           53.273   43.007   43.184  110.646  393.358  764.226
  767.304  334.322   -91.716  -153.865   -22.515   59.730   74.251   51.067
   44.978   50.489   45.028   59.424  171.197  261.777  316.430  350.000
  344.749  305.650  134.529   14.290   -19.799   -10.312    -6.286    -7.029
CT1675:345           68.964  100.015  118.801  140.381  275.764  508.732
  455.247   -73.222  -588.962  -590.808  -208.140    9.334   58.653   69.431
   74.822   79.417   84.833   41.875   -83.981  -133.442   -55.537  248.253
  460.751  416.972  180.185   64.871   34.349   28.392    5.303   -15.214
CT1675:340           75.151  124.637  187.725  241.403  254.086  226.627
   99.716  -359.780  -795.605  -727.214  -197.874   93.270  143.308  105.068
   86.787   88.227   98.127    -5.192  -448.602  -820.240  -677.045   -53.083
  340.069  368.814  219.912  120.644   70.635   40.420    8.235   -27.380
CT1675:335           84.346  158.669  231.248  225.426   61.954  -152.195
  -279.172  -381.670  -401.643  -290.343   96.361  364.785  336.380  142.834
   74.869   61.037   61.257   -49.890  -513.586  -931.594  -798.315  -152.232
  273.452  330.920  223.308  156.392  112.176   66.710   16.005   -39.885
CT1675:330           70.529  105.782  200.656  257.092   -24.428  -540.877
  -700.833  -512.806  -284.181  -144.258  113.842  282.569  254.214   90.352
   31.635    -3.681   -48.327  -119.899  -263.474  -346.151  -283.795    -1.517
  227.841  285.470  251.853  229.087  172.437   91.760   19.495   -55.439
CT1675:325           99.485  173.253  243.492  195.549  -183.881  -706.928
  -854.830  -580.303  -222.619  -108.122  -116.064  -117.346   -52.957   -11.919
   -15.256   -45.519   -84.283  -114.233   -71.451   11.232   32.371   45.390
   91.398  162.467  220.274  231.034  173.229   82.765    -0.323   -81.860
CT1675:320           76.919   95.761  152.873  166.831  -115.816  -597.340
  -753.337  -587.688  -352.488  -245.403  -177.414  -110.536   -66.712   -11.232
    9.533   -12.941   -35.715   -55.978   -99.982  -169.187  -136.268   -20.606
   60.256  108.745  163.559  192.120  139.546   51.636   -19.577   -93.285
CT1675:315           71.674   99.102  144.152  136.121   -65.838  -397.119
  -528.135  -482.856  -397.688  -294.772   -71.478   97.535  106.703   53.304
   36.564   48.298   83.777   77.982   13.287   -49.454   -62.256   -64.542
   -42.658    -1.688  100.035  157.721  115.825   38.037   -25.581   -95.319
CT1675:310           58.824   99.240  147.962  161.051   82.062   -67.274
  -130.654  -185.445  -260.814  -169.159  132.174  291.590  276.000  122.943
   51.256   80.877  152.547  166.537  148.918  130.382   92.514   -55.094
  -142.120  -100.933   67.880  161.530  124.492   45.585   -24.562   -99.811
CT1675:305           39.049   69.437  125.014  159.407  159.696  169.988
  173.690  150.831  139.094  217.141  449.724  593.928  490.782  169.747
   45.904   66.209  131.196  160.560  195.335  208.569  195.447   77.535
   -18.586    7.759  135.353  176.868  123.361   41.178   -30.998  -110.854
CT1675:300           64.687   91.564  122.608  133.259   97.157    5.707
    -1.039  175.669  367.412  427.365  450.295  471.747  364.373  104.761
    4.882    9.146   31.792   72.558  211.716  349.226  377.128  368.141
  361.413  316.857  225.305  163.229  105.032   26.020   -50.997  -123.855
CT1675:295          114.507  115.682  109.336   74.353   -33.175  -201.215
  -221.414   -20.569  218.718  245.287   47.866  -116.407  -108.497   -41.538
   -28.120   -16.030    1.715   46.394  184.418  330.905  384.370  438.081
  460.046  400.568  245.805  129.760   62.703    0.871   -56.821  -110.089
CT1675:290          147.369   99.580   56.779   11.787   -95.197  -297.132
  -332.067  -161.826   55.430   71.375  -150.043  -313.352  -262.816   -46.395
   37.225   20.713    1.867   34.261  134.121  243.261  291.261  328.099
  331.371  288.074  162.349   72.499   29.755    -0.434   -40.549   -84.262
CT1675:285          167.813   78.208   -14.814  -105.446  -201.378  -298.142
  -299.583  -157.220   28.894   73.210   19.562    -5.641    -5.748   25.845
   39.697   28.005    -2.262    8.421   58.247  111.963  147.098  182.195
  195.090  176.041  127.519   76.931   29.860    -9.150   -44.194   -80.918
CT1675:280          192.002   82.090   -39.808  -148.667  -206.309  -246.976
  -232.906  -109.279   43.243  120.411  225.642  310.816  270.606  127.807
   67.172   43.202    9.143    0.462    3.634   13.582   32.739   68.569
   99.898   96.897   78.399   63.401   34.692    -3.897   -41.496   -80.163
CT1675:275          194.775   63.903   -73.933  -182.668  -212.631  -184.795
  -163.754   -98.572   -11.758   52.743  164.370  241.160  235.293  136.027
   76.746   48.056   17.759    -0.435   -26.477   -51.918   -49.326   -29.575
    -7.337    8.806   44.056   58.546   32.952    -7.097   -45.133   -84.245
CT1675:270          196.820   86.775   -35.658  -143.193  -154.193   -98.570
   -85.239  -152.693  -243.965  -223.707   -83.570   38.974   78.327   72.868
   52.333   27.979    4.358   -19.085   -44.509   -71.418   -82.211   -95.045
   -98.287   -64.927    9.160   53.909   26.622   -26.052   -72.304  -122.475
CT1675:265          175.011   81.643   -24.013  -111.354   -97.137   19.470
   52.772   -96.714  -311.810  -334.934  -178.860    -9.729   36.690   48.727
   51.968   21.468   -23.594   -59.222   -86.702  -114.985  -127.245  -121.016
  -108.762   -67.526   15.922   60.917   29.753   -23.694   -70.701  -120.542
CT1675:260          141.429   66.961   -16.626   -98.078   -36.195  183.570
  265.498   77.750  -207.809  -264.421  -128.579   30.907   66.783   61.176
   56.662   28.414   -17.826   -77.533  -174.445  -267.756  -288.182  -197.926
   -64.425    1.333   41.290   65.192   34.649   -27.918   -76.638  -121.226
CT1675:255           99.782   52.367   -13.540   -69.026   44.147  363.797
  501.458  354.030   42.367   -57.116    8.625   88.424   99.551   83.321
   71.851   61.093   63.595    7.608  -240.787  -577.952  -627.727  -384.559
   -97.255    -7.798   27.841   56.524   25.014   -40.329   -84.551  -128.658
CT1675:250           75.882   48.394   13.818   -16.946  117.732  484.037
  645.530  536.358  270.656  162.642  131.095  109.467  104.588  102.819
  100.675  116.651  163.266  111.542  -194.250  -657.422  -747.710  -499.781
  -205.758  -109.569   -21.098   44.783   29.221   -22.478   -70.330  -123.339
CT1675:245           60.289   50.661   28.529   18.501  176.671  504.833
  646.281  534.940  289.131  185.721  134.844   95.149   87.092   95.170
  110.593  158.470  261.364  261.044  100.777  -139.847  -221.753  -238.485
  -217.600  -167.272   -43.390   38.841   13.078   -40.299   -76.104  -112.174
CT1675:240           66.349   53.611   30.122   18.496  117.291  357.267
  459.506  334.457   79.628   -11.187    8.200   51.205   54.098   44.392
   46.878  118.411  293.935  371.759  361.930  327.997  286.627  157.307
    6.081   -13.558   17.259   27.241    3.937   -27.377   -60.250   -97.658
CT1675:235           79.372   51.607   12.655   -11.764   59.274  202.261
  265.972  146.476   -54.218  -106.976   -37.104   54.095   48.298   24.928
   21.079   53.467  101.736  141.892  287.148  456.248  492.849  468.560
  395.920  328.995  178.122   42.630    1.612   -18.449   -54.118   -93.323
CT1675:230           88.811   37.529   -19.055   -52.293   -20.787   61.409
  124.768  136.514  110.987  100.649   99.441   85.480   52.442   45.334
   43.058   35.928   30.580   56.474  184.863  361.433  424.303  515.279
  600.095  521.087  252.191   54.380    -7.458   -36.115   -66.350   -96.187
CT1675:225           94.293   49.448    -8.919   -64.433   -50.342    -6.387
   66.662  253.642  509.373  557.888  395.065  185.070  121.829   99.512
   62.675   28.653   12.134   20.420   57.859   90.850  132.495  213.368
  227.992  210.641  128.710   36.818    -6.862   -29.169   -62.072   -96.089
CT1675:220          100.642   37.770   -30.054   -84.580   -95.103   -98.259
   -32.263  306.723  842.145  970.919  752.657  543.232  417.332  180.012
   25.472   -25.740   -40.428   -67.935   -85.941   -99.044   -75.891    -9.791
   50.831   75.737   66.475   50.570   16.805   -28.728   -71.710  -114.760
CT1675:215          109.160   57.507    -0.360   -59.319   -85.068  -129.955
  -101.068  101.657  407.988  514.150  518.824  495.018  408.449  183.899
   24.375   -57.574  -117.048  -192.672  -276.033  -343.616  -327.002  -199.253
   -43.682   27.644   51.133   64.367   36.150   -31.855   -84.569  -137.401
CT1675:210           99.659   50.619    -0.746   -51.197   -99.558  -173.315
  -178.366  -135.893   -92.499   -28.080  100.362  180.702  169.996  122.848
   40.778   -76.140  -214.102  -335.263  -530.259  -744.839  -738.501  -475.628
  -163.617   -41.345   34.265   86.596   67.071    -5.763   -74.718  -138.759
CT1675:205           95.891   46.663    -2.318   -50.967  -111.197  -198.122
  -235.523  -277.752  -335.676  -288.341   -66.840  155.456  171.338  121.222
   52.890   -98.658  -327.241  -484.328  -763.907 -1103.738 -1111.848  -780.232
  -363.104  -194.627   -63.070   47.406   45.740   -24.873   -79.618  -132.427
CT1675:200           93.927   49.285    4.589   -39.304   -89.372  -177.571
  -213.964  -221.772  -228.531  -179.656    6.011  207.448  214.327  121.334
   33.846  -125.579  -430.428  -608.500  -805.530 -1145.544 -1171.769  -827.219
  -487.869  -354.862  -149.753   12.304   13.449   -58.016   -96.845  -131.057
CT1675:195          102.511   46.672   -10.490   -57.298   -79.955   -94.363
   -90.715   -38.017   72.277  124.036  130.314  150.038  137.969   79.264
   22.414   -53.602  -169.991  -206.253  -105.073  110.771  132.439   -72.332
  -302.784  -308.274  -159.323   -32.120   -18.458   -52.865   -84.036  -111.474
CT1675:190          102.385   52.820    -0.894   -52.053   -40.526   19.269
   55.832   95.492  137.441  150.829   91.321   22.117    4.238   23.162
   25.116   17.527   31.234   91.276  437.760 1063.143 1126.901  594.945
   21.730   -95.897   -56.667   -23.046   -32.710   -67.388   -89.687  -107.969
CT1675:185           91.464   42.737    -8.305   -42.301    5.271  147.664
  228.627  220.283  164.374  158.046  131.741   81.266   61.281   67.589
   55.220   36.829   19.682   72.137  362.951  800.983  837.516  483.922
   14.525  -113.539   -66.356   -26.487   -26.263   -43.599   -65.581   -83.725
CT1675:180           84.947   55.505   17.580   -12.597   45.658  194.123
  277.976  276.836  213.402  217.107  291.940  340.377  305.586  178.498
   67.377   38.499    6.586   27.000  193.511  396.875  393.586  199.548
   -85.756  -173.703  -108.571   -39.898   -25.654   -36.816   -48.791   -59.984
CT1675:175           75.002   68.631   46.090   15.821   55.936  180.557
  259.234  292.296  294.968  322.992  470.580  617.533  572.323  300.307
   95.811   71.985  105.220  144.124  196.347  304.288  285.705   68.012
  -168.377  -221.714  -110.920   -19.980   -11.393   -31.622   -43.148   -50.973
CT1675:170           60.778   65.921   71.930   81.058  104.653  127.355
  156.595  235.178  355.310  408.090  512.105  653.346  604.122  308.816
  111.309   99.855  135.463  149.105  193.922  247.647  202.343    3.444
  -230.761  -276.194  -155.815   -41.376   -15.535   -22.535   -31.121   -38.633
CT1675:165           48.110   70.497   97.078  114.588  100.078   38.969
   21.010  101.400  267.232  296.475  138.827   -81.689  -110.234    -5.739
   75.508  106.040  170.416  208.815  198.465  212.577  162.322   -51.865
  -286.395  -321.144  -194.550   -68.858   -31.367   -26.187   -23.992   -20.767
CT1675:160           55.632   81.376  118.583  160.058  129.048   -27.736
  -108.329   -31.818  176.416  186.202  -181.458  -713.887  -730.130  -273.354
   42.947  104.064  145.268  165.383  114.351   33.026   -35.615  -163.116
  -300.187  -321.659  -215.930  -115.555   -76.199   -47.260   -21.943    -5.229
CT1675:155           61.272   81.348  104.161  121.016   87.123    -4.426
   -57.252   -46.161   31.034   26.932  -129.555  -297.306  -275.090   -70.843
  103.822  139.776   92.666   41.912   -10.607  -133.349  -209.937  -222.539
  -233.455  -240.731  -211.623  -171.176  -128.420   -80.331   -36.483    5.348
CT1675:150           73.375   87.095  100.052  106.127   78.210   24.288
   -30.156   -99.043  -195.366  -232.353  -106.279  159.190  238.215  195.570
  219.821  224.499  163.112  109.746   47.824   -41.834   -99.930  -132.967
  -172.501  -184.118  -187.306  -185.233  -154.941  -101.690   -47.737    8.010
CT1675:145           80.236   92.109  109.120  125.476  104.955   79.759
   23.901  -128.257  -435.638  -529.410  -373.874  -131.813   -27.993   94.349
  208.997  202.887  139.902   94.323   17.910   -31.427   -59.245  -102.010
  -147.113  -152.663  -194.804  -232.890  -198.210  -120.276   -52.393   16.016
CT1675:140           88.118   95.556  108.782  114.540   93.941   75.748
   22.602  -136.445  -433.302  -513.636  -493.128  -498.786  -418.534  -150.123
    0.189   -34.308  -149.045  -261.059  -361.787  -485.380  -514.075  -366.786
  -147.447   -88.898  -157.052  -237.114  -213.155  -137.800   -57.374   21.079
CT1675:135          107.541   99.530   97.165   81.582   18.670   -93.953
  -202.783  -275.382  -378.728  -366.433  -162.565   87.695  159.717  110.503
   20.293   -93.968  -294.302  -462.015  -638.435  -907.047  -957.765  -625.968
  -147.116   -16.798  -113.522  -215.230  -183.031  -113.318   -48.413   15.180
CT1675:130          146.574   94.093   54.039   25.723   -80.464  -313.440
  -475.697  -483.278  -402.604  -273.837  153.945  775.028  893.574  460.663
   48.190   -93.354  -210.503  -335.110  -556.629  -903.791  -993.402  -748.058
  -314.191  -161.951  -168.001  -188.331  -153.043  -108.846   -58.616   -10.447
CT1675:125          209.343  130.642   51.011   -38.739  -195.694  -501.951
  -700.195  -690.602  -534.699  -376.380   -20.478  493.623  616.197  330.376
   19.508   -69.937   -77.957  -119.617  -339.152  -733.796  -876.595  -816.925
  -619.009  -519.739  -384.396  -207.085  -118.937   -88.640   -60.830   -32.025
CT1675:120          259.863  128.561   -18.601  -165.837  -304.967  -514.893
  -666.660  -686.388  -643.823  -581.302  -374.593  -149.224   -57.164    2.403
    -8.538   -26.994   -37.854   -57.522  -126.911  -311.060  -449.209  -660.875
-1015.560 -1016.849  -582.086  -155.016   -71.962   -92.459   -77.300   -61.296
CT1675:115          257.420   99.672   -63.135  -203.092  -266.185  -246.822
  -269.121  -332.512  -444.277  -447.921  -362.008  -159.361   -54.001   -59.304
   -32.508   -12.608    -7.569   19.672  195.114  581.403  638.359  228.050
  -418.686  -552.315  -353.615   -95.980   -35.414   -43.766   -62.194   -81.868
CT1675:110          250.151  116.096   -34.926  -206.014  -237.021   12.602
  166.214   46.943  -260.517  -337.333  -355.660  -390.498  -341.154  -163.781
   -50.219   -12.445    3.454   31.415  334.538 1044.560 1244.396  835.241
  141.146   -24.438   18.620   57.871   21.266   -35.319   -83.754  -125.393
CT1675:105          237.754   94.439   -56.020  -192.732  -210.073   -75.493
   -29.719  -136.697  -450.163  -574.872  -437.450  -204.447  -111.926   -59.303
   -11.941    -6.956   -19.560    -3.891  153.051  537.285  705.954  666.785
  522.513  447.167  296.172  118.652   44.295   -11.269   -79.403  -146.868
CT1675:100          227.780   85.691   -64.876  -204.075  -247.426  -169.138
  -135.622  -219.672  -436.341  -500.939  -344.204   -61.280   31.419   20.538
    -0.129   -66.505  -200.218  -240.782  -326.996  -479.276  -409.888   95.452
  809.491  961.533  637.788  232.838   73.318   -13.178   -89.290  -163.468
CT1675:095          215.706   98.901   -26.162  -159.564  -226.291  -250.689
  -276.519  -312.234  -388.189  -387.194  -252.626   -21.731   43.569   28.343
   -16.312  -171.634  -675.578 -1044.036 -1116.981 -1231.372 -1108.424  -426.093
  649.194  909.074  601.639  219.222   95.301   14.120   -79.386  -173.950
CT1675:090          195.765   79.166   -43.380  -161.217  -228.790  -258.164
  -274.197  -282.217  -277.093  -241.488  -144.970   17.183   57.947    -2.495
   -80.237  -228.089  -649.843  -904.346 -1067.858 -1324.928 -1239.850  -638.083
  373.266  672.471  520.757  282.600  140.849   15.351   -89.571  -193.849
CT1675:085          185.776   72.808   -44.747  -159.460  -218.419  -246.608
  -255.244  -224.173  -154.324  -105.583   -57.763    0.224    8.506   -44.131
  -101.726  -141.958  -277.499  -404.169  -466.127  -747.411  -805.824  -410.235
  237.130  421.979  355.761  254.440  158.548   28.512   -92.389  -211.601
CT1675:080          187.003   85.424   -23.719  -144.139  -192.202  -195.726
  -182.477  -119.768   23.800   98.310   71.970    4.894   -17.397   -56.118
   -82.461   19.726  419.004  727.375  726.901  524.437  416.250  406.306
  298.001  241.538  263.881  284.427  195.623   39.986  -100.369  -230.634
CT1675:075          164.965   67.281   -36.594  -142.531  -161.829   -88.815
   -15.747   73.701  233.581  299.575  222.154   46.213   -14.282   -29.611
   -32.233  149.990  782.913 1254.974 1523.188 2067.822 2211.270 1529.537
  394.635   87.815  165.760  270.957  214.878   73.336   -77.337  -220.032
CT1675:070          148.523   57.927   -36.520  -133.583  -123.852   23.841
  161.590  263.798  396.692  453.576  353.050  156.660   73.884   30.656
    9.463  123.189  460.371  694.872  885.766 1219.423 1265.668  866.635
  209.439    -7.036   95.365  231.806  200.429   68.276   -67.230  -196.943
CT1675:065          142.690   59.198   -27.498  -127.273  -114.092   43.877
  199.768  318.055  446.438  507.441  421.654  248.305  152.335   77.030
   22.809   37.717  108.476  143.356   20.429  -395.292  -600.435  -497.226
  -238.950  -121.858   34.188  190.028  173.581   42.259   -69.209  -177.522
CT1675:060          140.791   52.485   -40.831  -124.947  -119.639   -22.203
  101.882  262.104  513.199  612.510  525.571  305.235  182.324   92.328
   63.509   30.145    -6.514   -48.379  -292.788  -989.490 -1301.787 -1029.540
  -413.595  -186.600   -32.380  146.255  175.256   68.617   -51.966  -165.714
CT1675:055          141.968   85.540   21.288   -62.474   -69.063   -52.394
    -5.389  230.679  784.376  986.311  823.997  249.914   -14.805   27.513
   55.948   23.438   43.158   32.931  -125.125  -480.328  -640.382  -597.250
  -414.746  -292.474   -97.188  116.495  135.711    8.034   -86.252  -169.038
CT1675:050          137.241   97.051   58.396   11.202    -1.322   -30.575
    -7.510  280.863 1099.265 1513.677 1193.419  547.363  342.790  170.850
   72.118   43.896   88.809  100.560   65.156  123.933  145.064   -65.829
  -366.532  -370.147  -158.922   80.497  124.765   33.500   -71.507  -165.698
CT1675:045          147.126  112.184   77.688   28.715   -10.682   -54.294
   -60.295  103.794  560.979  784.986  632.662  196.538   39.088   31.739
   41.161   35.591   64.305   72.851   67.435  135.620  143.016   -16.849
  -278.835  -310.474  -139.048   64.394   91.551    1.115   -87.294  -165.165
CT1675:040          176.073  131.012   82.185   24.981   -25.237  -116.277
  -190.488  -181.754  -176.705  -209.518  -170.261  -209.174  -250.134  -127.906
    -5.042   15.261   18.028    4.880   -34.260  -223.666  -374.777  -316.395
  -202.725  -167.561   -89.744   37.166   48.412   -35.446  -101.594  -158.127
CT1675:035          197.501  124.671   44.408   -36.703  -114.871  -210.948
  -286.241  -396.840  -701.885  -834.451  -678.509  -293.631  -136.996   -97.303
   -32.903    -1.166    8.888   40.876   27.161   -82.440  -158.856  -184.546
  -251.828  -273.338  -161.567    -8.810   22.158   -23.191   -77.069  -126.849
CT1675:030          205.254  113.965   18.589   -76.089  -159.621  -238.496
  -313.814  -424.693  -624.346  -676.307  -543.726  -214.102   -54.856   -36.523
   -46.906   -25.576   -24.723   -10.847  120.268  510.542  691.688  446.857
    7.111  -130.549   -82.593    2.961    5.336   -33.501   -70.696  -106.020
CT1675:025          207.243  104.926    1.114  -102.880  -185.759  -243.090
  -295.725  -360.897  -459.889  -478.604  -359.439  -110.856   10.744   10.569
   -32.862   -24.957   -29.527   -15.248  146.864  603.457  793.038  585.330
   97.240   -96.643   -72.704   -10.400    -9.382   -35.645   -65.937   -96.758
CT1675:020          213.961  103.346   -11.182  -123.212  -198.623  -246.360
  -282.989  -307.288  -339.807  -331.973  -234.901   -47.731   41.965   35.336
    -5.202   -10.304   -31.906   -35.274   50.618  277.068  342.484  252.651
   -44.289  -155.010  -105.971   -25.801   -16.434   -43.125   -79.685  -113.820
CT1675:015          220.090  116.058    2.451  -125.484  -195.371  -219.254
  -237.240  -233.808  -200.327  -168.400  -112.402   -22.984   17.501   28.979
   14.550    -2.129   -39.536   -67.421   -68.832   18.360   93.315   32.587
   -59.278   -70.075   -40.819    5.041    -2.969   -62.925  -107.991  -137.093
CT1675:010          185.131   86.573   -18.493  -124.837  -167.758  -106.035
   -35.056   -19.929   -22.592   -10.296    8.490   38.845   55.955   49.670
   42.352   16.078   -49.922  -129.742  -243.267  -500.526  -610.064  -491.319
  -162.842   -27.356   -15.913   -21.985   -27.070   -53.418   -79.643  -103.678
CT1675:005          136.817   62.780   -13.694   -94.260  -101.187    4.055
  104.303  132.258  107.592   87.066   86.880   74.612   61.216   50.244
   40.323   12.187   -16.953   -58.087  -254.165  -841.663 -1124.745  -880.729
  -284.871   -43.639   -20.929   -24.126   -27.952   -47.551   -61.077   -77.057
CT1676:360          119.240   61.716    8.484   -55.152   -54.391   56.120
  169.753  215.824  242.694  256.249  217.715  130.682   87.321   61.748
   42.412   15.666   32.163   28.585  -138.327  -697.100 -1001.224  -772.270
  -207.701    -7.291   -12.578   -32.484   -36.206   -52.566   -65.379   -83.924
