
filled_synop: 30 data points in equal steps of sine latitude from +14.5/15 to  -14.5/15

CT1744:360           -16.573   -42.317   -64.824   -86.072   -98.414   -83.414
   -41.886   -22.628   -31.797   -62.020   -62.046   -40.891   -15.579   25.956
   67.327  111.531  182.046  291.678  331.588  253.907   89.215    5.932
   33.153   77.724   77.025   64.424   58.138   71.682   88.102  103.368
CT1744:355           -31.533   -47.436   -58.147   -72.147   -83.188   -71.607
   -37.740   -21.038   -25.435   -48.045   -40.154    8.836   73.523  112.463
  143.121  158.302  138.767   50.676    4.022   -13.264   -12.712    -8.785
   34.141   82.042   83.151   52.412   38.799   55.415   81.620  107.841
CT1744:350           -73.555   -64.662   -60.314   -60.406   -58.431   -47.158
   -21.900    -9.263   -11.169   -28.046   -12.550   80.555  212.806  249.836
  229.174  163.552   87.607   -65.452  -141.715  -121.059   -47.865    -8.432
   33.365   82.355   89.111   52.372   34.785   62.038  100.846  133.754
CT1744:345          -105.552   -81.096   -60.317   -42.110   -28.382   -19.794
   -15.229   -12.858   -14.534   -27.079   -13.884   77.605  213.804  220.075
  107.757   -29.311  -106.853  -207.095  -238.626  -183.601   -78.671   -15.008
   30.371   76.271   86.200   46.851   30.886   65.937  112.050  140.184
CT1744:340          -136.472  -116.833   -91.141   -49.245    -9.244    -4.031
   -31.480   -49.635   -53.005   -52.999   -52.517   -38.791    3.367   -34.152
  -227.017  -412.800  -446.197  -392.464  -321.219  -229.115   -89.765    7.471
   49.862   77.761   92.304   74.627   57.644   72.111  104.711  137.602
CT1744:335          -156.199  -128.290   -93.971   -51.649   -18.075   -14.420
   -40.538   -59.992   -75.203   -85.300  -100.613  -162.245  -264.904  -370.210
  -530.285  -675.248  -682.203  -547.959  -390.700  -253.133   -79.307   33.499
   83.950  118.763  131.519   98.407   76.642   91.179  117.233  140.535
CT1744:330          -155.731  -126.784   -96.963   -59.853   -24.102   -18.631
   -36.384   -52.690   -71.066   -95.588  -121.877  -180.121  -268.718  -367.997
  -608.673  -876.982  -883.712  -597.135  -277.029  -153.921   -42.570   46.526
   91.819  121.648  133.958  109.538   90.790  103.737  125.687  140.335
CT1744:325          -150.387  -118.229   -87.267   -54.803   -28.962   -20.407
   -21.900   -24.706   -42.192   -79.014  -102.931  -119.028   -94.703  -120.802
  -415.593  -887.008  -937.190  -521.292  -195.185  -109.960   -37.635   26.164
   73.427  103.179  118.582  103.729   87.889   92.805  107.928  126.701
CT1744:320          -147.586  -113.266   -84.906   -58.406   -34.716   -26.404
   -32.487   -36.307   -42.721   -64.419   -80.855   -64.944   -28.555   -19.819
   24.663   81.320   63.576   -49.093  -151.514  -130.246   -41.295   22.147
   65.216   92.124  108.609   88.557   75.053   86.634  105.659  125.129
CT1744:315          -143.647  -120.730   -98.000   -73.386   -53.499   -47.954
   -59.739   -68.301   -55.108   -15.350    9.564   13.028    -4.723   20.930
  330.264  873.242  887.609  261.436  -208.334  -230.826   -90.908    -3.113
   47.021   90.203  109.705   89.333   69.128   76.993   99.519  129.608
CT1744:310          -142.859  -127.434  -110.220   -83.505   -55.860   -50.055
   -61.242   -61.783   -39.421   13.466   47.467   46.476   12.471   42.267
  219.997  386.282  333.649    0.776  -379.924  -386.934  -163.085   -37.999
   29.675   95.027  119.833   89.881   67.507   87.416  121.436  149.799
CT1744:305          -145.561  -123.782   -99.639   -71.292   -48.590   -43.454
   -63.235   -68.899   -41.240   13.265   46.177   50.749   25.883   43.258
  118.510  216.105  166.231  -107.799  -338.465  -353.047  -179.439   -54.016
   18.855   91.289  119.579   92.085   73.481   94.964  128.914  157.407
CT1744:300          -151.406  -127.473  -104.574   -75.245   -46.407   -41.938
   -68.218   -73.257   -41.251   28.519   79.635   85.116   60.256   62.625
   83.163   98.781   48.817  -135.234  -313.035  -317.556  -157.480   -52.465
    3.725   71.740  100.178   84.314   70.579   91.589  126.976  159.672
CT1744:295          -155.359  -133.197  -105.877   -73.482   -45.428   -38.849
   -68.592   -74.152   -39.021   33.638   85.104  112.987  137.355  149.604
  141.162  132.264  108.875   14.858  -101.055  -117.103   -67.532   -40.432
   -12.310   53.238   84.037   81.834   75.937   95.613  126.479  157.026
CT1744:290          -162.593  -140.320  -116.228   -84.441   -52.636   -36.588
   -53.706   -60.078   -15.380   70.155  110.050  156.802  212.617  225.733
  212.067  185.089  184.265  288.525  356.836  303.334   55.271   -84.869
   -46.601   49.930   80.514   94.719  109.294  128.487  148.079  163.337
CT1744:285          -137.087  -115.464   -92.800   -69.714   -48.219   -23.041
   13.061   51.393  100.679  203.139  279.158  269.045  221.870  200.264
  175.106  152.283  154.248  364.598  623.080  567.556  203.248   23.976
   30.473   41.080   48.814   75.574  103.227  124.517  146.360  164.550
CT1744:280          -127.353  -107.737   -85.172   -56.814   -28.453    -0.738
   43.089   89.189  121.117  154.495  172.047  156.588   96.317   42.405
   -38.393  -126.802  -189.946  -311.282  -286.576  -207.173   69.097  278.248
  230.123   74.331   43.795   66.010   91.338  117.514  150.790  175.281
CT1744:275          -128.806  -100.933   -73.420   -46.158   -21.903    -6.619
   -13.601   -14.937   15.191   70.067   90.830   70.048   23.037   -27.593
  -168.534  -401.794  -552.651 -1035.245 -1676.036 -1356.081  -142.004  404.650
  336.506   99.544   41.078   59.644   87.235  107.047  130.437  149.754
CT1744:270          -126.122   -97.565   -71.096   -42.172   -13.623    -6.628
   -31.552   -37.868   -14.167   47.891   81.528   54.520    0.633   -38.511
   -88.373  -116.265  -151.745  -217.658   -50.480   37.162  299.764  523.619
  402.221  116.067   32.090   48.464   77.378   95.762  116.595  134.859
CT1744:265          -125.371  -101.423   -71.666   -38.242    -9.553    -5.096
   -33.905   -46.427   -25.317   36.213   68.032   48.067    0.988   -16.886
   12.271   66.512  127.268  294.513  401.215  427.553  398.099  357.283
  259.020   86.665   28.361   51.670   74.146   95.358  121.361  140.582
CT1744:260          -132.948  -100.063   -69.766   -37.149    -5.275    9.079
    0.250    0.213   12.317   36.326   51.478   38.903    6.547    -2.460
   31.793   88.623  161.168  204.362  239.123  246.436  212.773  176.001
  114.764   66.582   34.991   49.589   80.444  105.379  131.161  150.701
CT1744:255          -140.525  -106.228   -71.245   -35.637    -4.140   16.579
   31.331   44.240   51.568   49.545   40.668   34.842   15.913    9.156
    7.830   -12.305   99.901  366.360  465.269  514.474  415.721  217.978
  124.729   82.175   54.190   75.719   98.382  109.601  123.459  138.110
CT1744:250          -148.973  -122.439   -93.294   -57.524   -19.259   10.257
   44.352   70.833   77.711   78.706   74.771   57.447   20.430   14.259
    0.837   -48.227   90.473  856.158 1825.918 1765.669  855.338  331.341
  199.300  118.352   73.788   91.181  108.124  117.497  127.177  131.160
CT1744:245          -161.492  -128.624   -94.831   -59.505   -25.526    4.114
   41.143   62.797   62.270   52.626   39.801   16.444   -32.817   -49.311
   -41.316   -51.736   55.862  475.357  899.901  918.898  547.710  250.048
  176.539  136.429  101.001  104.530  114.383  114.578  116.392  116.527
CT1744:240          -173.958  -131.466   -91.589   -51.432   -12.120   16.444
   50.681   74.881   58.918   -11.971   -63.972   -79.471   -81.531   -76.756
   -64.606   -45.276   22.167   81.206   85.631  139.225  233.313  237.380
  196.618  149.398  117.308  120.283  125.050  117.274  110.493  105.616
CT1744:235          -168.821  -133.302   -94.898   -51.474   -10.835   14.679
   35.886   47.095   19.472   -80.261  -151.511  -157.190  -123.565  -109.459
   -93.864   -73.436   -41.631   -57.771   -48.328   11.198  170.395  294.614
  266.534  194.316  158.022  119.204   82.508   74.444   83.074   94.438
CT1744:230          -157.685  -131.068  -103.090   -66.154   -23.428    -5.729
    -4.232   -10.122   -39.284  -108.608  -154.155  -157.908  -118.213   -98.681
  -106.525  -134.510  -133.511  -125.624  -109.708   -41.686  128.629  251.179
  261.336  217.403  183.447  127.110   75.690   69.222   83.933   95.776
CT1744:225          -149.996  -119.495   -90.651   -60.829   -32.161   -23.812
   -30.240   -37.994   -60.775  -102.570  -129.230  -130.313   -98.943   -88.045
  -106.947  -142.178  -150.364  -150.228  -138.151   -75.809   64.615  174.187
  207.748  199.720  190.183  143.764   97.569   89.122   95.964  100.753
CT1744:220          -161.060  -128.467   -94.700   -55.199   -18.249   -12.936
   -43.312   -69.843   -84.355   -88.940   -91.641   -99.811   -98.622  -101.227
  -124.737  -148.936  -161.173  -188.442  -204.243  -152.651   -26.783   82.041
  136.308  162.504  178.562  151.167  111.248  102.670  111.686  124.253
CT1744:215          -175.323  -147.095  -119.181   -69.586   -18.731   -11.027
   -50.668   -87.703   -98.297   -84.857   -79.414   -93.595  -129.507  -170.566
  -182.682  -209.329  -246.170  -282.604  -320.928  -277.869  -141.811   -12.881
   69.571  145.816  183.512  160.571  128.526  134.144  151.690  157.380
CT1744:210          -169.423  -128.565   -85.388   -35.282    7.903   13.503
   -25.891   -59.978   -71.438   -65.837   -65.878   -79.989   -94.671  -118.127
  -159.322  -202.241  -246.427  -369.400  -508.540  -461.310  -242.535   -75.026
   35.268  158.245  212.313  180.784  130.946  120.472  127.532  137.718
CT1744:205          -154.354  -111.768   -74.566   -35.263    3.696   10.379
   -14.055   -35.987   -46.975   -48.205   -54.200   -74.339   -97.297  -129.873
  -185.915  -250.522  -308.265  -430.964  -533.479  -475.794  -253.309   -62.453
   41.378  135.641  182.605  148.060  111.158  110.865  118.296  123.435
CT1744:200          -123.591   -90.134   -63.640   -34.447    -8.299    -4.773
   -23.789   -40.779   -49.818   -52.271   -65.785   -96.379  -142.838  -195.116
  -258.648  -338.686  -403.057  -496.199  -562.868  -488.786  -267.651   -92.122
   11.222   96.878  140.233  119.282   94.920   94.343  102.627  110.153
CT1744:195          -108.867   -86.675   -67.330   -44.307   -18.396   -14.595
   -32.735   -47.603   -57.328   -57.832   -69.311  -111.771  -170.747  -231.425
  -339.374  -456.042  -508.713  -536.156  -539.293  -459.150  -262.407  -116.494
   -26.817   53.207   97.240   91.612   85.495   88.100   92.349  100.769
CT1744:190           -79.789   -69.103   -52.619   -32.408   -14.523   -15.202
   -33.900   -50.823   -60.984   -57.995   -66.972  -107.746  -164.496  -221.115
  -366.867  -527.457  -560.986  -492.954  -414.031  -344.406  -223.212  -123.697
   -43.438   32.831   75.932   87.296   94.798   94.544   95.664  101.326
CT1744:185           -78.182   -80.487   -60.487   -33.489    -9.065    -8.800
   -32.252   -51.530   -64.924   -75.361   -88.224  -124.881  -180.055  -202.335
  -217.762  -216.194  -226.801  -242.178  -261.453  -247.280  -184.974  -122.755
   -53.977   21.784   66.967   83.303   95.581  105.904  110.757  112.924
CT1744:180           -88.959   -71.739   -55.022   -32.271    -6.943    -9.921
   -46.098   -79.923   -95.558  -107.773  -112.494  -127.110  -177.292  -172.050
   -16.094  258.307  290.232   59.984  -213.693  -267.769  -205.552  -140.794
   -70.331   17.653   66.459   85.346   99.392  111.783  120.074  130.973
CT1744:175           -87.389   -66.028   -45.370   -21.521    -0.783    -8.100
   -58.964  -104.554  -115.456  -117.178  -102.862   -71.419   -30.834   25.359
  199.092  494.764  532.096  208.984  -192.661  -279.010  -194.371  -131.676
   -79.213    9.118   64.082   87.985  101.853  113.850  121.342  132.509
CT1744:170           -92.612   -73.787   -55.755   -31.497    -5.382   -12.468
   -66.329  -113.235  -110.324   -90.523   -63.796   16.044  175.608  282.233
  361.417  435.161  416.139  259.324   23.142   -69.488   -95.651  -120.587
   -96.770    -8.198   48.979   83.671  108.733  125.229  132.691  141.418
CT1744:165           -95.274   -76.439   -57.634   -34.710   -14.154   -16.062
   -59.567   -94.039   -70.946    -2.865   70.090  158.421  327.482  437.591
  440.966  369.146  330.583  318.441  309.882  239.230   41.623  -122.516
  -122.132   -31.322   21.300   70.932  121.876  149.047  154.080  152.346
CT1744:160          -100.607   -79.176   -62.729   -50.229   -41.314   -40.161
   -65.949   -90.365   -52.686   72.205  182.869  240.398  295.361  326.286
  304.457  220.156  195.504  268.043  401.761  365.204  134.123   -66.688
   -96.858   -65.035   -34.026   52.240  153.659  169.914  148.272  143.998
CT1744:155           -83.466   -76.164   -67.015   -54.642   -42.710   -39.183
   -56.573   -63.102   -15.217  120.583  234.448  252.176  181.205  132.307
  111.355   67.476   59.166  158.878  302.019  280.118  101.810   -58.230
   -95.751   -89.337   -64.047   16.862  112.338  150.148  155.761  158.336
CT1744:150           -72.789   -70.440   -67.902   -64.330   -58.788   -50.753
   -53.549   -50.665    -4.338  125.377  229.038  213.512   51.819   -59.191
   -56.684    -9.112   17.423   87.046  175.234  158.910   38.232   -73.401
  -103.349   -90.920   -64.538    5.319   92.521  133.208  146.923  155.470
CT1744:145           -81.067   -74.951   -67.977   -60.997   -54.517   -40.063
   -24.317    -4.041   35.308  123.430  200.861  168.488    -2.138  -103.159
   -94.516   13.437   74.108   89.112  100.097   82.646    -5.525  -100.639
  -118.226   -96.682   -75.681   -17.475   56.213   89.738  107.182  136.822
CT1744:140           -68.064   -59.927   -53.267   -48.965   -43.725   -24.255
   11.249   55.651   95.275  116.751  132.728   98.796    -3.052   -62.857
   -71.791    -0.087   38.912   59.110   94.511   96.734   47.535    6.389
   -17.760   -57.930   -63.221   -16.092   53.183  100.773  137.843  173.342
CT1744:135           -59.744   -53.107   -46.971   -47.290   -52.710   -32.351
    9.465   65.903  131.836  200.555  226.318  200.684   88.837   -32.414
   -72.216   -58.500   -62.777   -47.338   -19.869    -1.988   55.648  108.412
   80.741   -22.215   -51.533    2.470   76.740  118.889  157.646  198.586
CT1744:130           -70.135   -66.382   -62.292   -59.949   -58.051   -36.167
    -9.441   27.702  137.603  433.545  664.619  626.078  336.375  115.555
   24.957   -48.556   -89.608   -88.736   -81.294   -60.676   22.596   89.345
   74.886    4.752   -20.105    6.100   48.431   90.396  137.017  181.445
CT1744:125           -72.106   -69.113   -66.031   -62.915   -58.006   -33.628
    -8.142   29.699  161.745  552.541  890.880  847.312  470.633  219.213
   99.299   -23.825   -82.470   -75.165   -43.952   -19.851   22.367   62.390
   53.225    8.422    -8.485    7.264   37.455   71.945  117.485  161.711
CT1744:120           -73.771   -74.906   -71.435   -67.011   -63.014   -37.459
   10.022   70.390  177.335  457.897  575.794  564.692  380.552  137.820
   57.374    -8.894   -43.570   -25.277   27.034   57.670   62.824   55.830
   49.556   20.269    1.650    7.433   25.772   59.617  111.571  155.249
CT1744:115           -83.409   -69.245   -55.838   -43.657   -31.451    -7.558
   29.465   63.098  148.593  514.879  844.625  789.933  316.993    8.616
   -24.698   -28.070   -24.789   17.570   71.829  111.274  174.126  217.596
  184.840   70.228   15.538   19.716   41.839   69.572  112.542  154.821
CT1744:110           -99.144   -72.188   -47.228   -24.716    -4.449    9.775
   22.193   24.349    4.379  100.509  460.150  392.917   33.644   85.637
   41.974   -39.939    -7.300   57.511  155.589  215.383  284.335  349.889
  302.795  138.129   49.224   36.904   41.100   66.118  118.473  164.222
CT1744:105          -117.689   -83.819   -53.189   -22.798   11.158   19.885
   11.126   13.428  -134.645 -1092.980 -2368.754 -2329.903 -1308.673 -1076.182
  -789.023  -213.894   -13.710   46.249   99.627  149.758  256.037  332.547
  297.367  150.844   67.358   40.073   15.643   44.716  117.347  171.795
CT1744:100          -137.256  -103.185   -66.240   -24.249   19.004   34.022
   11.483   -17.923   -99.207  -378.824  -514.842  -508.761  -207.647   99.552
  129.033   30.191   19.346   73.535  117.635  150.956  188.135  211.931
  186.089  112.372   64.560   35.865   14.529   38.060  102.754  171.020
CT1744:095          -154.818  -121.683   -84.419   -38.621   11.573   48.015
   76.755   83.380  122.522  547.596 1017.042  976.753  677.677  743.283
  570.952  142.904   74.514  129.626  155.370  174.159  142.262  111.330
   88.094   38.871    7.696    5.453   12.052   51.879  129.248  189.239
CT1744:090          -143.956  -106.078   -66.867   -27.380   11.324   61.749
  152.896  254.389  316.884  616.884  958.558  732.162  -409.896 -1220.167
-1034.755  -265.375   97.914  147.832   98.029   96.993   99.152   96.230
   73.969   36.070   15.504   10.607   11.557   41.376  102.672  167.833
CT1744:085          -135.990   -94.490   -53.108   -21.638    5.939   58.246
  174.137  312.198  274.987  -238.703 -1068.424 -1343.857 -1635.945 -2162.186
-1806.493  -482.963  139.205  199.552  123.433  112.094   93.878   63.182
   45.100   36.052   32.844   29.415   24.226   56.019  114.008  165.633
CT1744:080          -125.313   -93.332   -62.826   -37.957    -9.453   46.679
  168.184  292.120  224.781  -173.810  -544.934  -734.746  -789.815  -602.534
  -498.866  -120.988  158.819  232.028  248.021  243.685  117.553    3.127
   -10.645   20.901   34.521   29.048   18.063   47.720  109.265  170.016
CT1744:075          -109.302   -87.302   -64.467   -44.473   -18.286   40.065
  174.027  306.025  289.079  161.971   59.903   -13.353   -25.734   66.196
  102.807  108.450  157.305  185.045  193.871  191.587   53.596   -44.618
   -46.895    4.967   32.974   29.464   15.140   39.976   97.694  164.722
CT1744:070           -90.449   -76.711   -57.386   -41.490   -28.431   19.895
  157.945  305.723  321.719  364.390  415.617  386.312  285.777  205.873
  209.516  143.577  113.963   54.151  -174.198  -253.257  -134.583   -61.015
   -53.657    0.807   30.351   27.438   13.866   48.694  113.525  168.090
CT1744:065           -95.606   -68.139   -43.441   -23.887    -0.358   47.519
  153.794  260.230  252.480  125.860   -18.289   -37.185   25.151   36.740
   50.346   19.315    5.351   46.282   95.171   98.354   59.597   23.439
    6.219    -1.834    0.295   12.594   27.808   57.012  104.494  152.590
CT1744:060          -100.116   -63.705   -29.274    -2.755   19.925   47.110
  101.753  146.810   87.902  -203.724  -508.557  -511.765  -256.919  -109.393
   -76.398   -61.153   -27.031  133.498  455.026  525.427  297.810   97.574
   48.891    4.868   -15.895    3.201   32.996   62.722  100.498  140.134
CT1744:055          -108.185   -73.898   -41.229    -6.817   24.582   31.786
   24.422    9.725   -56.484  -220.250  -313.196  -319.011  -238.762  -148.349
  -117.394  -105.050   -71.927   36.779  156.894  184.151  168.740  103.949
   66.588    9.620   -15.385    1.954   35.795   68.667  103.827  137.958
CT1744:050          -109.178   -79.948   -50.334   -15.448   23.364   23.666
   -37.521  -101.075  -143.687  -194.819  -228.457  -214.957  -150.216   -98.741
   -86.647   -91.129   -90.028  -103.185  -126.582   -97.759    -2.653   66.171
   67.510   13.380    -3.446    8.182   30.458   58.964   99.010  138.486
CT1744:045          -108.367   -82.787   -53.206   -16.721   18.569    4.109
   -83.641  -166.872  -192.500  -179.631  -167.192  -140.677   -77.586   -42.910
   -46.721   -62.634  -103.121  -200.977  -329.806  -312.834  -128.634   24.622
   65.688   39.547   29.006   24.959   26.427   57.399  103.811  140.958
CT1744:040           -99.207   -80.765   -57.929   -30.513    0.070   -13.194
   -98.191  -182.771  -195.933  -152.352  -116.976   -84.834    -9.327   25.666
    -7.035   -62.311  -137.669  -294.260  -451.156  -422.900  -226.735   -28.362
   50.551   47.645   50.406   35.238   16.304   37.352   83.999  130.354
CT1744:035           -82.544   -69.489   -54.779   -35.521   -20.742   -39.959
  -111.816  -188.703  -194.132  -124.350   -40.286    -3.513   41.133   64.535
    -5.578  -136.971  -246.260  -471.622  -786.284  -813.459  -497.161  -108.033
   24.149   41.772   67.963   61.870   23.793   32.811   76.556  129.199
CT1744:030           -87.673   -68.381   -54.025   -35.041    -7.863   -21.866
  -109.186  -220.236  -233.378  -145.680   -39.487    -2.307   21.956   26.294
   -55.806  -282.148  -478.584  -680.714 -1058.404 -1132.711  -781.866  -291.732
  -126.237    -7.402   82.590   75.231   12.722   35.494  100.351  146.082
CT1744:025           -36.519   -38.196   -39.676   -42.436   -52.314   -76.580
  -138.285  -209.022  -211.516  -136.788   -44.571   -17.124   -29.125   -45.409
  -104.174  -270.882  -425.446  -593.528  -910.431  -982.948  -733.417  -422.641
  -256.622   -31.425  105.888   98.526   39.610   39.863   76.209  121.672
CT1744:020           10.819   -15.998   -47.313   -85.754  -122.130  -146.874
  -162.607  -171.799  -164.860  -137.947  -105.742   -80.873   -62.423   -41.179
    9.289  174.650  270.179  136.090  -173.183  -284.506  -259.544  -226.901
  -155.147    2.824  102.602   87.451   37.637   47.386   86.836  125.199
CT1744:015           25.938   -12.745   -58.507  -104.765  -152.815  -174.309
  -161.742  -142.902  -132.434  -135.481  -137.164  -108.005   -57.131   10.091
  131.505  449.465  640.537  673.381  691.881  642.116  341.110    -6.721
   -55.692   45.533  100.576   77.576   31.483   41.100   90.149  135.872
CT1744:010           23.825   -25.959   -72.879  -119.500  -162.776  -177.300
  -156.145  -125.516  -107.933  -114.945  -130.044   -94.699   -30.473   28.215
  131.440  340.594  452.247  584.913  827.767  847.447  521.203   95.179
   17.529   90.373  123.021  103.041   57.066   50.216   90.798  149.521
CT1744:005           28.818   -27.887   -81.726  -127.729  -180.663  -196.665
  -159.290  -102.600   -73.546   -65.302   -59.681   -11.429   90.970  173.902
  210.225  174.346  146.031  226.281  372.231  374.314  275.341   95.607
   56.871  136.369  179.061  145.178   71.511   81.192  143.826  184.341
CT1745:360           43.758    -9.721   -65.364  -130.342  -195.602  -212.799
  -161.026   -89.464   -53.038   -32.333    -9.341   47.958  214.961  367.790
  338.175   89.189   -50.348   -28.476   65.415   90.640   78.924   41.395
   39.947   95.421  127.918  112.147   65.580   64.446  106.184  156.693
