
filled_synop: 30 data points in equal steps of sine latitude from +14.5/15 to  -14.5/15

CT1731:360          -101.753   -97.274   -91.683   -80.368   -63.173   -70.224
   -40.193   -58.237  -289.982  -937.413 -1264.711  -810.003  570.170 1270.142
  946.551   15.295  -391.774  -922.313 -1331.519 -1305.354  -700.401  -147.607
   -23.956    8.158   69.345  111.992  138.501  136.752  110.248   80.529
CT1731:355           -92.842   -92.885   -91.684   -88.041   -77.416   -86.271
   -27.383   -23.785  -376.001 -1334.384 -1911.241 -1549.652   -78.498  779.343
  554.360  -166.534  -406.979  -791.199 -1496.758 -1436.006  -606.262  -160.431
   -75.033   -16.876   46.654   98.424  140.555  138.745  106.522   82.661
CT1731:350           -78.809   -83.885   -86.850   -92.171   -87.993   -70.634
   26.557   52.769  -269.925 -1264.474 -1931.252 -1787.529  -955.344  -493.595
  -275.642  -148.901   -64.364  287.299  816.363  793.236  192.493  -221.791
  -235.804   -79.096   21.013   77.801  119.890  126.001  105.403   92.167
CT1731:345           -69.304   -74.689   -83.018   -96.496   -95.772   -66.526
   69.326  150.940   -41.032  -750.554 -1354.797 -1310.082  -879.778  -631.787
  -400.127   -29.545  207.388  635.254 1335.632 1303.258  308.731  -401.324
  -384.621  -105.752    7.510   65.416  118.865  138.888  126.923  108.231
CT1731:340           -70.880   -67.741   -64.961   -76.775   -92.249   -66.644
   81.403  184.075  108.898    4.175    9.470  -102.550  -332.297  -338.739
  -262.360  -208.356  -113.543  119.408  231.421  216.428    9.679  -258.575
  -259.652   -82.523   -10.373   46.196  114.195  124.065  103.031   96.827
CT1731:335           -84.443   -76.492   -72.356   -74.717   -67.821   -31.046
   76.140  147.559   97.955   -33.840  -158.017  -189.759  -177.164  -161.915
  -153.440  -208.589  -179.163   -96.878    3.216   40.013   78.262  107.187
   37.328  -102.533  -124.863   -37.681   65.642  102.525  104.686   99.163
CT1731:330          -101.679   -88.527   -74.168   -67.856   -63.302   -27.945
   47.961   99.631   18.592  -350.514  -719.166  -637.570  -199.327   -28.750
   -65.390  -179.996  -210.920  -183.597  -127.003   -50.944  191.437  371.032
  289.532   17.559   -79.502   -18.124   64.127   77.324   71.766   75.124
CT1731:325          -113.092  -107.014   -99.047   -91.093   -72.305   -28.655
   67.818  149.715  112.117   -12.267   -26.608   -78.844   -47.174    -4.831
   -55.487  -173.921  -264.115  -370.415  -454.308  -365.077    -2.041  275.419
  275.582   41.423   -20.941   23.877   76.232   83.775   71.942   61.769
CT1731:320          -117.818  -115.606  -105.543   -98.299   -89.989   -38.146
  102.891  220.993  238.185  215.679  170.490  120.734   18.037   -62.094
   -94.546  -124.901  -271.729  -822.565 -1476.267 -1366.442  -570.398    4.501
  127.996   55.523   74.469   92.261  110.721  104.734   75.636   43.362
CT1731:315          -122.070  -114.694  -104.065   -99.386   -86.667   -16.554
  136.799  247.287  259.744  219.563  161.527   95.399    -6.555   -82.483
   -93.246   -46.231  -257.689 -1079.130 -1890.570 -1817.410  -914.023  -266.876
   -65.643   33.642  104.919  130.879  158.278  123.273   55.910   13.110
CT1731:310          -128.399  -113.483   -93.518   -83.257   -71.318    -7.734
  139.988  253.750  247.867  147.079   64.087   -10.678   -89.876  -140.188
  -128.378   -71.922  -272.786 -1003.610 -1709.082 -1648.903  -874.580  -372.377
  -175.994   -21.415   94.809  143.203  174.707  149.374   78.723   11.527
CT1731:305          -135.570  -115.972   -89.887   -65.525   -38.938   32.617
  187.609  306.878  261.763   76.961   -39.868  -104.490  -157.757  -197.714
  -180.869  -130.500  -239.632  -659.342 -1013.184 -1015.398  -775.081  -538.370
  -301.502   -68.956   53.490  115.848  165.343  125.370   47.371   -10.948
CT1731:300          -136.204  -113.295   -84.197   -59.454   -29.697   52.919
  225.217  334.222  285.607  104.151   -11.994   -83.775  -135.995  -163.835
  -159.025  -137.756  -159.541  -168.538  -191.321  -275.072  -433.830  -452.856
  -302.066   -71.349   52.418  116.222  151.955  103.810   33.393   -21.142
CT1731:295          -129.919  -102.798   -75.668   -53.790   -31.913   30.672
  204.002  317.301  270.474   95.764   -23.497   -85.434  -137.301  -154.073
  -108.816   -57.033    7.357  251.358  365.640  198.549  -184.640  -315.209
  -202.179   -14.888   55.384  109.226  136.181   92.696   27.255   -26.506
CT1731:290          -126.397   -91.116   -67.209   -54.915   -30.910   47.070
  187.162  277.042  209.861   38.376   -46.788   -95.356  -138.176  -125.658
   -54.452   33.441  196.224  555.017  715.108  551.611  124.065   -44.191
   -21.311   24.885   62.111  100.240  108.365   54.647    7.232   -26.355
CT1731:285          -122.235   -67.844   -84.728   -83.714   -53.912   10.024
  128.354  211.634  168.070   11.238   -75.549  -109.965  -119.947   -91.864
   10.125  116.845  225.593  430.739  497.381  393.432  154.561   39.860
   12.205    9.644   44.586   96.165  106.404   82.065   39.222    -4.775
CT1731:280          -200.870  -131.347   -61.668    6.403   72.111  149.793
  271.675  330.211  228.741   19.821   -78.654   -75.958   -53.453   -35.869
   -15.211   55.385  257.981  470.636  420.932  353.024   -20.969  -202.018
  -132.516   -54.098   -20.442   47.565   97.993   93.074   75.388   66.302
CT1731:275          -196.571  -138.879   -68.241    6.179   83.865  160.334
  243.492  274.122  183.568    6.203   -58.944    -8.095   58.556   99.187
  173.820  220.966  287.072  495.435  571.292  355.275   40.308   -72.833
   -99.406   -83.990   -37.790   57.368  118.818  113.890   84.643   61.818
CT1731:270          -221.891  -147.504   -70.480    9.613   89.633  161.833
  232.497  266.129  238.421  155.961  130.937  163.590  181.261  208.327
  326.800  376.252  298.699  230.916  198.620   41.896   -72.148   -71.069
   -96.331   -90.532   -40.579   62.151  134.053  134.552  104.225   71.806
CT1731:265          -238.170  -159.058   -75.851   21.475  113.475  177.869
  234.093  271.664  312.920  379.459  390.772  327.616  310.979  334.686
  352.474  319.970  211.248  -143.500  -370.004  -282.204  -164.743  -141.809
  -123.147  -102.592   -46.985   88.503  165.167  138.067   88.030   58.080
CT1731:260          -249.882  -288.687  -136.146   -36.497   39.677   90.657
  133.103  170.452  191.789  202.958  216.059  209.407  204.653  191.950
  164.762  136.187   67.242  -109.942  -233.546  -176.904   -28.315   10.408
   -47.062  -122.444   -92.463    2.834   52.882   58.285   50.819   42.651
CT1731:255          -263.168  -229.925   -81.811   24.437  100.153  142.343
  154.868  169.930  177.522  178.420  198.450  219.456  253.553  257.337
  229.009  190.901  123.027   92.549   83.210   75.493   58.057   61.350
    -3.059   -96.355   -88.605    -7.300   56.852   54.013   46.029   40.390
CT1731:250          -187.743  -148.205   -33.621   72.280  155.421  199.889
  171.949  141.037  145.281  133.121  164.916  318.809  525.376  527.832
  269.965   -80.901  -247.700  -343.085  -364.845  -287.058   -26.426   84.141
   39.895   -63.107   -57.836   30.621   86.822   83.836   60.066   36.074
CT1731:245          -178.608  -114.447   -39.227   58.995  155.156  200.214
  186.506  163.651  163.551  139.827  154.967  391.648  979.719 1151.132
  731.030  -103.039  -367.344  -408.256  -465.831  -400.227   -87.836   85.104
   60.661   -21.727   -24.997   37.342   93.123   77.315   46.777   27.931
CT1731:240          -199.223  -126.595   -54.587   29.386  126.266  175.046
  172.933  163.888  166.479  167.764  177.581  286.052  548.578  612.560
  576.036  616.134  613.083  327.927   71.342   43.110   66.962   92.331
   79.430   31.915   32.740   82.123  126.908  114.668   76.100   38.673
CT1731:235          -160.056  -120.592   -42.855   34.986  108.655  143.955
  129.151  114.152  120.250  169.234  182.101   54.227  -353.638  -554.310
  -296.825  323.236  479.644  295.411   37.260    2.380   54.535   78.625
   85.309   75.419   79.092  106.955  132.495  114.616   71.394   33.207
CT1731:230          -185.402  -114.143   -45.595   25.979  101.372  134.188
  115.727   96.680   95.355  168.470  182.750   -44.319  -691.873 -1007.111
  -809.885  -247.101    -0.537    9.615   -35.714   -21.068   70.231  150.996
  160.002  133.811  130.050  146.411  157.001  131.012   84.959   45.861
CT1731:225          -193.194  -120.817   -50.643   25.008  103.503  135.411
  124.712  104.056   72.982   71.151   34.712  -147.703  -608.677  -837.489
  -714.693  -334.065  -138.129   -86.258   -47.879    -0.639   89.236  168.092
  185.352  165.939  162.705  167.621  170.011  151.089  111.695   67.664
CT1731:220          -201.665  -128.296   -53.719   31.085  117.824  148.563
  132.068   94.825   16.147  -145.541  -287.573  -316.208  -318.454  -374.461
  -229.976   -78.190   -51.819   -30.970   -15.339   13.032   75.365  115.409
  140.492  135.257  137.213  153.844  172.019  153.300  111.958   75.243
CT1731:215          -201.503  -130.239   -60.994   21.108  117.955  138.355
   89.045   16.336  -117.574  -438.561  -706.559  -605.721  124.753  741.221
  695.067  201.202   -25.908   -26.419   -24.412   -19.450   44.064   64.412
  114.981  138.552  159.400  168.994  173.653  159.671  123.165   83.422
CT1731:210          -185.388  -125.588   -55.109   29.071  108.807  105.329
   13.195  -106.259  -257.255  -626.396  -987.332  -920.187  -212.515  408.470
  407.919   71.809  -126.890  -193.076  -214.662  -195.383  -138.614   -26.782
  100.102  150.797  186.345  199.036  191.518  169.123  122.198   76.838
CT1731:205          -170.447  -118.860   -68.895    0.306   87.274   76.934
   -43.223  -196.909  -338.532  -615.358  -856.292  -856.029  -736.364  -717.033
  -576.050  -258.070  -233.055  -580.169 -1091.561 -1128.568  -763.809  -132.610
   90.379  136.152  200.250  215.433  202.406  177.161  117.504   68.863
CT1731:200          -131.291   -89.483   -42.276   17.912   70.084   44.181
   -93.129  -250.776  -356.604  -489.033  -590.564  -601.205  -563.916  -473.245
  -450.620  -366.066  -389.817 -1033.163 -2438.718 -2723.098 -1666.162  -434.047
  -114.829   35.157  155.430  191.879  199.794  190.184  140.796   82.371
CT1731:195           -92.451   -80.436   -69.688   -44.800    -5.047   -32.437
  -164.721  -331.433  -398.365  -379.627  -341.080  -311.116  -213.835  -107.788
  -121.988  -221.489  -311.930  -650.158 -1547.962 -1771.228  -988.479  -243.319
   -49.857   46.644  121.653  148.578  175.211  163.355  112.903   74.269
CT1731:190           -31.003   -43.860   -55.158   -64.836   -77.484  -119.483
  -207.237  -300.492  -325.765  -266.285  -187.320  -135.233   -46.687   10.842
   17.983   -41.996   -87.391  168.765 1011.888 1305.270  729.022  278.157
  248.887  148.249   93.310  117.527  165.528  162.912  118.896   68.328
CT1731:185           11.292   -14.404   -39.924   -62.795   -84.973  -123.105
  -194.064  -270.161  -270.946  -181.437   -80.860   -19.966   54.323   99.213
  104.426   44.200   33.589  395.830 1288.179 1571.272 1106.453  564.136
  429.971  228.574   96.589  107.407  161.792  155.371  108.617   52.102
CT1731:180           32.244    -0.021   -31.791   -59.064   -81.806  -113.588
  -172.229  -232.542  -216.601  -117.603    -5.293   56.943  116.664  143.066
  132.973   46.856   19.287  155.026  204.848  161.680  454.696  504.682
  421.324  190.995   71.177   98.424  164.390  143.078   73.263   23.927
CT1731:175           57.590   12.169   -33.195   -82.080  -134.392  -172.644
  -206.760  -241.682  -208.314   -65.313   87.631  152.238  180.169  183.107
  137.965    9.496   -54.728   -97.757   -71.195    -1.234   37.138   97.904
  109.031   85.766   60.760   82.516  138.642  143.578  103.474   51.878
CT1731:170           82.214   24.176   -32.207   -90.432  -151.314  -187.826
  -207.981  -217.670  -169.508   -24.273  125.757  182.439  195.963  190.380
  114.992  -100.541  -241.597  -332.700  -442.677  -442.159  -239.720   -20.106
   19.301    4.557   17.721   62.925  125.195  131.301   94.933   59.310
CT1731:165          103.179   34.901   -30.310   -99.600  -174.018  -205.201
  -194.359  -171.337  -121.324   -12.955   94.136  133.057  144.451  147.118
   98.195   -63.162  -177.366  -193.439  -143.106  -118.692  -114.263  -133.108
  -126.377   -77.331   -21.103   43.503  116.468  126.484   91.169   64.090
CT1731:160          115.680   41.406   -36.767  -125.838  -209.695  -227.920
  -165.532   -79.754   -27.712   19.935   54.827   63.886   50.662   31.196
   54.513  161.086  267.369  294.728  364.192  334.480  114.422  -194.712
  -249.607  -133.363   -40.881   30.085  104.667  132.551  114.104   84.770
CT1731:155          106.792   38.711   -27.967  -112.232  -215.514  -229.720
  -125.600   22.615   80.839   90.110   79.486   57.500   -21.024   -85.401
   -38.578  122.125  241.376  382.385  605.648  595.199  215.324  -247.667
  -336.411  -170.567   -38.500   24.144   80.339  101.055   77.744   70.441
CT1731:150          100.301   28.457   -47.106  -128.721  -200.206  -195.826
   -65.317  103.087  162.998  153.245  115.556   59.705   -84.495  -191.809
  -142.597   37.168  171.651  368.160  614.367  570.024   90.289  -538.418
  -601.688  -251.289   -32.315   47.746  112.582  138.664  118.822   90.997
CT1731:145           83.450   17.641   -39.239   -97.464  -167.574  -157.902
   -27.311  131.282  192.088  179.394  148.942   62.254  -167.863  -337.502
  -289.958   -17.356  201.657  396.747  679.283  670.679  162.114  -393.084
  -469.401  -244.247   -63.941   32.092  106.641  136.326  116.564   93.582
CT1731:140           47.363   36.731   -17.429   -77.834  -130.515  -117.439
   -31.844   83.061  146.579  158.834  123.446    -8.978  -277.077  -462.034
  -455.880  -258.333   -94.007   90.265  331.055  329.081   -13.299  -374.418
  -406.116  -217.633   -84.155    5.901   88.523  112.523   93.590   89.050
CT1731:135           51.432   21.926    -6.482   -47.277  -100.579   -83.194
    4.514  113.473  209.895  368.716  490.079  273.623  -322.402  -748.083
  -816.451  -760.119  -696.600  -519.846  -365.577  -323.768  -361.805  -395.623
  -365.764  -202.227   -94.766    -8.575   83.995  124.831  118.835  100.121
CT1731:130           46.264   22.444    -3.267   -39.458   -84.820   -45.117
  111.234  284.353  438.163  762.281  956.239  669.023  -169.149  -778.420
  -911.078  -816.501  -694.559  -520.310  -265.889  -171.644  -172.766  -202.889
  -227.601  -186.899  -123.444   -25.244   76.584   99.012   80.622   79.371
CT1731:125            3.476   42.438    9.006   -25.838   -58.770    -2.983
  190.876  402.457  576.985  977.951 1218.365  907.999    -7.062  -613.518
  -724.918  -602.873  -464.030   -61.305  429.322  566.112  389.498  183.012
   83.746   -54.438  -102.258   -32.775   68.127   99.146   89.666   83.760
CT1731:120            2.883    -1.456    -0.826   -11.590   -48.871   12.020
  208.102  414.460  568.732  789.917  865.309  642.043    -7.235  -469.213
  -558.852  -433.614  -253.086  258.412 1004.181 1162.798  797.835  451.789
  266.639    -5.245  -101.161   -10.186  100.794  113.427   95.743   77.144
CT1731:115           -34.117   -25.263   -19.588   -27.802   -38.276   14.658
  162.777  293.104  317.586  261.656  187.589   58.223  -134.890  -302.295
  -492.706  -782.154  -774.496  -419.639   -77.767  112.968  341.167  406.378
  303.526   71.433   -29.612   11.383   79.196   87.721   73.868   70.753
CT1731:110           -70.848   -57.317   -42.786   -22.395    -2.816   31.876
  109.338  183.724  176.070   45.275   -26.475   -58.783   -51.979  -115.788
  -298.915  -489.947  -484.131  -342.925  -102.867   16.143  148.742  224.130
  170.365   52.128   20.261   63.729   93.633   95.979   94.665   89.729
CT1731:105          -111.393   -89.415   -69.500   -50.494   -27.525   10.354
   53.825   79.252   38.973   -92.327  -127.355   -54.196  112.594  169.944
  132.744    6.965   -38.468   31.753   83.893   62.380   30.159   41.537
   93.543  151.861  142.845  102.047   80.693   92.765  102.233  104.445
CT1731:100           -11.958  -129.038  -112.726   -93.871   -68.279   -40.306
   -20.367    -3.844    -0.111   -19.177    2.591  168.688  453.685  548.254
  604.547  633.886  616.274  489.884  385.041  275.296   46.718   -38.882
   24.471  132.195  144.428   88.112   65.251   76.151   94.189  107.647
CT1731:095           -36.403   -45.157   -52.611   -55.725   -59.715   -77.663
  -157.060  -195.986  -145.677   12.864  148.443  156.920  151.954  151.638
  286.728  526.512  481.521   60.776  -170.836  -204.210  -108.455    4.883
   93.055  186.449  212.175  140.392   75.753   74.446   88.043   93.962
CT1731:090           -48.515   -57.315   -66.438   -75.433   -87.589  -108.798
  -182.851  -213.665  -118.878   77.413  197.462  373.127  625.235  765.730
  989.619 1305.226 1256.005  634.565   -25.622  -129.067   -83.992   -91.925
    2.010  168.526  211.900  153.435   79.407   66.612   82.728  107.857
CT1731:085           -73.218   -89.697  -103.000  -112.213  -125.476  -124.417
   -84.716    -6.974  107.249  373.765  592.250  634.679  543.143  575.587
  763.624  975.106  977.315  905.551  823.393  571.927   41.935  -194.529
  -100.748  149.787  215.297  138.070   68.682   87.634  122.821  140.643
CT1731:080           -62.134   78.068   25.900   -28.698   -66.825   -78.051
   -35.863    9.638   28.423   23.851   28.923   40.154   41.833   66.255
  122.452  191.557  180.792  112.683   41.658   -54.492  -210.702  -258.236
  -133.846   85.918  137.916   68.812   42.752   60.299   84.483  104.015
CT1731:075           -20.225   99.506   56.665    0.350   -47.755   -69.581
   -48.915   -15.530    1.197   10.569   24.808   33.315   36.854   59.574
   93.927  136.615  130.040   81.759   25.266   -64.587  -227.026  -283.278
  -145.948   87.531  154.481   99.376   65.382   78.002   98.431  111.309
CT1731:070           58.359   48.561   29.228   -12.092   -57.894   -84.655
   -98.488   -98.800   -89.033   -70.397   -41.490    -9.638   48.104   86.547
   89.375   83.811   68.267   35.221    -0.021   -62.075  -194.891  -254.902
  -145.244   66.666  142.018  114.151   82.946   90.748  104.204  113.325
CT1731:065           54.241   26.438    0.679   -29.800   -65.312   -90.636
  -119.792  -139.706  -126.283   -88.561   -40.141    5.500   81.476  120.730
  100.513   50.143   19.965   10.154   12.216   -23.249  -119.754  -173.680
  -114.680   33.595  107.343  106.130   91.758   93.827   98.951  104.246
CT1731:060           32.254    -6.304   -36.834   -57.777   -75.190   -87.139
  -102.277  -112.326   -86.722   -26.077   34.238   75.356  129.023  150.741
  118.047   41.549    -0.709   -13.409    -7.895   -22.205   -66.560   -97.712
   -53.861   51.306  109.058  111.780   98.669   95.601   93.573   95.237
CT1731:055            2.564   -28.829   -54.442   -72.204   -85.679   -85.100
   -71.019   -51.767    -5.875   91.356  185.596  214.361  192.099  166.465
  119.068   25.775   -33.581   -49.639   -43.428   -46.403   -40.103   -29.625
    1.859   64.124  101.397  110.082  107.041  104.466   98.346   94.553
CT1731:050            -7.679   -28.241   -48.884   -74.310  -106.702  -103.564
   -47.342   22.132   76.927  154.673  230.566  255.322  231.388  202.744
  148.445   41.199   -31.478   -47.031   -22.047   -10.731    4.421   23.770
   45.400   83.155  109.514  110.678   99.222   97.550   99.284   99.801
CT1731:045           -10.636   -29.006   -48.925   -76.958  -116.813  -108.546
   -31.205   66.528  129.510  176.989  216.669  246.790  273.470  278.620
  239.466  122.923   24.844    6.689   32.567   42.232   52.016   65.757
   78.723   95.846  107.969  104.521   93.823   93.121   97.419  101.769
CT1731:040           -15.391   -38.099   -61.245   -90.024  -123.834  -108.969
   -20.069  102.468  173.833  199.935  210.476  247.852  344.742  434.352
  400.186  238.155  119.163   86.319   88.654   82.373   90.286   87.848
   92.102  109.410  120.998  113.589   95.948   91.120   94.120  100.892
CT1731:035           -31.575   -39.869   -62.622   -89.722  -125.467  -109.274
   -14.445  110.746  184.762  224.887  249.120  283.720  356.422  416.517
  389.247  256.903  142.845  115.596  143.282  153.411  142.390  120.863
  118.837  117.366  110.146  103.445   99.161  100.542  107.026  109.684
CT1731:030           -44.493   -58.336   -73.778   -96.796  -125.968  -103.569
    -3.391  120.648  187.296  240.134  273.563  303.882  347.618  365.863
  346.731  260.829  169.786  128.652  106.480  105.960  123.904  176.458
  187.152  152.974  117.745  110.072  114.489  114.734  113.080  109.635
CT1731:025           -57.315   -75.701   -90.733  -105.063  -124.824  -101.399
    5.777  163.742  229.503  229.007  204.898  224.050  264.552  354.635
  357.854  250.870  183.012  134.422   15.221   -57.437   54.913  219.074
  243.011  181.502  128.494  120.267  117.627  112.873  110.592  106.576
CT1731:020           -42.904   -75.150   -98.846  -116.258  -136.044  -117.023
   -16.396  137.725  202.360  186.797  133.575  143.302  146.956  162.437
  171.936  193.358  207.210  174.022  113.719   72.141  129.346  213.228
  227.869  181.234  135.752  126.765  120.164  110.739  101.712   94.175
CT1731:015           -50.905   -63.275   -76.321   -93.764  -111.182   -98.794
   -41.885   25.551   44.385    8.612   -60.167   -27.992   28.255   19.410
   53.430  212.373  260.947  202.470  178.418  177.714  149.655  137.556
  158.379  165.663  162.247  148.964  122.188  108.674  101.466   96.843
CT1731:010           -63.526   -56.864   -54.968   -60.928   -74.776   -78.764
   -63.643   -43.057   -55.160  -132.507  -217.211  -109.608  324.544  757.596
  784.315  484.129  232.858   36.170  -264.272  -393.051  -268.996   -66.087
   30.856  101.307  149.360  150.332  121.259  112.575  110.205  107.305
CT1731:005           -74.457   -64.799   -58.944   -56.362   -54.477   -65.319
   -92.131  -125.950  -181.224  -301.004  -426.054  -248.923  541.648 1300.947
 1286.085  562.734   28.482  -326.737  -905.491 -1119.711  -777.519  -257.880
   -71.740   40.017  129.097  145.571  124.893  120.081  113.995  106.762
CT1732:360           -85.028   -80.434   -74.650   -68.118   -56.902   -73.640
  -133.709  -211.840  -315.573  -546.812  -780.115  -634.069   91.208  764.521
  786.424  215.688  -226.771  -491.562  -863.798  -978.394  -702.017  -252.260
   -90.813   12.258   97.980  124.231  120.191  119.929  107.693   95.028
