
filled_synop: 30 data points in equal steps of sine latitude from +14.5/15 to  -14.5/15

CT1652:360           -22.162   22.621   67.121  116.680  167.946  206.230
  214.858  189.781  157.148  116.013   58.884   26.795   16.042    6.787
    7.590   19.450   39.952   83.112  168.884  234.083  251.244  233.575
  165.900   49.389   -36.784   -56.160   -71.310   -94.737  -114.731  -132.406
CT1652:355           47.052   58.892   69.231   84.549  105.091   95.969
   45.078    -5.135    -6.321    -3.521    6.660   13.794    5.297    -0.865
    6.860   21.771   41.716   71.651  135.228  181.113  200.303  200.827
  163.698   74.848   -20.257   -52.739   -58.500   -77.026  -104.937  -131.407
CT1652:350           99.859   84.225   69.545   54.652   18.874   -58.057
  -162.590  -224.389  -204.892  -113.060   -38.285   -22.076   -21.347   -16.399
    1.131   23.659   37.576   45.328   49.299   62.059   96.853  127.391
  104.594   42.090   -11.676   -33.180   -39.241   -59.111   -90.666  -121.999
CT1652:345          138.842   98.043   48.332    -6.631   -66.890  -135.926
  -234.126  -279.534  -227.804  -119.088   -10.882   24.451   15.323    5.990
   16.653   42.415   63.876   53.774   17.586    8.775   33.381   73.200
   74.643   42.993    -2.538   -26.358   -30.921   -45.299   -63.962   -80.455
CT1652:340          188.849  121.639   48.448   -36.355  -132.971  -211.351
  -244.510  -221.077  -165.975   -53.624   29.355   55.764   52.065   42.991
   37.800   25.338   16.245   11.031    5.727   10.800   30.443   67.055
   75.458   43.522    0.195   -27.278   -47.224   -68.809   -85.317  -103.097
CT1652:335          197.719  123.819   44.825   -49.998  -134.183  -168.904
  -166.399  -132.644   -79.476    -8.494   47.195   69.927   67.547   59.243
   45.243   10.713   -13.875   -13.186    1.957   12.672   31.096   56.538
   56.529   33.903    1.803   -27.463   -59.352   -90.913  -115.426  -130.131
CT1652:330          171.805  110.360   46.225   -21.888   -77.957   -98.547
   -74.295   -38.713    -3.574   36.154   60.405   73.975   75.205   67.089
   53.710   24.604    1.610    -1.429   12.279   26.764   41.063   55.431
   54.151   27.376   -10.035   -46.288   -94.552  -126.583  -137.969  -137.358
CT1652:325          139.674  102.342   64.307   15.167   -50.215   -76.206
   -46.223    7.580   37.739   61.782   77.448   85.206   80.830   66.728
   54.043   32.601    8.202    2.361   17.762   34.757   35.655   35.211
   28.763    7.929   -24.632   -51.474   -83.298  -113.627  -118.177  -110.580
CT1652:320          110.596   72.566   31.624    -8.672   -46.737   -60.182
   -26.441   29.845   57.378   70.245   72.588   73.702   70.039   68.095
   62.421   37.018    7.840    -0.331    5.863   11.483   15.682   27.592
   27.186    2.218   -23.907   -44.943   -74.465  -106.126  -121.278  -129.996
CT1652:315           74.350   41.868   16.170    -4.405   -28.736   -33.435
    -5.345   45.692   68.866   62.561   36.424   26.159   31.723   38.145
   37.043   29.258   13.760    9.029    3.708    -2.395    -5.356   -18.030
   -25.786   -10.530    -1.380   -27.622   -74.172  -104.576  -122.545  -139.937
CT1652:310           44.419   19.092    -1.306   -14.673   -24.545   -24.144
    -1.977   33.560   46.498   38.794   18.381    7.641    4.371    8.470
   13.319   28.936   47.673   47.682   31.273   22.202   16.676   11.645
    6.896    1.666    -3.595   -25.310   -59.443   -88.892  -109.805  -132.316
CT1652:305           29.521   12.341    -1.055    -9.804   -16.652   -12.881
   10.213   42.898   51.341   33.228    -1.219   -19.771   -25.762   -24.946
   -22.577   -10.714    2.936   17.864   39.975   50.414   40.223   22.410
   11.492    3.520    -5.962   -23.949   -47.712   -72.218  -100.493  -128.209
CT1652:300           29.167   18.112    8.988    -0.565   -11.461    -8.430
   20.434   68.481   79.759   46.837    -3.123   -23.542   -34.211   -42.135
   -45.614   -48.446   -48.195   -27.257   19.991   45.543   41.825   23.081
   10.608    -2.267   -12.813   -27.542   -41.757   -61.155   -91.771  -124.045
CT1652:295           21.640   17.489   15.861   12.782    8.876   12.098
   27.005   44.344   39.453   16.014   -14.036   -29.143   -37.978   -45.317
   -48.562   -49.765   -40.732   -20.992   17.774   41.385   36.798   13.523
    -1.418   -14.922   -27.765   -41.031   -51.878   -67.174   -87.089  -107.844
CT1652:290           36.966   32.764   28.492   24.008   19.832   16.621
   12.635   13.259    6.272   -21.530   -46.491   -52.106   -51.823   -37.413
   -33.067   -47.260   -56.491   -35.743   19.147   51.282   48.415   27.655
   13.902    -3.992   -20.808   -35.082   -42.295   -57.756   -84.334  -111.211
CT1652:285           21.643   20.512   19.451   17.612   16.475   15.496
    5.793    -7.688   -22.877   -55.897   -90.511   -98.300   -66.840   -32.439
   -25.918   -32.936   -38.183   -18.353   32.158   61.252   62.862   57.063
   45.065   14.602   -12.805   -31.138   -44.624   -62.273   -84.886  -107.472
CT1652:280            6.858    9.375   13.327   17.704   22.288   25.995
   28.391   31.412   22.760    -6.616   -35.782   -42.518   -16.675    6.486
    8.691    -0.188    -5.701    0.819   15.874   27.511   44.411   60.997
   56.445   29.422    1.109   -25.360   -54.312   -75.751   -93.851  -109.445
CT1652:275            -6.885    1.294   13.608   24.482   33.812   52.531
   85.921  124.075  129.241  104.315   79.418   63.793   49.988   39.003
   31.852   19.872    9.051    1.659   -16.032   -19.001    7.522   45.026
   48.249   25.811    0.427   -25.629   -56.269   -78.913   -95.836  -112.443
CT1652:270           -11.740    7.594   25.206   39.949   52.887   80.432
  136.564  202.488  211.633  182.402  125.252   86.070   53.970   25.872
   14.086   18.259   20.179    2.435   -39.415   -53.873   -26.739   19.301
   26.888    7.955   -13.560   -37.234   -66.742   -89.571  -111.169  -130.663
CT1652:265            -0.416   20.212   38.716   53.720   61.891   94.586
  192.510  331.620  360.234  269.166   99.507   24.320    -0.468   -10.833
   -20.863   -18.354   -21.790   -27.850   -35.664   -35.207   -24.856    -5.426
    0.043    -6.899   -19.766   -37.617   -61.272   -85.870  -115.003  -145.844
CT1652:260            2.282   19.562   32.693   45.929   55.550   91.268
  204.853  349.313  369.959  251.849   52.734   -25.202   -32.447   -21.951
   -29.349   -38.399   -45.755   -47.513   -40.719   -33.432   -31.310   -28.263
   -23.519   -16.096   -11.872   -27.105   -51.487   -75.068  -103.941  -135.361
CT1652:255           21.894   28.143   34.383   44.043   54.813   74.910
  153.405  281.718  303.953  194.296   20.674   -38.907   -41.623   -26.106
   -32.785   -55.562   -72.902   -71.124   -48.601   -32.699   -30.539   -32.183
   -29.151   -15.248    -0.845   -15.028   -47.768   -80.410  -113.592  -145.218
CT1652:250           48.544   43.902   42.454   44.204   43.360   46.032
   41.955   17.105    -6.137   -14.870   -30.900   -43.803   -39.534   -26.126
   -30.665   -63.316  -100.643   -93.342   -43.917   -18.093   -22.270   -46.063
   -49.657   -21.468    7.273   -10.224   -54.934   -89.535  -121.278  -154.047
CT1652:245          101.295   79.604   57.968   36.706   20.077   -10.536
   -92.172  -209.627  -247.787  -193.076   -75.037   -34.658   -28.779   -26.555
   -26.805   -42.133   -52.970   -45.791   -12.757   10.730    -2.630   -44.410
   -53.968   -26.389    -0.869   -17.885   -59.664   -96.972  -128.321  -157.928
CT1652:240          136.547  104.721   73.720   41.362   15.989   -26.380
  -126.957  -274.162  -316.186  -242.165   -80.470   -19.237   -17.300   -31.709
   -31.425   -26.240   -17.058   -10.644    -1.806    1.630    2.386    -6.717
   -11.541    -6.368    0.599   -24.903   -79.441  -114.022  -136.114  -159.316
CT1652:235          118.443   97.887   75.383   49.333   24.050   -17.687
   -98.623  -198.457  -222.792  -173.846   -69.024   -24.094   -20.710   -26.603
   -25.576   -25.608   -23.944   -15.152   11.389   28.678   23.252    5.824
    -2.333    -6.498   -13.579   -37.571   -80.678  -117.705  -147.136  -170.068
CT1652:230           82.963   80.297   74.001   62.985   50.835   20.865
   -46.137  -130.973  -152.960  -118.964   -52.934   -23.325   -22.500   -22.707
   -24.831   -30.244   -31.470   -24.127    -0.112   13.536   12.930    5.594
    -0.384    -7.625   -18.271   -41.434   -77.606  -107.183  -135.988  -164.367
CT1652:225           59.709   58.803   59.819   62.165   63.562   45.205
    -9.531   -92.423  -107.974   -74.374   -15.443    7.726    -5.586   -19.721
   -29.667   -30.205   -27.449   -24.872   -13.766    -9.203    -7.157    -5.934
    -7.724   -11.449   -18.320   -33.871   -58.907   -86.589  -122.234  -157.249
CT1652:220           50.214   54.784   57.139   60.363   66.733   53.782
    5.479   -74.320   -77.711   -15.871   61.936   73.771   63.253    6.306
   -25.947   -19.947    -5.146    -9.732   -15.951   -20.413   -22.864   -23.830
   -24.678   -12.492    -6.219   -19.516   -49.214   -79.005  -119.718  -159.122
CT1652:215           50.219   51.283   53.655   58.949   63.023   51.852
   10.538   -56.624   -42.324  132.988  380.822  429.082  302.367   85.279
   16.007    7.062    6.050    -5.391   -19.924   -37.875   -46.800   -47.133
   -45.186   -18.695    4.913    -3.581   -35.965   -67.924  -102.894  -139.962
CT1652:210           56.211   57.341   57.062   54.351   48.654   41.934
   33.154   14.640   41.013  248.647  648.839  770.250  485.967  125.163
   40.338   29.049   21.570    7.078    -8.123   -34.052   -67.666  -101.787
  -106.471   -61.553    -8.973    -4.901   -33.978   -55.923   -87.481  -120.222
CT1652:205           51.767   48.725   44.590   38.211   29.558   26.465
   39.208   54.363   54.873   45.736   23.299   11.586   48.949   36.742
   25.422   30.324   31.826   26.055   32.342   11.569   -95.248  -266.262
  -298.475  -172.803   -54.025   -32.638   -38.361   -53.130   -83.718  -116.515
CT1652:200           61.268   51.569   41.539   29.922   16.440   11.709
   27.745   58.258   35.438  -157.644  -443.753  -502.107  -274.052   -17.008
   37.745   41.826   48.635   42.258   34.625    4.461  -116.899  -311.227
  -352.998  -236.117  -112.135   -78.658   -63.804   -61.764   -85.103  -112.733
CT1652:195           85.339   67.044   45.094   20.816    -1.147   -15.501
   -22.337   -25.823   -53.200  -152.989  -267.610  -269.234  -175.027    -9.558
   42.687   36.912   28.904   20.980    8.366   -13.263   -87.496  -220.306
  -256.897  -199.214  -130.947  -103.360   -74.599   -65.729   -85.060  -103.467
CT1652:190          118.533   80.857   43.961    2.904   -42.042   -64.438
   -59.415   -29.307   -28.905   -55.708   -79.137   -74.645   -42.439    -1.508
   19.927   21.216   13.967    7.855    -9.465   -26.498   -32.231   -30.846
   -42.442   -82.415  -122.046  -120.754   -86.107   -75.830  -104.659  -134.717
CT1652:185          129.893   90.885   46.692    -2.502   -51.410   -71.915
   -45.223   14.832   31.450   25.756    6.138    -2.172    -7.530   -17.816
   -14.846    -2.463   14.708   14.804    -9.428   -15.633   27.290  124.770
  140.613   63.162   -29.385   -52.544   -49.235   -70.218  -111.582  -156.471
CT1652:180          114.198   87.278   58.682   21.912   -27.040   -45.287
   -17.705   33.202   49.584   41.714   20.848    5.039   -17.867   -44.190
   -47.779   -29.715    -8.541    -2.509   -12.281    -9.946   41.561  146.998
  168.622   98.623    8.238   -25.832   -42.234   -66.809  -109.465  -158.597
CT1652:175          103.856   76.521   47.393   16.746   -11.677   -18.171
   13.065   66.817   82.134   61.692   20.821    -5.528   -38.457   -75.561
   -82.848   -52.875   -23.118   -11.521   -10.946    -2.919   48.379  154.205
  181.006  132.303   62.553   21.663   -19.654   -65.576  -112.886  -160.793
CT1652:170           87.367   64.134   46.009   30.145    8.634    5.734
   39.129  100.478  118.720   83.715   26.721    -4.542   -38.130   -66.710
   -74.609   -49.001   -11.210    -1.359    -9.681    -4.369   36.401  114.464
  137.588  125.790  100.094   52.933   -33.713   -92.016  -126.615  -166.197
CT1652:165           48.754   51.374   52.827   56.290   61.396   72.787
   86.941  105.365  116.952  104.032   87.244   58.952   17.712   -38.346
   -62.877   -40.956   -20.812   -13.441   -13.587    -7.525    5.288   18.898
   28.141   62.584   85.926   49.573   -28.828   -88.518  -129.138  -167.328
CT1652:160           39.500   48.207   57.113   67.165   77.105  102.282
  129.533  139.666  147.581  179.401  213.171  183.619  101.665   36.024
    4.436   -33.837   -39.591   -31.471   -17.422    -8.884    -3.030   10.067
   14.165   12.923    5.024   -16.309   -56.984   -95.930  -128.496  -164.269
CT1652:155           44.051   53.372   61.005   62.089   53.732   78.544
  186.431  321.516  363.919  365.518  311.517  245.595   98.808  -112.289
  -170.087   -93.145   -26.673   -15.146    -2.681    5.276    -3.218   -18.914
   -33.619   -45.883   -60.737   -73.535   -82.821   -96.827  -130.241  -163.116
CT1652:150           42.621   50.459   55.966   58.006   57.825   89.467
  238.663  448.387  525.765  502.911  462.278  410.955  172.711   -87.211
  -139.486   -59.386    2.405   11.077   14.851   12.805    -0.446   -16.431
   -57.700  -145.404  -202.462  -184.050   -93.378   -66.849   -87.066  -120.819
CT1652:145           35.049   44.659   52.259   60.535   68.571   62.486
   50.171   39.162   65.657  164.497  246.100  246.303  170.348   88.674
   53.876   53.488   66.513   55.317   25.621    6.519    -0.346    -2.604
   -71.669  -296.230  -454.218  -408.534  -219.619  -112.113  -108.055  -119.313
CT1652:140           34.209   44.067   53.576   65.911   76.403   26.045
  -201.636  -471.465  -497.083  -291.011   -22.186   59.174   96.206  115.336
  110.597   89.219   66.023   48.266   17.339    -4.217    -5.223    5.235
   -67.700  -346.563  -544.459  -460.981  -195.622  -114.242  -115.867  -106.244
CT1652:135           40.977   47.086   49.758   55.605   73.840   20.502
  -233.315  -579.633  -649.680  -434.661  -115.020    -9.240   38.636   68.325
   72.342   53.534   31.711   16.313    1.696    -7.220   -16.009   -20.109
   -56.881  -204.327  -352.837  -373.061  -291.428  -201.159  -153.439  -111.018
CT1652:130           41.612   46.445   51.286   63.726   85.931   49.401
   -67.597  -183.217  -191.189  -159.634   -45.232   20.320   30.551   31.947
   34.734   15.775    -3.066   -11.877   -17.428   -23.211   -26.355   -12.994
   -16.271  -112.307  -236.541  -242.566  -180.721  -166.150  -140.292  -108.177
CT1652:125           33.785   37.251   43.458   56.289   70.557   58.037
   30.416    -3.797   -18.541    -8.295    -3.594    6.974    3.221   -11.730
   -10.828    3.177   16.153    6.280   -24.421   -41.267   -31.944    -9.982
   43.059  226.638  361.383  248.244   -51.032  -178.129  -197.792  -198.135
CT1652:120           31.461   22.703   27.716   36.696   47.570   48.381
   51.296   46.408   36.945   25.442    4.515    -2.438   -12.294   -23.785
   -20.572    0.483   14.494   11.730    3.476    -1.612   -12.127   -25.019
   32.894  263.844  456.461  348.455   63.422   -94.157  -127.646  -154.193
CT1652:115           15.065   20.517   33.642   43.516   50.039   51.685
   52.714   49.549   41.828   24.098    3.982    -2.170    -2.232    0.300
    2.951    8.281   14.477   20.529   27.170   22.886   -10.322   -51.025
    -5.156  188.010  366.519  351.082  167.538   13.473   -79.949  -165.092
CT1652:110           25.739   32.295   38.021   39.230   35.629   34.842
   40.411   44.058   36.927   17.972    0.372    -1.591    9.195   16.464
   17.426   17.467   19.103   25.845   27.924   16.220   -26.158   -75.606
   -33.268  144.568  270.703  258.218  146.317   27.655   -86.891  -191.769
CT1652:105           25.469   29.734   28.196   30.268   36.161   38.626
   35.945   29.493   23.090   11.936    2.894    4.965   17.902   25.353
   25.027   24.885   25.925   23.950   13.996    -1.133   -43.627   -85.165
   -38.801  125.346  245.902  234.909  141.839   33.611   -84.072  -192.726
CT1652:100           33.425   33.043   32.630   35.399   43.039   43.543
   35.022   24.082   16.212    8.930    3.713    4.014   12.417   18.334
   21.228   25.839   28.129   19.101    -5.027   -20.433   -48.213   -82.947
   -30.374  164.396  290.461  248.466  118.542   22.046   -82.641  -191.339
CT1652:095           47.559   50.792   48.502   45.570   39.294   33.085
   26.036   17.617    9.699    3.074    -1.638    -3.224    -1.169    -0.186
    3.072   11.517   16.629   11.687    -2.231   -11.227   -27.914   -45.988
   -10.276  118.074  209.549  173.527   74.525   -12.576  -102.438  -193.851
CT1652:090           68.325   59.541   50.201   41.418   34.426   26.162
   15.111    5.271    -2.047    -7.851   -10.704   -12.937   -17.057   -21.654
   -19.429   -10.655    -1.422    6.681   19.587   24.573   12.106    -8.240
   11.984   85.125  141.650  106.796   27.279   -44.596  -132.112  -209.205
CT1652:085           75.623   65.751   55.377   44.199   31.974   19.216
    3.182   -12.198   -20.544   -20.610   -17.463   -19.687   -26.620   -34.739
   -33.280   -25.548   -13.815    2.758   36.301   51.467   39.892   11.753
   11.509   32.808   45.643   24.177   -19.473   -70.573  -137.043  -204.020
CT1652:080           80.388   68.277   55.349   41.553   27.081   12.770
    -2.918   -20.270   -29.426   -24.840   -12.513   -12.691   -26.787   -42.906
   -40.879   -29.024   -17.253    -0.916   32.068   46.295   38.175   18.387
   14.796   26.659   35.370   10.879   -37.113   -86.299  -146.202  -202.354
CT1652:075           79.854   74.420   66.832   57.764   49.197   36.578
   10.503   -22.342   -36.460   -31.596   -17.617   -16.889   -34.639   -56.049
   -51.707   -19.114    9.210   15.683   10.466    1.019    3.008    3.758
    4.635   17.392   27.589    4.729   -43.083   -86.855  -144.515  -205.877
CT1652:070           70.365   65.613   58.534   49.441   38.743   25.684
   10.364    -4.985   -14.834   -26.331   -40.392   -46.940   -45.036   -44.028
   -34.558    7.688   47.256   36.931   -12.623   -45.605   -43.177   -31.796
   -24.071    -9.090    -1.790   -16.380   -54.678   -93.190  -141.475  -194.461
CT1652:065           67.024   58.543   49.952   42.181   36.627   26.175
    2.336   -29.697   -44.108   -41.212   -31.456   -30.066   -34.292   -35.431
   -29.225    -1.108   14.604   -16.395   -93.423  -125.743  -135.647   -96.472
   -68.314   -43.870   -22.854   -29.583   -57.488   -91.866  -149.443  -204.893
CT1652:060           70.188   51.095   35.917   26.003   17.341    4.766
   -11.432   -31.711   -43.210   -40.914   -32.243   -30.686   -34.060   -38.394
   -35.633   -14.150    -4.722   -67.157  -268.025  -388.686  -355.390  -257.292
  -206.539  -115.699   -29.424   -23.847   -54.728   -89.960  -145.738  -196.503
CT1652:055           81.267   59.159   39.606   25.489   15.260    3.414
    -6.839   -14.489   -22.629   -35.394   -49.077   -51.283   -38.346   -19.936
   -16.446   -19.643   -25.594   -73.287  -210.361  -290.306  -316.518  -329.704
  -297.762  -168.185   -41.038   -32.395   -64.132   -90.350  -133.602  -180.051
CT1652:050          107.145   81.837   57.038   29.782    -0.704   -20.060
   -22.653   -20.338   -25.894   -40.120   -57.975   -61.501   -53.528   -38.768
   -31.082   -23.708   -16.473    -6.071   40.033   53.653   -18.733  -156.247
  -184.077  -103.087   -35.986   -34.564   -45.328   -69.706  -119.916  -172.527
CT1652:045          137.411  104.431   67.833   25.359   -16.758   -42.851
   -46.175   -38.449   -39.089   -46.205   -54.583   -55.795   -59.644   -71.537
   -63.600   -27.254    -1.134   31.032  136.263  202.741  187.957  146.705
  126.152   61.983    -9.484   -34.471   -37.802   -62.310  -111.874  -168.327
CT1652:040          152.814  122.083   87.788   44.753    -6.323   -37.724
   -54.598   -69.967   -75.084   -56.256   -21.724    -8.810   -18.915   -26.655
   -20.348    -0.332   14.385   18.908    1.500   -10.369   84.353  254.101
  276.949  155.249   23.934   -13.558   -37.129   -76.980  -134.840  -189.900
CT1652:035          121.959   96.624   68.168   35.806    1.778   -23.064
   -44.686   -64.998   -67.491   -54.170   -33.629   -21.576    -1.712   20.235
   25.994   29.363   30.852    5.195   -88.122  -123.275   -27.837  149.864
  192.128  142.860   71.465   21.756   -36.962   -87.691  -135.373  -179.164
CT1652:030           92.263   74.226   51.692   25.432    -3.717   -25.175
   -45.941   -69.474   -69.700   -44.639   -11.463    2.882   15.190   23.304
   23.287   29.005   29.632    -8.242  -116.364  -159.596  -103.501   29.061
   78.895   79.735   67.700   34.868   -31.225   -79.404  -113.789  -147.436
CT1652:025           79.508   60.394   40.434   19.572    -3.235   -18.753
   -35.497   -55.236   -50.348   -12.773   41.385   58.075   46.918   27.210
   17.538   12.526    -0.749   -37.320  -133.887  -183.103  -158.501   -94.147
   -58.456    8.583   62.417   39.554   -37.689   -80.630   -96.932  -120.210
CT1652:020           98.193   69.074   37.948    1.711   -34.073   -48.744
   -37.708   -16.796    -0.848   27.642   67.794   78.528   58.716   35.283
   21.721    1.892   -17.319   -41.478   -83.628  -111.913  -139.895  -160.227
  -145.829   -75.839    -1.844    0.473   -31.237   -60.320   -90.368  -122.674
CT1652:015          115.637   77.932   42.170    0.982   -44.776   -55.261
   -21.785   24.952   41.631   49.185   45.910   40.990   37.615   29.632
   21.203    9.244    3.206    1.094   14.944    7.002   -66.353  -208.881
  -234.800  -136.020   -40.246   -28.811   -32.386   -45.775   -83.732  -123.567
CT1652:010           96.343   67.172   36.157    2.972   -24.941   -23.671
   26.057   95.451  114.892   91.312   55.545   42.259   35.085   27.411
   21.352   10.383    2.486   28.356  113.601  137.029   45.043  -107.161
  -145.430  -101.689   -49.890   -42.581   -47.277   -62.784   -95.194  -124.021
CT1652:005           72.709   55.283   39.591   20.096    -1.911    5.643
   65.990  135.577  147.742  110.034   60.187   41.273   34.625   32.395
   29.114   21.870   26.506   66.717  166.803  196.649  127.851   10.216
   -36.464   -42.141   -44.772   -56.506   -66.419   -80.244   -98.933  -118.558
CT1653:360           41.403   42.019   41.609   38.200   35.185   47.388
   93.346  138.276  139.158   98.052   45.984   24.454   17.059   10.452
   10.742   15.439   26.092   63.664  130.765  155.039  142.269  104.454
   69.608   13.610   -35.573   -59.247   -73.438   -87.193  -101.389  -115.748
