
filled_synop: 30 data points in equal steps of sine latitude from +14.5/15 to  -14.5/15

CT1742:360          -146.470  -109.810   -77.709   -45.505    -4.003   47.881
   49.651   -22.808   -98.128  -117.554  -102.645   -89.483   -71.269   -33.610
   -28.769  -106.080  -215.976  -246.282  -247.508  -227.668  -189.968   -77.822
   28.083   76.787  121.916  150.734  135.846  106.878   86.621   62.437
CT1742:355          -161.662  -124.005   -81.965   -40.212    5.562   53.428
   56.128    -0.297   -56.790   -75.149   -74.977   -62.594   -44.869   -20.670
   -15.811   -17.474   -30.292   -43.443  -105.683  -168.283  -139.852   -58.129
    -6.594   30.339   98.530  140.671  137.333  114.024   92.383   70.504
CT1742:350          -168.826  -129.792   -85.717   -40.698    -2.797   52.262
   57.621    4.077   -53.007   -69.245   -84.785   -90.561   -38.631   58.305
   92.376   91.331   86.279   97.196  135.012  163.491  147.554   45.771
    -8.489   19.917  101.338  138.475  128.929  103.328   88.805   71.380
CT1742:345          -163.647  -112.891   -58.130   -11.236   18.273   37.893
   34.633    -7.544   -50.457   -61.683   -54.368   -38.941    -2.552   68.046
   96.623   99.325   89.537  119.873  258.780  367.758  341.503  165.191
   60.953   65.652  111.737  138.082  132.779  109.278   86.747   66.564
CT1742:340          -159.127  -105.091   -46.155    1.152   16.994   23.048
   12.109   -35.420   -83.057   -86.946   -53.000   -31.013   -15.308    -1.761
    -4.322   -12.248   -42.448   -15.290  131.686  253.482  259.695  162.964
   97.694   98.291  121.247  132.429  119.030   95.626   79.944   63.420
CT1742:335          -156.754  -102.185   -39.669   12.484   20.144    5.906
    -9.345   -49.797   -87.475   -93.002   -67.816   -51.538   -58.497   -68.595
   -98.208  -194.380  -311.936  -308.150  -230.977  -150.390   -72.288   26.546
   88.228  106.561  117.519  123.699  115.061   96.040   77.368   58.720
CT1742:330          -153.518   -98.067   -38.864    6.446    4.263   -19.083
   -33.343   -55.961   -78.538   -89.760   -92.880  -100.264  -121.885  -142.067
  -196.148  -395.029  -689.867  -703.649  -434.774  -147.312   -28.453   35.222
   80.881  102.048  114.627  120.803  106.668   84.576   68.542   52.566
CT1742:325          -158.890  -107.504   -53.450    -8.524    -1.062   -19.406
   -33.677   -50.133   -63.097   -72.338   -76.081   -86.514  -121.646  -174.601
  -244.850  -403.518  -624.785  -610.474  -251.918  172.557  283.663  180.628
   97.314   98.445  107.801  108.623   97.170   80.208   67.430   62.533
CT1742:320          -162.292  -122.852   -77.623   -36.985   -24.982   -25.858
   -29.671   -42.098   -56.349   -63.743   -52.569   -49.957   -95.050  -163.154
  -228.785  -344.975  -490.721  -476.317  -197.532  118.855  202.231  138.005
   92.216   98.752   88.519   83.899   83.714   85.168   83.904   79.237
CT1742:315          -163.686  -125.271   -83.725   -46.309   -30.637   -26.621
   -26.435   -32.329   -38.546   -46.280   -54.756   -68.405  -101.567  -156.192
  -216.847  -288.849  -367.150  -382.202  -346.445  -286.183  -201.955   -68.986
   37.405   78.964   75.849   82.288   89.744   92.720   93.781   91.707
CT1742:310          -163.017  -129.924   -89.501   -53.070   -34.289   -14.891
    -8.996   -23.087   -39.345   -44.137   -45.218   -49.521   -68.850   -89.947
  -134.837  -229.629  -348.470  -401.902  -478.745  -519.188  -438.587  -200.657
   -10.500   56.612   89.890  117.510  115.913   98.571   95.077   95.583
CT1742:305          -166.258  -117.702   -68.378   -28.865   -17.050   -19.705
   -20.214   -30.347   -38.509   -35.625   -24.353   -16.762   -12.604   11.414
   -13.540  -138.254  -330.537  -412.903  -490.511  -541.107  -475.183  -234.292
   -23.990   48.045   76.388  101.590  110.688  108.092  105.571  103.668
CT1742:300          -175.549  -125.076   -67.597   -18.103   -10.977   -26.740
   -32.481   -40.980   -50.949   -37.176    8.809   44.381   58.698  100.712
   96.855   -10.519  -171.537  -246.771  -327.605  -378.416  -341.329  -194.422
   -51.049    8.791   50.043   84.649   96.949   99.635  107.322  113.106
CT1742:295          -182.262  -126.761   -63.620    -9.477    -3.394   -30.229
   -31.192   -18.093    2.378   27.031   62.165   90.932  109.312  135.591
  136.012   91.277   18.383   -16.622   -41.036   -43.546   -46.795   -59.590
   -48.207   -33.173   15.391   54.255   77.373   96.294  112.441  124.643
CT1742:290          -193.917  -135.102   -69.154   -15.810   -18.670   -50.996
   -46.498    -7.844   42.814   87.170  150.224  193.374  193.372  147.378
  121.711  137.984  161.412  192.640  276.745  350.995  310.247  112.278
   -55.606   -74.834    -8.981   42.721   72.597   99.400  127.224  153.268
CT1742:285          -198.696  -140.243   -73.727   -17.452   -13.176   -54.634
   -53.111    -0.692   66.801  124.737  218.424  283.341  272.097  180.575
  145.213  189.771  263.903  344.777  551.162  737.767  679.942  329.230
    -9.341   -77.121    -2.069   43.946   73.417  111.914  145.934  175.139
CT1742:280          -202.415  -139.186   -67.606    -5.456    -2.846   -42.300
   -37.346   19.133   88.518  143.857  236.214  302.773  286.299  189.344
  158.421  212.073  299.997  394.306  682.829  978.386  917.397  459.114
   27.787   -64.682   10.811   66.049  103.286  138.530  165.781  188.596
CT1742:275          -205.006  -131.842   -55.446    0.529    5.012   -25.044
   -13.397   40.198  109.973  155.389  208.376  237.074  226.178  154.807
  126.441  175.562  272.746  360.966  583.289  849.721  797.816  378.181
   30.200   -35.682   29.468   78.546  109.643  141.093  166.164  187.977
CT1742:270          -204.381  -149.048   -76.498    -8.094    7.708   -14.330
    -1.524   51.561  111.821  147.136  191.504  215.712  193.049  120.416
   89.167   93.850  106.507  153.902  259.934  358.754  337.085  164.607
   25.570   -15.931   37.163   77.785  102.297  133.798  157.967  177.627
CT1742:265          -181.343  -115.260   -46.364    6.449   21.614   14.666
   31.946   80.647  146.486  171.691  166.614  157.833  126.448   57.277
   21.234    -7.645   -40.293   -11.711   20.970   25.500   38.375   22.819
   -22.753   -35.016   27.001   70.858   89.825  112.303  133.158  150.822
CT1742:260          -154.730  -101.528   -45.125    7.117   25.445   18.090
   28.465   65.165  110.008  127.465  118.085   99.543   60.025   -33.904
   -91.886  -102.946  -107.810   -66.586   71.900  274.388  323.296  265.848
  236.698  191.910  131.642   84.662   74.556   90.776   98.906  109.870
CT1742:255          -140.801   -90.810   -38.901    6.574   24.223   15.888
   24.446   52.267   92.756  106.910   95.973   75.382   38.783   -37.749
   -87.381   -94.176   -83.976   -29.896  156.742  401.673  486.971  486.115
  455.734  383.540  204.102   75.344   56.180   70.517   80.675   92.313
CT1742:250          -135.495   -89.188   -42.107    3.188   21.632   18.631
   28.219   57.092   96.710  110.194  109.952   98.905   68.830   12.090
   -26.655   -34.551   -32.933   13.023  161.387  353.903  450.415  518.134
  538.637  466.674  245.319   73.841   47.273   70.679   75.774   87.728
CT1742:245          -137.499   -89.494   -41.097    4.589   29.606   37.163
   45.361   59.287   79.646   84.607   94.715   99.223   79.653   25.712
   -13.466   -14.453   -18.093   10.460  106.870  232.598  319.323  430.638
  504.414  453.428  238.293   71.619   44.785   65.707   74.899   89.855
CT1742:240          -142.325   -92.481   -40.644   10.219   42.588   68.716
   79.468   60.904   20.310    0.902    2.037    5.300    -4.883   -32.859
   -50.532   -42.568   -28.506    -4.471   37.502   87.058  151.225  270.567
  376.517  351.642  200.105   74.466   49.857   68.184   76.975   89.909
CT1742:235          -142.072   -94.071   -42.561    7.625   42.881   82.898
   93.092   36.335   -59.817  -101.360  -119.633  -123.594  -120.137  -102.345
   -86.713   -71.641   -56.828   -40.247   -28.670   -18.678   29.714  134.856
  243.638  242.938  147.105   73.733   60.948   71.424   75.416   83.346
CT1742:230          -146.614  -103.002   -55.349    -8.097   23.162   63.039
   68.870    -8.697  -136.028  -189.338  -209.458  -216.523  -199.860  -130.194
   -85.327   -77.383   -83.169   -76.441   -68.440   -70.463   -32.090   60.524
  153.454  164.215  117.785   80.165   70.119   76.444   83.950   94.454
CT1742:225          -145.847  -104.372   -61.177   -18.470    5.231   26.666
   22.359   -43.507  -146.407  -188.604  -191.330  -187.467  -173.135  -116.889
   -83.351   -90.906  -115.176  -109.647   -77.814   -31.811    9.668   54.763
   95.276  104.454   80.966   65.014   71.431   89.108  103.387  117.830
CT1742:220          -145.398  -102.393   -61.424   -22.467    -7.188    -0.967
   -10.709   -50.656  -101.165  -122.426  -116.470   -96.151   -93.295   -98.070
  -115.744  -142.142  -209.718  -220.379  -131.491    2.474   57.263   51.574
   37.135   44.880   39.007   38.274   60.098   99.166  127.384  148.625
CT1742:215          -180.151  -133.008   -81.272   -27.832    -9.341    -5.293
   -14.091   -55.432  -112.455  -129.990  -101.022   -60.105   -61.133   -80.616
  -109.343  -160.871  -274.413  -301.405  -196.825   -41.675   21.635   26.807
   19.548   28.637   24.794   28.235   52.305   91.138  124.670  157.904
CT1742:210          -172.619  -123.782   -70.708   -26.208   -11.239    -7.219
   -17.616   -70.296  -152.567  -172.850  -123.802   -77.154   -77.359   -75.885
  -102.431  -200.145  -377.695  -418.197  -325.011  -143.408   -57.693   -24.312
    -9.211   10.460    5.314    9.053   40.336   88.798  136.514  180.955
CT1742:205          -185.821  -138.331   -85.079   -26.880   -17.290   -32.277
   -50.091   -95.586  -161.156  -176.070  -127.809   -78.335   -87.003  -110.295
  -161.558  -289.842  -567.945  -664.995  -503.682  -238.061  -129.643   -82.661
   -41.603    -9.230   -16.788   -11.522   33.402  103.283  156.444  201.959
CT1742:200          -185.090  -125.188   -59.672    -9.518   -10.775   -52.262
   -82.966  -118.061  -163.187  -175.174  -124.354   -62.089   -87.768  -166.058
  -241.926  -359.667  -562.311  -621.828  -536.688  -368.213  -263.847  -156.390
   -60.111   -17.209   -27.304   -27.757   11.626   75.418  140.781  201.415
CT1742:195          -182.031  -135.606   -78.594   -17.161   -12.103   -43.375
   -67.026  -102.183  -146.741  -162.394  -150.618  -143.059  -179.538  -255.349
  -336.091  -424.423  -539.065  -574.306  -522.972  -423.210  -330.779  -185.771
   -49.201    0.406   -30.842   -43.999    3.099   78.705  143.230  206.180
CT1742:190          -160.889  -116.328   -65.740   -22.629   -19.949   -45.671
   -67.793  -100.072  -140.313  -155.713  -148.777  -145.110  -188.136  -286.732
  -393.492  -464.117  -552.139  -583.588  -515.050  -370.848  -269.808  -159.127
   -42.437    7.346   -21.791   -36.536    2.532   65.933  129.440  191.567
CT1742:185          -139.807   -96.950   -54.726   -20.370   -19.060   -44.359
   -63.478   -90.945  -132.399  -143.706   -95.428   -52.073   -96.512  -212.649
  -327.924  -410.044  -538.858  -591.713  -518.722  -384.161  -293.925  -185.760
   -64.948    -7.595   -20.070   -26.421   14.009   74.246  132.351  189.074
CT1742:180          -147.291  -106.878   -71.036   -32.019   -24.395   -38.687
   -53.003   -71.536   -99.598  -106.651   -24.964   81.320   26.262  -134.024
  -195.450  -299.364  -429.493  -456.161  -457.098  -484.077  -443.087  -280.244
  -112.561   -45.293   -30.826   -11.681   33.662   90.405  141.866  191.154
CT1742:175          -154.664  -112.066   -66.775   -29.423   -20.930   -28.691
   -35.550   -50.828   -67.843   -78.061   -65.209   -57.354  -148.005  -445.224
  -648.485  -595.393  -333.710  -226.088  -266.281  -373.555  -370.226  -272.593
  -140.443   -75.560   -39.225    -4.588   36.583   81.444  126.573  171.161
CT1742:170          -161.517  -125.645   -81.071   -32.799   -22.640   -41.099
   -54.448   -61.002   -61.734   -73.775  -126.821  -191.762  -280.219  -588.981
  -814.734  -649.288  -102.760  117.577    -7.876  -246.946  -297.714  -247.759
  -160.541  -106.375   -58.843   -15.431   25.800   67.894  109.702  151.499
CT1742:165          -156.216  -116.606   -69.195   -24.741   -14.838   -40.926
   -58.290   -68.044   -79.565   -82.712   -99.231  -111.348  -128.180  -156.011
  -123.587   -61.566  154.695  240.952  106.998  -180.628  -278.371  -231.891
  -153.641  -117.685   -71.104   -27.015   10.967   50.905   92.644  134.591
CT1742:160          -144.248  -111.564   -73.990   -29.722   -15.784   -29.992
   -38.797   -56.158   -93.001   -66.779   38.455  168.114  235.705  355.141
  452.205  452.248  380.230  316.137  200.552   -15.264  -117.460  -132.520
  -117.715  -111.871   -76.254   -34.523    3.882   44.595   83.337  123.082
CT1742:155          -127.542   -94.007   -59.455   -27.556   -13.120   -18.403
   -20.579   -22.555   -53.513    -5.320  213.151  481.335  589.317  663.767
  677.962  638.824  499.179  395.714  345.049  270.074  194.744   82.182
   -55.132   -91.388   -58.334   -27.513    -1.021   40.417   81.966  123.425
CT1742:150          -117.337   -81.546   -47.730   -16.685    -1.329    -5.901
    -5.696   14.304   32.673   98.745  331.075  613.008  687.750  618.093
  509.103  463.332  389.541  335.954  369.124  453.148  429.738  261.051
   50.862   -16.885   -34.314   -31.788    -3.494   41.607   84.197  124.807
CT1742:145          -129.437   -92.935   -55.084   -16.168    7.824   10.830
   23.806   76.422  167.592  246.182  383.444  551.385  558.394  362.544
  192.190  157.610  159.262  187.341  265.689  402.397  417.459  314.105
  146.380   69.586   18.505   -22.141    -7.297   46.746   94.210  144.862
CT1742:140          -144.038  -103.694   -60.197   -17.187   11.588   20.405
   37.957   90.929  183.562  222.931  187.374  151.593  123.512   -10.022
  -112.779  -102.653   -21.770   36.492  115.195  253.523  307.370  301.652
  262.804  203.366   80.916   -15.701    -7.763   49.832   99.237  144.394
CT1742:135          -161.692  -115.091   -68.201   -21.194   11.435   29.450
   54.870   90.710  146.806  151.867   -19.993  -275.796  -336.076  -231.277
  -116.216   -84.075   -25.865   29.903   92.677  203.664  258.489  279.046
  295.432  259.128  139.605   19.667   15.105   72.683  111.735  148.677
CT1742:130          -181.908  -125.066   -68.051   -18.748   21.528   55.503
   89.723  125.711  130.300   92.800    2.284  -227.766  -285.397  -141.673
   -18.482    9.942   53.155   91.389   97.061   81.692  100.065  153.432
  244.420  236.286  127.878   21.525   15.821   61.523  109.179  154.068
CT1742:125          -202.534  -148.658   -86.334   -19.447   26.199   65.527
   95.180  170.252  388.665  483.607  395.564  313.489  281.721  170.866
   85.364   75.242   89.837  114.999   85.395   -27.643   -53.683   23.392
  105.106  102.138   54.299    7.615   20.719   78.253  121.523  163.410
CT1742:120          -186.416  -134.717   -78.176   -20.560   19.110   44.391
   57.394   56.417   25.144   22.866  164.821  437.216  472.391  204.103
    -3.274   -16.936    4.732   17.460   59.611  125.923  152.525  110.194
   54.962   34.774   18.049    4.912   21.492   71.630  123.117  172.342
CT1742:115          -166.941  -122.351   -73.653   -22.701    6.333   38.204
   49.457   -79.116  -399.885  -517.938  -360.382  -145.532   -95.975   -78.794
  -107.994  -105.553   -63.567   -16.348   60.068  222.062  281.176  202.770
   70.607   21.997    5.010    -1.273   25.322   86.465  140.873  193.419
CT1742:110          -164.253  -128.672   -91.367   -48.707   -19.628   18.528
   35.602   -71.919  -325.008  -410.190  -329.604  -196.950  -165.442  -123.226
  -128.133  -130.612  -123.416   -86.245    -0.701  193.402  270.307  185.837
   49.156    -5.838   -36.477   -53.404   -14.847   74.450  150.144  217.634
CT1742:105          -164.717  -131.522   -99.200   -63.301   -36.490   -11.474
    8.069   -19.008  -102.224  -117.745   -25.526  205.014  246.232   75.006
   -57.372   -75.496  -121.395  -140.264   -51.134   95.799  131.444   90.178
   -10.690   -56.773   -78.487   -82.297   -41.088   48.474  142.952  230.489
CT1742:100          -174.915  -132.217   -94.663   -57.605   -28.318   -20.866
    0.036   37.770   97.997  119.648  121.573  164.751  149.618   30.711
   -28.539   -20.744   34.840   89.607  135.820  210.549  224.845  143.689
    -2.838   -51.466   -63.285   -67.814   -25.829   70.191  151.997  227.801
CT1742:095          -191.304  -137.513   -83.129   -36.935    -9.086   -17.226
   13.966  135.120  373.840  442.303  248.930  -202.992  -356.862  -201.178
  -102.641   -53.551  138.127  262.063  264.148  257.934  254.038  173.912
   70.306   30.231    -6.178   -35.815    -8.542   62.580  134.976  206.964
CT1742:090          -194.692  -143.292   -89.424   -39.144    -0.350   -14.969
   33.313  275.890  795.440  990.055  687.434  142.250   -45.064   -60.759
    -8.285   16.403  121.207  177.434  146.020   30.018   -21.285    -2.344
   38.444   44.690   11.811   -26.085    -1.891   62.771  125.594  190.497
CT1742:085          -178.176  -127.839   -78.448   -34.209   17.085    0.055
   34.433  318.532  977.021 1195.443  918.366  333.180  113.277   50.038
   50.476   39.917   64.630  103.489    4.498  -217.778  -291.316  -200.485
   -29.842   14.163    1.104   -16.087   10.672   66.305  120.024  178.957
CT1742:080          -205.962  -154.459  -105.733   -63.722    -4.474   55.898
  144.895  402.011  967.607 1170.518  897.532  328.094  116.190   54.091
   25.470    7.044   -70.079  -159.066  -207.687  -322.685  -370.921  -266.568
   -38.939   24.892    1.302   -36.323    -9.984   60.802  131.589  198.432
CT1742:075          -233.603  -166.956  -115.063   -71.087   -11.130   98.548
  197.988  322.946  525.956  606.995  431.488   89.587   -14.206    -6.133
   16.760   80.115  234.868  286.687  201.423   -60.798  -197.124  -139.357
   25.434   68.592   20.490   -38.545   -15.502   64.831  143.104  216.503
CT1742:070          -101.841   -68.582   -53.426   -33.392   -11.270    1.083
   -15.676  -108.049  -305.029  -350.012  -301.034  -186.180  -107.065    -4.246
  107.167  256.043  703.827 1057.239  878.919  331.341   88.124   63.714
  105.815   94.805   22.861   -56.148   -31.470   65.231  149.964  228.045
CT1742:065          351.236  226.728  120.384   11.460  -133.699  -276.945
  -378.047  -574.326 -1023.953 -1191.411  -879.380  -258.053   -23.335   45.393
  109.939  248.718  575.070  764.778  709.428  385.132  195.668  153.183
  152.009  120.685   46.686   -43.984   -38.424   44.894  139.357  225.221
CT1742:060          770.493  505.476  286.775   80.040  -159.272  -518.415
  -805.304  -922.038 -1013.888 -1006.239  -728.935  -167.358   56.183   43.929
    -2.621   92.231  337.333  504.209  480.833  275.584  161.835  155.408
  184.237  159.620   91.237    8.134   15.581   96.938  160.069  215.276
CT1742:055          725.174  479.258  261.772   45.218  -189.817  -463.728
  -659.291  -690.644  -498.696  -318.483  -226.604   -67.058   34.594    -9.902
   -93.915   -42.368  117.151  246.108  259.774  206.980  187.175  208.481
  276.726  266.791  167.631   50.752   33.757   81.694  136.690  187.094
CT1742:050          465.594  328.077  180.695   29.741  -116.384  -315.246
  -468.042  -430.747  -221.907   -93.992   -33.335   -34.010   -21.674   -63.653
  -137.632  -125.520   -68.811   -24.130   32.259  116.159  163.583  206.898
  270.378  267.010  176.934   65.247   49.465   96.226  129.145  161.286
CT1742:045          257.474  189.012  108.445   22.085   -66.135  -206.883
  -318.037  -272.353   -98.507    1.901   28.497    -2.530   -16.717   -66.771
  -114.249  -128.799  -151.257  -138.795   -86.787   16.704   93.287  158.236
  227.263  236.117  150.102   54.769   39.928   69.556  106.194  143.300
CT1742:040          192.081  135.720   74.323    1.889   -79.600  -188.147
  -261.966  -215.294   -42.876   51.412   50.560    0.100   -32.689  -100.910
  -177.841  -211.000  -241.454  -257.225  -206.900   -96.958    -8.899   82.190
  176.404  205.337  137.656   36.458   25.609   75.916  117.401  159.951
CT1742:035           98.800   64.044   25.804   -16.959   -53.211  -111.974
  -151.940  -118.836    -4.437   54.585   30.428   -44.196   -79.456  -106.505
  -146.113  -196.592  -276.113  -337.503  -322.800  -243.188  -150.534   -19.047
  154.934  209.736  123.946   18.642   17.682   64.185  114.541  162.890
CT1742:030           21.350    -0.325   -23.456   -49.788   -70.264   -85.991
   -93.999   -61.853   16.855   47.771    2.396  -100.998  -115.469   13.565
  159.304   80.601  -264.627  -509.620  -534.995  -415.477  -290.653  -132.612
   88.193  168.693  110.087   42.629   48.954   96.382  135.556  169.275
CT1742:025           11.265   -24.425   -50.361   -65.152   -65.525   -61.185
   -58.030   -41.143    2.261   12.508   -43.882  -169.155  -186.427   51.637
  401.271  306.157  -413.050  -932.771  -883.732  -545.199  -360.941  -195.358
   53.807  153.280  117.935   58.396   60.125   99.053  128.473  149.965
CT1742:020           12.117    -8.483   -29.662   -55.591   -60.739   -15.869
   25.419   20.489   -25.871   -65.654  -112.843  -172.693  -186.503  -178.933
  -194.971  -211.786  -224.162  -235.680  -263.498  -265.376  -199.915   -83.258
   61.071  122.400   96.788   65.597   69.588   83.510   98.012  113.976
CT1742:015           17.200    -4.232   -26.121   -48.966   -49.139    -2.003
   40.439   22.050   -55.163  -104.380  -119.952  -116.886  -126.684  -201.504
  -273.157  -233.809   47.656  271.961  237.976   46.787   -40.783    -1.581
   87.686  126.586  107.446   80.780   74.994   77.893   75.475   72.674
CT1742:010           28.185    -2.607   -25.554   -41.188   -46.227    -2.433
   46.465   31.463   -49.674   -99.359  -103.632   -77.211   -75.382  -125.566
  -184.734   -98.627  222.385  445.433  397.383  121.526   13.708   47.369
  113.710  125.697  104.144   81.286   63.208   41.703   33.667   36.155
CT1742:005           49.876   18.413    -3.692   -19.018   -20.286    4.109
   26.936   16.535   -36.358   -77.079   -70.456   -40.536   -33.599   -39.396
   -44.941    3.314  135.281  220.650  229.211  160.058  100.254   75.576
   64.165   71.785  109.302  120.043   86.994   42.497   25.930   54.630
CT1743:360           -81.521   -76.064   -71.267   -65.788   -51.209   -17.767
    3.883   -22.718   -64.963   -89.787   -82.346   -65.187   -43.424    -3.827
   19.279    2.726   -16.965   22.698   42.040   13.119   -50.377   -35.945
   30.618   77.256   99.470  107.579   96.992   89.280   87.361   82.903
