
filled_synop: 30 data points in equal steps of sine latitude from +14.5/15 to  -14.5/15

CT1723:360          -123.109  -104.607   -84.542   -62.158   -38.179   -10.279
   14.429   14.365   -19.225    -9.086   22.151   29.201    -6.459   -66.344
  -144.447  -308.537  -744.522 -1022.372  -832.543  -425.070  -265.479  -189.943
  -105.872   -68.829   -69.626   -80.544   -65.043   -24.696   24.916   73.799
CT1723:355          -121.395  -104.596   -84.897   -62.346   -35.052    1.383
   -19.905  -239.033  -537.660  -529.119  -255.354   -18.963   46.678  116.332
   96.797   -46.953  -322.500  -496.388  -478.389  -374.971  -320.615  -274.450
  -212.356  -167.516  -140.985  -104.764   -64.596   -16.854   35.447   84.382
CT1723:350          -129.293  -113.760   -94.764   -73.263   -40.688   21.546
   15.243  -209.552  -510.865  -444.501   60.244  516.883  607.881  522.804
  351.286  253.295  280.674  300.615   63.614  -240.560  -299.213  -274.284
  -247.039  -207.788  -153.653   -86.070   -43.068    4.865   53.232   94.611
CT1723:345          -123.117  -108.599   -90.751   -66.951   -29.627   13.877
   20.093   -54.519  -130.394    2.179  598.341 1272.104 1297.142  907.414
  649.567  419.050   -11.801  -291.213  -314.430  -283.816  -265.020  -193.616
  -119.615   -75.979   -64.840   -52.920   -24.525   14.029   53.283   90.899
CT1723:340          -117.177  -102.293   -87.593   -67.425   -34.691    0.575
   48.050   68.186   90.965  202.940  418.117  566.227  582.331  594.115
  533.379  214.532  -392.854  -700.252  -610.910  -263.318  -101.625   -29.290
   53.331   97.107   66.579    -0.135   -12.153   20.804   63.776  105.064
CT1723:335          -116.645   -98.724   -84.870   -66.948   -38.285   -23.783
   62.672  217.409  379.074  491.438  469.359  414.437  323.902  134.601
  -135.756  -315.430  -560.636  -737.790  -643.059  -341.923  -187.124   -18.780
  197.122  259.578  159.271    8.352    -7.843   50.954   99.692  135.280
CT1723:330          -111.467   -95.922   -84.486   -70.266   -55.169   -52.300
   71.235  429.349  866.528 1055.508  980.324  966.488  758.388  371.129
  123.862  -128.874  -290.552  -364.852  -344.804  -264.125  -174.744    -3.106
  215.492  273.190  181.992   32.778    -4.740   34.420   81.406  120.451
CT1723:325          -108.185   -93.756   -84.745   -69.740   -47.538   -44.504
  113.704  587.056 1155.062 1516.354 1620.385 1396.376 1187.401  655.631
   67.532  -195.386  -114.508   -89.368   -55.752   -27.412   20.272  107.810
  206.829  223.311  140.530   24.615    -2.520   31.210   73.426  109.337
CT1723:320          -103.910   -89.471   -80.298   -63.122   -22.439   -20.168
  116.868  516.426  908.933 1472.358 2947.856 3682.825 3287.302 1281.825
  -213.253  -463.283  -117.065   16.106   95.482  177.563  225.916  217.605
  173.663  151.091   93.019   18.160    6.307   45.373   77.914  100.476
CT1723:315           -88.043   -83.268   -78.422   -61.783    -1.690   43.001
   40.291   59.006  200.375  773.536 3329.814  309.974  -740.989 1295.409
  -703.760  -801.552  -250.488   -15.584   98.337  205.890  257.745  212.521
  129.416   97.068   62.731   30.572   24.492   42.148   64.457   84.591
CT1723:310           -70.957   -73.727   -78.286   -87.109   -65.000   45.060
  -116.898 -1073.771 -2175.907 -2246.451 -2002.099 -2293.920 -1936.159 -1135.107
  -973.763  -837.894  -362.766  -105.318   14.081   91.366  135.460  122.948
   54.092   28.961   33.251   49.455   52.683   61.755   69.882   77.181
CT1723:305           -70.927   -75.426   -66.795   -63.610   -73.434   -64.221
  -369.347 -1506.948 -2707.500 -3077.155 -3450.259 -3632.796 -3192.316 -1648.729
  -691.428  -506.923  -349.352  -189.821   -33.722  139.006  210.052  164.566
   50.841   18.821   31.394   56.979   63.503   67.341   67.284   66.842
CT1723:300           -69.696   -73.393   -68.805   -75.617  -113.572  -146.177
  -383.914 -1101.721 -1839.201 -2154.661 -2429.438 -2336.552 -2037.256 -1098.489
  -387.423  -234.908  -269.785  -209.231   -56.140  174.468  259.417  200.807
   65.395   43.652   49.853   49.217   50.623   53.139   56.144   61.566
CT1723:295           -72.462   -82.659   -87.872  -101.203  -138.203  -165.665
  -308.365  -458.270  -580.028  -722.053  -919.607  -931.454  -781.090  -464.740
  -217.400  -152.790  -256.050  -270.076  -209.959   -52.682   25.714   23.701
   40.985   79.093   64.318   33.462   38.661   42.592   47.475   55.266
CT1723:290           -74.906   -72.276   -71.202   -77.824   -76.274   -73.244
  -145.827  -176.936  -233.983  -233.376   -96.139   -84.900    -6.261   -57.491
  -121.976  -162.085  -329.484  -424.152  -540.356  -723.783  -718.229  -477.902
  -116.478   15.787   44.602   49.624   56.746   52.497   50.865   51.265
CT1723:285           -88.073   -82.190   -71.887   -68.010   -58.253   -52.648
  -118.953  -222.936  -353.797  -217.915  525.774 1045.709  967.889  292.390
   -68.833  -168.136  -322.156  -438.483  -699.154 -1129.792 -1174.856  -797.139
  -243.100   -48.227    2.066   38.147   60.224   56.725   55.400   53.427
CT1723:280           -99.419   -96.791   -82.151   -76.782   -75.506   -62.215
  -166.706  -461.559  -747.739  -636.323  211.883  937.696  860.834  214.119
   -65.862  -134.186  -254.229  -342.794  -556.578  -929.208  -971.107  -652.384
  -235.824  -101.038   -30.033   35.208   62.457   60.596   60.374   60.074
CT1723:275          -105.365   -92.126   -69.214   -59.449   -56.389   -53.873
  -223.436  -814.021 -1403.459 -1472.687 -1273.896 -1098.027  -856.192  -345.011
   -75.827   -66.166  -150.892  -176.850  -112.338   15.233   58.593   19.322
   -49.389   -35.599    -9.921   12.609   31.252   37.894   44.255   52.443
CT1723:270          -112.552   -94.399   -70.557   -64.932   -70.318   -77.302
  -271.768  -906.228 -1530.464 -1694.180 -1871.885 -2024.957 -1609.983  -567.848
   -73.674   -37.418  -103.438   -78.136  143.780  533.703  616.755  373.515
   38.501   -37.724   -21.511    -4.779   12.216   30.492   43.661   58.397
CT1723:265          -122.799  -116.774   -92.240   -86.976  -116.587  -135.112
  -279.813  -634.550  -936.899 -1058.223 -1149.547 -1031.688  -874.730  -463.370
  -186.128  -131.122  -157.954  -104.760   65.134  319.092  368.078  214.048
   -27.133   -88.269   -72.679   -39.651   -12.012   21.553   50.427   73.672
CT1723:260           -82.385   -88.228   -92.631  -113.998  -160.198  -225.278
  -317.169  -427.516  -519.581  -514.932  -347.185  -170.351  -168.470  -311.822
  -355.598  -347.626  -390.453  -352.535  -215.582   -64.213   -25.271   -99.801
  -254.629  -293.684  -202.511   -66.986   -11.640   16.308   38.754   61.439
CT1723:255           -65.735   -96.938  -128.579  -166.110  -219.270  -272.367
  -318.191  -385.924  -454.576  -366.309  -110.854   -60.462   -22.337  -121.483
  -223.878  -330.969  -476.699  -457.164  -202.345  176.029  258.742   32.211
  -273.596  -326.709  -206.652   -61.254   -20.106    -6.021   15.555   42.326
CT1723:250           -55.554   -74.823   -96.016  -137.422  -228.951  -335.395
  -373.145  -348.600  -307.671  -178.722  294.247  662.347  514.887   21.433
  -206.302  -311.312  -467.082  -451.141  -132.800  400.639  530.913  262.020
   -98.213  -182.993  -147.936   -79.540   -41.458    -8.417   19.022   47.393
CT1723:245           -53.642   -71.024   -86.269  -122.377  -224.127  -353.030
  -385.771  -318.900  -234.532  -158.086   -27.566    5.999    3.373   -85.169
  -177.024  -305.081  -533.361  -554.178  -262.414  164.298  299.761  216.704
   36.874   -24.117   -49.021   -62.186   -55.011   -18.446   16.951   53.309
CT1723:240           -56.420   -75.119   -88.542  -119.894  -216.305  -338.366
  -365.722  -287.439  -200.822  -218.027  -383.641  -489.438  -453.232  -258.762
  -182.241  -294.512  -518.951  -554.834  -368.806   -68.747   70.124  116.297
  134.604  118.437   19.204   -78.721   -84.532   -38.379   13.236   62.170
CT1723:235           -57.267   -68.868   -80.859  -112.934  -195.495  -291.062
  -309.101  -242.656  -174.026  -233.773  -547.831  -749.034  -645.376  -283.782
  -144.152  -242.335  -454.045  -511.749  -413.134  -254.413  -141.944   14.611
  178.086  199.195   71.409   -78.817   -94.160   -28.026   26.119   71.751
CT1723:230           -51.179   -66.386   -85.216  -117.560  -182.452  -250.507
  -252.002  -167.757   -93.168  -122.505  -305.582  -396.752  -333.009  -123.939
   -68.678  -148.637  -315.096  -379.336  -367.873  -321.756  -231.436   -35.761
  186.561  228.796   91.196   -66.694   -90.013   -38.688   22.192   74.405
CT1723:225           -45.266   -75.190  -106.449  -136.871  -166.799  -198.191
  -186.841  -103.978   -27.574    -2.618   26.576   74.805   59.086   83.816
   85.490   -56.552  -245.132  -315.600  -379.899  -421.716  -341.018   -95.787
  179.388  232.466  101.956   -31.495   -42.155    9.113   47.768   81.614
CT1723:220           -52.001   -96.045  -141.182  -172.203  -183.127  -185.588
  -162.300  -101.839   -49.169   16.910  142.261  211.194  172.096   16.381
   -97.253  -214.099  -367.047  -438.263  -484.438  -485.740  -401.411  -147.591
  124.541  182.175   96.334    -6.100   -28.769    -3.912   28.832   55.945
CT1723:215           -38.984   -86.393  -152.820  -193.776  -178.645  -152.805
  -123.033   -82.233   -31.872   43.685  160.539  238.089  268.871  237.629
  159.417   -29.294  -429.221  -573.265  -386.454  -143.007   -61.257   12.431
  103.187  122.362   67.322   16.458    1.346   13.329   18.527   18.774
CT1723:210           -58.170  -111.357  -166.647  -190.510  -151.702   -95.738
   -63.473   -55.588   -38.053   49.975  215.587  335.375  467.697  706.391
  764.291  527.102  152.561   33.018   70.806  182.854  222.991  202.047
  171.888  147.393   83.590   25.585    3.043    8.324   12.172   12.665
CT1723:205           -77.021  -131.695  -179.180  -185.715  -123.261   -53.549
   -20.083   -24.750   -23.584   67.958  267.463  409.773  584.921  899.142
  986.436  798.482  504.468  414.550  359.305  335.274  343.737  335.237
  286.263  230.184  140.367   47.558    2.505    1.144    6.965   10.281
CT1723:200           -62.811   -99.788  -159.219  -185.507  -120.660   -40.248
    -7.426    -1.519    3.878   52.854  163.955  273.811  376.614  534.142
  571.128  473.514  204.510  150.505  328.036  511.863  551.597  509.280
  424.613  342.658  186.175   44.602    1.797   18.190   17.619   10.794
CT1723:195           -79.451  -120.487  -157.752  -158.279  -102.581   -43.996
   -18.778    -5.993    2.780   -30.885  -190.996  -256.766  -159.186   26.594
   98.452   68.200   -32.804    1.633  308.617  676.142  754.306  649.564
  503.883  404.856  238.746   74.248    6.229    -3.811    -7.070   -13.517
CT1723:190           -83.985  -109.186  -135.115  -141.173  -101.595   -46.498
   -33.552   -50.254   -76.123  -156.781  -388.853  -503.446  -449.163  -316.760
  -259.548  -181.064   -72.706   32.950  259.904  581.284  679.638  592.434
  455.886  365.269  221.548   83.419   21.619    9.097   -12.827   -36.844
CT1723:185           -77.624   -94.187  -115.729  -122.082   -88.323   -46.993
   -44.990   -78.653  -116.671  -179.159  -282.874  -314.634  -304.464  -185.929
  -105.226  -173.711  -286.581  -249.390   -51.716  156.908  269.406  342.263
  376.615  348.263  215.907   90.103   24.995    -4.126   -30.083   -62.636
CT1723:180           -75.863   -94.604  -110.347  -113.545   -88.718   -54.921
   -54.204   -86.206  -122.012  -152.186  -187.471  -211.811  -208.021  -174.851
  -179.599  -247.503  -365.292  -358.971  -265.958  -132.668    -1.493  181.287
  362.373  388.705  275.830  145.283   65.419    7.785   -46.487   -99.756
CT1723:175           -61.786   -72.124   -84.262   -92.374   -85.477   -74.554
   -73.832   -81.603   -85.581   -97.806  -115.606  -131.097  -170.221  -239.025
  -300.077  -379.199  -475.744  -487.968  -411.386  -271.973  -130.666   95.628
  338.663  389.440  287.001  183.485  109.171   27.983   -54.455  -136.798
CT1723:170           -51.022   -65.510   -80.011   -90.024   -91.307   -86.153
   -78.945   -79.544   -80.367   -76.231   -52.274   -46.014  -103.323  -227.486
  -318.370  -412.343  -525.670  -556.585  -511.686  -406.728  -280.727   -28.743
  279.672  371.872  308.355  226.657  137.099   25.914   -72.102  -162.156
CT1723:165           -52.848   -67.416   -83.004   -93.313   -96.460  -100.203
   -87.942   -49.434    0.422   27.756   68.049   85.706   33.698   -78.124
  -154.077  -269.399  -448.553  -510.058  -508.070  -477.291  -367.726   -84.704
  231.271  323.458  288.115  235.745  152.654   32.672   -74.333  -173.297
CT1723:160           -45.271   -58.359   -74.668   -89.489   -87.938   -80.309
   -51.942   16.263   82.966  114.874  133.920  136.322  110.189   68.300
   24.847   -22.262   -48.400   -71.327  -149.936  -266.068  -239.232   -37.240
  191.430  265.313  243.981  210.423  138.869   39.428   -62.035  -170.154
CT1723:155           -50.963   -66.796   -84.717   -91.495   -75.604   -56.420
   -17.894   67.250  152.243  183.529  178.252  172.389  163.979  145.738
  124.800  161.588  234.840  230.977  146.537    -2.932   -15.940   90.526
  222.421  261.536  232.170  190.722  121.453   37.303   -42.434  -127.685
CT1723:150           -59.260   -65.908   -74.927   -78.843   -62.187   -38.050
    4.311   93.310  184.759  226.642  238.846  240.820  225.830  195.137
  173.553  239.740  377.086  390.888  316.234  157.522  131.734  197.175
  252.790  254.415  208.569  152.116   88.348   20.018   -43.809  -106.720
CT1723:145           -63.047   -65.614   -73.072   -76.353   -59.874   -34.439
   29.536  148.912  257.274  314.403  359.086  374.165  326.707  226.856
  172.611  209.137  275.825  274.628  252.623  185.235  199.633  267.241
  315.976  307.729  225.806  153.216   93.186   31.134   -31.976   -97.652
CT1723:140           -89.698   -88.602   -88.153   -75.140   -54.266   -33.238
   46.823  235.665  395.420  453.063  473.627  461.239  374.340  229.247
  121.772   13.950   -82.648   -96.421   -10.011   85.864  160.100  286.255
  391.177  385.930  286.863  188.409  112.392   43.511   -28.384  -104.771
CT1723:135           -98.124   -91.619   -90.369   -83.969   -66.376   -37.328
   59.511  263.867  418.220  468.596  463.777  442.027  350.198  202.636
   77.952  -152.273  -409.153  -455.229  -335.675  -119.865   27.262  240.652
  422.058  430.452  309.105  207.972  130.290   47.928   -35.278  -115.880
CT1723:130          -108.455  -101.339   -96.562   -80.106   -64.587   -46.201
   40.773  221.464  359.742  403.815  387.196  355.693  326.156  250.704
  156.169  -117.201  -479.888  -530.479  -354.211  -156.446   -31.661  219.412
  430.225  438.583  314.843  197.894  113.557   32.343   -43.891  -115.547
CT1723:125          -112.292  -111.401  -111.451   -99.056   -79.987   -50.952
   17.124  153.371  238.948  278.071  348.555  385.009  328.902  270.194
  239.199  163.839   73.121   63.427   92.625  121.751  176.680  310.536
  408.011  385.008  274.516  179.640  108.065   32.567   -36.958  -101.997
CT1723:120          -108.033  -111.739  -123.960  -116.250   -72.999   -25.117
   16.618   81.748  123.412   91.471   -20.640   -49.710   21.780  155.941
  225.169  347.602  516.553  555.464  516.624  513.222  487.758  363.617
  280.107  249.173  218.474  180.173  121.897   49.185   -17.397   -82.814
CT1723:115          -122.882  -133.757  -135.972  -112.850   -50.766    6.985
   27.724   26.476   13.822   -64.351  -270.865  -339.986  -211.083   -33.540
   71.616  307.805  531.945  601.596  562.882  477.007  427.448  299.507
  179.821  146.495  179.011  196.072  147.960   69.339    -7.324   -81.716
CT1723:110          -111.544  -111.981  -119.293  -103.355   -32.273   35.721
   40.456    -0.967   -43.392  -108.671  -212.712  -234.449  -147.888   14.416
  116.834  171.716  263.029  347.594  429.181  514.712  474.230  288.221
  132.801   98.744  170.093  203.712  160.301   83.195    5.552   -68.777
CT1723:105          -117.572  -117.636  -118.016   -97.687   -24.402   40.878
   17.298   -73.603  -141.431  -178.885  -209.303  -202.780  -190.752  -107.584
   -13.655   -83.599   -70.656   39.321  295.035  545.556  513.594  312.765
  150.963  108.392  156.430  181.112  142.011   73.195   13.371   -43.646
CT1723:100          -127.882  -129.898  -121.669   -90.030   -10.781   29.726
   -37.519  -208.198  -291.242  -308.337  -285.832  -250.042  -295.684  -468.175
  -394.085   -66.584    1.691  131.386  486.545  538.640  487.577  359.818
  218.954  168.333  168.830  161.140  129.680   87.098   41.770    -5.025
CT1723:095          -122.022  -117.978  -119.867  -111.187   -38.808   18.896
   -77.120  -414.067  -579.207  -498.583  -248.600  -121.231   -60.442    -8.692
  137.448  851.079 1800.094 1831.827 1150.421  737.661  615.914  393.201
  253.556  207.289  148.153   98.332   79.755   76.566   57.331   22.589
CT1723:090          -125.502  -119.288  -105.143   -86.504   -51.853   -46.532
  -153.336  -464.205  -613.242  -479.516  -134.219   27.954  181.832  406.817
  490.845  560.628  709.412  668.923  282.750   -41.764   -30.344  136.505
  226.677  214.746  162.172  116.961   86.561   61.321   38.587   13.219
CT1723:085          -124.105  -113.539   -99.895   -93.735   -92.317   -95.143
  -146.101  -258.254  -277.986  -170.134   78.041  205.202  223.224  178.427
   49.948  -659.842 -1717.007 -1781.641 -1063.593  -575.950  -405.871  -100.436
  147.065  189.536  151.488  123.581   92.378   52.584   19.337    -9.578
CT1723:080          -113.670  -102.977   -91.212   -86.610  -101.386  -112.497
   -92.744   -53.446   -14.123   83.556  238.163  296.786  220.787   72.862
  -112.774  -633.186 -1062.638 -1102.781  -787.630  -304.506  -122.917    5.164
  137.324  170.468  157.059  146.940  114.578   63.993   17.975   -21.982
CT1723:075           -88.767   -83.612   -80.001   -72.168   -68.204   -58.629
   -13.881   80.880  143.571  188.350  237.112  245.974  189.900  112.958
   15.830  -126.461  -218.828  -208.281   -54.680  123.973  197.050  166.418
  147.046  149.397  149.551  139.824  108.924   64.678   20.020   -21.316
CT1723:070           -61.901   -60.213   -68.673   -63.321   -42.319   -18.465
   32.137  133.621  191.316  176.699   92.715   65.094   83.503   94.406
   77.458   84.757   67.121   99.531  214.099  276.789  292.503  223.880
  166.410  146.388  134.730  115.958   85.177   47.287   15.049   -13.232
CT1723:065           -84.152   -84.765   -86.602   -72.306   -38.105    -1.100
   46.332  121.786  168.008  150.835   80.212   65.433   90.278  141.307
  151.318  145.829  135.250  160.847  245.827  299.267  301.809  248.903
  196.505  157.698  106.723   66.921   49.146   42.283   31.578   17.973
CT1723:060           -83.580   -83.482   -79.389   -63.040   -30.819    2.962
   39.047   89.524  125.442  124.426   99.525  106.529  142.167  197.687
  210.048  193.056  172.980  189.007  257.442  303.991  300.833  249.639
  196.659  153.030   95.235   49.179   33.787   36.065   36.834   36.032
CT1723:055           -60.305   -54.288   -53.860   -42.490   -14.253   15.003
   43.061   66.253   89.693  113.413  122.100  142.830  200.911  251.042
  259.559  239.705  207.094  215.126  288.659  340.318  323.218  247.719
  184.922  145.810   87.430   43.640   34.899   43.504   46.182   48.748
CT1723:050           -63.307   -53.196   -44.104   -27.808    -5.907   15.955
   45.553   85.716  120.755  161.357  216.454  258.559  316.541  382.896
  388.501  315.958  228.582  205.854  233.166  234.813  230.384  215.309
  182.387  148.150   91.853   47.940   35.542   35.471   34.447   33.636
CT1723:045           -61.712   -46.915   -33.359   -16.473    4.138   25.056
   58.464  109.934  148.095  174.711  199.882  234.864  301.398  397.494
  404.326  315.787  190.348  133.715  115.212   99.702   80.194   67.484
   67.651   61.692   42.090   31.535   31.905   31.585   28.695   23.842
CT1723:040           -60.548   -47.952   -36.499   -17.963    9.674   34.362
   60.587  102.353  133.019  121.629   55.722   46.179  169.702  350.775
  361.613  236.252   73.653   -10.743  -123.090  -202.466  -195.925  -142.974
   -90.884   -64.894   -12.982   21.681   26.774   25.406   23.474   18.549
CT1723:035           -66.980   -54.214   -40.178   -18.337   17.334   51.893
   75.621   91.236  104.641  100.026   87.824   99.837  161.519  255.561
  211.947   -31.341  -300.215  -362.748  -317.426  -267.516  -236.786  -194.510
  -145.176  -110.927   -37.273   16.022   26.043   28.542   31.707   30.739
CT1723:030           -69.792   -49.547   -32.016    -7.736   24.874   53.476
   72.433   84.594   97.864  100.565  106.924   99.525   65.057   33.224
   -63.006  -320.465  -554.937  -542.883  -298.986   -68.912    -5.416   -11.110
    -2.281    -0.042   15.778   31.925   32.895   30.586   35.387   45.474
CT1723:025           -80.431   -58.370   -34.705    -7.274   24.625   54.642
   78.632  100.191  118.384  112.485  105.502   66.546   -47.743  -171.297
  -290.534  -503.775  -661.332  -555.943  -128.692  221.672  295.037  190.834
  118.676   96.267   68.188   41.202   32.952   31.541   23.417    6.219
CT1723:020           -88.472   -63.332   -38.268    -8.196   25.979   56.360
   85.349  118.970  147.371  156.995  161.659  110.713   -36.680  -218.171
  -336.373  -482.861  -573.544  -426.473   83.056  453.282  532.216  397.177
  280.089  211.564  111.098   45.533   25.186   23.321   19.583   15.486
CT1723:015           -91.897   -73.095   -52.346   -23.423   13.129   51.696
  101.780  162.378  203.977  238.228  290.687  253.956   45.791  -153.245
  -264.554  -387.747  -445.165  -329.493  120.930  471.835  513.019  398.315
  328.882  265.109  124.539   28.435   14.674   26.999   24.683   22.883
CT1723:010           -86.233   -71.498   -56.944   -31.399    2.705   44.206
  116.627  223.549  289.470  298.248  282.545  256.344   97.092   -52.970
  -153.351  -238.765  -286.221  -285.583  -188.364   -94.999    3.092  163.439
  250.206  217.194   85.812    6.808    -9.439    0.272   10.652   19.109
CT1723:005           -80.410   -66.615   -56.040   -34.856   -11.429   16.755
   98.576  263.202  372.288  382.542  261.977  248.364  364.704  255.828
  159.180   59.846  -129.284  -232.093  -365.395  -444.657  -325.638   -37.877
  103.246  110.722   40.731    2.023    -5.904    0.544    4.293   12.429
CT1724:360           -77.701   -65.658   -52.204   -33.220   -14.082   12.814
   61.086   98.839  164.048  455.930  956.162 1128.298 1170.148 1329.775
 1177.838  546.162   86.733   -82.086  -216.875  -277.573  -221.394   -42.294
   73.606   92.860   44.909   16.576    7.923    7.271    9.797   14.680
