
filled_synop: 30 data points in equal steps of sine latitude from +14.5/15 to  -14.5/15

CT1724:360           -77.701   -65.658   -52.204   -33.220   -14.082   12.814
   61.086   98.839  164.048  455.930  956.162 1128.298 1170.148 1329.775
 1177.838  546.162   86.733   -82.086  -216.875  -277.573  -221.394   -42.294
   73.606   92.860   44.909   16.576    7.923    7.271    9.797   14.680
CT1724:355           -75.061   -66.192   -55.547   -39.703   -17.013    1.349
    -1.602   -45.218   -15.053  180.841  490.665  633.074  793.570  949.595
  834.602  349.219   -94.070  -238.938  -234.257  -221.779  -203.637  -119.228
   -21.334   16.406    -4.464    4.080   13.463   18.363   22.907   27.576
CT1724:350           -75.107   -70.225   -67.300   -54.637   -19.507    8.664
   -15.260  -107.393  -113.061  -222.526  -476.000  -469.840  -123.924   69.964
   31.370   -58.268  -236.644  -423.353  -678.726  -783.833  -709.564  -450.839
  -247.721  -140.783   -50.302    7.213   15.192   27.773   39.729   51.246
CT1724:345           -82.074   -67.343   -52.774   -36.550   -19.228    -4.617
   -19.970   -88.614   -65.021   -96.967  -107.045   -79.458   -33.933   85.899
   13.438   -81.660  -182.595  -447.155 -1094.966 -1437.833 -1218.346  -571.009
  -187.329   -72.660   -44.868   -27.741   -20.093    7.367   29.367   48.912
CT1724:340           -90.069   -69.690   -50.178   -33.102   -27.903    -9.971
   15.619    -3.680  138.000  422.665  793.763  815.352  528.136  228.762
   14.559   -42.917  -119.583  -347.981  -958.943 -1272.251  -933.172    5.675
  496.972  484.462  158.196   -26.705   -55.395   -17.266   20.152   57.609
CT1724:335           -98.125   -72.279   -47.402   -22.807   -31.845   -10.822
   82.772  147.206  437.350 1236.486 2137.795 2110.555 1238.333  220.611
  -162.859  -125.757   -90.573  -140.909  -231.592  -192.556   32.530  703.002
 1060.362  869.607  200.399  -103.348   -97.599   -12.122   27.226   75.723
CT1724:330          -104.167   -80.312   -62.849   -42.671   -47.895    1.319
  149.013  259.906  691.504 2267.763 4309.539 4297.591 2029.110  -346.333
  -864.499  -401.107  -107.842   -57.864   -61.883   -28.952  156.765  507.907
  661.440  548.075  135.625  -100.730  -122.569   -51.814   18.969   80.494
CT1724:325          -110.995   -84.877   -64.176   -25.288   -27.943   33.797
  258.129  484.807  907.416 2444.555 4641.915 4545.520 1797.941  -637.323
-1164.379  -672.908  -254.242  -134.354   -71.924    -9.073  114.104  158.189
  156.357  127.086   -11.229   -99.134   -83.013    -1.993   41.490   83.070
CT1724:320           -99.060   -83.654   -74.553   -41.009   -12.573   75.440
  396.199  903.322 1237.490 1439.639 1126.215  692.407  -190.378 -1430.150
-1765.056 -1241.359  -785.435  -554.862  -173.841  104.284  190.749  145.471
  145.279  101.287    2.916   -47.923   -43.886    2.662   46.253   80.408
CT1724:315           -67.818   -52.672   -49.419    -3.699   71.539  143.760
  434.425 1116.740 1361.161 1172.082 1241.357  920.091  -563.058 -1645.746
-1855.900 -1667.445 -1453.700 -1163.227  -477.641    7.329  101.273  130.357
  188.355  149.233   39.670    -8.078    0.234   29.797   45.907   64.906
CT1724:310           -88.264   -76.353   -53.790   15.167  150.714  237.752
  172.616   -84.686  -238.593  -383.395  -681.005  -888.253  -956.777  -968.219
-1078.256 -1308.740 -1376.904 -1155.880  -814.618  -613.497  -330.024   16.668
  149.492  127.924   47.845    4.591    0.655   15.588   27.776   37.424
CT1724:305           -91.666   -78.045   -57.825   -16.989  145.079  205.960
  -158.478  -889.428 -1251.348 -1536.651 -1742.551 -1699.231 -1116.185  -546.642
  -435.472  -342.665  -183.848   -99.520   39.659  197.707  194.378  149.122
  139.449  107.850   43.679    6.527    3.607   12.092   13.074   14.252
CT1724:300           -90.811   -68.299   -36.182   16.443  135.617  133.091
  -277.153 -1059.236 -1335.725 -1368.428 -1184.457  -933.068  -410.803   16.028
  160.106  396.550  580.988  669.426  698.840  659.812  545.885  246.131
  113.407   87.848   40.114   10.294    3.544    2.462    -0.316    -2.157
CT1724:295           -93.329   -72.487   -51.487   -37.457   18.398    5.094
  -258.153  -767.933  -791.817  -195.147  530.052  780.340  728.910  490.222
  414.089  519.046  566.370  527.494  370.535  206.500  146.045   81.541
   53.199   52.076   35.781   27.049   18.850    5.967    -1.405    -3.670
CT1724:290          -100.787   -77.013   -43.675   -58.862  -150.700  -227.723
  -261.377  -367.156  -157.539 1295.038 2927.814 2986.941 1542.551  344.428
  111.059  146.184  116.786   -51.198  -509.222  -744.556  -671.192  -281.526
   -90.524   -45.028   -10.652   16.625   20.155   13.602   14.319   15.771
CT1724:285           -99.697   -76.070   -55.721  -104.945  -225.224  -304.004
  -153.817  197.303  611.623 1732.744 3042.610 3002.263 1095.723  -454.874
  -571.270   -99.822  113.012   -72.026  -736.698 -1073.556  -889.163  -468.353
  -263.707  -184.292   -74.816    3.580   23.713   26.852   35.650   45.258
CT1724:280           -86.448   -67.014   -56.747   -98.997  -195.937  -328.017
  -386.834  -410.819  -406.922  -131.212    -3.320  -114.696  -450.751  -734.174
  -663.141  -142.234  230.974  157.597  -164.505  -306.021  -314.691  -322.062
  -309.063  -235.899   -93.957    -5.910   12.446   13.489   26.787   38.150
CT1724:275          -106.371   -91.253   -62.831   -81.982  -120.931  -280.054
  -722.153 -1349.475 -1600.154 -1988.879 -2330.289 -2136.195 -1405.387  -817.143
  -590.719  -270.868   -58.741    6.059  165.766  285.108  116.990  -214.931
  -318.317  -266.422  -110.683   -14.718   16.772   24.802   34.688   43.574
CT1724:270          -122.028  -111.382   -85.666  -123.315   -66.184  -168.182
-1055.752 -2832.890 -3409.169 -3081.305 -2605.849 -2253.135 -1263.027  -381.813
  -255.508  -467.981  -533.050  -336.337    -8.002   88.820   27.365  -272.664
  -399.649  -316.344  -101.646    -7.187   18.436   30.139   47.273   56.140
CT1724:265          -119.840   -93.478   -52.413   -40.987    -1.225  -156.121
  -884.230 -2066.179 -2415.579 -1922.758 -1006.224  -681.247  -496.011  -247.296
  -187.988  -430.569  -512.481  -345.079   63.169  268.915  237.251   41.923
   -44.006   -50.685    -5.015   24.844   39.106   41.643   42.661   43.849
CT1724:260          -133.955  -121.931   -92.570  -117.561  -116.131  -217.096
  -493.729  -867.959  -959.589  -801.164  -561.894  -392.581  -273.685  -237.362
  -242.940  -385.864  -426.352  -257.199  191.683  423.595  381.368  202.417
  140.195  110.996   57.633   33.688   38.887   44.968   45.205   45.744
CT1724:255          -106.442   -97.808   -85.737  -113.750  -173.052  -275.789
  -386.424  -522.162  -546.416  -373.929  -197.615  -111.689  -144.391  -205.860
  -252.883  -340.067  -368.245  -287.853  -127.276   -32.771   70.748  133.360
  140.184  113.499   44.749    9.883   14.173   32.337   46.775   59.647
CT1724:250           -75.623   -73.718   -81.316  -123.711  -205.171  -287.649
  -342.333  -414.838  -360.978   -31.818  310.370  373.198  131.154  -132.381
  -241.064  -309.025  -348.803  -339.243  -305.770  -233.583  -122.206   43.469
  119.407   96.542   19.268   -17.058    -2.525   27.563   47.959   73.320
CT1724:245           -72.335   -75.918   -71.680  -110.529  -210.719  -293.032
  -314.189  -319.998  -184.503  336.556  918.518  971.485  468.013   -38.928
  -208.423  -280.660  -339.863  -353.296  -337.477  -278.286  -170.879    6.033
   94.267   69.884   -21.136   -52.021   -34.122   10.034   52.077   90.431
CT1724:240           -54.365   -51.978   -57.676  -100.157  -203.537  -286.117
  -292.706  -281.935  -161.132  386.548 1046.719 1104.776  549.106   18.761
  -139.399  -210.715  -275.075  -291.380  -279.319  -242.554  -149.346    5.769
   84.847   60.496   -42.264   -83.110   -43.380   21.609   63.966  105.244
CT1724:235           -44.087   -44.965   -53.567  -100.183  -191.013  -270.131
  -323.850  -386.043  -349.870   -65.430  307.172  373.617  177.273   19.602
   -46.569  -105.610  -160.113  -204.317  -239.751  -224.823  -130.722   22.157
   93.709   63.071   -53.988   -98.515   -67.555    -0.106   62.196  118.189
CT1724:230           -51.605   -58.006   -53.788   -96.151  -187.518  -264.800
  -371.084  -522.975  -574.862  -760.204  -999.428  -858.356  -265.042   96.922
   61.693  -129.018  -230.526  -283.188  -288.603  -251.750  -148.039   36.250
  115.036   62.958   -91.156  -128.563   -75.098    8.503   67.652  126.149
CT1724:225           -46.616   -53.686   -67.333  -115.358  -193.745  -270.982
  -377.817  -520.975  -596.588  -768.799  -879.425  -744.193  -247.987  147.127
  116.397  -222.448  -430.937  -461.139  -390.284  -332.829  -235.604   -51.041
   39.057   23.679   -56.224   -81.565   -53.460    -1.938   44.924   91.212
CT1724:220           -55.007   -66.629   -82.800  -126.021  -194.722  -257.191
  -344.522  -465.770  -508.035  -519.944  -480.160  -336.739   30.081  307.242
  258.140  -124.604  -378.695  -416.722  -391.522  -373.447  -289.566  -121.370
   -40.336   -34.132   -59.702   -56.272   -30.000    6.567   38.785   68.815
CT1724:215           -81.439   -98.948  -110.555  -148.707  -218.368  -267.801
  -297.927  -331.768  -320.618  -231.041  -116.825    9.469  268.684  451.129
  422.664  216.665   86.740   -33.533  -194.652  -257.458  -220.602  -125.887
   -80.156   -55.327   -26.475    -7.286    8.715   26.460   41.465   56.031
CT1724:210           -69.938   -97.114  -127.816  -170.959  -231.054  -258.795
  -220.095  -145.505   -94.126    -2.233   93.434  195.903  364.868  473.199
  498.107  468.341  414.719  291.496   86.512    -7.296   -45.364   -61.821
   -57.509   -40.321    -3.700   14.793   22.612   30.423   37.908   45.905
CT1724:205           -74.361  -104.373  -133.908  -165.547  -223.690  -242.701
  -170.731   -49.894    4.521   48.832   89.074  143.825  225.785  299.450
  339.231  387.531  393.056  319.512  152.678   72.557   52.248   23.587
    9.071   11.992   27.618   27.854   26.857   31.298   36.038   42.956
CT1724:200           -64.615   -98.886  -133.995  -160.901  -190.166  -189.664
  -116.386    -2.906   32.817   -27.061  -106.730  -102.232   -84.492   -74.109
   -19.961   80.202  129.039  164.048  190.348  201.029  221.403  226.484
  210.191  152.895   57.333   10.919   12.498   28.245   32.615   35.101
CT1724:195           -62.359   -98.733  -131.917  -149.951  -165.816  -158.899
   -88.165   19.289   37.619   -43.500  -128.100  -149.783  -176.958  -192.603
  -156.743   -96.388   -52.114   57.807  242.973  340.019  405.711  457.756
  452.264  344.627  135.390   26.565    8.634   23.686   28.867   29.606
CT1724:190           -53.106   -84.015  -122.890  -133.400  -130.125  -118.599
   -69.012    2.848    6.969   -56.491  -110.946  -134.781  -129.682  -101.376
  -117.899  -147.095  -126.151   -40.926  127.197  247.642  377.473  568.401
  615.140  463.098  173.989   54.142   39.027   46.557   32.951   24.178
CT1724:185           -86.944  -113.667  -135.068  -132.835  -112.961   -95.222
   -66.117   -28.888   -37.560  -128.562  -217.756  -233.824  -197.071  -180.120
  -201.767  -245.172  -259.148  -258.309  -284.054  -225.961   24.922  372.867
  485.447  396.979  174.663   62.994   26.591   19.792    7.749    -7.277
CT1724:180          -101.901  -113.181  -125.532  -126.112  -119.469  -110.598
   -94.656   -71.597   -78.972  -152.821  -222.644  -230.469  -200.580  -205.667
  -246.518  -329.089  -382.718  -442.890  -476.928  -391.856  -198.367  171.298
  328.719  282.946  122.158   57.752   33.469   24.217    -0.564   -27.795
CT1724:175          -106.813  -128.519  -145.846  -145.795  -131.008  -118.119
  -109.079  -102.268   -98.737   -88.915   -67.008   -68.784   -58.044   -48.056
  -130.412  -305.318  -414.169  -545.888  -798.048  -818.197  -500.646   32.458
  249.343  240.657  148.066  101.019   58.459   25.119    -8.604   -44.244
CT1724:170          -102.384  -136.483  -161.043  -156.371  -131.671  -112.520
  -105.666  -100.751   -82.312   -46.875    -8.782    7.273   29.565   32.399
   -15.211  -108.484  -188.098  -347.734  -632.742  -679.092  -433.303    -2.456
  174.842  185.784  142.143  118.408   74.526   26.856   -18.651   -63.994
CT1724:165           -80.749  -117.284  -163.680  -168.773  -148.376  -128.561
  -109.459   -92.080   -62.046   -13.445   27.444   54.479   93.423  107.825
  108.963  131.475  111.685   30.283   -62.590   -71.821   -53.230   16.070
   76.935  119.708  147.221  142.552   87.461   20.809   -30.721   -80.107
CT1724:160          -101.691  -144.452  -177.139  -174.112  -146.276  -117.357
   -76.448   -22.178   22.385   68.769  113.847  134.927  148.332  158.468
  175.280  225.691  223.944  213.193  174.094  143.620  134.464   96.624
  104.623  133.817  172.460  171.312  113.155   36.950   -29.726   -93.969
CT1724:155          -113.084  -151.544  -176.387  -168.836  -141.208  -101.215
   -36.001   41.925  100.099  155.859  200.719  210.898  182.745  159.698
  185.087  262.568  274.665  280.396  276.643  257.007  222.938  140.827
  126.285  150.134  186.646  180.026  119.313   41.713   -28.135   -95.999
CT1724:150          -102.200  -123.506  -151.886  -143.196  -121.818   -81.531
    8.079  115.373  182.274  251.328  299.312  294.321  226.850  175.247
  182.708  237.368  237.055  223.941  231.508  235.531  203.846  161.935
  170.267  180.693  189.900  173.385  109.617   35.324   -28.062   -94.542
CT1724:145          -113.696  -141.675  -161.188  -142.127  -100.129   -44.704
   71.441  228.344  309.176  341.291  364.586  349.870  293.158  243.587
  164.520   47.028   -26.897   -79.227  -160.075  -159.754   -34.029  142.049
  214.894  231.608  229.896  205.119  134.867   49.750   -30.297  -109.575
CT1724:140          -105.216  -130.930  -150.561  -131.747   -88.016   -28.377
   87.718  230.212  312.722  348.339  358.188  344.613  293.940  218.731
   86.260  -164.150  -308.331  -341.450  -338.130  -278.113   -97.989  210.112
  342.600  333.914  278.626  227.067  142.539   51.422   -34.179  -123.580
CT1724:135           -88.757  -107.331  -136.108  -123.192   -74.011   -16.122
   77.277  199.345  284.730  368.267  440.536  422.563  321.174  209.015
   65.041  -193.216  -334.706  -322.537  -220.493  -121.103   30.993  280.244
  390.670  370.553  293.254  234.253  151.123   54.719   -38.063  -129.728
CT1724:130          -105.274  -129.104  -144.388  -119.761   -60.847    1.878
   87.028  188.385  265.934  383.750  478.477  458.888  329.755  209.608
  113.118   -34.461   -98.230   -41.151  111.191  215.205  295.654  377.084
  404.135  367.297  297.595  236.324  148.858   54.159   -35.908  -128.707
CT1724:125          -101.309  -118.707  -136.977  -114.782   -55.960    4.584
   87.696  190.275  241.181  268.477  287.796  256.784  172.880  115.346
   96.743   98.143  122.067  228.859  402.269  478.275  460.062  346.949
  302.118  291.137  287.025  246.711  160.594   57.676   -40.740  -138.018
CT1724:120          -113.028  -132.728  -146.998  -122.188   -62.229    -4.351
   78.101  178.463  186.330   58.442   -59.014   -66.870    1.200   38.747
   85.137  128.543  188.122  303.600  504.089  585.448  506.337  342.615
  278.745  279.941  314.089  281.331  177.680   61.453   -39.174  -143.569
CT1724:115          -109.883  -135.657  -151.967  -125.576   -69.756   -20.540
   55.901  144.894  121.262   -93.222  -279.804  -246.976   -19.957  128.916
  130.396   70.201  117.147  233.270  398.203  459.398  392.843  290.186
  248.395  271.526  338.637  316.459  218.705   88.537   -36.715  -156.718
CT1724:110           -89.666  -114.621  -146.704  -125.372   -59.716   -17.319
   25.902   71.843   43.865   -89.844  -173.991  -185.662  -129.671   -42.273
   12.520   43.432  119.103  266.056  327.494  336.082  364.227  326.483
  284.999  302.076  373.719  341.792  219.875   77.527   -38.480  -156.127
CT1724:105          -104.536  -128.692  -141.845  -107.253   -41.106   -10.972
   -27.220   -61.830   -91.590  -145.156  -183.256  -206.971  -307.668  -344.359
   -79.512  424.222  648.143  760.120  902.893  933.833  709.446  362.102
  262.206  274.291  315.507  285.479  197.851   83.796   -26.382  -132.920
CT1724:100           -94.044  -123.725  -158.449  -131.569   -31.430    -0.947
   -65.222  -154.527  -175.316  -169.968  -162.141  -129.248   -23.034   35.137
   15.915   66.398  150.120  180.817  323.363  418.767  374.510  290.793
  285.361  291.969  292.646  251.468  162.018   64.125   -26.144  -121.615
CT1724:095          -120.771  -141.584  -144.801  -103.357   -32.847   -24.860
  -117.783  -228.142  -229.655  -135.500   -45.803    -4.740   72.740   63.085
  -245.246  -956.262 -1199.196  -962.802  -733.157  -583.430  -171.898  280.827
  412.657  379.486  298.536  238.100  159.094   73.820    -8.647   -88.556
CT1724:090          -114.640  -120.134  -129.170  -107.964   -37.725   -28.476
  -166.081  -351.390  -331.140  -102.370   68.693   98.186  102.647   36.054
  -274.866  -850.341 -1031.823  -928.915  -632.659  -422.502  -105.352  350.942
  501.639  423.728  274.893  208.486  137.494   65.685    1.701   -57.701
CT1724:085          -111.872  -114.050  -111.240   -88.330   -56.188   -61.610
  -152.252  -258.514  -225.870   -22.118  145.777  169.036  136.756   64.516
   -87.049  -281.396  -355.911  -380.129  -302.370  -173.692   45.223  300.038
  405.954  355.980  226.241  159.470  107.046   60.688   11.502   -40.016
CT1724:080          -107.977  -110.835  -111.568  -102.892   -84.474   -76.916
  -100.192  -128.362   -85.473   57.704  179.331  199.929  170.875  112.614
   40.625   -32.093   -98.250   -94.246   -66.315    3.932  119.305  221.950
  287.297  256.433  172.173  129.220   94.044   62.176   20.166   -28.757
CT1724:075          -104.817  -115.644  -125.838  -122.154  -111.372   -94.058
   -54.816    -8.201   37.348  100.352  152.456  174.719  188.783  154.670
   28.600  -160.446  -277.073  -310.780  -283.273  -206.120   -76.449  106.572
  208.968  200.903  150.567  122.669   84.328   47.318    8.495   -34.127
CT1724:070          -107.283  -120.704  -129.748  -123.358  -110.569   -85.159
   -14.637   77.023  122.402  128.830  142.145  164.756  217.345  198.102
   -73.423  -594.417  -831.301  -972.359 -1034.653  -922.836  -583.908   -16.810
  177.729  183.199  164.223  143.123   91.612   41.349    -2.939   -48.573
CT1724:065          -102.287  -114.502  -126.882  -112.987   -81.787   -45.072
   17.983   93.493  134.909  128.379  136.829  178.295  286.388  301.236
   16.913  -645.550  -894.188  -764.223  -770.310  -751.792  -328.018   67.084
  167.474  165.922  164.628  144.479   96.171   40.465    -9.792   -54.793
CT1724:060          -108.641  -121.426  -128.050  -110.609   -79.496   -41.325
   19.511   89.250  134.059  132.035  150.235  210.983  369.723  432.522
  385.064  292.565  324.188  785.866 1565.386 1707.399 1173.323  415.191
  177.405  147.094  149.541  122.504   73.790   21.787   -15.585   -46.295
CT1724:055           -91.582  -116.473  -133.646  -117.133   -84.814   -38.958
   23.199   92.832  166.266  223.837  225.467  295.843  370.030  374.477
  502.849  813.267  996.560 1317.970 1880.591 1922.844 1283.106  422.727
  170.328  142.264  146.366  117.298   84.372   42.883    5.448   -28.734
CT1724:050           -67.675   -97.353  -136.002  -121.257   -87.387   -38.277
   53.731  149.224  254.203  539.295  721.245  650.051  371.462  266.618
  283.225  226.194  241.632  464.320  479.109  443.123  465.569  299.011
  188.879  156.383  153.222  124.040   98.303   68.531   35.151    -2.069
CT1724:045           -92.601  -126.704  -145.425  -119.810   -71.018   -11.179
   99.417  222.436  303.554  472.735  605.673  497.888  220.853  124.977
  104.016   87.500   97.393   71.174   76.318   89.665  106.471  184.141
  178.425  149.737  132.287  113.204   92.339   69.697   44.979   18.038
CT1724:040           -97.903  -126.731  -138.821  -112.197   -59.075    -0.660
  106.296  226.359  207.638  -106.334  -409.653  -334.877   -79.468    -0.562
   -32.630   -85.578  -122.084  -201.465  -270.149  -255.118  -168.531   -18.641
   46.477   69.221   89.047   93.701   77.354   61.652   46.174   27.908
CT1724:035           -85.014   -96.350  -116.311   -95.552   -48.099    -4.383
   78.416  191.450  152.696  -124.925  -317.661  -324.220  -148.855   -51.176
  -120.018  -237.174  -312.543  -430.555  -575.067  -566.163  -388.119  -112.617
   17.200   45.807   67.834   74.826   61.069   50.094   36.482   20.156
CT1724:030          -111.899  -118.142  -116.570   -89.051   -43.471    3.085
   64.629  130.683  120.457   -10.586   -90.201   -89.270   -43.204   -60.441
  -138.295  -279.621  -395.113  -536.995  -682.672  -641.312  -377.677   -29.978
  113.240  130.483   95.836   80.724   63.750   48.811   29.977    9.371
CT1724:025          -135.139  -122.694  -102.567   -71.507   -35.952    1.702
   43.664   80.801  106.222  118.033  134.369  229.779  446.844  437.837
  228.249  -201.968  -411.047  -528.555  -635.725  -574.057  -215.611  255.494
  409.491  320.244  149.848   84.288   57.299   41.745   22.019    1.066
CT1724:020          -133.787  -113.826   -96.479   -62.219   -16.260   24.960
   62.804  105.093  155.480  254.410  326.423  444.315  906.982 1097.901
  527.298  -215.576  -432.805  -397.318  -322.172  -230.041   53.059  374.395
  474.031  352.611  159.526   96.424   69.285   45.452   16.481    -9.587
CT1724:015          -130.954   -98.388   -67.087   -32.361    -2.120   32.038
   63.986   99.208  162.104  304.182  396.903  276.385  -136.676  -373.709
  -343.932  -274.707  -325.818  -337.264  -274.883  -197.307   -21.005  244.694
  356.115  293.388  148.678   82.531   54.367   36.344   12.456   -12.233
CT1724:010          -131.524   -89.743   -51.815   -19.101    7.950   45.297
   84.998  126.213  178.896  259.248  283.888  102.356  -498.889  -806.438
  -562.272  -176.155  -155.755  -298.791  -441.702  -404.093  -150.370  206.440
  321.785  253.573  125.082   75.028   52.231   36.317   14.455    -8.683
CT1724:005          -131.501   -95.352   -58.117   -20.303   16.121   59.814
  127.266  196.421  249.471  335.949  403.392  377.197  411.035  446.107
  240.977  105.382   22.856  -241.682  -661.427  -661.904  -207.471  204.678
  288.716  223.909  128.719   90.227   62.875   37.427   10.509   -15.044
CT1725:360          -156.274  -127.478   -93.113   -48.887    3.748   55.791
  130.653  205.031  233.528  187.212  229.243  381.036  810.417  989.694
  657.012  180.393    4.995   54.887  198.732  224.813  202.541  165.399
  167.744  151.433  113.711   86.982   57.153   26.093    -2.453   -29.886
