
filled_synop: 30 data points in equal steps of sine latitude from +14.5/15 to  -14.5/15

CT1666:360          102.391   75.359   48.939   18.951   -22.513   -10.471
   83.324  163.402  313.013 1125.417 2294.295 2419.245 1223.283  -280.712
  -619.921  -585.537  -648.531  -564.259  -282.641  -186.448  -204.141  -245.624
  -210.358   -31.536  124.403  118.650   19.653   -57.619  -122.414  -182.526
CT1666:355          111.150   76.670   41.049    0.776   -44.522    -8.330
  243.638  567.080  697.851  945.693 1292.495 1236.469  404.192  -447.527
  -512.695  -134.362  172.683  173.894   10.612  -109.206  -258.656  -454.419
  -450.484  -187.292   60.900   80.492   -13.391   -70.778  -127.808  -184.746
CT1666:350          133.680   89.564   48.076    8.414   -41.772   -31.572
  164.711  429.770  350.900  -375.537 -1368.859 -1574.756 -1124.314  -510.599
  -219.451  281.855  748.042  684.884  223.604   -40.331  -268.449  -577.006
  -612.357  -316.851    -9.105   36.162   -20.872   -62.252  -119.391  -178.698
CT1666:345          166.509  110.020   53.658    -4.052   -58.225  -114.859
  -159.921  -168.020  -370.238 -1291.130 -2626.334 -2901.178 -1858.391  -503.437
   -76.092  132.597  244.748  266.956  139.208   10.051  -198.434  -574.451
  -649.613  -348.873   -56.522   -12.561   -34.718   -58.685  -110.926  -168.469
CT1666:340          192.917  126.515   56.707   -19.405   -87.515  -174.776
  -386.365  -681.639  -910.586 -1233.428 -1556.464 -1534.579 -1082.931  -329.582
   -29.713   27.861   42.044   67.613   55.481   26.405   -19.331   -88.398
  -123.153   -82.363   -72.619   -57.455   -47.198   -59.520  -112.974  -161.084
CT1666:335          204.263  134.115   59.580   -22.756  -103.774  -196.880
  -361.740  -559.884  -677.260  -642.360  -469.715  -357.625  -262.462  -124.942
   -12.863    1.359    -3.374   11.966   30.693   16.368   99.252  389.206
  440.179  181.279   -43.797   -41.300   -18.509   -32.540   -86.534  -153.023
CT1666:330          189.522  124.716   57.421   -17.011  -101.143  -158.789
  -177.676  -169.900  -170.575  -130.174   -71.478   -34.556    -8.375   -22.282
    3.515    -5.966   -20.100   -11.963   48.472   41.112  -102.656  -364.874
  -413.127  -228.710   -10.075   31.421    1.157   -27.995  -112.558  -196.048
CT1666:325          191.122  120.300   50.075   -21.975  -101.005  -147.700
  -112.625   -26.739    -3.750    5.436   -11.610    -7.375   11.525   -10.739
    -1.385    -6.853   -13.977   -10.877   58.922   44.879  -271.191  -862.961
  -956.130  -550.970   -51.645   43.896   16.672   -10.857  -109.930  -196.233
CT1666:320          156.191   97.233   34.478   -36.099  -109.288  -132.806
   -58.139   52.333   86.266   73.435   15.161    -0.914    -2.316   -16.592
   -17.957    -9.965    -4.065   -11.226   28.321    2.298  -490.400 -1587.333
-1761.945  -906.072   -14.686  109.079   42.268   -11.963  -103.338  -200.696
CT1666:315          117.361   71.166   25.435   -26.480   -89.923  -106.800
   -52.230   32.741   61.385   50.054    4.901   -10.744    -9.287    -4.762
    -5.808    -7.791    -5.006   -11.289   -15.745   -24.837  -223.111  -739.314
  -787.061  -208.489  359.843  342.932   81.395   -54.668  -132.127  -212.246
CT1666:310           95.649   45.575    -2.994   -51.358   -97.245  -109.331
   -70.521    -9.738   15.798   16.413    8.219    4.521    -4.833   -12.283
   -16.390   -21.359   -28.497   -22.573   -58.935   -45.689  363.988 1305.772
 1578.749 1229.701  919.511  703.080  264.365   -28.084  -138.215  -237.406
CT1666:305           75.318   30.762    -9.841   -48.903   -90.435  -104.245
   -82.497   -48.851   -28.236    -8.258    9.752   11.219    -0.026   -14.489
   -21.211   -25.429   -28.996   -19.587   -61.875    6.778  537.903 1420.307
 1680.437 1476.906 1088.925  771.303  256.450   -52.770  -183.366  -277.085
CT1666:300           55.213   25.369    -4.428   -36.818   -69.923   -81.255
   -68.763   -45.787   -25.876    3.665   41.684   46.687   17.463   -10.654
   -20.838   -22.504   -21.848   -17.182   -47.022   25.049  318.362  771.820
  956.545  899.830  772.721  564.908  210.275   -16.850  -114.953  -223.421
CT1666:295           41.418   20.467    0.388   -20.594   -44.898   -52.029
   -44.937   -28.766    -8.568   20.586   54.743   57.055   28.711    0.365
   -15.777   -30.171   -39.742   -33.294   -33.385    1.049   43.640   71.621
  139.022  282.084  339.636  244.397   94.651   -34.090  -136.067  -223.756
CT1666:290           36.593   18.391    1.191   -17.294   -35.291   -36.459
   -20.692    5.085   29.404   49.585   76.714   77.001   50.921   28.069
    4.288   -26.217   -48.116   -43.738   -23.530    -4.697   -23.811   -43.596
    -9.050   79.517  169.752  124.691   41.188   -32.484  -110.543  -189.951
CT1666:285           39.353   23.183    6.848   -10.745   -31.219   -26.337
    3.940   47.301   88.018  102.475  139.250  140.182   88.023   62.266
   28.841    -6.701   -31.856   -30.087    -9.915    0.541   -18.400   -46.620
   -33.417   22.975   88.449   70.773   19.656   -42.165  -121.496  -191.076
CT1666:280           41.372   33.772   20.713    -3.816   -27.077    -9.448
   34.075   80.749  153.349  223.835  263.367  223.168  181.682  105.786
   34.191   14.009   18.215   14.260   20.992   23.195   10.644   -21.446
   -22.622    4.150   32.045   21.163    -8.550   -48.028  -111.197  -183.289
CT1666:275           23.992   38.568   49.562   46.985   14.434   54.942
  175.454  276.649  383.716  647.372  914.296  887.481  593.403  163.725
    4.342    0.333   13.147   13.115   52.280   72.315   54.988   12.842
    3.148   21.574   44.564   28.389    -1.781   -41.933  -114.530  -187.592
CT1666:270           23.042   37.396   52.381   72.616   86.433  163.789
  383.294  671.429  851.646 1117.976 1470.356 1459.934  876.086  195.073
    -2.057    -8.860    -2.304    0.800   45.896   67.051   64.505   45.429
   33.547   19.975   10.672    1.197    -9.786   -43.532  -114.218  -177.404
CT1666:265           68.263   64.902   31.125   -13.346   -60.454    7.373
  293.929  601.046  763.416  928.706 1011.059  927.358  561.977  143.753
    5.427   -24.284   -37.352   -26.521   24.383   48.308   57.715   58.005
   46.512   18.531    -3.015   -10.640    -9.559   -32.483   -78.529  -132.122
CT1666:260          164.782   98.579   22.131   -68.548  -171.397  -159.488
   44.559  289.923  376.987  312.417  170.761  118.734   97.410   27.625
   -25.625   -33.551   -33.871   -19.302   19.665   40.245   50.114   53.001
   44.382   14.619   -10.000   -14.093   -13.725   -34.865   -74.779  -115.659
CT1666:255          242.220  140.151   26.551  -108.776  -224.448  -259.941
  -177.966   -37.674   -35.238  -222.864  -389.985  -395.988  -224.696   -55.939
   -29.435    -9.595   12.816   19.429   30.988   33.330   19.871   14.181
   18.841   45.154   64.429   41.075    -1.137   -34.041   -75.190  -120.491
CT1666:250          176.872  107.996   44.783   -42.256  -125.306  -188.929
  -290.123  -361.033  -405.865  -517.706  -557.844  -508.815  -293.971   -82.398
   -17.526   21.750   51.047   48.416   36.241   18.028   -36.528   -96.228
   -88.769    -2.485   55.370   46.511    8.247   -32.091   -80.542  -126.862
CT1666:245          108.383   74.824   37.542   -12.036   -68.960  -137.035
  -293.308  -427.575  -474.114  -514.657  -525.590  -471.735  -251.603   -54.424
   10.362   52.882   79.843   64.657   24.760    -7.730   -63.992  -123.746
  -115.139   -23.491   33.152   23.868    -7.782   -38.266   -85.801  -129.548
CT1666:240           65.150   44.338   26.273   16.178    9.826    -4.463
   -52.475  -100.898  -112.126  -102.875  -113.485  -101.566   -47.854   22.048
   63.063   98.358  112.889   93.201   48.278    7.573   -52.496  -118.869
  -123.620   -62.568   -16.412    -6.790    -8.626   -31.215   -75.171  -121.182
CT1666:235           35.254   29.439   29.582   37.322   41.769   68.632
  203.294  374.168  412.761  350.162  199.622  150.593  129.646  118.576
  127.694  151.538  157.018  126.425   65.264   13.259   -28.884   -67.264
   -75.324   -52.340   -26.891   -18.214   -18.922   -37.727   -83.101  -124.835
CT1666:230           38.391   40.038   44.704   53.356   50.900   98.520
  314.654  550.086  594.970  492.071  305.635  245.759  202.078  157.089
  154.249  170.397  166.117  125.192   51.875    -4.623   -47.364   -83.499
   -89.962   -59.884   -33.716   -17.842    -2.356   -15.862   -63.125  -119.406
CT1666:225           67.763   65.141   59.934   52.759   38.920   46.654
  161.068  308.791  335.729  252.764  114.471   97.888  131.722  164.845
  172.694  162.540  135.813   85.890   -13.004   -87.619  -121.153  -140.500
  -137.321   -87.685   -41.358   -20.442    -2.580    -9.541   -62.529  -128.977
CT1666:220           86.403   72.798   54.400   35.117   21.887   -21.956
  -112.699  -233.521  -257.099  -191.766  -108.790   -41.724   50.119  133.129
  154.258  139.694  115.643   59.304   -54.820  -130.437  -162.228  -173.883
  -167.368  -112.368   -58.307   -30.980    -2.500   -11.697   -85.900  -148.736
CT1666:215          134.901  112.482   91.106   80.855   65.448   -61.791
  -398.736  -756.190  -806.047  -587.965  -218.178   -43.928   38.901   87.160
  111.058  101.484   80.067   26.594   -77.172  -158.553  -201.811  -231.175
  -224.314  -161.268   -82.866   -40.713    -2.281    5.601   -45.748  -123.316
CT1666:210          147.048  118.210   87.647   80.939   88.436   -77.984
  -640.415 -1360.898 -1493.276 -1021.823  -259.377   23.161   43.432   49.156
   74.246   60.105   35.390   -10.180   -68.799  -120.464  -222.545  -389.333
  -405.601  -249.040  -103.235   -51.208    -0.122    8.572   -62.914  -144.826
CT1666:205          157.140  114.998   72.705   53.397   46.922  -124.022
  -674.964 -1352.627 -1459.524 -1019.040  -378.442  -131.123   -29.670   34.994
   55.866   28.334    -1.048   -54.999  -134.659  -191.823  -267.760  -352.162
  -347.131  -238.929  -116.814   -57.036    -8.357    -8.193   -89.779  -158.703
CT1666:200          173.558  120.483   76.183   57.230   34.434  -126.128
  -558.717 -1063.459 -1142.914  -783.954  -279.304   -83.556   -21.048   16.795
   21.896    3.994   -19.186   -89.972  -247.258  -342.615  -354.752  -331.222
  -299.391  -193.909   -96.002   -48.357    -5.802    1.109   -46.113  -118.428
CT1666:195          208.364  133.638   65.563   32.621    5.250   -79.312
  -272.142  -525.893  -516.884  -291.454    -4.991  104.529   77.359   17.097
   -10.062    -1.829    -2.312   -66.988  -246.230  -366.595  -330.419  -226.106
  -187.968  -127.111   -61.815   -30.813   -23.374   -29.862   -77.843  -133.655
CT1666:190          305.002  191.894   89.267   -12.680  -124.442  -193.250
  -188.672  -158.784   -42.159  245.938  504.298  543.108  313.741   37.564
   -34.965    9.922   46.390   24.320   19.222    5.652  -117.908  -249.508
  -250.845  -133.024   -34.267    -9.772   -22.299   -44.022   -98.512  -144.704
CT1666:185          424.179  249.972   61.334  -165.007  -386.428  -460.604
  -336.924  -179.758    -0.427  503.241  982.518 1016.752  526.501   53.981
   -42.871    -4.344   17.897   42.914   98.116   68.790   -84.131  -292.936
  -318.210  -159.374   -30.103    -5.747   -30.391   -50.496   -85.705  -130.484
CT1666:180          426.042  254.498   65.269  -175.610  -414.996  -511.025
  -442.034  -324.510  -171.823  276.400  737.377  785.920  390.543   36.910
   -22.420    7.946   37.758   90.320  180.915  156.685   -25.079  -292.141
  -357.535  -234.085  -132.846   -93.775   -60.956   -59.131   -96.866  -136.204
CT1666:175          262.186  173.480   79.986   -33.979  -150.852  -226.017
  -295.702  -355.840  -360.662  -314.479  -242.041  -182.745  -109.345   -48.824
   -20.513   21.862   63.894  147.110  338.997  361.472  156.213  -218.705
  -329.464  -259.254  -195.086  -148.371   -83.307   -64.272   -97.345  -133.058
CT1666:170           64.854   56.042   60.441  108.061  171.834  141.032
   -42.913  -267.073  -365.411  -570.121  -792.115  -778.939  -443.902   -90.589
    -4.942   21.772   44.092   98.520  299.184  372.917  187.871   -85.703
  -169.286  -202.700  -212.256  -174.259  -106.897   -77.627  -101.020  -127.010
CT1666:165            -4.813   32.210   78.559  177.331  300.786  296.052
   91.327  -175.470  -287.579  -482.555  -731.463  -738.787  -404.653   -69.218
    5.473    6.345    -3.306   -13.050   -22.951   -65.733  -118.936  -188.291
  -221.924  -227.803  -225.016  -179.833  -102.626   -74.665  -102.998  -125.614
CT1666:160           17.942   43.524   72.730  100.263  105.616   80.729
   31.462   -39.572   -83.641   -66.428   28.345   55.387    0.508    8.983
   19.040   10.707   -12.843  -130.104  -428.883  -606.640  -587.634  -513.392
  -478.189  -357.478  -247.296  -184.351  -130.667   -99.111  -109.298  -119.728
CT1666:155           70.067   62.311   60.744   57.834   55.709   57.567
   77.348   88.865   95.649  159.660  191.793  178.084  117.840   36.162
    4.623    -2.563   -33.972  -175.566  -466.923  -628.941  -714.684  -693.539
  -630.396  -453.413  -257.219  -178.027  -142.541  -110.084  -115.562  -118.650
CT1666:150           75.574   78.166   77.028   68.665   59.432   72.105
  149.130  240.138  275.491  295.322  298.660  267.726  137.334    7.883
   -32.838   -19.707   -42.839  -164.720  -392.423  -546.375  -751.810  -982.916
  -949.043  -591.027  -272.305  -180.157  -128.618   -99.770  -108.169  -111.681
CT1666:145           56.015   66.861   72.408   67.674   58.882   65.163
   99.783  131.955  162.991  212.092  221.880  190.803   95.701    6.904
   -27.908   -22.441   -41.084   -90.941  -160.584  -235.849  -442.676  -703.738
  -704.373  -460.237  -257.228  -185.712  -117.044   -88.067   -91.691   -99.662
CT1666:140           29.391   34.039   39.867   51.462   64.676   54.464
    1.151   -44.271   -23.423   79.385  157.304  148.274   73.061   12.991
    -9.070   -12.720   -22.430   -19.094   -11.266   14.777  129.819  267.013
  247.961   31.914  -132.860  -158.579  -118.480   -98.813  -102.209  -108.888
CT1666:135           -12.667   20.535   53.345   94.540  132.025   99.482
   -53.022  -194.733  -200.041   -75.876   46.530   72.338   34.744    7.829
    1.056    -9.044   -11.007    8.702   19.942  122.865  608.416 1138.308
 1075.917  440.818   39.424   -29.382   -46.638   -93.099  -109.570  -124.749
CT1666:130           -41.254    -4.861   25.770   75.550  142.071   93.959
  -147.381  -362.642  -383.695  -261.023  -149.425   -99.303   -48.773   -16.953
    -8.487   -15.735    -8.429    9.456   15.622  124.422  500.421  864.155
  885.666  599.027  338.484  150.097   -39.926  -114.721  -128.166  -145.261
CT1666:125           -41.192    -5.988   29.051   77.910  120.830   58.204
  -181.280  -382.069  -407.720  -299.901  -198.009  -147.478   -85.069   -40.082
   -25.116   -18.003    -3.058   11.611   25.977   98.963  250.638  404.862
  456.344  442.834  368.661  198.406   -11.165   -99.697  -119.648  -147.653
CT1666:120           -15.502    6.340   27.763   50.598   74.569   33.823
  -118.381  -253.873  -280.002  -227.362  -171.712  -134.697   -84.440   -45.991
   -33.806   -26.169   -13.257    3.493   16.743   54.633  117.549  213.597
  289.519  388.260  366.620  195.219    -9.975   -98.382  -121.993  -147.922
CT1666:115           10.319    6.779   25.486   46.513   56.019   11.987
   -92.316  -176.486  -185.779  -137.159   -87.401   -63.133   -45.819   -28.763
   -26.406   -24.020   -16.851    0.840   16.451   37.185   45.107   77.869
  170.834  331.464  365.293  195.153   -13.377   -94.470  -114.440  -149.362
CT1666:110           12.801   11.248   32.511   45.673   53.492   29.371
   -47.612  -111.513  -108.256   -49.161   16.520   28.173   13.682    9.198
    -8.298   -15.058   -13.780    -4.743    2.298    4.502    -7.312    6.695
  102.802  311.037  383.956  234.478   10.402  -106.879  -161.031  -198.171
CT1666:105           25.004   34.428   46.033   62.176   77.170   72.312
    9.060   -54.706   -30.621   67.689  187.478  192.586  112.862   57.229
   14.239   17.167   13.073    1.374    -8.989   -14.629   -30.949   -43.087
   32.978  245.399  387.382  270.891    7.975  -124.299  -167.483  -204.556
CT1666:100            8.561   28.402   51.402   79.558  102.569  115.468
   83.666   63.493  152.092  347.027  506.626  489.619  341.214  152.344
   54.338   47.394   28.102    -0.664   -26.471   -37.631   -48.933   -72.507
    3.791  242.228  417.262  315.013   41.867  -106.180  -150.573  -197.272
CT1666:095            8.424   37.520   63.388   77.382   89.939  152.365
  240.304  293.416  446.262  858.608 1163.664 1117.874  747.509  345.396
  171.428   85.008   20.311   -17.550   -51.819   -76.093   -52.790   -16.897
   65.494  299.397  476.848  385.190   83.536  -104.216  -196.288  -249.365
CT1666:090           22.419   40.885   57.677   56.788   50.160  147.018
  434.103  741.543  947.946 1356.870 1729.519 1663.396  971.083  270.283
   77.877   73.766   39.766   -18.285   -54.289   -51.884   -74.791   -74.567
   10.382  276.747  464.505  373.435   89.306   -58.992  -117.908  -179.172
CT1666:085           39.220   34.308   31.609   14.874    -4.527   78.810
  377.972  688.524  852.767 1109.780 1337.165 1262.923  699.343  191.977
   53.339   50.735   22.013   -74.538  -285.250  -377.329  -262.391  -115.233
   -12.046  178.358  317.829  268.697   93.024   -31.285  -100.455  -165.832
CT1666:080           37.875   31.523   22.953   11.049   10.795   35.429
   81.838  108.560  130.853   91.097   21.639   10.814   43.942   50.243
   24.798   20.043   -12.707   -93.411  -221.221  -262.924  -235.098  -153.031
   -61.576   83.454  185.795  151.455   45.482   -25.447   -98.277  -167.271
CT1666:075           29.559   25.687   22.900   32.439   46.941    -2.370
  -166.678  -330.692  -444.260  -686.552  -895.288  -843.227  -403.758   -46.532
    9.630    9.924    -4.402   -99.117  -268.854  -325.195  -280.819  -174.843
   -93.212   14.446   97.591   80.179   13.642   -43.958  -108.865  -167.539
CT1666:070           18.169   31.521   51.099   79.990   94.249   59.345
   -26.921  -138.899  -258.068  -559.117  -837.555  -800.785  -404.577   -52.688
   12.313   -30.269   -66.245  -157.210  -339.846  -386.922  -324.829  -201.514
  -131.559   -22.439   60.359   46.877    -9.131   -54.482  -104.671  -153.155
CT1666:065           33.172   42.311   48.786   75.554  102.476   74.336
   67.718  121.116   75.714  -198.179  -362.482  -329.694  -169.677    -2.121
   27.040   -52.982  -104.909  -132.945  -229.270  -278.312  -188.967   -95.271
   -55.214   13.983   68.110   43.194   -27.779   -72.586  -104.690  -140.998
CT1666:060           82.970   60.963   42.702   22.035   -12.071   -76.985
  -269.403  -502.221  -535.180  -343.457  -161.330   -98.520   -18.283   37.846
   32.819   -37.256   -65.604   22.804  267.319  354.338  210.042   22.660
   15.475  106.088  167.914  117.251    -3.272   -83.914  -121.326  -148.538
CT1666:055          127.025  105.481   35.309   -14.909   -49.509  -119.861
  -315.709  -453.103  -385.061   -87.400  185.885  223.009  137.111   52.300
    4.275   -39.791   -41.975   93.523  374.210  453.585  298.204   80.890
   61.169  158.237  210.923  134.268   -16.673   -93.346  -136.274  -164.776
CT1666:050          188.725  112.835   32.073   -60.892  -146.912  -185.556
  -240.757  -245.502   -83.070  388.971  765.434  717.828  298.848   -26.998
  -103.346   -70.080   -40.267   40.123  144.753  169.386  129.481   46.348
   61.343  183.762  245.328  172.256   26.284   -58.307   -96.440  -139.749
CT1666:045          206.573  121.867   34.504   -77.066  -195.087  -192.897
   -43.840  117.652  342.551  901.545 1270.017 1134.979  439.616  -116.698
  -211.093   -97.043   -33.698    -8.591    1.977   11.603    8.881   12.841
   57.683  187.099  248.172  174.394   21.992   -63.134  -112.252  -154.955
CT1666:040          196.169  125.177   46.753   -49.101  -146.761  -120.495
  148.294  430.832  610.631  949.133 1152.292 1001.300  312.502  -206.191
  -256.602  -101.490   -14.996    -4.893   -28.098   -31.759   -23.171    -4.259
   42.883  169.763  243.337  175.806   28.718   -62.461  -117.451  -163.442
CT1666:035          183.166  114.745   42.306   -35.536  -104.625   -89.603
   53.678  184.005  220.292  244.068  335.990  275.821   -78.999  -281.013
  -246.436   -89.589    1.718   16.380    3.559    1.070   -18.811   -36.118
    3.315  134.256  221.360  160.954   20.573   -61.137  -109.093  -159.937
CT1666:030          171.231  111.355   49.002   -17.462   -85.465  -176.845
  -364.771  -581.867  -712.305  -989.901 -1300.746 -1248.934  -683.130  -234.622
  -116.846   -39.775   19.740   34.016   20.710   10.586   -31.456   -97.468
   -72.129   71.846  165.222  128.392   13.328   -65.819  -125.435  -176.471
CT1666:025          158.359  107.461   52.049    -2.943   -61.831  -179.625
  -407.280  -562.188  -673.149  -994.096 -1142.269 -1042.288  -558.373  -112.991
   -14.946   -12.625    -1.709   15.803   21.401   12.718   -30.303   -77.450
   -59.585   38.010  111.441   85.515    2.675   -56.398  -114.989  -172.974
CT1666:020          140.598   92.910   44.178    7.898   -35.237  -154.319
  -432.016  -686.943  -747.270  -695.260  -582.039  -474.393  -250.965   -55.786
   -15.980   -28.080   -25.586   -17.275    -9.164   -21.861   -89.418  -164.585
  -150.224   -39.828   56.198   50.703    -1.674   -53.130  -114.089  -169.805
CT1666:015          135.764   83.725   37.423    5.357   -37.767  -145.198
  -400.470  -614.972  -540.714  -115.409  268.137  327.950  140.886   -29.408
   -83.067   -82.472   -63.048   -73.608   -67.927   -77.647  -192.831  -344.376
  -325.974  -134.160   17.286   24.486   -13.441   -50.171  -105.831  -166.439
CT1666:010          156.389   82.930   15.065   -28.262   -63.211  -127.496
  -324.329  -466.415  -286.326  418.010 1008.732 1020.795  451.140   -62.308
  -183.971  -187.653  -209.286  -186.370  -117.111  -105.459  -192.972  -322.135
  -299.805  -105.702   26.712   14.753   -38.700   -77.279  -132.202  -184.484
CT1666:005          197.408  106.423   13.992   -95.514  -205.758  -260.224
  -304.326  -305.951   -67.703  726.239 1381.216 1361.439  640.706   52.924
   -83.868   -86.092  -111.028   -95.701   -84.303   -80.056    -2.817  127.723
  142.979   74.386   39.199   16.045   -33.153   -78.593  -128.715  -177.159
CT1667:360          179.653   95.311    7.433   -86.561  -168.789  -196.516
  -192.941  -188.907   -55.740  445.582  870.185  836.597  299.127   -82.043
   -93.897  142.707  279.239  202.620   16.891   -21.344  127.689  331.787
  342.314  198.381   80.197   33.451   -23.459   -76.437  -128.756  -180.139
