
filled_synop: 30 data points in equal steps of sine latitude from +14.5/15 to  -14.5/15

CT1685:360           91.275   -31.288  -159.922  -275.818  -420.629  -439.376
  -389.222  -302.904  220.969 1524.487 2158.971 1630.781  295.339  -259.512
  -214.147    9.422    -5.515  -146.141  -325.522  -481.407  -812.948 -1110.509
-1087.575  -733.279  -291.515  -113.324   -51.367    8.792   80.825  147.721
CT1685:355           80.944   -66.046  -202.615  -336.140  -499.102  -591.806
  -819.164  -969.023  -519.383  932.561 1782.964 1309.264   49.131  -412.196
  -309.547    -7.038   15.455  -134.648  -344.769  -457.323  -606.656  -760.255
  -733.460  -539.485  -324.207  -198.929  -104.359    -9.260   83.724  173.586
CT1685:350          103.426   -70.944  -240.865  -422.864  -606.863  -748.603
-1013.823 -1174.356 -1033.138  -448.975   -57.562  -158.101  -462.819  -546.112
  -340.710   -25.878    9.977  -113.091  -259.192  -289.834  -197.011   -91.395
   -72.727  -154.080  -253.527  -234.238  -139.788   -25.148   79.984  179.302
CT1685:345          127.326   -55.255  -237.392  -391.319  -548.019  -654.259
  -865.091 -1033.791 -1097.678 -1434.535 -1635.377 -1234.139  -498.255  -268.559
  -180.883   -39.248   -36.545  -183.672  -328.797  -304.775   -36.568  232.402
  258.221   46.701  -192.549  -205.354  -107.270    -6.280   71.204  151.662
CT1685:340          103.469   -60.953  -215.512  -303.592  -354.055  -382.138
  -264.104   -98.420  -183.315  -486.265  -532.015  -483.572  -195.270   -53.422
   -53.673   -76.001  -122.304  -316.369  -542.179  -499.982  -129.471  222.638
  279.507  121.016   -94.030  -137.333   -86.844   -16.237   45.342  103.243
CT1685:335           49.107   -90.378  -186.315  -206.187  -192.616  -111.021
  194.030  434.132  435.417  234.207  121.686   77.484   35.682   11.400
   -45.931  -140.819  -215.645  -375.916  -543.803  -494.366  -173.973  156.530
  220.569   83.231   -84.506  -115.366   -71.689   -20.538   21.294   64.148
CT1685:330          139.738   27.695   -97.484  -102.997   -83.919    -7.806
  478.182  987.605  968.376  609.346  449.652  342.691  145.763   33.345
  -103.633  -284.964  -367.762  -375.266  -318.247  -272.561  -183.155   -66.609
   -17.482   -53.220  -115.554  -117.636   -74.479   -29.290    1.921   32.027
CT1685:325           74.112   -28.740  -105.499   -68.396   47.292  113.671
   77.405   -23.321   57.384  281.154  354.458  298.542  154.766   43.205
  -130.588  -338.498  -426.717  -421.966  -362.947  -316.210  -232.169  -145.465
   -98.269   -73.402   -51.849   -42.859   -33.469   -21.059    -5.183   14.223
CT1685:320           45.491   -23.518   -83.065   -36.820   92.597  105.818
  -109.906  -317.695  -254.115   51.586  251.327  233.313  131.210   53.146
   -72.380  -252.904  -335.007  -300.804  -250.311  -229.231  -174.422  -110.089
   -79.006   -61.957   -47.022   -33.389   -25.644   -17.898    -3.066   16.280
CT1685:315           38.366   -29.740   -78.323   -34.523   79.585   77.012
  -168.909  -407.324  -327.868   20.228  252.228  272.329  189.927  130.299
  154.457  214.924  171.408   56.872   -77.602  -121.361  -105.068   -87.103
   -76.769   -65.156   -60.493   -47.067   -32.096   -16.767    3.479   28.157
CT1685:310           32.450   -35.383   -68.410   -16.329   76.112   72.793
  -123.423  -276.205  -125.419  361.667  602.269  600.057  371.861  250.653
  340.665  526.465  495.471  280.030   41.258   -43.736   -98.399  -159.058
  -163.921  -129.925   -97.208   -62.565   -34.714   -14.328    6.195   27.113
CT1685:305           89.232   22.820   -53.429   -18.630   81.681  102.938
   -39.656  -184.785   36.907  874.234 1298.811 1023.342  456.391  275.498
  176.160   84.724   28.423    8.048    9.043   -57.667  -210.167  -288.105
  -294.827  -219.936   -89.888   -35.518   -24.129   -13.472    2.136   12.857
CT1685:300           45.393    -6.080   -34.487    -7.938   40.464   76.011
  134.204  184.735  209.981  274.672  320.415  260.171  184.250  136.778
   -81.167  -380.997  -444.902  -325.174  -225.584  -254.162  -403.112  -551.776
  -527.620  -322.331  -108.852   -40.301   -30.267   -22.031    -5.561   12.202
CT1685:295           35.458    -2.531   -22.959    -3.146   34.322  107.203
  306.545  435.742  284.598  -326.184  -649.056  -512.886  -188.482  -103.555
  -139.748  -250.500  -282.721  -199.655  -137.439  -157.736  -269.164  -349.115
  -331.716  -201.845   -59.380   -31.177   -30.148   -26.450   -18.899    -8.467
CT1685:290           53.004   27.863    -3.055   24.056   73.683  143.414
  459.951  741.862  566.425  -137.395  -449.928  -358.977  -142.701   -75.906
  118.777  405.263  411.532  156.735    2.460    -3.425    3.340    5.793
   15.012    4.565   -36.154   -58.698   -44.150   -29.272   -23.545   -17.241
CT1685:285           52.387   16.883    -4.689    -9.046   -13.201   55.210
  281.512  434.035  403.694  233.020  147.165  154.641  228.286  257.470
  253.480  235.955  212.476   66.671   -81.119    -2.057  367.957  669.419
  642.131  324.552   -11.098   -99.244   -76.217   -45.443   -27.337   -10.585
CT1685:280           79.115   37.342    -8.218   -55.978  -100.288  -113.898
   -46.165   37.758   97.756  267.169  346.457  333.719  305.820  293.578
  125.722  -117.425  -126.841   -38.685    2.591  163.328  714.048 1123.459
 1057.015  560.967   44.269  -101.902   -84.413   -49.501   -28.334    -8.864
CT1685:275           84.002   44.071   10.079   -74.378  -202.576  -273.627
  -431.445  -597.954  -502.499   -89.623   83.104   50.748   -20.584   -24.453
   -87.328  -163.809  -105.812  137.376  390.232  513.081  774.264  984.264
  887.749  414.662   -10.022  -106.010   -61.491   -27.717   -17.825    -1.815
CT1685:270          100.770   67.316   24.581   -37.155   -95.264  -179.663
  -345.660  -427.704  -496.638  -608.189  -634.482  -569.697  -511.800  -458.154
  -297.205  -106.084    -3.004  197.564  397.035  410.445  141.705  -185.135
  -222.231  -128.147   -84.699  -107.332   -85.524   -41.749   -10.726   14.901
CT1685:265           93.494   67.796   35.889    -6.111   -36.928  -134.580
  -355.649  -563.078  -673.212  -831.192  -895.871  -793.476  -597.896  -475.563
  -302.392   -75.054    0.392    0.113   -20.529   -71.543  -324.605  -525.095
  -535.072  -388.358  -187.940  -124.131   -84.013   -41.824    -3.816   32.473
CT1685:260           89.832   65.370   47.614   32.246   17.995   -62.985
  -283.613  -529.373  -604.093  -557.246  -471.737  -431.414  -330.815  -225.143
  -150.912   -56.312   -67.971  -331.712  -645.657  -679.889  -503.155  -272.053
  -180.165  -168.256  -152.491  -124.398   -81.077   -29.990   10.176   52.542
CT1685:255           94.731   74.079   54.247   48.035   80.779   20.849
  -211.802  -466.079  -526.947  -418.322  -304.376  -220.348  -119.190   -49.754
   -41.368   -74.891  -150.536  -462.126  -812.336  -815.980  -424.012   98.184
  194.383   34.505  -130.422  -140.612   -85.082   -30.704   13.347   62.470
CT1685:250           93.298   70.096   54.675   62.950  107.283   55.961
  -207.942  -527.214  -575.127  -395.754  -209.841   -97.456   18.542   72.264
   36.234   -55.505  -121.477  -248.617  -384.771  -340.160  -128.422   59.691
   86.548   18.816   -98.016  -132.471   -89.995   -32.391   17.273   58.681
CT1685:245          102.457   85.831   63.203   68.448  119.763   84.334
  -129.538  -416.454  -449.398  -249.582   -45.559   55.390  136.788  156.919
  104.996    -3.577   -21.293  114.216  323.348  386.630  358.701  276.269
  222.693   86.234   -75.336  -116.347   -76.098   -32.050    0.990   38.138
CT1685:240           78.709   61.430   58.228   87.470  146.025  126.708
   -45.611  -294.778  -289.803   10.551  277.329  331.175  253.413  192.334
  157.246  117.564  130.009  336.500  691.691  784.611  684.826  444.656
  314.935  161.835   -18.959   -85.022   -62.598   -31.643    -2.555   33.287
CT1685:235           76.499   65.342   53.845   86.764  197.266  217.210
   75.060  -128.060   -96.608  179.164  430.940  466.172  322.650  207.379
  162.535  135.823  139.133  243.965  387.099  436.482  447.938  416.988
  361.788  205.507   11.392   -54.892   -40.491   -24.771    -8.112   17.125
CT1685:230           88.718   73.714   72.932  114.387  183.868  199.871
  146.070   73.380  140.338  426.085  650.507  606.182  378.039  231.065
  148.585   57.016    -8.718   -80.282  -164.090  -119.909   86.401  306.882
  326.971  194.418   29.270   -38.300   -40.928   -35.677   -34.978   -30.913
CT1685:225          115.533   90.602   74.308   94.110  134.733  155.366
  132.370  104.384  202.024  467.223  646.304  598.751  380.830  226.058
  136.538   46.663   -57.058  -270.800  -480.512  -457.769  -182.504  172.454
  240.806  132.170   16.983   -24.682   -27.265   -25.042   -29.929   -45.757
CT1685:220          151.986  122.975   85.460   96.948  116.626  135.091
  162.519  218.821  324.766  528.817  648.373  578.796  391.271  256.932
  168.287   89.490    -4.519  -219.070  -409.137  -377.450  -165.093   74.502
  133.215   84.692   26.545   -15.882   -27.637   -30.029   -43.131   -62.276
CT1685:215          137.542   94.779   70.572   87.853  115.709  171.735
  283.323  386.821  484.405  603.758  642.965  548.685  375.732  267.103
  189.510  130.625   99.615   83.995   75.730  126.711  243.772  301.522
  281.874  171.081   24.296   -36.865   -38.260   -45.724   -66.635   -87.429
CT1685:210          125.972   91.077   65.890   64.730   76.007  155.615
  393.362  595.892  683.844  689.657  676.720  544.298  340.753  235.066
  174.050  141.340  174.056  402.364  565.844  644.506  789.187  790.489
  704.393  416.500   92.422   -12.285   -37.008   -58.594   -82.550  -107.648
CT1685:205          126.884  106.183   92.519   47.510   -55.283   -12.267
  329.066  676.902  730.981  635.073  607.916  543.752  332.405  193.187
  174.094  105.266  153.617  560.135  953.592  966.708  893.039  940.610
  783.811  358.671   99.673   33.567    -8.961   -54.818   -92.634  -125.010
CT1685:200          149.733  110.532   66.083   -11.779  -100.638   -94.005
   -43.996   29.220  257.877  681.734  831.760  829.333  838.742  721.553
  302.923   -18.543   -57.183   74.317  191.547  131.665  -435.714  -997.118
  -942.473  -464.405  -121.026   -68.887   -61.592   -65.171   -99.331  -141.048
CT1685:195          174.912  138.406  100.060   19.660   -97.646  -132.151
  -265.588  -332.386   23.062  937.667 1289.606 1058.691  623.907  366.353
  -196.330  -713.094  -782.395  -507.421  -262.965  -208.993  -260.659  -284.399
  -193.641  204.559  580.310  537.292  201.131   -70.950  -239.095  -108.379
CT1685:190          193.294  136.909   64.732   -38.473  -163.383  -203.566
  -255.529  -233.506   75.839  878.497 1232.207  762.631  -257.104  -633.309
  -669.647  -821.848  -840.456  -462.247  -134.863    -4.329  291.417  574.771
  626.568  566.224  515.964  436.430  239.254    -4.864  -224.221  -167.828
CT1685:185          162.497   92.008   22.100   -71.020  -187.967  -205.556
  -117.361    1.172   85.595  190.412  314.952  393.869  433.022  363.403
  269.751  194.756   82.901   -60.444   -84.598   48.805  444.741  738.802
  802.465  682.072  525.807  421.556  209.036   -16.018  -203.409  -286.605
CT1685:180          124.223   38.238   -37.395  -112.889  -199.770  -179.818
    8.203  140.339   -19.806  -562.868  -711.914    -4.399 1439.893 1751.964
  979.799  183.411   -70.928  -275.001  -451.921  -314.187  354.101  903.310
  996.630  781.157  531.592  390.367  186.115   -26.643  -200.368  -361.477
CT1685:175          130.507   26.730   -66.538  -136.682  -185.452  -105.722
  233.717  464.416  232.828  -615.462  -911.486  -409.179  374.805  502.026
  312.022   -92.456  -335.996  -646.516  -848.244  -776.359  -319.471  100.421
  261.645  332.747  377.262  336.684  163.656   -26.594  -180.100  -317.810
CT1685:170          143.897   48.332   -51.588   -88.022  -127.054   -45.264
  380.654  702.254  548.957    -7.042  -160.683  -115.194   87.405  111.745
   -18.085  -189.318  -412.437  -868.700 -1224.149 -1219.583  -976.972  -745.274
  -538.790  -176.118  114.606  149.818   35.313   -63.968  -145.768  -232.818
CT1685:165          124.823   11.959   -86.048  -159.275  -208.898  -103.325
  299.496  577.177  531.162  238.532  111.618  125.831  186.015  163.449
   46.060   -97.932  -289.702  -638.068  -912.308  -999.062 -1035.692  -973.157
  -790.473  -369.887   32.580  127.896   57.248   -27.551   -94.994  -156.912
CT1685:160          132.672   19.945   -61.276  -118.345  -201.280  -126.350
  176.157  418.798  439.240  336.695  286.565  347.743  472.182  459.309
  302.845   96.192   -60.736  -211.571  -327.451  -455.633  -657.654  -736.498
  -618.742  -294.648   42.370  134.056   49.163   -15.788   -65.705  -128.173
CT1685:155          165.728   53.135   -79.320  -143.690  -165.996  -103.852
  132.047  352.987  374.381  297.205  257.923  383.014  625.164  657.549
  474.105  245.514  123.640   47.920   -34.127  -145.681  -367.575  -555.187
  -490.508  -175.898  106.842  170.866  101.526   10.350   -60.608  -126.394
CT1685:150          130.994   10.467   -84.347   -81.720   -24.896   55.935
  226.539  359.987  323.824  133.470    5.553   61.576  195.819  200.328
  159.309   43.201   -23.630   -20.706   -38.689   -98.374  -235.095  -380.155
  -325.416   -80.558  132.093  175.558   89.529    4.161   -61.317  -127.684
CT1685:145           67.720   -36.028  -101.598   -66.505   39.149  135.456
  319.639  477.881  375.531   -72.670  -335.641  -404.512  -380.688  -361.920
  -319.813  -208.507  -152.960  -124.335  -104.027   -86.472   -29.105   53.257
   91.105  129.604  190.775  183.959   95.594    4.088   -67.400  -113.240
CT1685:140          106.308   22.068   -79.138   -48.896   93.028  159.045
  156.095  109.658    -8.631  -334.149  -568.073  -607.503  -582.481  -557.283
  -448.300  -270.921  -181.134  -104.448   -10.901   35.346   27.689    -0.636
   28.287  109.865  182.440  139.092   89.153    8.956   -45.062  -144.450
CT1685:135           76.255   -12.059   -85.569   -20.407  190.475  276.860
  143.508   -92.898  -172.821  -104.177    4.664   -55.660  -178.880  -239.773
  -250.547  -196.989  -144.806   -87.780   -32.435   21.568   72.090  119.243
  156.395  185.367  202.854  158.761   77.517    1.151   -74.004  -153.822
CT1685:130           62.825   -21.529   -96.098   -56.232  173.413  285.776
  105.435  -191.159  -203.602  129.390  461.479  417.173   68.250  -155.432
  -183.426  -151.574  -122.550   -79.491   -44.762   42.054  239.259  464.347
  514.017  403.713  239.272  145.467   75.287    2.732   -71.830  -149.316
CT1685:125           68.416   -12.026   -83.031   -20.333  204.220  312.563
  225.297   37.258   53.438  390.705  682.732  600.151  164.525  -131.152
  -171.164  -118.831   -87.083   -50.511   -21.543   87.940  404.325  805.444
  870.051  627.876  309.663  166.102   97.832   19.897   -71.828  -163.645
CT1685:120           82.277    6.539   -84.907   -38.214  193.814  317.191
  250.646   98.381   82.481  186.698  288.747  256.765   74.585   -88.526
  -119.719   -80.164   -42.849   21.586   90.078  212.252  534.695  920.963
  955.776  627.907  254.372  110.332   44.115   -25.393  -111.438  -227.992
CT1685:115           44.153   -45.440   -97.825   -29.253  157.373  237.228
  125.836    6.549    6.054   16.004   13.112    -7.723   -48.334   -96.894
  -104.915   -56.611    -6.038   83.602  180.718  285.277  448.918  603.675
  615.195  465.537  249.127  109.518   17.296   -67.675  -164.915  -224.243
CT1685:110           87.043   -18.180   -97.405   -38.590  139.301  191.793
   38.958  -121.436   68.822  681.911  886.809  637.846  101.994  -155.887
  -149.026   -56.395    -4.964   82.800  176.814  247.778  307.323  377.928
  392.899  328.863  246.164  162.595   53.707   -55.897  -159.401  -259.171
CT1685:105          126.535   26.075   -83.460   -62.976   12.160   30.016
   -65.921  -147.276  234.019 1356.130 1819.158 1341.298  198.265  -159.085
  -106.053   -16.773   20.499   59.093   80.294  109.033  124.115  139.992
  162.553  229.966  276.932  213.293   81.248   -51.733  -167.176  -277.424
CT1685:100           63.534   -47.715  -115.675   -98.524    -7.581    -2.407
   -87.105  -220.420  -235.602  267.065  688.765  314.580   -93.168   -89.307
   -36.682    -6.553   27.265   86.240  136.428  135.011   68.030   22.200
   53.472  154.203  235.356  197.524   70.079   -47.391  -155.735  -268.302
CT1685:095           87.013   -46.638  -132.376   -89.011   12.092   -14.253
   -49.335  -145.567  -892.979 -2852.642 -3544.857 -2366.400  -514.940    6.625
   42.932   13.568   29.185   37.160  102.146   62.325   -23.309   -16.775
   12.296  103.691  194.152  180.470   74.342   -43.421  -148.340  -250.206
CT1685:090          144.133    -6.044  -167.054  -134.068    4.883   -31.737
   -99.376  -232.140  -996.349 -2906.932 -3454.105 -2246.321  -233.919  332.125
  247.305   67.042   39.991  -136.513  -338.450  -325.951  -253.118  -248.376
  -192.690   30.466  194.117  183.159   56.839   -54.697  -148.590  -246.261
CT1685:085           58.033   -72.988  -149.391   -82.072   63.455   45.333
  -122.496  -337.353  -686.246 -1175.607 -1201.488  -742.427  286.980  636.879
  404.915  125.214  111.078  187.345  253.256  177.469   -84.200  -255.315
  -227.540    0.817  199.749  203.899   88.202   -35.118  -140.860  -240.937
CT1685:080           50.240   -56.850  -121.911   -62.987   56.589   71.782
   -73.750  -212.692  -206.391   -84.190   23.482  152.210  362.467  431.318
  277.162  113.065  125.885  347.377  535.150  459.321   92.742  -178.406
  -178.625   24.841  193.439  191.462   86.641   -27.350  -125.868  -208.895
CT1685:075           96.693    -9.200  -118.997   -86.265    5.488   53.209
   59.735   55.009  300.717  649.008  630.352  662.071  211.962   42.049
   63.955   32.612   57.626  325.195  542.002  473.621  141.986   -85.146
   -79.606   93.343  212.542  187.592   64.070   -45.940  -128.934  -207.863
CT1685:070           58.063   -48.488  -116.758   -97.848   -56.315   23.979
  275.830  496.125  849.552 2020.294 2596.893 1662.716  577.308  332.262
  145.176   -14.600   -46.608   20.246   56.182   78.833   99.429   90.947
   87.775  115.586  135.535  108.134   37.242   -37.959  -100.691  -156.081
CT1685:065           88.105    -8.251  -104.838  -104.555   -69.021   -29.332
  114.952  238.415   74.594  -869.902 -1314.550  -484.850  355.353  423.599
  202.712   -28.191   -88.909   -68.314   -29.483    1.537   91.992  159.201
  154.693   82.936   27.085    4.925   -17.355   -38.856   -67.424   -96.958
CT1685:060           92.655   -10.292   -95.323  -124.563  -123.462  -142.100
  -216.902  -302.862  -453.091  -812.699  -841.890  -476.766  170.126  297.657
  163.846   -26.303   -96.594  -101.233   -89.627   -59.638   32.657   93.501
  107.916   72.233   37.539   18.381    -6.178   -23.807   -41.315   -61.618
CT1685:055          127.590   23.864   -73.589  -131.655  -156.236  -206.467
  -370.006  -573.352  -548.954  -175.981  150.421  268.571  490.798  565.430
  341.083   34.113   -87.983  -126.284  -148.097  -134.922   -55.030   12.614
   58.093   62.177   58.782   52.971   24.822    0.286   -26.575   -56.640
CT1685:050          144.194   45.000   -51.508  -135.870  -220.394  -280.946
  -306.577  -312.580  -296.036  -237.338  -147.127   41.730  260.368  365.546
  262.339   36.186  -105.528  -235.122  -359.653  -368.291  -241.185  -111.098
   -18.851   54.274  107.952  113.569   66.620   19.033   -22.060   -63.246
CT1685:045          147.754   55.337   -37.154  -146.860  -286.881  -345.337
  -278.828  -206.517  -316.891  -725.354  -864.804  -655.672  -259.974  -103.514
   -41.140   -24.645  -151.757  -493.468  -793.778  -806.058  -544.345  -234.196
   -85.055   34.956  142.987  164.071   94.786   31.827   -21.489   -78.585
CT1685:040          137.673   46.564   -50.461  -185.378  -339.736  -390.051
  -256.155  -124.771  -253.993  -718.901  -947.478  -690.171  -197.452   -40.027
   -52.210   -56.249  -192.783  -706.220 -1136.805 -1163.276  -846.630  -457.536
  -257.831   -18.364  187.307  221.539  140.765   48.847   -31.660   -90.588
CT1685:035          144.145   50.512   -42.740  -162.791  -331.465  -359.067
  -183.820   -28.646   -18.920   -58.776   -65.214  -108.979  -113.557   -94.465
   -87.115   -90.998  -169.975  -548.327  -982.061  -929.972  -643.981  -472.137
  -324.344   -31.013  222.115  250.037  138.594   43.955   -29.957  -105.675
CT1685:030          133.205   37.321   -61.185  -179.413  -303.637  -296.445
  -113.294   42.676   95.995  126.668  121.027   53.196   -63.759  -100.098
  -101.755  -101.804   -62.896  222.893  546.254  475.205  138.316    1.994
   37.163  161.432  275.006  255.191  158.974   62.823   -15.900   -86.538
CT1685:025          128.887   39.794   -51.649  -127.272  -223.250  -210.188
   -59.174   72.766  136.289  182.341  173.880   89.210   -47.850  -103.710
  -122.356  -123.254   -53.436  192.791  329.694  406.995  387.764  285.142
  307.883  299.154  237.542  192.802  133.851   69.920    7.383   -54.562
CT1685:020          122.391   22.082   -72.095  -139.873  -206.022  -173.611
    -6.376  144.592  213.622  270.579  271.204  149.751   -14.695   -89.136
  -119.430  -141.559  -100.810   44.994  134.924  280.162  633.603  853.984
  810.083  519.519  293.684  213.671  148.304   79.107   14.184   -48.955
CT1685:015           99.157    0.197   -85.288  -145.298  -199.565  -137.534
   66.465  272.335  353.279  391.418  381.231  247.114   74.773   -25.169
   -77.317   -88.793   -95.462   -76.594    -8.730   94.539  379.905  589.026
  594.809  409.638  236.509  179.395  133.652   87.791   47.608    4.918
CT1685:010          103.846   10.470   -83.324  -143.830  -225.699  -139.639
  128.870  368.115  516.193  646.316  638.262  429.061  132.508   -21.569
   -73.322   -72.854  -139.350  -314.572  -459.259  -385.879  -118.590   45.262
  103.475  132.652  135.524  134.487  114.871   93.853   75.821   58.148
CT1685:005          101.410    -1.575   -95.735  -175.063  -253.811  -103.169
  426.949  884.933 1078.917 1199.986 1191.672  871.292  311.060   57.831
   17.101   -21.326  -116.196  -216.212  -291.974  -325.985  -351.338  -340.839
  -283.050  -117.434   31.631   83.073   92.042   99.827  111.729  124.589
CT1686:360          112.464   27.695   -55.961   -95.169  -183.967    -4.307
  729.450 1338.974 1560.675 1643.586 1614.823 1469.542 1056.819  790.301
  490.993  120.719   -20.746   42.763   80.925   -48.949  -400.264  -622.283
  -581.767  -331.964  -111.821   -18.207   26.345   76.945  129.459  179.054
