
filled_synop: 30 data points in equal steps of sine latitude from +14.5/15 to  -14.5/15

CT1642:360           94.847   65.640   35.049    8.430    -0.487    9.485
   10.288    2.854   -20.961   -30.001    -1.559   74.719  100.862   72.297
   18.213    -3.511   -10.875    -7.861   -11.938   -32.525   -54.964   -55.064
   -46.642   -43.491   -42.851   -44.436   -56.561   -82.623  -115.042  -151.662
CT1642:355           98.416   72.922   44.407   16.844    8.223   28.024
   41.581   29.372   -16.308   -31.808    -4.764   63.971   89.432   69.413
   26.862    5.001    -5.012   -16.442   -24.114   -28.260   -33.162   -37.749
   -44.653   -48.307   -51.747   -52.063   -59.393   -85.974  -116.463  -146.916
CT1642:350           93.509   71.260   45.027   17.253    5.532    3.874
    -0.452    -0.869    -3.051    -0.874   12.670   34.503   39.403   34.995
   18.037    1.982   -14.759   -30.321   -37.852   -35.424   -30.892   -33.942
   -42.339   -47.885   -49.862   -44.621   -51.172   -78.411  -113.144  -146.104
CT1642:345           86.202   61.628   34.811    8.764    -4.247    -8.870
    -9.266    -2.675   13.377   24.905   31.544   38.273   38.292   29.281
   12.498    -0.398   -19.936   -42.933   -50.402   -42.159   -35.506   -37.314
   -39.660   -41.610   -44.559   -42.040   -50.133   -82.754  -119.398  -148.802
CT1642:340           97.051   67.398   38.015   12.448    -3.359   -17.050
   -23.355   -11.029   27.185   45.108   45.064   43.016   43.782   30.384
   19.256   12.188    -5.810   -27.461   -35.675   -33.818   -33.958   -38.955
   -45.202   -50.770   -52.228   -45.353   -49.590   -72.548  -102.198  -132.666
CT1642:335          100.929   71.151   38.808    7.600    -4.872    3.785
   12.602   19.139   41.176   51.114   32.773   -18.556   -40.173   -19.035
   11.735   18.835   28.093   41.927   35.364    9.756    -9.965   -21.320
   -33.381   -42.881   -48.161   -48.511   -55.972   -71.694   -89.824  -113.158
CT1642:330           93.719   71.161   50.762   33.569   26.184   29.084
   32.039   34.023   36.605   31.733   17.379   -11.725   -19.489    -7.876
   20.402   31.830   40.567   47.563   40.611   18.738    -3.909   -15.067
   -21.181   -28.860   -36.892   -44.938   -55.787   -75.066   -97.146  -119.925
CT1642:325           88.752   76.184   65.060   54.611   52.487   59.377
   60.023   55.524   49.490   42.409   23.890    -4.896   -10.414    6.195
   36.416   49.180   52.437   49.041   39.977   21.761    0.920   -11.404
   -16.946   -23.882   -31.935   -41.702   -54.758   -78.891  -103.788  -124.227
CT1642:320           96.076   88.335   84.223   79.216   79.498   93.330
   97.230   78.860   30.571    3.226    -3.420   -10.653    -8.518   22.643
   62.848   74.899   75.652   74.047   61.685   35.692   15.002    -2.979
   -25.559   -40.429   -43.809   -37.957   -43.231   -59.362   -78.794   -99.610
CT1642:315          119.123  101.534   81.515   62.865   60.861   78.304
   83.064   64.540   16.436    -8.107    -6.667    9.782   24.935   53.917
   94.551  106.334   93.198   73.820   57.790   31.817    6.871   -11.832
   -36.241   -54.013   -54.328   -37.560   -36.382   -58.841   -87.443  -116.039
CT1642:310          140.110  116.641   87.002   55.724   46.253   55.606
   57.444   42.938   10.920    -5.012    -1.381   15.639   29.610   61.025
  105.577  113.699   84.210   46.327   31.932   25.735   15.752    -4.584
   -37.037   -58.366   -58.253   -39.811   -40.122   -62.213   -91.454  -119.506
CT1642:305          161.038  128.299   92.588   60.149   45.585   44.274
   42.286   36.703   25.695   19.718   22.740   30.202   35.836   54.917
   79.918   81.535   57.355   27.215   17.423   20.817   13.940    -2.486
   -31.164   -52.798   -54.019   -35.179   -34.939   -59.621   -89.459  -115.748
CT1642:300          167.094  138.152  103.093   68.925   52.425   42.847
   38.765   50.671   80.759   91.745   87.802   72.874   65.635   61.118
   51.004   44.501   43.925   44.066   39.786   54.058   66.841   38.029
   -31.078   -69.363   -67.514   -36.035   -29.020   -51.911   -86.912  -122.437
CT1642:295          169.939  143.473  109.864   74.352   62.761   59.903
   59.510   76.409  119.017  135.991  125.647  106.065   96.437   75.603
   56.817   46.838   29.459    9.133    5.602   20.431   18.911    -2.215
   -51.929   -82.913   -78.819   -46.279   -42.896   -67.610   -97.535  -126.243
CT1642:290          154.208  119.331   83.080   54.570   51.122   70.431
   83.550   95.463  112.654  117.353  106.594   77.875   60.719   54.080
   47.702   39.473   32.911   31.303   23.876   10.512    -2.106   -18.495
   -45.324   -62.588   -64.113   -47.830   -45.874   -67.977   -95.415  -121.489
CT1642:285          152.774  122.802   86.647   50.535   49.210   72.636
   87.534   96.588  103.871  104.004   92.836   70.587   55.602   41.666
   22.928   13.577   21.019   26.315   20.000    7.750    -2.278   -13.905
   -32.301   -44.548   -44.964   -33.388   -39.751   -64.921   -94.999  -122.929
CT1642:280          164.652  129.214   85.581   44.827   41.807   69.840
   87.003   92.218   94.297   94.189   85.795   72.226   60.844   45.165
   28.464   18.395   13.990   11.179    5.836    -1.875   -10.613   -11.256
    -4.051    -4.104   -14.421   -28.759   -42.736   -66.471   -91.590  -116.060
CT1642:275          140.967   97.253   51.027   16.377   20.263   53.834
   69.443   72.617   69.898   66.409   62.515   59.478   53.060   44.803
   34.355   23.760    6.325    -8.824   -14.625    -9.097    -1.388    -0.085
    8.192    9.864    -0.650   -21.227   -44.003   -73.629  -106.884  -139.717
CT1642:270          140.650  102.824   53.071    4.207    5.086   64.664
   96.308   83.057   39.237   21.404   24.014   34.964   34.909   31.026
   25.168   17.657    1.491   -17.312   -24.883   -32.055   -37.227   -25.944
   11.672   23.665    8.702   -18.099   -42.096   -77.455  -114.169  -146.119
CT1642:265          126.608   93.436   62.990   41.664   38.983   49.355
   52.674   46.351   29.581   19.799   14.062   11.866   10.443   19.980
   34.898   32.573   11.792    -7.323   -14.697   -25.966   -33.102   -25.192
    1.338    9.784    0.834   -15.022   -36.915   -71.404  -107.779  -138.638
CT1642:260          123.678  100.065   77.215   55.850   44.261   38.951
   34.744   33.143   35.528   32.344   16.871    -2.335    -7.370    6.970
   28.630   31.051   26.203   24.780   19.682   10.028    6.086    1.193
    -1.950    -7.921   -18.594   -27.406   -43.597   -69.214  -101.927  -137.957
CT1642:255          130.965  113.566   97.038   79.429   62.413   31.923
   15.898   23.495   50.108   54.616   29.531   -13.326   -27.905   -12.395
    7.456   11.419   11.767    9.312   13.674   28.546   34.239   17.053
   -23.224   -46.298   -54.880   -57.294   -73.583  -100.425  -129.155  -161.177
CT1642:250          126.335  105.553   82.579   58.397   39.094   19.320
   10.895   22.559   54.583   61.091   38.976    4.385   -11.663   -25.696
   -36.322   -33.876   -13.937    4.331   12.905   26.344   30.138   14.060
   -22.025   -45.221   -60.585   -70.365   -83.492  -102.562  -120.299  -136.405
CT1642:245          119.564   98.434   76.205   55.291   39.871   25.030
   21.154   33.894   67.073   74.413   54.650   23.284    5.873   -18.110
   -40.399   -40.955   -19.795    -1.320    8.007   23.078   29.730   15.397
   -14.363   -35.128   -51.986   -65.461   -79.731   -96.415  -110.795  -122.254
CT1642:240          107.108   89.951   69.021   48.860   37.144   20.691
   12.648   31.046   70.338   76.173   59.288   26.327    9.178    0.961
   -13.896   -16.370    -5.344    2.553    7.812   14.085   14.749    8.304
    -6.248   -21.624   -40.498   -60.311   -75.985   -88.838  -100.115  -109.989
CT1642:235          107.048   88.234   66.131   46.439   46.568   65.569
   75.315   73.493   68.792   62.233   54.354   43.374   32.108   30.022
   28.093   23.655    9.273    -2.707    5.695   23.371   31.992   23.272
    0.581   -17.298   -36.709   -58.073   -75.996   -94.632  -110.707  -124.201
CT1642:230          107.476   90.295   73.147   58.987   64.637   88.568
   93.544   81.986   56.540   38.894   27.880   20.491    6.804    -0.904
    -3.157    -6.437   -18.175   -22.295    -4.121   27.614   47.133   42.085
   19.290    1.560   -20.507   -44.532   -66.965   -91.335  -116.088  -138.167
CT1642:225          118.031  100.325   85.327   71.562   72.153   95.720
  100.713   72.702   26.002    3.943   -19.916   -40.250   -68.152  -115.444
  -131.602  -133.624  -113.553   -62.241   -28.323   21.268   56.630   54.733
   28.491    9.586   -13.967   -45.804   -71.390   -95.679  -119.213  -144.539
CT1642:220          119.178   93.904   66.103   43.711   31.809   20.546
    6.888   -11.328   -39.251   -54.291   -67.155   -78.157  -114.749  -253.103
  -402.497  -395.710  -243.902  -133.761   -79.134    -7.570   32.818   42.698
   43.729   36.786   13.104   -19.271   -48.109   -76.291  -104.766  -134.692
CT1642:215          129.213  100.927   64.714   28.134    8.365    -5.287
   -14.960   -31.759   -51.182   -50.120   -24.829    8.173   -14.110  -144.332
  -297.574  -292.981  -126.923    1.231   23.208   15.964   21.676   32.694
   48.522   50.050   30.907    0.917   -26.855   -57.420   -89.138  -122.488
CT1642:210          141.165   97.361   51.306   15.431    0.737   -11.904
   -15.686   -11.904   -14.660    -2.037   76.575  180.149  188.561  147.164
  140.691  118.790   83.432   84.972   80.118   38.486   20.854   33.279
   61.855   67.038   49.990   20.757    -6.569   -37.353   -70.071  -106.924
CT1642:205          109.905   70.876   27.087    -6.875    -9.705    7.742
   21.074   45.155   79.879  107.188  160.352  218.765  227.345  211.469
  183.593  161.484  113.205   72.158   55.994   22.422    5.983   22.334
   64.180   75.291   56.859   21.611   -10.122   -43.671   -79.910  -121.365
CT1642:200           76.983   48.584   19.197    -5.224    -1.375   13.621
   28.959   70.176  129.651  156.409  168.444  164.844  159.986  142.520
  102.845   85.505   60.976   23.990   14.702    4.186    -2.911   15.731
   65.890   78.944   54.456   11.159   -21.386   -58.235   -97.093  -138.800
CT1642:195           91.513   43.089    -3.623   -31.560   -16.840   31.672
   60.415   86.998  117.436  131.662  125.284  109.733  100.715   77.951
   52.242   45.449   63.297   68.518   47.759    2.933   -15.978    0.585
   40.005   52.441   42.960   24.000    -7.154   -55.624  -106.433  -157.004
CT1642:190          107.124   68.508   19.888   -24.888   -15.714   26.096
   47.782   53.703   50.115   48.771   38.784   20.889   12.631   16.574
   23.155   19.385   35.586   47.518   32.972    -6.840   -20.380    -6.537
   19.542   30.117   27.013   21.253    -6.000   -62.581  -122.081  -171.884
CT1642:185          105.223   62.517   17.811   -14.786   -14.500    8.930
   18.718   11.895    -1.845    -8.434   -18.424   -24.185   -32.537   -46.410
   -61.677   -73.335   -88.523  -100.644   -87.794   -52.709   -27.214    -6.135
   18.818   28.850   21.586    9.781   -18.613   -74.490  -125.208  -165.395
CT1642:180          101.638   62.915   22.626   -10.155   -13.945    -0.250
    2.885    -7.355   -22.583   -28.454   -30.232   -29.600   -38.223   -50.551
   -60.312   -91.328  -166.351  -207.528  -177.142   -84.211   -30.245    -7.933
   12.579   21.650   13.061    -0.506   -24.849   -67.011  -109.800  -150.952
CT1642:175          106.047   71.333   29.911    -9.549   -19.862    -9.640
    -7.524   -12.828   -17.637   -19.808   -16.142   -10.999   -17.512   -26.811
   -39.999   -69.658  -143.813  -184.488  -161.132   -84.588   -34.658   -12.890
    3.648    9.776    -0.269   -12.781   -32.560   -62.159   -95.448  -132.440
CT1642:170          105.381   67.122   28.714    -3.251   -17.850   -23.781
   -28.672   -25.427   -13.314   -13.766   -16.179   -21.150   -31.477   -43.781
   -56.192   -67.620   -89.044   -98.354   -81.637   -47.066   -22.577   -11.012
    -6.743    -4.103    -9.907   -18.669   -38.378   -70.824  -100.135  -128.153
CT1642:165          106.489   70.357   34.420    1.813   -12.268   -13.140
   -14.940   -13.638    -7.710   -17.810   -45.297   -78.335   -95.662  -112.405
  -126.483  -115.449   -78.378   -50.330   -35.480   -25.450   -14.893    -7.483
    -1.401    0.546   -11.014   -25.842   -42.256   -64.823   -88.756  -117.545
CT1642:160          111.405   74.645   36.961    4.069    -6.540    0.873
    -1.205    -7.523   -14.097   -37.888   -95.295  -150.022  -167.877  -170.136
  -157.814  -137.571   -85.926   -44.131   -32.900   -38.505   -33.959   -18.490
    4.782   11.940    2.339   -12.384   -31.141   -56.687   -85.337  -117.558
CT1642:155          122.267   83.607   42.336    9.472    2.658   12.126
    6.103   -15.156   -42.489   -73.645  -145.662  -211.660  -225.538  -206.199
  -170.063  -143.697   -96.180   -60.623   -49.250   -48.429   -41.564   -21.591
    8.629   16.465    7.587    -9.098   -31.539   -62.986   -94.823  -127.321
CT1642:150          131.591   98.892   55.383   15.141    0.526    0.313
   -10.967   -33.858   -60.971   -86.096  -157.335  -238.020  -234.604  -156.695
  -108.850   -88.038   -68.737   -61.754   -52.665   -31.570   -16.891    -5.136
   14.033   17.943    5.953   -12.764   -35.271   -68.596  -103.987  -136.528
CT1642:145          117.144   90.290   62.207   36.792   16.194    -5.363
   -21.482   -34.488   -47.315   -56.989   -69.920   -80.365   -62.177   23.170
   91.013   79.950    2.334   -44.922   -47.009   -25.797   -13.221    -6.412
    0.145    0.278    -4.750   -12.682   -33.854   -68.179  -105.441  -139.857
CT1642:140          108.692   84.049   58.974   34.932   14.010    -9.202
   -22.860   -25.035   -23.688   -12.737   33.825   89.663  115.907  157.777
  191.152  158.719   42.160   -24.259   -40.840   -35.782   -30.718   -25.260
   -14.465   -14.080   -19.493   -23.938   -44.129   -75.340  -108.577  -137.395
CT1642:135          102.395   79.254   54.407   30.712   11.878    -8.873
   -18.518   -18.729   -17.404    1.816   74.709  147.432  167.373  164.763
  157.726  125.379   28.519   -29.596   -47.318   -47.773   -46.432   -36.924
    -5.176    -3.794   -27.369   -56.862   -78.516   -97.584  -114.882  -130.641
CT1642:130           92.092   68.976   44.596   21.412    4.637    -9.983
   -13.084    -1.724   15.361   34.989   71.966  105.263  110.463   76.135
   47.548   48.644   48.591   31.237   19.595   -13.785   -37.398   -30.195
    8.562    -0.641   -75.809  -180.016  -204.412  -179.203  -142.206  -119.555
CT1642:125           84.962   59.289   32.632   11.154    -2.717   -18.766
   -18.381    9.198   44.387   62.131   76.249   82.876   82.918   58.355
   43.612   86.635  223.083  285.215  244.716  128.009   67.788   46.788
   22.497    -8.363   -46.048   -81.511  -109.809  -138.302  -148.436  -147.753
CT1642:120           88.517   61.888   36.850   17.944    9.819    7.432
   13.234   36.302   66.250   80.069   90.842   98.165   95.164   74.347
   67.143  115.795  274.789  356.986  335.376  279.326  237.559  151.220
   25.496   -24.370   -14.456    6.928   -13.423   -66.053  -125.646  -180.206
CT1642:115          104.270   75.158   41.262   15.638   21.089   36.080
   47.995   70.443   93.157   99.759   96.397   91.760   82.289   58.373
   45.956   62.137  121.350  159.375  191.250  244.218  247.828  167.114
   30.402   -10.534   26.538   83.260   59.428   -20.390  -116.661  -201.242
CT1642:110          115.108   77.051   36.912   10.271   24.819   59.631
   76.472   90.895  100.070   97.130   74.097   48.821   35.100   15.189
    -6.633   -29.983  -103.158  -139.278   -79.730   27.441   54.768   45.374
    6.741    -8.025   14.506   44.217   22.085   -38.971  -110.809  -183.780
CT1642:105          119.915   69.519   19.346    -8.963    5.916   39.806
   55.036   74.811   94.365   88.314   44.393    5.020    -6.268    5.671
    6.300   -45.354  -176.163  -232.710  -206.905  -137.341  -102.876   -62.998
    -9.307    7.335   13.507   26.235    5.389   -55.537  -116.794  -173.642
CT1642:100          123.117   83.478   34.113    -5.310    3.317   28.915
   42.109   58.017   73.032   65.848   22.094   -18.640   -28.053    -6.156
    3.174   -35.892  -119.158  -152.251  -159.618  -146.805  -124.914   -85.704
   -19.779    4.106    9.167   16.124    -5.406   -61.865  -119.462  -171.577
CT1642:095          116.395   68.028   20.119    -9.644    -3.864   19.357
   27.076   32.801   41.868   36.104    5.917   -19.265   -29.740   -35.863
   -47.209   -58.177   -62.749   -63.854   -81.836   -91.899   -80.249   -57.740
   -21.664    -4.520    2.256    5.322   -13.210   -56.485  -107.169  -161.337
CT1642:090          123.043   79.101   30.780    -1.579    0.181   13.448
   12.708    -2.085   -20.935   -25.675   -13.087    -0.547    -5.020   -22.649
   -35.360   -38.211   -38.541   -42.868   -33.940   -12.765    -3.245    -1.036
    2.456    3.915    -3.093   -13.039   -34.448   -72.669  -109.024  -145.892
CT1642:085          137.413   94.596   43.011    5.360   13.029   39.026
   38.093    8.932   -24.484   -32.163   -25.893   -17.155    -2.443   36.120
   61.669   45.268    3.410   -13.117    -7.508   10.402   13.135    9.211
    4.619    -1.550   -12.332   -25.688   -42.696   -63.791   -88.252  -117.927
CT1642:080          125.864   76.759   30.526    2.498   10.327   34.429
   34.614   13.569    -8.947   -15.009   -19.231   -16.772    8.043   69.780
  101.203   92.926   52.239   29.534   20.125    4.939    -6.038   -10.221
   -13.741   -20.438   -23.101   -24.922   -43.417   -74.227  -104.693  -136.504
CT1642:075          125.899   85.510   42.857   10.901   13.633   28.821
   30.393   18.677    3.252    0.665    2.767    7.290   32.984   95.972
  120.932  130.518  123.049  112.076   86.757   44.422   22.361    4.277
   -17.826   -32.010   -32.016   -30.604   -51.339   -86.391  -120.578  -152.538
CT1642:070          123.152   88.724   53.482   25.233   11.969    3.630
    3.911   22.034   40.628   44.128   45.362   33.984   46.163  105.797
  127.184  132.640  117.025  119.520  120.681  118.065  108.671   66.318
   13.367   -10.578   -23.786   -34.533   -58.424   -94.898  -128.718  -159.223
CT1642:065          132.526   89.969   45.496   12.094    -2.824   -11.345
    -7.218   31.091   72.604   73.538   62.183   43.758    3.585   -28.252
    5.414   -20.986   -17.544   15.597   62.354   99.876  100.822   63.692
   12.272   -11.958   -20.350   -26.555   -51.797   -93.668  -132.755  -167.568
CT1642:060          148.485   99.230   46.661    9.132    1.235    3.407
    7.541   33.621   62.340   52.194   22.881    -4.463  -122.168  -407.969
  -498.432  -414.913  -135.986    -4.120   39.466   65.119   69.318   44.666
   11.274    -5.609   -13.526   -18.960   -44.654   -88.505  -134.888  -178.162
CT1642:055          164.473  122.287   69.050   29.253   27.942   38.145
   37.158   31.675   23.438    0.948   -62.877  -128.767  -257.007  -782.289
-1161.102  -813.728  -140.184   65.666   55.316   26.443   26.737   19.991
    1.455    -8.856   -13.301   -21.145   -50.628   -97.283  -142.826  -188.835
CT1642:050          146.000  104.963   62.688   33.719   41.893   62.570
   60.535   38.164   12.970    0.981   -16.092   -22.420   36.564  281.731
  435.750  290.806   40.263   -36.023   -43.946   -41.611   -33.324    -9.138
   19.599   23.082    2.319   -23.410   -52.359   -92.439  -132.680  -174.023
CT1642:045          141.112  102.582   63.655   39.385   51.288   75.604
   70.863   34.653    -5.205    -8.506    9.079   43.255  217.554  796.197
 1096.970  758.632   69.957  -177.332  -192.760  -160.804  -139.658   -74.997
    9.108   35.436   14.376   -17.602   -49.802   -95.266  -137.261  -177.467
CT1642:040          148.052  113.218   69.773   38.667   49.614   75.617
   66.742   18.833   -32.267   -39.258   -49.863   -42.827   74.730  270.690
  256.174  199.119  -107.987  -279.074  -302.960  -284.188  -259.677  -146.251
    -1.549   38.199   19.604    -6.183   -36.784   -90.500  -141.000  -186.723
CT1642:035          140.614  107.529   72.104   48.109   49.595   57.558
   44.859    4.810   -37.105   -45.476   -32.424    -5.481    9.252    1.342
   -16.474   -56.904  -129.394  -187.645  -233.012  -259.987  -248.074  -161.866
   -48.473    -8.223    0.967    -0.836   -28.698   -82.282  -135.116  -184.786
CT1642:030          134.867  107.205   77.488   53.951   53.155   59.340
   46.088    4.621   -34.905   -43.352   -21.223    2.510    -5.902   -37.159
   -49.126   -67.479   -71.721   -88.292  -123.790  -160.528  -157.381  -106.777
   -39.674   -13.115   -10.764   -15.073   -39.507   -88.684  -136.190  -179.317
CT1642:025          130.196  101.249   73.330   53.509   50.988   53.023
   38.138    -2.171   -45.442   -56.359   -44.906   -39.551   -42.035   -41.960
   -40.966   -47.065   -30.152   -33.438   -60.343   -83.059   -78.433   -51.547
   -14.028    1.752    -7.653   -23.962   -47.334   -84.398  -121.975  -160.768
CT1642:020          141.328  102.424   61.056   35.365   42.564   54.998
   45.999   17.893    -6.626   -20.536   -38.711   -51.538   -51.670   -50.198
   -58.274   -67.256   -84.551   -97.994   -90.445   -80.186   -71.758   -47.028
   -17.425    -8.749   -18.577   -33.996   -55.992   -92.133  -129.654  -165.884
CT1642:015          149.214  100.528   49.129   15.076   27.196   54.308
   49.612   15.912   -16.982   -18.705    7.756   19.813   10.457   -11.785
   -27.575   -48.140   -77.435   -92.085  -103.070  -119.648  -114.865   -75.276
   -33.353   -23.876   -22.929   -25.587   -46.660   -81.863  -118.890  -160.628
CT1642:010          158.957   96.757   42.641   13.754   24.818   44.593
   40.577   19.706    2.896    7.314   47.307   71.284   56.724   22.392
    4.787   -11.323   -20.507   -28.318   -51.667   -75.091   -75.105   -57.720
   -34.770   -27.852   -26.269   -27.789   -46.690   -79.213  -113.921  -152.078
CT1642:005          177.102  128.843   69.106   23.056   20.041   27.642
   23.496   12.805    3.363    8.788   32.929   43.276   36.946   11.534
    -7.945    -9.949   -10.223   -15.623   -15.047   -12.556   -13.021   -17.848
   -23.544   -26.299   -27.684   -31.200   -50.912   -84.515  -118.764  -152.907
CT1643:360          174.639  125.490   76.447   41.909   30.391   26.228
   19.814   13.649    7.804    8.862   17.395   21.552   20.097   21.328
   18.026    0.693   -20.694   -27.704   -13.960    8.266   11.120    0.310
   -16.369   -22.255   -22.804   -25.452   -47.947   -88.414  -125.121  -161.097
