
filled_synop: 30 data points in equal steps of sine latitude from +14.5/15 to  -14.5/15

CT1728:360           -92.861   -90.459   -87.197   -63.975   -16.682   24.651
   64.456  102.518  171.422  456.217  837.509  872.808  403.567   -75.717
   49.986  317.409  285.379  589.541  891.007  857.892  784.847  647.262
  517.310  363.964  155.919   80.726   68.369   54.464   34.625   16.990
CT1728:355          -101.920   -93.814   -89.493   -67.245   -28.359   15.153
  106.955  253.780  389.240  654.183 1002.095  982.898  528.726  117.820
   -60.269  -274.302  -325.912  -241.976   13.063  171.187  382.957  686.937
  726.982  541.345  224.133   82.220   59.965   55.138   36.727   26.911
CT1728:350          -109.650  -100.398   -98.429   -77.559   -34.257   21.407
  150.177  369.928  521.771  643.158  737.729  649.058  387.645  110.484
   -92.917  -482.770  -739.156  -699.774  -493.689  -270.744   49.343  540.841
  705.524  549.415  237.774  108.721   74.733   61.557   39.360   20.761
CT1728:345          -124.069  -121.843  -119.812   -90.096   -34.249   39.836
  183.357  516.641  693.266  591.879  361.455  138.537  -170.808  -395.178
  -551.199  -802.535  -914.481  -846.858  -676.362  -464.950  -160.131  332.693
  542.427  459.549  237.994  137.344  102.614   77.239   42.076   12.429
CT1728:340          -126.353  -114.534  -113.827   -86.606   -19.132   71.925
  243.822  618.630  743.036  401.842  -150.870  -482.721  -969.284 -1435.254
-1419.735 -1011.336  -767.583  -654.564  -543.748  -415.696  -169.149  189.143
  362.123  335.330  217.453  166.582  125.500   86.225   46.143    6.795
CT1728:335          -134.662  -115.157  -105.327   -67.927    0.450   94.918
  270.122  630.463  698.786  129.662  -806.571 -1173.316 -1199.695 -1067.234
  -974.943  -664.241  -388.343  -308.694  -248.257  -147.026   -62.570   67.241
  169.576  201.048  211.034  201.339  150.874   99.426   59.366   18.431
CT1728:330          -148.194  -126.585  -107.376   -64.057    3.181   97.991
  244.246  591.246  648.476    -1.058 -1060.933 -1383.207 -1066.452  -654.335
  -540.270  -389.274  -270.315  -218.880  -248.650  -236.650  -187.192  -138.096
   -70.305   29.843  159.894  214.706  189.170  135.926   88.542   40.912
CT1728:325          -147.370  -111.398   -84.589   -38.911   15.227   88.546
  223.392  514.995  538.847   84.429  -680.493  -918.417  -658.417  -362.150
  -280.359  -205.111  -170.537  -165.774  -253.121  -286.727  -269.452  -262.323
  -208.481   -65.655  139.355  211.313  185.690  143.378  111.718   64.759
CT1728:320          -160.938  -144.063  -129.887   -88.826   -31.232   58.092
  246.479  655.514  784.889  503.218   57.734  -125.157  -151.723  -109.383
   -91.642   -51.782   -35.323   -72.796  -166.196  -204.870  -225.062  -251.330
  -209.855   -82.388  102.713  185.888  176.527  138.966  110.185   79.245
CT1728:315          -170.043  -154.557  -142.702   -96.792   -34.856   62.416
  295.583  769.843  972.901  780.756  403.529  226.849  128.818   60.312
   24.356   11.975   -20.030   -71.815  -153.796  -194.309  -204.615  -204.680
  -163.305   -57.913   88.805  158.682  150.127  122.857  109.912   96.492
CT1728:310          -173.886  -148.710  -142.605   -95.302    -4.390   99.414
  325.006  826.969 1039.618  861.119  448.450  267.830  223.891  153.236
   89.819   26.482   -62.604  -115.457  -195.853  -248.036  -233.253  -186.212
  -134.015   -50.369   57.371  117.483  123.186  116.547  121.566  121.910
CT1728:305          -177.227  -170.390  -158.164   -85.951   70.710  244.381
  433.810  762.301  920.700  796.917  525.947  382.837  303.397  232.293
  147.747   41.926   -49.397  -129.012  -235.579  -283.255  -257.108  -190.535
  -130.582   -49.276   44.681  100.359  113.549  115.959  123.013  128.123
CT1728:300          -146.041  -117.765  -119.186   -67.161  114.892  308.261
  434.937  564.130  612.651  551.076  426.480  314.208  186.130   69.285
    -5.500   -65.690  -129.192  -192.487  -303.099  -351.823  -290.606  -153.954
   -69.134   -11.708   25.786   64.560   82.009   97.748  116.156  130.953
CT1728:295          -157.066  -138.601  -126.375   -55.939  132.722  330.616
  421.683  450.879  439.433  350.414  200.296   71.607   -70.649  -213.003
  -250.825  -170.037  -135.005  -189.289  -345.889  -432.360  -327.818  -123.729
   -13.227   43.483   63.740   92.993  102.427  107.893  119.116  130.286
CT1728:290          -163.853  -155.013  -136.833   -52.362  144.439  337.257
  415.045  460.854  437.694  259.452   -20.236  -181.348  -327.566  -432.329
  -427.455  -238.090  -120.865  -180.495  -347.897  -420.846  -332.713  -126.857
   17.200   87.310   92.761  119.830  124.238  119.504  119.941  121.685
CT1728:285          -144.076  -111.076  -118.882   -69.894  164.030  412.227
  467.482  455.254  390.672  121.030  -311.896  -494.640  -550.594  -560.465
  -522.296  -271.516  -137.279  -285.343  -626.769  -710.774  -634.121  -271.417
   -23.630   60.192  100.880  150.029  138.976  119.762  115.856  111.526
CT1728:280          -182.878  -162.304  -132.379   -32.498  221.465  464.216
  486.368  333.205  177.088   -70.561  -474.692  -641.281  -561.275  -415.567
  -369.952  -230.086  -162.832  -455.271 -1350.442 -1752.144 -1398.296  -557.772
  -139.867   24.732  115.168  159.325  142.984  128.441  115.606   99.624
CT1728:275          -192.163  -150.994  -110.753   -28.325  194.024  426.289
  423.599  225.791   49.979  -127.995  -361.633  -449.060  -371.212  -220.710
  -191.432  -174.077  -196.499  -462.212 -1299.387 -1692.248 -1226.929  -161.217
  338.528  364.525  209.464  152.178  124.535  117.785  105.348   91.855
CT1728:270          -179.541  -125.025   -83.299   -13.464  165.943  348.762
  320.291  111.400   -31.685  -144.255  -241.765  -261.126  -194.947   -83.585
   -70.621  -110.101  -182.505  -303.028  -586.447  -629.141  -307.920  481.657
  822.523  679.752  270.087  125.353  113.718  122.581  106.101   94.431
CT1728:265          -198.074  -145.702   -82.508    -3.592  126.629  234.708
  167.721  -152.702  -323.746  -284.951  -110.389   -43.538   33.839   89.712
   81.906   24.653   -27.914   20.738  219.872  360.495  504.363  719.125
  791.425  628.699  257.777   94.147   67.450   78.097   79.165   81.375
CT1728:260          -194.766  -137.231   -86.959   -32.813   68.985  185.263
  139.744  -214.903  -419.331  -217.807  220.176  340.245  303.001  246.574
  194.849   65.989    -5.175   62.943  286.956  415.564  451.785  380.805
  337.911  286.801  177.270  109.348   93.037   95.044   83.439   78.498
CT1728:255          -195.842  -129.239   -61.729    0.420   58.711   98.240
  111.891  132.495  181.514  282.935  520.373  606.827  401.927  146.429
   59.675   -12.926   -59.308   -16.011  148.872  238.990  268.541  231.034
  208.731  174.797  141.837  108.859   93.925   94.554   89.884   83.210
CT1728:250          -202.289  -133.292   -58.730    -2.719   28.594   48.460
  119.552  336.278  485.083  539.412  499.609  485.750  376.874  110.089
    6.086   -19.774   -67.002   -67.989   46.649  122.915  148.064  143.665
  145.499  129.533  108.477   94.981   92.281   92.809   87.936   83.100
CT1728:245          -199.333  -121.698   -21.004   50.301   38.535    -5.278
   38.122  262.382  419.516  518.151  545.778  579.427  607.131  499.016
  381.984  141.761   -68.794  -130.106   -63.179    -8.706   34.287   93.210
  127.993  118.700   94.075   85.007   77.924   72.898   73.545   79.093
CT1728:240          -182.911   -76.281   26.196   61.911    -9.172  -102.045
  -180.253  -408.743  -518.169  -247.832  411.888  760.969  901.275 1067.872
  975.878  368.372  -176.415  -304.729  -226.534  -164.620   -91.018   22.400
   79.650   79.036   45.054   37.241   51.057   72.326   88.096  102.931
CT1728:235          -193.676  -112.607    5.127   60.551   -55.009  -222.058
  -449.936 -1007.002 -1345.027 -1115.307  -568.087  -224.521  427.229 1179.222
 1202.298  424.780  -361.748  -512.958  -336.185  -200.195  -138.739   -41.188
   23.792   35.426   14.448   18.135   39.919   67.392   90.927  113.486
CT1728:230          -162.770   -74.425   40.290   78.695   -68.097  -276.430
  -487.387  -880.356 -1086.049 -1071.185  -989.935  -797.859   -84.971  920.991
 1046.656  349.053  -334.451  -476.218  -389.311  -305.376  -239.098  -117.895
   -38.623   -13.835    -4.662   14.726   35.358   59.209   83.636  108.801
CT1728:225          -128.280   -47.889   45.708   82.970   -76.897  -315.497
  -449.034  -533.263  -589.844  -601.592  -607.841  -491.348  -313.306   -52.473
   37.446   -48.519  -180.953  -242.838  -311.314  -324.442  -273.727  -153.396
   -76.606   -49.954   -22.946    4.600   30.680   58.247   82.757  105.094
CT1728:220          -117.233   -55.392   29.379   71.259   -64.294  -279.252
  -375.205  -310.438  -251.672  -284.637  -390.462  -436.772  -579.423  -870.549
  -877.620  -518.487   -95.933   -16.616   -50.704   -65.903   -65.858   -89.394
   -93.582   -75.900   -34.267    -5.343   19.212   45.646   72.082   98.141
CT1728:215          -103.981   -44.942   25.767   62.551   -58.612  -271.003
  -362.738  -364.483  -360.632  -308.816  -140.319   -65.799  -295.985  -727.478
  -775.013  -468.545   -31.083  120.487  165.158  176.934  150.019   17.220
   -63.782   -61.141   -28.704    -6.276   16.283   40.268   66.446   94.029
CT1728:210          -112.522   -52.445   14.555   49.550   -45.840  -232.873
  -331.617  -351.403  -338.955  -253.248   -36.000   50.688   -48.437  -329.509
  -414.953  -250.916    0.389  112.823  233.954  308.854  275.771   93.656
   -28.916   -41.317   -20.129    -4.160   23.347   55.456   86.635  116.405
CT1728:205          -106.514   -61.951    2.216   41.716   -51.163  -247.847
  -341.541  -346.914  -303.944  -158.941  222.927  417.994  306.379   -17.244
  -149.323  -123.999   -78.196   -20.394   93.445  169.339  164.158   74.307
    6.766    -8.217   -20.543   -17.112   14.311   50.995   83.344  113.150
CT1728:200          -102.181   -53.949    3.528   21.382  -107.844  -307.151
  -393.664  -438.610  -441.566  -222.466  337.685  619.692  488.703   81.738
   -71.791   -98.735  -133.484  -123.782   -38.449   34.203   55.590   53.306
   45.351   29.928   -11.801   -19.226   10.729   49.905   82.736  115.286
CT1728:195           -88.713   -52.546    -4.478    5.372  -119.166  -323.977
  -417.971  -466.751  -475.195  -371.518   -34.944  201.237   98.814   -21.870
   -30.277  -100.225  -167.686  -189.025  -194.464  -178.649  -140.218   -40.178
   31.827   45.172   16.600   14.835   30.375   49.571   68.727   88.382
CT1728:190           -88.195   -68.981   -33.457   -28.541  -141.413  -300.801
  -362.055  -342.907  -334.824  -439.828  -796.082  -957.408  -735.708  -337.095
  -216.962  -165.561  -137.252  -185.031  -356.862  -451.778  -405.155  -182.912
   -13.192   32.003   23.404   27.307   36.262   47.175   59.389   73.277
CT1728:185           -80.361   -44.264   -15.701   -33.348  -146.997  -282.099
  -301.169  -161.593   -57.900  -198.945  -705.549  -900.705  -677.036  -253.692
  -118.127   -82.162   -72.537  -154.290  -469.782  -689.453  -612.870  -274.794
   -69.307    -8.613    7.330   28.918   38.604   43.997   52.098   62.748
CT1728:180          -100.070   -84.049   -45.185   -30.279  -123.858  -265.641
  -268.680   -71.582   65.066   10.984  -179.587  -211.829  -174.709    -9.676
   69.445   84.806   87.242    -5.441  -336.303  -571.469  -512.273  -227.104
   -65.610   -14.392    7.695   33.378   39.786   40.825   50.648   63.630
CT1728:175           -88.079   -66.999   -51.795   -70.283  -163.696  -271.644
  -260.756   -81.240   61.859   75.931   24.103   21.593   51.171   84.845
  104.601  164.744  179.985  108.769   -60.538  -172.757  -183.410  -118.811
   -55.494   -14.864    -6.054   10.410   29.773   51.056   68.498   84.057
CT1728:170           -85.585   -88.375   -83.704   -92.353  -163.365  -270.265
  -264.852  -145.343   -33.097   20.766   19.038    7.282  106.595  245.015
  259.008  176.070   78.228   10.516   -64.565  -135.118  -126.602   -60.623
    -5.397   18.495    2.568    7.078   26.668   55.351   78.842  100.092
CT1728:165           -87.053  -100.276  -110.636  -129.206  -184.411  -260.671
  -247.051  -149.473   -36.444   57.159  222.575  331.371  264.465  184.952
  141.468   25.136   -63.821  -150.055  -269.890  -368.648  -299.171   -79.272
   66.219   98.558   29.331    0.956   20.385   54.819   77.486   98.608
CT1728:160           -93.806   -99.538  -108.110  -126.524  -175.861  -228.222
  -187.838   -92.806   28.479  123.381  256.947  328.236  232.086   -48.300
  -209.260  -157.344  -133.364  -265.437  -517.306  -576.691  -487.747  -103.760
  190.017  214.640   72.199    5.932    5.235   34.034   60.821   85.316
CT1728:155          -105.416  -111.409  -109.435  -107.970  -142.512  -214.878
  -145.461   37.444  180.328  295.164  397.325  403.489  452.250  532.136
  434.832   86.408  -369.542  -563.037  -906.822 -1275.067 -1004.941  -173.974
  237.316  243.277   56.463   -11.423    -2.787   29.270   44.365   62.875
CT1728:150          -103.974  -118.457  -140.505  -158.969  -179.406  -194.877
   -59.035  411.379  839.203  904.981  783.924  732.583  755.130  945.433
  878.688  330.244  -106.008  -279.513  -422.131  -309.499  -207.989   47.811
  240.757  251.460  101.799   19.656    3.323   14.526   24.945   37.998
CT1728:145          -102.303  -122.782  -151.357  -162.982  -154.872  -148.886
   38.527  633.615 1145.856 1164.459  810.973  600.046  494.295  380.470
  237.054  -355.416 -1181.064 -1243.615  -508.462  192.159  255.751  253.563
  319.664  287.171  121.380   24.226    5.642   15.279   19.062   26.507
CT1728:140           -94.866  -112.852  -142.978  -155.902  -133.633  -139.167
    2.418  551.005 1029.547  964.478  391.819   48.781   -90.291  -318.232
  -389.609  -509.935 -1028.458 -1017.340  -529.994  -463.973  -337.346  104.150
  294.922  252.066  100.106   22.293   10.594   20.542   15.719   12.829
CT1728:135           -82.023  -114.199  -150.385  -157.435  -100.653   -10.826
   97.420  302.765  455.912  366.312   -52.791  -317.102  -336.664  -287.826
   -55.033 1122.979 2932.631 3064.603 1618.595  518.154  302.341  280.722
  231.226  169.967  106.261   51.667   26.568   14.480    -0.138   -12.095
CT1728:130           -61.750   -82.411  -121.243  -142.430   -53.092  116.350
  175.542   88.313   -14.765  -100.112  -261.088  -322.089  -282.489  -195.735
  116.577 1373.178 2990.828 3191.979 2169.659 1151.354  785.719  428.476
  187.910  113.716   99.107   63.205   35.476   13.613    -9.768   -30.272
CT1728:125           -61.474   -77.742   -99.662  -102.525   -23.416  100.445
   74.961  -185.170  -430.866  -478.931  -432.436  -360.783  -256.373  -113.310
  122.593  635.549 1150.869 1261.264 1028.348  616.839  440.827  300.410
  167.455  106.807   93.784   63.908   34.781    8.514   -18.440   -41.981
CT1728:120           -61.693   -73.990   -88.795  -103.130   -82.138   -29.302
   -82.171  -387.060  -681.845  -662.370  -426.886  -289.701  -154.396   -18.265
   93.116   93.247   12.482   50.121  213.973  346.337  304.325  223.513
  172.826  138.790   98.831   58.089   27.770    5.534   -15.646   -36.062
CT1728:115           -60.866   -76.094   -88.878  -105.870  -161.168  -237.190
  -300.478  -461.335  -606.954  -515.694   -69.144  231.753  215.387   77.407
   50.219  -100.499  -296.228  -290.071  -151.837    5.772   69.933  194.001
  263.969  222.573  109.448   46.982   29.321   25.347    6.429   -16.117
CT1728:110           -67.381   -81.353   -96.738  -130.656  -238.598  -393.542
  -456.714  -401.128  -305.144  -222.302    -5.884  150.486  142.592   31.662
   -23.870  -162.788  -297.775  -298.440  -217.963   -70.577   21.813  154.067
  235.131  218.527  129.555   66.396   36.796   22.320    6.530   -11.521
CT1728:105           -86.952  -110.116  -120.960  -136.045  -219.405  -354.520
  -391.730  -302.875  -185.615  -138.106  -158.724  -183.097  -142.464  -118.354
  -145.796  -265.713  -461.908  -472.856  -270.707   -58.760   36.883  151.005
  245.883  231.739  131.955   64.310   40.387   29.624    7.772   -15.775
CT1728:100           -86.285  -104.799  -117.312  -138.149  -190.663  -270.916
  -287.678  -220.307  -141.406  -128.811  -199.671  -233.347  -217.005  -157.211
  -145.295  -194.707  -238.592  -242.738  -237.329  -200.627  -101.330   96.892
  232.854  222.325  104.292   41.583   18.592   10.569    0.408   -17.665
CT1728:095           -78.838  -105.832  -132.478  -158.432  -183.609  -211.489
  -208.459  -159.081   -96.383   -77.039  -105.301  -109.268  -102.507   -62.538
   -49.075   -50.129   -38.836   -61.419  -165.360  -261.713  -188.334   47.941
  223.134  228.544  113.866   36.901   10.265    1.564    -7.745   -10.026
CT1728:090           -64.204   -97.587  -134.799  -168.202  -171.558  -158.394
  -141.151   -94.260   -38.239    -1.861   25.497   50.696   63.131   81.682
   70.301   45.196   18.538   -35.441  -155.704  -277.841  -207.469   32.125
  210.920  223.450  112.910   42.434   20.139   13.522    4.484    -4.795
CT1728:085           -58.638   -93.272  -127.175  -149.651  -143.588  -125.096
   -99.636   -52.390    0.440   49.483  128.762  187.682  197.934  201.336
  128.011   -76.117  -342.684  -440.931  -417.766  -285.383  -167.395   16.057
  173.250  199.200  115.686   61.575   41.542   32.369   13.800    -8.461
CT1728:080           -71.503   -90.029  -116.234  -144.416  -130.454   -93.852
   -60.794   -15.115   33.089   94.451  201.239  277.153  274.664  285.809
  183.199  -346.575 -1200.474 -1408.880 -1109.092  -612.847  -381.849  -108.709
  129.823  177.224  123.187   84.299   56.465   30.974    4.599   -24.426
CT1728:075           -89.039  -105.871  -126.784  -137.825  -109.597   -53.559
   -12.213   17.748   47.836  116.007  242.076  323.729  297.717  238.023
  139.717  -326.478 -1218.255 -1483.322 -1090.378  -718.486  -533.357  -200.880
   94.622  163.520  138.797  126.488   92.715   41.347    -2.578   -41.898
CT1728:070          -100.798  -106.687  -114.610  -120.376   -86.150   -29.537
   11.040   34.249   62.915  140.213  302.945  402.286  350.311  108.726
   -59.991   40.079  359.447  410.713  141.543  -157.181  -138.389   38.645
  135.265  148.974  135.818  122.475   88.174   41.325    0.324   -42.326
CT1728:065           -94.891  -108.197  -122.637  -125.289   -94.155   -42.448
    0.364   14.313   19.141  105.900  380.879  580.054  495.643  173.047
   42.340  260.360  837.534  986.843  807.740  738.539  654.820  333.590
  133.963  112.434  126.677  124.198   95.356   51.113    4.935   -43.018
CT1728:060           -89.311  -101.886  -127.871  -149.108  -124.382   -82.554
   -42.023    4.379   58.446  136.673  323.546  449.044  378.040  110.701
   10.039   57.883    -8.149   -27.771  293.006  339.774  313.084  238.543
  114.307  100.096  153.579  168.629  126.789   61.308    6.013   -52.712
CT1728:055           -93.589  -115.825  -137.900  -144.859  -118.265   -69.642
   -21.129   28.323   90.187  150.432  210.553  238.792  194.656   48.312
   -20.046   53.394  325.716  426.812  333.920  345.289  326.104  216.922
  136.245  128.610  176.891  196.825  155.279   79.917    4.390   -66.029
CT1728:050           -71.434   -86.999  -104.915  -118.790  -101.021   -67.219
   -20.082   57.837  152.805  214.635  225.315  210.426  176.646  107.310
   58.070    9.903   -61.355   -79.847    0.041   95.726  117.646  120.328
  139.900  150.446  169.410  169.340  116.723   41.295   -16.450   -65.731
CT1728:045           -66.146   -76.764   -93.167  -106.997   -90.006   -59.792
    -7.471  105.095  257.615  353.734  438.000  503.457  436.964  227.117
   85.833    2.668   -86.324  -121.059  -152.176  -223.369  -198.557   -21.553
  137.332  165.433  148.292  128.301   89.536   36.287   -13.543   -61.873
CT1728:040           -69.020   -72.898   -84.243   -99.184   -78.809   -38.952
   17.935  138.643  292.248  407.654  591.537  741.740  645.790  290.742
   55.955   56.415  199.743  232.655  154.594   46.364   40.168  101.630
  163.308  171.582  158.015  141.890   97.535   38.042   -11.871   -64.182
CT1728:035           -86.799   -87.050   -88.495   -89.790   -58.275    -5.815
   45.862  127.761  219.380  336.497  579.405  775.972  688.654  265.755
   -27.636    9.187  312.170  397.394  379.699  290.903  261.926  210.070
  147.543  154.104  168.804  164.112  121.712   58.305    -2.276   -66.201
CT1728:030          -100.496  -104.956  -104.947   -98.615   -64.613    -9.749
   34.737   82.422  119.646  223.820  444.508  639.969  587.966  265.487
   14.045  -114.581   -92.844   -54.538   -61.334   76.547  152.173  155.815
  144.479  165.732  188.909  194.509  149.208   69.504    1.732   -69.674
CT1728:025           -96.928  -100.438  -107.036  -111.279  -100.353   -67.166
   -54.494   -73.460   -92.116   32.334  344.923  599.902  628.462  410.620
  186.053  -195.495  -916.086 -1190.412  -955.726  -519.559  -377.350  -191.170
   33.751  128.887  185.345  220.829  187.929   95.589   11.704   -69.927
CT1728:020           -95.936   -97.392  -102.217  -104.104  -102.480   -96.117
  -129.773  -290.323  -521.729  -416.158  277.078  972.731 1053.031  699.705
  444.158  200.190  -447.343  -793.643  -710.005  -658.176  -642.958  -408.921
  -121.895   -14.011  130.204  246.675  212.773  101.482   20.091   -61.145
CT1728:015          -103.904  -107.233  -109.036  -106.890  -105.642   -90.614
  -125.677  -378.519  -766.154  -721.530   -83.996  623.460  781.542  781.713
  855.666  944.756 1282.792 1335.891  715.668   -91.305  -314.129  -350.908
  -375.865  -307.948   -16.517  209.594  219.099  125.392   39.614   -41.764
CT1728:010          -111.183  -116.507  -120.670  -122.307  -126.521  -112.726
  -141.036  -346.188  -659.711  -671.715  -575.582  -518.326  -299.282  175.681
  414.129  707.744 1293.001 1435.651 1156.765  681.094  445.655   44.348
  -339.402  -339.756   -31.909  178.401  175.095   85.368   31.060   -27.717
CT1728:005          -113.682  -119.733  -126.775  -129.900  -122.650   -92.146
   -95.902  -181.380  -296.286  -296.185  -323.303  -414.204  -305.074   -50.312
   42.521  185.945  387.392  438.537  702.672  934.188  829.721  340.192
  -190.041  -239.699   -11.869  171.697  186.975  115.349   53.040    -5.373
CT1729:360          -122.063  -122.922  -126.051  -119.542   -86.902   -41.226
    9.761   69.885  130.073  192.074  428.797  644.770  581.113  199.869
   -37.843  -100.251  -207.089  -204.488  180.451  869.325  924.718  384.947
   -99.884  -125.477   32.709  171.996  188.720  136.152   79.888   25.841
