
filled_synop: 30 data points in equal steps of sine latitude from +14.5/15 to  -14.5/15

CT1776:360          -132.738  -109.999   -88.793   -66.068   -51.929   -42.251
   -32.855   -27.896   -24.500   -14.344    5.177   45.135   64.270   51.820
   22.193   13.565   17.294   18.535   10.725    -8.503   -26.853   -32.717
   -34.518   -29.469   -13.287   10.076   39.339   80.267  125.699  175.983
CT1776:355          -131.145  -113.237   -93.506   -73.009   -59.161   -49.495
   -40.430   -32.872   -25.500   -18.249    -9.507    -5.382    -1.677   15.295
   36.191   42.001   45.322   54.489   46.546   12.496   -15.911   -20.718
   -15.538    -8.875    6.218   22.628   48.243   91.428  140.113  191.304
CT1776:350          -120.863  -107.497   -93.374   -77.298   -64.034   -51.821
   -41.776   -32.648   -22.528   -15.776   -17.373   -27.449   -25.264    -5.752
   23.434   32.739   37.523   38.830   31.216    9.950    -8.187   -12.307
    -6.219    3.374   18.606   34.366   61.961  109.882  163.733  215.378
CT1776:345           -97.031   -88.212   -81.002   -74.153   -62.847   -41.223
   -21.917   -16.774   -19.030   -15.122   -18.096   -24.953   -20.732    -8.457
   14.587   21.259   10.626    -7.558   -13.715   -19.752   -33.486   -35.613
   -41.500   -40.820   -14.205   31.522   72.594  127.098  183.651  232.193
CT1776:340          -103.993   -87.830   -70.726   -53.927   -42.996   -39.357
   -33.648   -25.071   -17.550   -13.767   -13.732   -21.173   -22.569   -13.142
    1.532    3.720    -8.682   -20.195   -22.553   -11.455    1.072    -7.036
   -39.134   -48.882   -21.253   33.160   79.838  125.233  169.853  210.936
CT1776:335          -111.775   -89.077   -66.661   -47.601   -36.322   -34.023
   -27.773   -14.473    5.718   17.048   15.351    2.543    -1.379    -0.285
    -0.533    -2.789   -12.206   -24.774   -25.576    -6.930    6.935    0.477
   -28.199   -37.550    -9.263   42.552   83.723  119.375  154.863  193.430
CT1776:330          -110.626   -90.817   -69.408   -48.270   -36.839   -38.624
   -34.660   -14.657   26.542   48.311   44.380   31.515   30.248   25.313
   22.183   20.677   14.499    6.628    2.939    3.354    4.567    0.743
    -9.165    -5.614   18.973   62.679   97.247  126.245  154.695  191.905
CT1776:325          -110.009   -89.853   -70.282   -52.326   -40.283   -33.160
   -23.001    -7.609   14.490   26.336   28.917   19.739   16.910   27.686
   40.436   43.258   43.725   42.858   35.838    7.854   -18.004   -19.109
   -13.127    -6.106   18.290   56.891   92.310  131.419  170.748  209.987
CT1776:320          -121.430   -94.658   -70.426   -47.493   -32.968   -27.452
   -18.817    -7.007    5.461   13.208   14.789   11.015   12.205   19.278
   32.961   38.628   43.774   50.946   49.119   38.377   29.633   21.845
    7.869    7.058   26.034   57.783   90.563  135.947  183.323  219.340
CT1776:315          -116.887   -95.112   -74.335   -55.248   -44.533   -42.061
   -35.481   -21.963    0.799   14.687   13.950    5.507    4.634    8.584
    8.749   11.691   23.758   28.818   33.296   44.321   45.928   36.775
    8.411    -5.680    9.475   36.063   68.961  121.068  176.914  227.368
CT1776:310          -118.763   -97.919   -76.029   -55.594   -45.782   -44.132
   -37.906   -28.365   -14.339    -3.321    3.328    9.774   12.177   10.581
   10.369   12.728   15.829   21.791   30.955   56.416   71.310   55.434
    2.044   -23.155   -10.758   15.984   50.613  106.545  170.111  232.017
CT1776:305          -116.855   -95.818   -74.432   -54.324   -44.806   -47.623
   -44.696   -36.194   -24.757   -16.112    -6.819    6.027    8.314    -3.990
   -14.003   -14.132    -9.481    3.456   14.050   40.593   57.550   42.207
   -14.466   -39.398   -23.704    7.136   41.778  102.240  171.314  227.507
CT1776:300          -125.354  -101.736   -78.414   -57.586   -47.488   -45.334
   -39.654   -32.652   -23.390   -15.772    -9.942    -4.193    -7.354   -32.637
   -71.006   -77.149   -53.808   -32.654   -24.099   -13.629   -10.337   -10.659
   -14.815   -14.924    -6.045    5.349   33.897   91.201  156.437  220.064
CT1776:295          -138.727  -110.859   -81.619   -53.521   -36.136   -26.495
   -17.794   -14.994   -14.823   -10.851    -5.162    4.857    3.728   -16.872
   -41.238   -47.481   -41.385   -31.428   -30.344   -34.835   -37.020   -37.236
   -34.483   -27.489   -13.281    3.650   36.770   94.687  157.126  217.732
CT1776:290          -148.286  -114.637   -75.419   -37.998   -16.503    -5.734
    1.730    0.690   -12.810   -15.812    -3.820   19.751   23.393   11.539
    -5.734   -11.524    -6.679    -3.155   -10.224   -36.528   -56.860   -60.618
   -68.580   -64.919   -40.024    -3.035   36.407   90.821  151.361  204.871
CT1776:285          -144.150  -107.010   -69.761   -35.361    -6.700   24.049
   42.138   35.115    4.988    -5.139    5.254   26.401   29.022   20.820
   11.926    6.510    5.504    3.642    -3.874   -22.053   -36.123   -43.854
   -59.842   -59.572   -36.305    -1.196   39.848   96.877  155.294  210.676
CT1776:280          -151.283  -109.409   -64.749   -24.660    5.306   35.779
   54.280   47.892   18.808    7.432   12.034   20.351   17.140    6.530
    -7.337   -13.943    -8.290    -4.268   -10.822   -24.722   -35.037   -35.847
   -42.656   -39.449   -18.073    5.775   37.666   88.791  147.082  204.638
CT1776:275          -158.812  -120.723   -71.956   -24.698    1.632   20.579
   32.922   35.272   30.719   28.811   23.656   18.478   11.080    -5.314
   -28.106   -37.947   -35.217   -36.367   -42.631   -47.192   -47.352   -39.761
   -18.200    0.049   15.425   26.763   52.756   97.610  145.774  191.165
CT1776:270          -141.163  -100.696   -59.551   -25.270    -7.199    0.787
   11.989   21.153   31.696   35.382   27.453   14.709    3.526   -13.268
   -25.788   -39.387   -65.975   -86.573   -97.527  -110.654  -114.559   -97.281
   -57.149   -28.173    -3.112   15.996   43.643   87.514  138.372  191.454
CT1776:265          -131.080  -102.196   -69.746   -40.009   -30.070   -45.794
   -42.574   -18.836   25.879   40.523   29.899    7.757    -6.350   -24.679
   -43.870   -54.453   -63.909   -72.666   -91.942  -134.875  -149.589  -129.431
   -57.943   -12.701    7.149   14.412   42.845   84.597  132.559  180.305
CT1776:260          -126.674  -102.443   -78.703   -57.126   -48.620   -52.250
   -43.987   -20.730   20.545   37.308   29.518   14.460    5.847   -10.300
   -27.579   -29.073   -13.136    -7.916   -27.665   -98.430  -142.957  -121.479
   -49.726    -8.697    9.501   19.725   45.512   90.694  139.651  189.697
CT1776:255          -117.975   -97.884   -80.522   -63.024   -47.387   -35.531
   -22.632    -6.334   13.521   22.196   21.643   15.546   12.366   10.057
    9.758   18.736   59.842   93.617   79.070   10.660   -35.596   -33.236
   -13.687    -4.723    6.965   13.983   37.174   86.908  144.939  201.096
CT1776:250          -113.107   -93.922   -78.862   -64.448   -40.590    -4.713
   18.188   23.391   18.660   19.615   19.218   15.297   14.922   18.780
   21.815   34.466   81.571  118.728  117.810  109.981  108.763   78.884
   28.245   12.645   15.767   19.181   42.715   98.488  155.575  207.722
CT1776:245          -132.040  -108.925   -85.135   -61.130   -36.632    -8.031
    8.974   10.534    3.511    3.115    3.599    8.184   11.495   13.117
   22.238   30.636   35.303   38.836   53.713   77.456   76.649   58.154
    3.940   -22.227   -14.681    2.939   31.059   85.610  149.526  211.024
CT1776:240          -150.941  -120.306   -92.779   -66.686   -45.531   -23.128
   -10.113   -13.428   -27.885   -31.008   -29.378   -31.611   -31.397   -27.763
   -32.646   -25.175    -4.668   13.967   26.567   51.954   63.495   45.913
    -1.202   -19.059   -10.623    8.555   36.959   94.585  154.886  207.889
CT1776:235          -160.980  -126.767   -91.207   -60.541   -41.111   -23.854
   -12.239   -20.037   -39.439   -43.811   -33.126   -13.741   -11.474   -28.362
   -40.701   -35.970   -18.837    -2.780    9.022   27.774   38.492   31.832
   15.510   10.088   12.106   15.614   37.836   89.829  144.742  192.908
CT1776:230          -165.342  -139.972  -105.662   -68.795   -46.320   -26.520
   -14.017   -18.751   -32.620   -35.430   -24.480    -6.461    -5.306   -23.836
   -39.373   -36.431   -17.880    0.730    4.476    -1.068    0.079    8.432
   22.764   30.754   33.398   30.611   44.938   81.116  124.821  169.777
CT1776:225          -163.223  -137.218  -106.142   -75.426   -51.198   -23.690
    -8.318    -5.430    -6.940    -6.836    -9.211    -8.890   -10.106   -19.870
   -26.939   -25.164   -16.476    -7.405    -5.346   -17.592   -21.665    -0.997
   39.920   55.483   48.339   27.595   38.253   75.629  115.436  156.237
CT1776:220          -156.418  -120.660   -84.132   -51.506   -26.129    -1.022
   14.411   12.848    0.605    -4.426   -13.193   -27.709   -30.212   -22.792
   -17.895   -15.168   -11.342    -8.584    -4.462    1.766    9.741   17.357
   29.295   36.746   35.586   23.556   32.653   68.967  110.988  152.797
CT1776:215          -152.795  -117.286   -81.396   -48.975   -26.150    -7.990
    4.231    6.935    4.865    3.778    -6.511   -16.864   -16.818    -8.317
    2.584    4.627    1.564    1.137    3.589    9.639   17.172   23.621
   34.018   39.855   33.999   16.810   26.962   65.947  114.095  161.962
CT1776:210          -152.550  -118.817   -84.311   -52.938   -34.625   -21.295
    -9.620    -6.999    -8.934    -7.131    -6.491    -6.708    -4.439    3.845
   12.310   13.858   10.378    7.812    6.528    -5.121   -10.595    6.642
   37.865   47.940   35.407    8.205   19.915   69.314  122.273  171.660
CT1776:205          -153.486  -119.227   -84.279   -54.277   -40.292   -34.996
   -26.707   -21.948   -19.131   -13.521    -1.848   11.302   15.858   14.800
   15.209   15.624   17.997   22.554   19.234   15.523   17.150   19.534
   25.338   28.453   23.249    7.490   19.724   67.002  121.744  175.120
CT1776:200          -152.475  -121.198   -85.659   -51.552   -37.249   -33.144
   -25.582   -20.708   -16.340    -7.015   13.632   37.890   45.372   34.396
   21.757   22.829   26.227   24.711   20.969   20.241   17.828   14.527
   12.255   11.864    7.991    0.682   22.089   76.514  134.097  184.211
CT1776:195          -155.231  -119.799   -83.535   -52.234   -34.910   -25.152
   -14.757    -9.331    -5.967    4.591   29.003   55.139   66.059   71.076
   73.466   77.890   76.020   69.061   52.731   19.669    -1.490    -6.574
    -1.367    1.334    3.530    2.698   26.479   84.658  142.174  192.588
CT1776:190          -165.564  -133.086   -97.914   -64.999   -41.890   -21.329
    -4.638    3.217    6.264   16.047   39.567   57.629   66.193   81.237
   97.064  112.688  139.469  148.220  120.236   34.991   -14.604   -18.882
    -1.465    4.313    9.784    9.959   33.983   88.614  151.250  211.485
CT1776:185          -175.133  -144.659  -111.473   -78.182   -50.829   -22.501
    -3.258   13.705   30.140   38.861   53.796   68.648   64.057   19.662
    -4.333   36.110  169.887  244.404  198.619   54.766   -11.836   -19.862
   12.462   23.442   20.574    9.652   36.865  109.890  180.458  238.218
CT1776:180          -168.073  -129.535   -90.240   -55.260   -27.689    -0.015
   17.929   24.035   27.312   27.887   26.964   24.532    7.636   -75.549
  -132.297   -69.874  135.427  246.540  202.721   34.675   -49.048   -48.382
   -11.920    -0.456    -0.990   -12.368   12.832   85.385  161.253  225.798
CT1776:175          -168.540  -124.057   -76.746   -34.646   -11.099    7.665
   18.127   13.219    3.782    -5.461   -25.381   -48.648   -65.680  -119.370
  -148.927   -86.841   98.981  198.894  170.653   38.257   -30.273   -37.714
   -17.223   -11.063   -14.283   -26.204    -3.385   59.914  135.042  206.411
CT1776:170          -170.722  -120.900   -65.086   -17.159    -1.378    -0.722
    -0.314    -9.628   -25.912   -41.936   -73.189  -100.156  -109.322  -113.739
   -89.389   -40.050   94.854  176.331  145.344   27.765   -24.982   -22.627
    9.265   18.149    4.108   -19.367    0.797   59.650  123.638  185.061
CT1776:165          -164.742  -112.066   -61.677   -23.314    -7.385    -0.869
    1.243   -13.846   -36.483   -52.661   -87.203  -125.053  -124.080   -89.403
   -66.136   -33.539   30.811   63.799   50.966    5.220   -12.904    -3.486
   23.246   33.003   25.179    2.938   16.476   70.219  124.993  175.489
CT1776:160          -175.187  -126.188   -70.548   -23.597   -13.301   -17.073
   -18.445   -24.709   -30.548   -36.738   -49.889   -57.846   -51.397   -14.149
   17.701   10.838   -35.701   -59.779   -57.813   -49.851   -41.042   -14.942
   28.007   45.671   35.698   12.941   25.720   65.345  113.406  163.354
CT1776:155          -192.988  -129.310   -56.711    -1.369    0.212   -26.720
   -32.971   -38.705   -45.099   -46.294   -36.063   -17.784   -14.789    -3.955
   20.699    -6.455   -85.310  -118.896  -111.455   -80.948   -60.207   -34.101
    5.684   26.180   25.528   15.363   32.238   70.263  111.777  156.831
CT1776:150          -183.042  -124.525   -64.240   -21.689   -20.899   -39.887
   -43.917   -38.376   -33.579   -29.475   -35.872   -43.015   -42.609   -64.218
   -89.897   -98.861  -105.141  -115.641  -116.338   -91.501   -73.887   -52.109
   -25.799    -4.779   16.561   33.585   55.775   86.385  119.287  152.578
CT1776:145          -187.893  -136.007   -77.577   -30.469   -18.772   -17.272
   -12.631   -15.172   -12.018    3.844   11.667   20.453   39.714   57.578
   46.456   27.588   -18.309   -57.854   -73.437   -69.551   -65.356   -42.446
    -0.486   25.016   42.857   61.852   86.398  119.191  147.487  168.842
CT1776:140          -181.444  -122.610   -64.709   -25.951   -24.302   -40.537
   -41.857   -44.271   -50.691   -20.310   82.621  168.711  216.003  303.304
  339.335  286.266  129.980   38.608    -1.736   -43.160   -59.480   -42.917
   -13.380    8.435   32.096   54.287   80.215  110.638  138.503  160.715
CT1776:135          -174.148  -131.087   -80.021   -37.997   -34.595   -51.841
   -52.954   -48.730   -47.400   -13.917  128.966  272.474  298.630  325.563
  377.059  305.252  128.560   45.825   16.865   -27.681   -48.711   -46.356
   -40.366   -23.301   17.545   61.594   88.152  106.155  124.606  144.578
CT1776:130          -179.280  -129.014   -78.190   -41.580   -29.515   -27.159
   -23.528   -26.336   -27.277   -13.869   13.084   25.453   12.035  -102.921
  -206.900  -153.921    -2.471   50.647   28.678   -22.448   -44.466   -47.758
   -45.473   -29.701   10.052   59.906   90.118  107.557  122.680  139.402
CT1776:125          -180.411  -136.437   -88.238   -48.190   -31.824   -21.825
   -17.460   -25.379   -34.469   -46.608   -93.331  -137.135  -187.526  -341.846
  -433.421  -353.825   -99.005   25.815   24.204   -18.010   -34.769   -40.077
   -42.185   -28.359   11.746   60.270   89.169  106.338  121.160  137.977
CT1776:120          -176.255  -136.745   -92.662   -55.702   -39.517   -28.534
   -25.530   -41.752   -60.102   -75.256  -110.636  -137.189  -166.581  -215.621
  -220.232  -181.948   -55.157   21.054   20.057   -17.022   -30.279   -33.640
   -34.604   -20.971   16.368   58.848   86.151  103.535  121.696  142.248
CT1776:115          -171.742  -133.135   -93.926   -62.687   -45.546   -33.564
   -29.118   -49.630   -77.510   -83.490   -78.841   -70.874   -69.583   -49.355
   -26.992   -15.367    6.609   21.523   10.061   -27.658   -40.410   -34.474
   -20.530    -4.047   27.338   66.334   94.685  115.482  133.849  154.743
CT1776:110          -168.374  -142.147  -109.349   -79.860   -62.807   -41.187
   -29.288   -38.134   -44.830   -33.606   -11.370    4.259   12.356   26.905
   31.206   24.128    9.738    1.924    -9.107   -28.307   -34.849   -33.820
   -28.985   -13.739   15.359   46.179   77.109  112.862  146.144  175.313
CT1776:105          -163.614  -135.916  -107.519   -84.458   -78.188   -80.599
   -70.581   -47.148   -18.722   13.529   68.871  115.744  113.875   68.246
   43.316   21.576    2.017   -10.854   -18.849   -21.841   -26.901   -30.419
   -33.398   -23.069    4.653   38.096   69.656  103.566  137.400  170.796
CT1776:100          -171.912  -142.860  -111.688   -85.944   -79.401   -79.488
   -64.165   -35.849    -3.282   47.330  142.398  219.354  215.000  116.265
   37.706   26.066   22.912    3.783    -1.875    9.810    4.516   -12.046
   -31.598   -27.738    -1.236   32.814   63.614   98.815  134.736  169.228
CT1776:095          -179.591  -143.042  -105.640   -74.335   -57.993   -45.677
   -24.205    -8.187   18.096   82.929  211.044  298.571  315.971  287.650
  245.070  193.902  107.326   60.781   44.271   37.859   22.259    -1.304
   -30.553   -30.744    -4.175   27.650   58.519   99.617  137.717  170.098
CT1776:090          -178.858  -131.755   -87.567   -55.778   -43.668   -41.183
   -22.350    -7.393   10.367   90.495  301.963  450.688  453.927  377.777
  324.879  259.700  180.944  139.123  102.427   50.178   21.623    5.718
   -11.347   -12.316    5.222   28.860   56.607   92.237  125.465  154.768
CT1776:085          -183.164  -138.329   -87.032   -45.291   -31.874   -31.316
   -14.567    2.727   28.331  117.039  356.177  519.887  477.477  238.659
   89.345   86.525  140.968  145.677  115.964   60.426   30.795   10.918
    -8.990   -10.858    7.892   29.775   52.787   80.028  108.481  139.833
CT1776:080          -184.135  -134.907   -78.782   -35.861   -22.974   -22.858
    -4.499   20.814   51.094  118.348  302.517  419.520  343.645   45.391
  -120.052   -89.312   56.736  110.429   94.557   49.663   27.622    9.408
    -8.386    -9.237    5.551   24.821   48.509   79.086  111.866  145.382
CT1776:075          -186.086  -136.111   -72.767   -24.306   -10.875    -6.283
   16.441   44.715   73.009  100.296  181.347  241.866  148.731  -126.494
  -258.556  -195.611   -18.660   44.670   54.661   35.729   23.201    4.726
   -19.294   -20.018    1.317   24.833   51.507   91.655  129.525  164.053
CT1776:070          -161.941  -117.043   -74.430   -42.008   -32.506   -29.970
    -5.068   63.239  129.503  102.676   -66.434  -217.307  -245.868  -230.576
  -219.423  -164.398   -21.750   48.095   50.755   31.512   25.287   12.345
    -0.232    0.915   10.171   22.114   46.193   81.533  118.466  154.917
CT1776:065          -156.037  -122.838   -86.373   -54.150   -37.236   -22.924
    4.522   74.465  133.264   93.912   -72.081  -196.918  -231.143  -206.349
  -175.422  -130.659   -35.857   15.559   24.475   10.740    7.320    -1.893
   -14.070    -9.959    7.449   25.628   51.746   89.567  125.037  158.578
CT1776:060          -143.749  -110.798   -76.960   -46.402   -25.391    -5.712
   17.325   71.838  115.893   74.922   -44.698  -128.606  -174.777  -216.599
  -219.220  -161.599   -60.406   -13.306   -17.308   -46.627   -53.636   -54.845
   -52.173   -41.228   -15.612   13.994   46.594   86.401  127.081  167.189
CT1776:055          -149.135  -106.033   -58.993   -18.099   12.711   41.459
   54.711   58.673   50.564    -3.991  -138.666  -235.804  -253.862  -231.323
  -206.902  -156.145   -71.298   -30.376   -45.555   -82.182   -90.553   -90.554
   -86.051   -72.603   -37.021    3.494   42.520   90.058  136.268  182.000
CT1776:050          -140.565  -106.789   -72.719   -38.425    4.960   50.436
   59.737   35.922    2.066   -58.702  -194.733  -286.585  -277.688  -192.695
  -139.014  -102.358   -65.350   -41.330   -35.861   -40.127   -46.490   -63.875
   -78.073   -71.205   -44.563   -10.989   30.817   85.503  140.661  193.527
CT1776:045          -122.571   -92.789   -67.779   -38.638    7.903   55.598
   59.226   16.570   -32.519   -90.298  -203.068  -270.288  -242.489  -127.009
   -58.972   -29.763   -12.918    3.621   12.424   19.781   10.109   -32.161
   -80.351   -82.344   -50.697   -13.120   31.501   91.176  151.030  205.637
CT1776:040          -106.154   -89.054   -76.912   -57.534    -8.862   52.328
   55.686    -2.867   -64.636  -105.646  -166.167  -198.619  -167.314   -64.094
    -2.665   25.008   43.177   59.046   65.508   64.331   48.788    1.954
   -52.780   -58.389   -28.223   10.677   53.727  112.716  167.614  217.775
CT1776:035          -120.636  -108.793   -91.763   -66.482   -21.496   26.715
   28.120   -19.993   -72.671   -97.366  -111.248  -116.609   -97.488   -52.143
   -17.754   20.878   66.255   87.883   91.118   90.793   72.234    7.915
   -67.620   -76.828   -38.369    7.943   53.503  107.909  158.985  205.626
CT1776:030          -125.781  -103.546   -81.080   -55.359   -21.183   13.256
   15.274   -12.524   -37.485   -53.821   -71.261   -75.870   -65.560   -57.168
   -44.817    -6.816   37.579   55.474   61.666   62.444   45.833    -7.647
   -69.666   -74.470   -34.316   11.483   51.475   97.684  145.298  192.974
CT1776:025          -133.548   -99.936   -66.176   -38.130   -16.438    4.748
    3.691   -28.601   -57.366   -64.426   -63.387   -59.346   -46.143   -20.228
    1.538    5.585    5.842   12.118   22.252   25.710   13.507   -19.308
   -56.657   -56.427   -21.862   17.583   56.602  102.167  148.282  196.247
CT1776:020          -139.299  -103.460   -68.773   -41.531   -24.885   -14.832
   -18.287   -50.679   -80.860   -79.365   -54.928   -41.066   -26.762   -12.885
    -4.237    2.472    7.677   12.835   15.358   21.095   12.219   -14.506
   -42.125   -40.435   -12.026   22.445   60.288  103.057  145.659  189.595
CT1776:015          -153.083  -120.941   -82.137   -49.142   -29.146   -11.632
   -15.322   -52.418   -80.332   -70.707   -19.708   15.694   17.620    1.827
    0.067    3.988    6.289    7.575   12.880   20.038   10.230   -22.547
   -57.033   -53.153   -16.308   21.469   60.392  107.004  149.204  188.217
CT1776:010          -148.810  -118.863   -85.111   -57.529   -35.660   -13.883
   -14.860   -49.627   -76.386   -63.913   -14.261   17.883   25.225   14.835
   12.735   14.545   19.472   19.100    8.396    -4.342   -18.286   -47.074
   -75.773   -69.545   -29.016   14.089   53.021   98.530  141.395  181.412
CT1776:005          -142.848  -112.837   -80.278   -53.548   -41.605   -35.570
   -36.457   -57.601   -74.684   -64.066   -27.815    -2.518   10.567   18.414
   23.502   24.938   24.644   19.536    1.186   -24.100   -40.236   -60.211
   -77.342   -71.126   -39.191    -2.914   36.654   86.335  132.796  178.657
CT1777:360          -126.943   -98.977   -68.796   -44.527   -40.960   -46.087
   -48.528   -58.339   -65.968   -58.604   -35.969   -17.020    -4.331    8.660
   16.334   21.984   29.254   26.863    6.960   -19.799   -32.411   -36.426
   -36.131   -34.993   -37.499   -30.599    6.538   61.807  115.813  169.442
