
filled_synop: 30 data points in equal steps of sine latitude from +14.5/15 to  -14.5/15

CT1750:360          -144.272  -105.425   -65.217   -28.677    4.836   37.185
   42.059    9.688   -23.637   -24.294   -20.142   -12.899  122.118  661.597
  888.797  320.190  -707.704 -1073.265 -1207.564 -1125.118  -969.297  -615.364
  -191.977    -0.416   66.292  105.123  138.986  143.283  144.517  149.078
CT1750:355          -140.782  -106.011   -69.234   -34.368    -5.400   25.212
   33.891   19.416    0.628    7.738   69.284  143.500  165.198  138.234
   -24.222  -377.310 -1308.701 -1796.892 -1589.139 -1135.274  -928.983  -632.727
  -237.999   -35.364   43.726   96.948  137.498  135.535  137.195  141.953
CT1750:350          -145.742  -105.087   -60.611   -20.967    3.153   25.053
   30.200   25.392   17.133    -1.935   -40.648   -58.285   -24.124   44.181
   61.144   -87.630  -309.885  -439.648  -641.330  -735.939  -707.446  -530.583
  -264.795  -117.822   -13.111   81.695  131.719  132.111  132.060  136.002
CT1750:345          -153.577  -104.555   -52.732    -8.821   20.202   43.638
   37.584   -15.557   -78.872  -140.394  -297.018  -386.122  -236.168  201.420
  481.321  648.748  923.531  917.740  467.314  -310.522  -596.757  -516.362
  -353.150  -255.122  -106.669   48.304  113.880  113.376  121.780  134.439
CT1750:340          -160.957  -107.985   -49.965    -1.746   27.162   55.650
   45.620   -33.170  -115.420  -175.148  -330.153  -433.691  -261.585  172.122
  450.397  743.484 1270.243 1362.553  799.496  -137.053  -477.101  -454.363
  -363.157  -287.348  -124.603   37.570  104.342  118.481  129.832  141.564
CT1750:335          -165.735   -97.598   -25.986   25.066   37.467   36.121
   25.484   -12.239   -52.377   -68.586   -76.492   -53.762    -0.037   77.771
  168.594  350.470  613.063  648.748  422.833   38.959  -132.638  -211.008
  -257.419  -233.742  -105.513   33.718   95.914  109.448  127.360  147.192
CT1750:330          -171.739   -97.602   -25.202   19.510   15.885    2.348
    5.153   14.584   25.727   29.163   34.909   46.900   60.756   54.917
   78.740  102.344   90.604   85.060  114.773  139.920   95.227   -22.420
  -133.660  -155.461   -68.526   41.503   90.792  113.861  133.502  157.747
CT1750:325          -185.701  -126.901   -55.998    -4.791    -9.882   -34.727
   -26.620   12.507   42.505   52.578   55.073   44.649   45.773   40.724
   39.950    7.467   -17.088   49.896  130.452  314.087  338.478  177.485
   -14.431   -76.390   -30.061   35.306   68.694  102.800  138.497  176.944
CT1750:320          -175.752  -109.365   -44.242    -4.367    -8.846   -18.888
    -1.342   54.332  106.406  111.078   84.479   61.054   34.723    0.577
   -27.394  -138.375  -408.252  -392.292   61.494  563.801  651.311  459.998
  114.197    -5.528    6.976   48.046   74.109  112.457  147.970  184.300
CT1750:315          -165.101  -114.330   -58.592   -17.851   -13.645   -20.433
    4.024   77.442  137.426  130.903   68.766   21.498   -20.521   -80.972
  -126.159  -144.427  -147.431   21.339  678.882 1721.561 1895.677 1161.309
  285.997   22.731   18.288   38.631   59.087  112.396  151.779  185.897
CT1750:310          -144.365   -97.595   -51.062   -19.949   -18.672   -23.428
    -6.369   59.147  112.115   95.146    8.766   -54.849   -84.100  -106.527
  -131.129  -153.994  -175.298   -26.689  527.806 1267.328 1388.277  893.285
  236.480   41.698   17.321   20.929   35.278   88.103  141.059  188.079
CT1750:305          -136.281   -94.409   -46.044    -9.567    -2.415    0.779
    8.655   22.218   36.321   22.014   -22.448   -50.915   -77.751  -105.491
  -130.698  -221.996  -425.739  -379.741   -17.347  348.200  439.883  364.337
  188.786   91.390   49.472   30.078   43.684  107.046  155.982  197.471
CT1750:300          -130.316   -79.754   -31.589    -0.495    3.694    1.653
    -1.613   -36.800   -71.689   -72.767   -45.296   -35.146   -45.725   -54.168
   -75.615  -152.332  -273.637  -241.400   -98.393  138.490  225.293  191.519
  163.072  116.646   66.872   32.754   40.718   89.540  145.086  195.006
CT1750:295          -134.816   -86.936   -36.282    -1.138    7.225    6.993
    -2.087   -43.937   -75.236   -70.884   -27.323    2.014    6.170   18.516
   10.295   -39.092  -105.300   -95.039   -45.513   47.301  102.504  116.234
  129.907  114.501   69.945   31.157   45.908  101.737  146.597  187.464
CT1750:290          -139.347   -97.530   -49.171   -10.791    0.541    5.220
    5.597   -15.279   -32.588   -20.982   18.551   47.773   53.749   52.432
   40.345   15.348   -36.001   -47.053   -22.258   11.443   44.074   77.712
  112.885  111.741   66.242   24.832   36.299   84.306  132.460  175.445
CT1750:285          -137.238   -92.608   -48.463   -19.146   -16.669   -20.511
   -16.329    -8.979    0.758   19.731   50.467   70.841   77.793   74.419
   65.143   50.560   24.512   13.889   13.793   13.685   28.234   70.062
  114.266  115.550   75.911   32.609   41.174   83.967  122.515  160.198
CT1750:280          -139.212   -96.395   -49.805   -17.769   -27.911   -52.864
   -48.582   -18.517   11.484   34.725   70.464   92.127   96.588   90.418
   82.646   79.232   73.606   64.632   48.939   27.421   31.948   61.436
   97.699  101.253   68.780   36.754   48.253   86.610  118.948  148.541
CT1750:275          -143.739   -98.586   -49.417   -18.753   -36.239   -64.403
   -57.090   -21.051   15.804   39.028   67.927   82.991   85.077   77.310
   69.660   73.467   77.167   73.180   52.688   17.828   19.761   52.297
   87.658   90.401   70.537   53.283   62.199   87.072  112.504  139.503
CT1750:270          -146.453   -95.674   -47.683   -20.601   -39.132   -65.998
   -54.020    -4.008   45.887   56.194   45.196   37.576   33.418   30.383
   24.158   28.864   28.898   33.953   42.292   47.101   55.025   54.246
   53.464   50.994   45.095   42.869   59.505   89.277  115.383  139.840
CT1750:265          -159.786  -115.002   -62.908   -25.359   -32.334   -46.203
   -28.875   26.692   73.534   63.202   13.423   -18.444   -32.768   -27.851
   -36.399   -47.414   -60.831   -39.432   30.362  112.927  140.349   90.380
   22.274    8.456   17.203   30.217   50.936   81.188  111.440  138.593
CT1750:260          -162.999  -120.835   -77.931   -47.356   -39.503   -34.009
    -5.497   54.481   98.622   68.364   -20.146   -73.655  -105.035  -106.051
  -125.049  -193.374  -237.989  -192.428   -30.462  212.206  264.276  143.546
   15.417    -8.167   23.875   60.723   78.657   93.202  110.608  132.058
CT1750:255          -169.870  -126.737   -84.770   -52.502   -37.591   -18.906
   23.132   96.482  131.042  100.148   -18.041   -99.142  -142.284  -168.486
  -203.231  -331.733  -551.333  -533.001  -192.844  169.920  230.964  106.472
    0.463   -12.396   28.695   73.288   91.458  105.611  118.150  129.579
CT1750:250          -177.921  -139.265   -94.012   -54.458   -26.876    1.443
   52.497  188.450  272.882  241.149   81.080   -32.277   -66.932  -131.475
  -175.837  -200.156  -205.782  -157.180   -55.691   31.736   76.039   84.951
   49.304   36.212   59.326   82.113   93.303  110.697  122.337  129.903
CT1750:245          -170.102  -131.433   -92.201   -58.658   -36.517   -15.427
   37.044  181.907  278.152  270.494  250.790  250.000  142.769   -17.900
   -55.710    -4.113   99.798  162.340  237.527  375.614  392.483  249.523
  139.617  109.496   85.987   68.305   72.022   89.750  106.595  120.866
CT1750:240          -160.131  -123.791   -85.686   -55.663   -32.174    -8.052
    -2.852   -20.933   -58.628   -57.239   -50.655   -73.704   -49.282    -8.877
   18.988   55.449   75.318  116.367  214.198  265.256  284.074  277.932
  238.894  199.880  134.107   73.841   61.903   78.423   92.705  110.846
CT1750:235          -154.727  -118.776   -74.062   -37.676   -14.911    1.967
   -36.924  -168.161  -266.654  -330.708  -435.316  -483.272  -349.811  -112.019
   -11.368   45.936   94.468  135.766  163.028  179.578  201.495  238.275
  259.907  233.284  135.552   55.766   43.703   64.731   88.217  110.077
CT1750:230          -140.313   -98.990   -59.006   -33.109   -14.267    -1.972
   -46.867  -204.423  -330.022  -394.572  -467.106  -460.241  -351.449  -131.631
   -11.467   35.596   73.011  101.493  105.801  106.801  128.992  182.940
  224.517  211.978  140.445   65.845   55.733   83.527   98.951  110.905
CT1750:225          -147.510  -110.222   -68.821   -38.601   -22.408   -11.091
   -53.368  -165.962  -250.685  -295.871  -332.998  -327.673  -242.387  -105.743
   -24.836   10.772   56.857   73.276   43.514   30.929   52.176  124.085
  195.698  191.764  124.040   68.614   57.916   72.968   88.782  102.454
CT1750:220          -147.629  -105.032   -58.776   -29.765   -18.887   -15.089
   -45.017  -115.019  -170.713  -186.619  -177.484  -141.821  -108.749   -58.708
    -8.642   19.320   34.495   26.968   -14.519   -52.253   -34.552   72.391
  180.575  186.712  116.171   54.641   47.099   66.858   79.440   92.961
CT1750:215          -141.497   -92.478   -48.381   -22.474   -15.792   -18.401
   -38.769   -89.790  -125.437  -130.956  -145.106  -122.656   -19.590   58.088
   83.422  166.243  163.248  129.568   18.657   -96.154   -83.046   76.927
  205.737  205.147  118.450   44.165   33.010   50.137   71.233   91.382
CT1750:210          -147.374  -104.593   -55.993   -25.022   -19.508   -19.158
   -34.600   -86.303  -114.778   -95.411   -59.226   -23.115  181.862  573.639
  695.452  491.928  309.270  256.690  124.060    6.963    0.609   90.438
  164.815  155.664   84.194   36.985   38.071   59.761   75.771   92.697
CT1750:205          -137.891   -97.685   -58.562   -35.393   -33.763   -40.188
   -52.956   -90.978  -110.158   -66.659   47.044  113.015  127.149  122.947
  138.319  173.380  190.496  191.843  172.566  141.104  117.048   67.751
   21.468   17.399   28.962   32.272   37.599   55.052   75.620   94.348
CT1750:200          -135.541  -104.786   -72.903   -51.186   -48.066   -50.360
   -56.494   -79.459   -83.780   -47.919   27.539   57.322   -67.170  -381.106
  -449.208  -207.292   83.781  149.600  170.916  187.717  163.108   79.858
   10.659    -2.615   14.640   33.084   46.599   64.001   79.826   94.650
CT1750:195          -131.526  -114.382   -94.031   -77.667   -66.843   -57.093
   -53.670   -65.714   -63.145   -36.134    9.921   35.124   -30.535  -119.869
  -106.658   -55.333   81.920  125.029  133.394  137.907  116.319   61.716
   10.904    4.776   29.516   49.123   60.002   70.857   82.231   93.939
CT1750:190          -126.460  -113.894  -100.946   -88.070   -73.944   -59.573
   -47.412   -47.047   -31.773    0.804   32.301   86.898  138.989  226.280
  257.016  203.491  150.325  119.346  102.689   90.094   62.668   31.843
    9.383   10.494   41.919   70.609   81.932   84.774   89.962   96.156
CT1750:185          -128.992  -113.009   -94.467   -78.178   -65.766   -52.563
   -33.004   -28.011    6.866   69.671  129.164  246.951  464.542  761.961
  805.839  610.048  321.864  181.536  127.031   84.914   42.832    8.483
   -18.754   -11.089   37.106   77.144   88.812   88.451   93.036   99.011
CT1750:180          -129.919  -109.801   -89.757   -72.626   -64.508   -58.140
   -29.557   -14.841   46.716  193.933  388.483  570.452  901.755 1314.786
 1316.765  968.067  478.053  269.952  174.988   88.986   37.309   14.733
    -3.806    7.197   49.100   81.498   95.697  101.135  106.425  110.125
CT1750:175          -131.889  -102.908   -77.309   -58.033   -58.486   -62.230
   -24.241    9.690  119.937  471.543  902.257 1023.620 1344.060 1503.758
 1399.552  982.982  464.072  283.812  178.605   62.695   13.381    6.790
    3.903   22.771   63.934   96.565  110.321  114.321  118.454  118.202
CT1750:170          -138.212  -111.165   -87.326   -68.745   -66.860   -58.403
    -5.803   41.644  127.620  638.515 1781.176 2158.307 1608.948  896.648
  702.506  498.364  359.308  280.751  115.602   -22.554   -42.365   -14.482
    6.111   33.855   80.526  115.893  130.191  128.161  121.782  113.831
CT1750:165          -144.964  -125.902  -107.633   -86.594   -69.709   -48.103
    4.637   89.082  150.739  284.801  686.924  783.530  162.979  -629.461
  -763.197  -437.340   -69.516    -6.663   -40.460   -55.995   -48.307   -32.580
    -8.790   27.163   98.540  148.638  152.539  129.237  115.265  101.501
CT1750:160          -151.789  -137.571  -122.943  -102.812   -78.147   -40.960
   11.194  145.166  190.367  -289.420 -1510.393 -2043.936 -1770.741 -1517.607
-1434.997  -989.927  -513.387  -348.175  -205.052   -98.262   -66.257   -77.526
   -70.520   -28.170   60.586  128.164  140.655  121.181   97.545   76.372
CT1750:155          -150.231  -139.684  -134.187  -115.032   -80.533   -36.064
   18.465  135.906  147.922   -14.416  -190.789  -284.806  -539.723  -608.622
  -572.082  -448.466  -239.228  -139.053  -108.473   -67.596   -46.202   -81.711
   -91.811   -52.004   38.980  102.265  106.924   81.870   69.649   56.685
CT1750:150          -157.030  -143.362  -129.237  -106.714   -80.002   -39.419
   32.017  169.754  229.059  248.762  339.954  289.224   34.866  -267.113
  -324.110  -262.007  -187.911  -120.113   -62.778   -23.149   -10.434   -51.456
   -68.949   -35.782   43.133  103.831  113.449   91.619   68.662   50.580
CT1750:145          -160.359  -139.828  -118.918   -89.643   -68.506   -36.380
   56.505  229.465  341.614  389.820  421.342  337.327  158.695  -149.280
  -256.178  -207.378  -161.793  -118.969   -53.304    -9.369    -0.350   -37.654
   -55.300   -23.632   48.292  104.422  103.667   74.191   59.065   45.382
CT1750:140          -162.524  -137.296  -111.128   -82.394   -61.426   -23.762
   92.656  324.515  462.731  470.337  421.949  328.461  143.706  -111.541
  -213.844  -179.204  -124.948  -102.423   -82.643   -66.413   -51.563   -53.177
   -45.771    -9.905   60.196  107.863  110.307   87.249   65.943   47.945
CT1750:135          -153.316  -128.874  -102.967   -69.899   -45.229    -4.894
  118.765  407.880  588.015  529.196  328.235  190.102   65.938   -77.518
  -144.006  -134.285  -114.216  -109.722  -110.920  -110.874   -87.339   -44.035
    -1.537   30.430   69.941   99.183   98.851   83.808   72.978   61.062
CT1750:130          -141.023  -117.259  -100.170   -72.756   -41.378    6.775
  140.919  432.018  590.673  471.297  134.296   -35.433   -68.240   -31.667
   -49.230   -71.709   -89.503   -96.152  -115.440  -141.429  -102.560   -16.532
   48.713   74.201   83.895   92.879   90.550   80.144   73.046   66.769
CT1750:125          -141.055  -116.691   -96.288   -66.789   -30.842   23.535
  163.113  457.896  593.217  417.717   -48.301  -253.902  -187.927   -23.772
   -12.587   -72.794  -137.461  -151.759  -100.930   -34.144   10.023   43.989
   77.474   95.117   86.038   82.211   81.155   78.049   75.304   72.757
CT1750:120          -135.042  -109.980   -85.955   -50.073    -6.219   49.685
  153.776  391.392  494.574  316.528   -80.616  -241.037  -126.422   71.386
   54.958  -169.135  -409.890  -446.438  -267.311   -66.344   15.774   52.833
   85.371  105.570   94.940   88.481   83.822   77.378   73.953   71.513
CT1750:115          -130.791   -99.522   -74.411   -42.062    8.892   71.862
  146.165  276.272  316.871  172.274   -90.174  -162.423   49.825  341.755
  303.301  -200.930  -778.325  -810.193  -455.896  -159.782   -58.479   13.498
   81.885  109.090  103.504  104.269  105.156  103.178   98.296   90.716
CT1750:110          -138.337  -105.976   -77.862   -38.761   17.562   76.200
  106.689  129.860  113.510    -4.020  -176.730  -209.322   62.520  487.600
  456.382   -72.492  -501.867  -544.633  -441.373  -326.038  -237.745   -74.701
   62.787  102.442  105.738  110.997  115.621  118.732  116.210  107.513
CT1750:105          -172.637  -130.817   -83.385   -30.595   34.396   82.387
   79.080   43.635   -10.433  -127.169  -307.731  -360.652  -289.828  -251.485
  -267.711  -246.869  -167.096  -210.815  -370.769  -417.412  -286.693   -56.450
   64.038   85.355   93.520  106.384  112.307  112.742  114.420  116.530
CT1750:100          -190.591  -139.948   -84.828   -29.694   55.477  115.637
   98.512   39.624   -13.452  -128.216  -268.624  -318.738  -387.568  -474.618
  -491.023  -553.067  -689.005  -545.616   -71.225  212.408  216.284   79.006
   28.765   35.106   61.732   82.691   90.978   93.688  102.517  113.242
CT1750:095          -188.864  -150.409   -99.817   -31.410   79.795  144.280
   95.919   -52.172  -144.205  -185.921  -215.090  -230.412  -216.241  -152.335
  -144.039  -215.445  -194.960   -69.788  292.636  539.009  492.041  166.471
   -22.795   -24.487   58.808  107.546  115.716  107.167  100.837   99.205
CT1750:090          -172.825  -139.790  -103.583   -58.765   47.247  114.643
   19.597  -199.155  -311.412  -294.120  -225.538  -195.767  -156.519  -129.948
   -87.388    6.473  114.709  211.630  388.895  502.784  438.625  151.273
   -32.106   -41.153   52.104  107.700  114.139  102.298   98.403   95.074
CT1750:085          -173.222  -135.653   -90.605   -39.230   46.148   68.635
   -64.184  -352.893  -473.656  -410.123  -251.479  -184.622  -157.606  -134.267
   -84.229   -22.188   47.907  121.225  223.561  269.306  229.631   73.253
   -26.724   -27.095   50.023   97.165  108.520  105.470  103.923  104.444
CT1750:080          -175.253  -138.019   -92.475   -63.706   -12.162    1.026
  -142.175  -487.955  -620.140  -510.864  -286.906  -202.032  -182.125  -166.204
  -105.100   -45.621   -29.395   50.863  179.272  221.139  177.754   70.976
   13.849   14.407   56.192   81.396   93.653  101.154  111.136  120.110
CT1750:075          -167.374  -126.733   -79.016   -52.166   -30.083   -49.563
  -197.033  -479.405  -585.901  -486.384  -282.950  -193.487  -166.761  -151.950
   -67.928  148.748  292.117  314.248  230.892  158.689  126.218   75.377
   46.074   48.958   67.464   82.844   97.249  110.459  122.141  132.614
CT1750:070          -160.005  -116.510   -73.685   -57.953   -53.082   -79.222
  -201.573  -431.368  -511.660  -415.112  -230.740  -145.252  -108.968   -79.197
    2.493  317.885  615.153  526.796  171.384   16.767    9.124   38.992
   64.550   78.249   75.279   76.983   90.560  108.946  124.690  137.057
CT1750:065          -168.564  -131.345   -81.725   -64.345   -57.910   -71.575
  -166.878  -367.548  -428.136  -336.436  -180.606  -107.894   -51.804   -14.613
    -6.833   -32.106   -43.424   -86.112  -213.980  -267.814  -197.371    -9.521
   89.312  105.650   94.264   96.278  105.330  114.185  123.066  133.632
CT1750:060          -144.718   -98.216   -55.498   -44.167   -62.086   -97.062
  -167.245  -293.397  -330.336  -228.059   -55.888   11.320   21.744   24.656
   -41.666  -421.748  -780.059  -712.384  -413.539  -255.432  -177.522   -25.569
   67.456   89.337   79.669   79.187   90.415  105.646  119.412  133.275
CT1750:055          -135.438   -90.708   -46.828   -37.126   -73.864  -116.100
  -151.130  -191.840  -191.824  -114.549    8.263   58.636   48.641   11.786
   -31.088  -113.960  -121.568  -147.476  -102.778    -6.053   18.755   20.444
   38.211   51.752   54.494   61.218   74.634   92.199  110.772  132.126
CT1750:050          -135.954   -97.853   -51.654   -38.709   -85.851  -129.284
  -141.815  -140.042  -125.935   -65.120   20.748   54.997   43.317    7.860
    -1.406   40.025   66.069   78.955   93.398   96.652  103.265   62.260
   35.632   34.121   36.956   45.097   60.571   82.279  104.332  126.167
CT1750:045          -129.264   -82.413   -42.114   -32.043   -72.242  -111.190
  -117.512  -106.994   -93.631   -59.429   -10.719    8.219    -0.622   -22.994
   -24.095   27.432   59.502   83.610  113.016  120.820  123.408   70.724
   38.253   37.249   41.000   47.647   64.799   87.417  104.789  119.476
CT1750:040          -147.771  -106.569   -57.527   -38.612   -62.784   -81.932
   -85.183   -81.225   -76.983   -67.366   -53.114   -50.261   -61.521   -79.384
   -98.172  -108.567  -127.060   -97.208    -6.135   64.438   94.130   73.532
   67.179   69.926   62.847   61.728   72.826   89.906  104.153  117.088
CT1750:035          -147.955  -107.494   -61.426   -36.416   -40.566   -45.031
   -48.129   -53.025   -56.956   -66.110   -78.459   -89.228   -96.964  -107.785
  -169.372  -309.294  -402.033  -376.914  -219.095   -76.419    0.364   61.897
  104.686  108.942   78.660   68.662   79.129   95.130  108.355  121.223
CT1750:030          -147.345  -105.885   -67.068   -42.772   -26.362   -14.169
   -18.527   -34.915   -48.647   -65.528   -82.008   -97.723  -102.240  -113.632
  -219.996  -520.881  -733.211  -681.628  -411.469  -215.092   -96.417   33.340
  115.653  125.545   83.159   68.531   81.219  100.713  116.849  133.263
CT1750:025          -156.215  -116.834   -73.304   -37.154    -9.481    7.377
    1.448   -23.976   -44.074   -60.742   -73.023   -86.854   -86.728  -100.322
  -221.190  -537.453  -754.170  -694.842  -405.901  -214.043  -105.036   -11.597
   62.123   87.064   69.534   74.462   91.804  112.179  131.604  148.978
CT1750:020          -159.865  -120.231   -83.347   -46.421    8.706   43.630
   35.050    -1.239   -24.715   -58.455   -89.504   -94.914   -49.460   -43.847
  -157.112  -413.165  -561.090  -565.407  -388.708  -240.836  -150.598   -89.682
   -25.338   33.810   71.018   99.880  120.017  135.424  149.406  160.030
CT1750:015          -174.722  -124.447   -71.488   -22.770   30.547   60.661
   46.772    4.020   -20.805   -61.364  -106.766   -93.774   47.850  126.953
    -5.688  -404.087  -695.026  -693.926  -518.620  -400.644  -287.748  -151.581
   -44.947   20.622   62.559  102.117  125.016  137.968  149.361  159.194
CT1750:010          -180.884  -125.161   -64.388   -19.894   22.933   50.339
   35.373    -8.368   -28.679   -50.908   -66.879   -42.495  137.144  267.453
  113.474  -328.061  -586.182  -666.601  -637.044  -579.537  -432.923  -210.835
   -75.535    7.954   53.001   95.898  123.712  138.662  156.076  170.654
CT1750:005          -175.822  -115.601   -58.008   -18.015   13.142   32.170
   16.797   -26.716   -42.894   -31.495   -17.619    -7.857   47.537   71.200
   -60.848  -451.894  -742.342  -798.839  -705.878  -617.377  -521.337  -281.840
  -105.100    -7.477   38.257   86.393  113.892  129.794  147.973  167.661
CT1751:360          -182.557  -118.247   -47.431    -6.941    3.214   14.251
   14.263    8.356    4.742   22.411   52.343   47.798   -39.420  -119.562
  -132.991  -123.004  -191.746  -411.781  -888.426 -1096.684  -915.037  -394.027
  -143.507   -38.661    -8.983   47.494   85.796  114.675  149.871  183.934
