
filled_synop: 30 data points in equal steps of sine latitude from +14.5/15 to  -14.5/15

CT1747:360           -64.326   -71.419   -74.107   -70.374   -62.131   -61.429
   -67.165   -73.315   -73.487   -58.989   -38.357   -49.839   -83.175  -128.339
  -224.756  -382.010  -437.534  -534.852  -577.979  -489.392  -291.613   38.783
  158.307   77.338    3.462   20.990   52.151   86.012  134.409  181.159
CT1747:355           -49.629   -58.020   -64.216   -69.150   -71.916   -74.412
   -81.053   -87.429   -87.171   -77.642   -70.572   -82.467   -94.649  -116.371
  -222.848  -497.501  -721.603  -775.281  -792.205  -749.989  -481.258   -90.852
   49.413   32.069   11.602   26.274   36.276   67.210  120.854  175.165
CT1747:350           -33.901   -44.753   -55.134   -66.049   -76.731   -79.834
   -72.333   -60.071   -55.592   -58.331   -53.901   -58.357   -64.475   -75.137
  -158.371  -368.412  -540.310  -614.650  -737.724  -754.632  -528.648  -218.313
   -85.088   -19.214   28.292   43.014   37.486   63.147  111.940  167.072
CT1747:345           -19.557   -34.600   -51.146   -70.937   -89.598   -93.891
   -78.281   -59.227   -53.767   -64.390   -74.567   -60.637    -8.456   19.249
   23.561  113.632  147.319   27.201  -157.237  -207.112  -229.358  -219.193
  -151.704   -47.220   31.242   51.406   50.980   77.168  124.143  167.892
CT1747:340           -17.273   -36.020   -54.793   -77.961  -101.912  -106.483
   -90.576   -73.393   -64.728   -64.993   -62.561   -34.562   57.521  118.539
  106.519  134.656  204.715   31.832  -149.123  -126.067  -190.551  -153.302
   -86.304   -20.171   25.804   46.374   54.760   79.732  119.153  159.617
CT1747:335           -27.223   -43.063   -59.843   -79.768   -98.361   -98.895
   -78.771   -59.950   -47.982   -44.864   -35.377   -11.971   70.920  146.865
   52.673  -456.454  -935.060  -843.937  -910.801 -1083.617  -595.320   -50.386
   46.115   23.408   17.050   32.990   49.150   75.756  115.141  154.042
CT1747:330           -40.743   -50.318   -60.129   -72.961   -88.622   -85.959
   -62.885   -30.790   -10.347   -31.259   -45.696   -32.869   22.636   59.015
   22.903   15.112  138.994   84.216  330.356  635.103  286.740   59.938
   55.192   25.836    2.411   14.339   36.426   63.971  106.542  148.082
CT1747:325           -33.135   -51.745   -70.320   -92.803  -112.658  -108.431
   -86.709   -53.792   -16.493   10.615   22.097   27.195   47.355   32.845
    4.942   23.980   84.298  122.004   -34.120  -194.624   19.263  101.074
   63.844   26.693    -0.127    1.727   16.843   41.864   90.366  148.476
CT1747:320           -16.483   -43.309   -66.779   -97.926  -129.699  -121.045
   -86.622   -62.867    -1.775  186.656  296.291  290.366  190.360   29.190
   -44.651  -189.666  -264.983   34.265  896.602 1261.079  828.952  201.380
   58.327   46.045   33.278   25.761   21.841   46.219  114.589  174.793
CT1747:315            0.442   -30.492   -67.992  -115.837  -160.877  -143.975
   -21.437  108.999  196.928  443.329  748.206  745.888  335.854   13.718
   -69.661  -241.535  -317.403   20.961  855.101 1140.984  770.132  198.643
   41.054   42.502   42.820   36.329   34.355   52.484  105.618  165.229
CT1747:310            6.274   -27.325   -63.917  -110.141  -153.787  -141.710
   -10.397  150.186  187.116  165.390  219.697  224.303   85.184    -8.214
   -16.293   -31.965    -3.319   93.650  164.388  138.869  175.251   86.317
   22.117   29.522   44.510   44.263   37.976   55.549  111.573  178.722
CT1747:305            -6.711   -34.082   -59.134   -91.288  -119.310  -127.597
  -147.711  -193.090  -238.868  -488.443  -907.960  -907.976  -372.126   -18.147
   57.206  165.956  282.622  281.168  203.273  189.872  128.005   36.053
    -4.928   23.055   53.856   49.397   26.719   54.668  142.927  215.993
CT1747:300           -14.564   -37.892   -60.166   -83.561  -102.548  -118.275
  -147.635  -169.259  -222.946  -404.609  -486.867  -452.801  -237.002    5.273
   58.709   50.620   65.439  159.695  314.734  369.554  254.468   65.312
   13.980   24.573   35.462   37.885   38.421   59.725  117.979  183.985
CT1747:295           -15.378   -38.495   -57.981   -74.885   -90.864   -94.422
   -75.137   -59.179   -79.094  -121.289  -121.684   -99.842   -41.601    0.492
   -55.099  -267.201  -355.720  -166.719  259.511  415.777  314.099  128.208
   79.779   58.589   46.604   47.876   52.398   71.491  110.546  157.132
CT1747:290           -15.127   -34.063   -50.521   -67.888   -82.940   -74.886
   -31.368    3.146   10.888   15.173   12.176   15.888   32.769    5.316
  -187.670  -657.135  -853.612  -628.426  -102.166  109.580  136.970  115.176
  116.374   80.097   61.463   65.780   67.424   85.020  120.649  152.856
CT1747:285           -15.979   -33.702   -49.329   -68.250   -87.716   -77.590
   -26.934   17.391   36.078   44.976   47.073   46.100   62.240   29.899
  -198.434  -722.199  -970.861  -872.991  -589.563  -426.430  -224.759   -17.616
   57.246   62.579   74.467   83.121   76.272   87.172  113.869  143.897
CT1747:280           -21.984   -36.002   -50.876   -70.327   -85.962   -71.369
   -20.745   27.010   50.472   58.615   66.050   71.596   94.818   84.670
   -15.034  -220.981  -395.330  -499.819  -641.866  -653.460  -458.917  -190.791
   -77.244    9.350   75.041   90.413   83.522   97.847  124.688  149.121
CT1747:275           -31.831   -40.641   -50.578   -70.280   -92.496   -77.277
   -21.860   33.739   65.060   82.488   95.681  106.990  125.223  120.157
  121.721  263.039  346.556   15.653  -518.581  -645.956  -528.885  -299.756
  -180.438   -40.826   63.119   91.298   96.225  113.677  134.280  153.846
CT1747:270           -52.293   -59.510   -70.507   -89.999  -103.365   -83.942
   -25.827   31.385   68.291  107.679  136.626  150.145  152.723  141.252
  126.032   61.516   -28.192  -120.356  -354.988  -440.930  -368.236  -234.861
  -181.502   -57.381   48.710   79.747   98.995  118.852  131.435  144.246
CT1747:265           -77.987   -80.658   -80.341   -81.120   -80.921   -58.032
    -6.763   45.442   79.766  121.968  153.852  167.772  174.262  191.474
  182.130   61.197   -18.316   77.942  174.083  146.771  125.634   14.749
   -34.740   -11.324   11.262   38.676  100.983  125.006  126.214  134.420
CT1747:260          -101.047   -94.847   -86.245   -77.194   -65.648   -40.242
   10.073   58.157   80.427   94.118  108.950  114.883   86.295   72.365
  151.578  349.424  529.982  771.911 1340.464 1529.223 1089.492  499.286
  312.067  158.893   37.829   24.014   68.517   94.071  112.636  129.471
CT1747:255          -124.013  -111.211   -93.936   -69.485   -43.607   -21.193
    5.226   25.988   24.209   -22.321   -76.579   -77.048   -52.553   -28.290
   63.558  238.496  395.461  625.994 1005.863 1120.935  971.421  705.744
  536.956  277.850   78.931   49.766   73.731   77.367   94.208  111.490
CT1747:250          -121.858  -105.839   -86.666   -64.834   -43.167   -23.636
    1.326   20.291    4.942   -73.364  -143.271  -149.924  -105.362   -59.223
    -5.476   60.648  151.104  288.693  308.427  311.781  504.734  576.340
  473.119  259.684   88.239   46.291   64.600   77.887  100.790  121.391
CT1747:245          -113.287   -98.516   -83.266   -66.424   -48.752   -34.003
   -10.884    7.041   -14.081   -91.875  -153.410  -168.916  -132.196  -117.036
  -135.063  -196.508  -147.790   55.196  524.205  763.075  650.420  514.259
  426.635  238.124   97.169   66.878   82.014   88.048  108.836  135.316
CT1747:240           -99.859   -88.292   -78.256   -70.764   -62.301   -55.156
   -43.450   -35.668   -54.891  -112.081  -166.212  -189.195  -138.542  -130.391
  -300.646  -793.262  -960.515  -640.766  135.866  471.571  458.790  343.988
  308.425  206.560  123.740  107.864  116.335  119.350  142.248  157.960
CT1747:235          -104.423   -88.555   -75.535   -65.234   -54.195   -46.916
   -41.378   -38.980   -57.706   -98.674  -131.330  -164.535  -164.025  -204.218
  -442.554 -1104.721 -1371.808  -994.999  -157.707  191.877  248.391  238.755
  236.963  195.541  163.846  138.683  117.814  111.924  129.921  148.961
CT1747:230          -126.114  -102.255   -78.996   -56.784   -37.881   -27.789
   -22.987   -24.262   -42.059   -77.336  -114.083  -155.079  -178.011  -227.316
  -454.990 -1088.664 -1365.149 -1034.297  -324.852   -33.744   80.848  142.052
  170.912  155.702  141.982  129.070  112.498  111.518  126.813  144.416
CT1747:225          -159.857  -126.227   -92.525   -49.958    -7.610    7.229
    -0.525    -9.941   -27.213   -49.825   -66.056  -111.553  -192.610  -271.785
  -376.517  -632.936  -730.263  -590.599  -223.910   -34.885   39.482  122.492
  163.307  153.223  149.744  144.057  125.240  125.900  144.537  156.452
CT1747:220          -156.596  -128.738   -96.529   -58.167   -24.896   -12.293
   -18.208   -30.652   -47.350   -71.598  -105.882  -137.820  -186.373  -212.506
  -124.443  185.813  357.057  201.494  -111.650  -161.553   -76.220   24.454
   75.655  120.372  147.345  141.628  118.298  113.639  124.543  139.703
CT1747:215          -131.544  -113.281   -93.120   -65.658   -34.567   -22.068
   -21.421   -24.236   -40.254   -70.988   -98.291  -122.973  -176.712  -182.102
    -7.877  380.610  511.566  326.225   -70.327  -191.130  -154.735  -100.525
   -43.338   55.272  116.248  115.427   97.491  102.445  116.262  130.231
CT1747:210          -102.931   -91.402   -74.490   -53.926   -35.568   -28.190
   -26.444   -27.316   -40.503   -68.923   -97.304  -111.719  -132.984  -110.992
   26.479  266.846  332.558  202.900   -28.630  -116.013  -130.980  -112.609
   -58.759   39.573   96.427  100.628   87.240   93.543  110.964  126.778
CT1747:205           -86.356   -79.387   -66.488   -47.079   -27.407   -22.856
   -29.003   -35.018   -45.506   -60.829   -75.475  -100.093  -147.430  -137.701
   -53.398   80.723  115.736   51.896   -43.661   -95.047  -118.018  -113.564
   -55.907   61.167  124.279  116.686   85.072   85.929  100.521  119.085
CT1747:200           -72.735   -65.798   -54.964   -39.756   -25.421   -27.464
   -45.089   -58.709   -66.642   -74.498   -81.214  -111.472  -181.955  -181.334
  -103.373   18.167   55.550   21.931   -33.121   -85.011  -146.681  -169.553
  -106.066   50.892  140.065  133.019   96.351   94.314  107.772  121.374
CT1747:195           -62.729   -51.348   -42.514   -33.883   -26.839   -34.618
   -59.986   -77.381   -81.023   -84.633   -70.716   -24.921   42.469   88.377
  151.538  217.693  213.907  128.345    9.761   -60.508  -138.045  -188.871
  -123.858   62.073  155.365  148.390  104.139   99.814  108.971  121.358
CT1747:190           -64.445   -47.370   -36.549   -30.081   -26.910   -36.782
   -70.993   -96.486   -89.115   -65.004   -27.867   80.900  311.058  439.390
  438.049  357.302  303.246  220.893  107.764   33.195   -69.471  -152.441
  -109.434   50.551  141.684  146.322  112.412  107.380  116.892  124.636
CT1747:185           -85.300   -57.395   -37.128   -19.988    -6.777   -19.064
   -69.154  -102.339   -87.189   -36.322   22.059  108.945  301.972  427.690
  402.403  295.841  247.089  206.540  149.921   91.532   -14.960  -116.265
   -92.187   38.524  124.839  134.968  115.773  115.370  119.012  124.127
CT1747:180          -121.453   -89.441   -56.319   -21.497    4.389    2.529
   -45.731   -77.165   -59.268   -14.752   17.122   48.481   54.792   37.974
   59.205  106.446  115.347  121.905  144.575  117.198   11.810   -91.820
   -76.546   38.384  115.414  129.550  114.090  111.415  117.773  127.384
CT1747:175          -159.345  -131.097   -98.182   -46.459    2.780   13.292
   -21.311   -44.730   -15.793   85.108  163.048  147.792    -2.226   -96.323
   -83.019    -6.096   25.406   46.160   79.900   64.162   -10.385  -100.414
   -81.452   44.100  124.690  127.522   93.600   98.279  118.214  134.221
CT1747:170          -156.558  -124.586   -88.437   -44.784    -8.942    0.486
   -19.128   -26.677   11.805  130.331  216.807  194.855   57.047    -5.596
   -25.126    -7.353    9.191   21.644   51.733   40.417   -27.133   -91.695
   -65.903   47.841  127.516  133.730  104.049   99.470  109.295  125.024
CT1747:165          -144.497  -116.904   -86.046   -48.191   -14.783    -4.782
   -25.235   -34.044    1.467  106.290  192.205  176.887   68.056   34.869
    1.487    -3.906    -4.681   -10.595    9.108    -2.739   -63.085  -110.175
   -74.606   41.934  123.063  130.791  102.075   97.885  107.354  121.731
CT1747:160          -139.874  -119.440   -96.225   -63.966   -32.510   -20.296
   -31.265   -32.821   -11.027   11.277   48.477   67.326   33.362   29.212
   10.076   21.304    0.136   -49.468   -81.687  -104.369  -129.835  -131.487
   -86.846   39.905  124.261  130.061  105.691  108.198  116.615  124.887
CT1747:155          -139.278  -116.100   -90.039   -58.925   -31.744   -24.182
   -46.267   -51.425   -26.960   -45.948   -13.103  135.270  363.593  337.021
  374.364  271.789  112.891   -36.827  -194.506  -241.296  -166.685   -89.306
   -38.435   48.635  101.588  110.078  106.815  111.222  119.526  130.826
CT1747:150          -129.625  -103.193   -77.851   -48.764   -20.687    -9.779
   -40.406   -47.637   14.049  100.076  222.581  551.537 1654.328 2370.458
 1917.335  662.962  146.282    -2.363  -129.753  -159.796    6.135  188.450
  208.366  113.779   66.903   74.020   89.797  101.366  119.666  135.366
CT1747:145          -109.614   -82.302   -56.685   -33.364   -14.132    -0.797
   -23.530   -12.554   87.468  277.931  453.431  632.299 1166.246 1519.062
 1182.328  417.825   98.560   36.175   27.481   42.206  162.826  296.750
  300.508  178.195  102.378   99.764  118.533  131.119  141.491  142.752
CT1747:140           -94.416   -70.348   -47.576   -27.614    -9.135   18.867
   17.163   67.536  225.859  514.064  671.692  515.700  -271.081  -912.194
  -679.389   -78.306   44.321   22.588   10.579   41.485  178.147  299.807
  294.271  172.418  101.441  107.161  133.021  139.834  137.965  131.628
CT1747:135           -82.763   -61.543   -40.364   -25.881   -10.914   34.988
   66.944  147.362  371.722  934.693 1281.685 1010.867   45.516  -487.609
  -496.064  -146.764   -20.151    -4.457    6.360   40.193  121.822  194.053
  192.636  119.319   80.290   96.795  135.429  140.118  125.356  116.045
CT1747:130           -88.924   -69.536   -50.807   -39.955   -30.892   13.965
   43.320  140.039  484.801 1321.447 1755.981 1467.839  539.137   45.449
  -128.241  -130.534  -109.498   -61.399   -14.093   23.459   61.539   96.816
   96.382   62.281   48.677   73.705  120.590  137.320  135.240  129.106
CT1747:125           -93.308   -74.839   -59.642   -49.850   -33.197   23.107
   73.968  169.336  469.662 1231.865 1563.686 1297.160  370.920  -190.557
  -289.153  -195.316  -151.378   -91.245   -34.804    1.726   11.601   16.145
   20.597   17.108   24.226   52.524   99.636  125.255  130.616  130.354
CT1747:120          -100.437   -79.483   -54.846   -37.924   -18.159   47.798
  164.942  269.643  412.683  847.255 1104.709  798.383  -136.394  -620.962
  -595.055  -283.898  -152.521   -85.552   -30.620    7.012   11.548   11.733
   12.761    -6.747    -6.941   27.565   85.276  107.922  110.346  120.896
CT1747:115          -111.671   -81.833   -51.854   -22.549   14.719   77.800
  211.606  287.656  172.887  -255.784  -562.816  -666.352  -753.970  -797.471
  -638.456  -280.689  -124.556   -56.040    -3.425   31.705   49.314   65.487
   56.790    5.888    -7.767   27.623   89.249  121.902  128.444  125.474
CT1747:110          -122.118   -86.491   -53.066   -19.662   13.691   35.504
  118.691   99.824  -253.233 -1174.087 -1712.083 -1544.762  -780.329  -363.097
  -244.096  -127.438   -43.073   -27.935   -16.018   11.908   44.533   71.411
   64.084    7.901   -10.092   36.295  105.845  127.042  118.061  110.914
CT1747:105          -124.258   -94.801   -64.676   -26.173    8.526    -9.575
   -23.481  -114.661  -493.347 -1322.631 -1699.238 -1396.173  -426.038   91.451
  122.247   -34.906   -76.240  -111.570  -179.056  -157.690   -14.995   71.713
   77.044    8.006   -10.760   42.192  119.619  139.692  123.796  112.389
CT1747:100          -116.763   -90.317   -64.410   -27.651    -2.656   -51.461
  -120.442  -225.954  -491.822 -1047.273 -1267.514  -961.884  -132.920  290.962
  302.929   48.759   -87.104  -168.658  -182.080  -159.817   -79.126   52.067
   95.193   13.196    -9.340   35.304  108.310  142.267  144.494  133.959
CT1747:095          -103.056   -79.160   -61.996   -34.112   -17.650   -80.656
  -222.613  -373.932  -511.143  -742.758  -849.624  -575.499  136.511  515.259
  469.020  192.319   13.150  -426.231  -977.799 -1019.125  -539.281   -27.578
   68.421    -8.069   -16.801   33.204  101.704  126.239  121.632  127.247
CT1747:090          -104.685   -81.919   -63.033   -33.766   -16.261   -72.392
  -178.670  -280.636  -378.750  -497.559  -520.932  -317.164  158.118  410.884
  373.225  169.792   10.670  -536.707 -1305.624 -1370.039  -723.288  -121.028
    -0.518   -11.811    6.026   45.733  100.402  131.978  139.673  144.282
CT1747:085          -107.137   -83.614   -62.203   -37.974   -23.760   -50.703
  -108.314  -181.519  -265.768  -382.257  -419.455  -305.400   -32.773  120.623
  146.949   90.246   27.514  -342.809 -1017.998 -1073.787  -495.671   -98.018
   -30.920   -12.316   15.855   51.781   99.196  130.295  147.410  160.268
CT1747:080          -121.875   -90.845   -65.751   -40.317   -19.852   -21.120
    -2.459   -24.862  -137.355  -395.269  -522.307  -469.366  -287.471  -178.290
   -96.142   -35.720    2.952  271.600  819.357  877.745  364.648   33.763
   14.826   17.108   23.796   59.627  108.691  132.535  147.157  161.472
CT1747:075          -152.619  -110.660   -68.811   -26.469   11.502   40.962
  102.514   98.996   -45.982  -439.092  -679.459  -623.212  -367.834  -241.028
  -214.803  -211.760  -124.826  259.504  861.512  938.360  488.032  107.060
   58.856   67.348   71.478   87.992  109.940  127.173  144.583  160.075
CT1747:070          -189.043  -137.967   -85.732   -26.274   28.887   71.487
  161.212  181.206   61.999  -235.857  -389.351  -397.481  -271.922  -203.891
  -262.369  -459.591  -456.911  -288.024  -234.215  -174.758   28.529   70.992
   59.333   95.212  113.078  113.093  107.835  119.306  139.960  158.471
CT1747:065          -205.774  -154.443  -100.118   -43.016   10.432   58.793
  141.679  161.434   69.265  -152.960  -288.931  -279.761  -163.102  -117.027
  -183.025  -334.061  -314.368  -141.961  147.439  225.590  126.985   83.196
   80.581  111.642  124.047  112.873   91.631   96.389  119.489  145.453
CT1747:060          -215.945  -165.952  -114.438   -53.942    7.180   48.744
   97.267  108.279   45.847   -89.755  -169.593  -162.243   -90.159   -70.644
   -96.656  -157.631  -118.385   91.452  361.956  421.410  282.290  162.428
  139.328  132.923  124.350  106.547   83.298   87.012  112.180  140.238
CT1747:055          -217.521  -162.683  -104.867   -42.184   14.088   48.957
   82.621   93.165   56.689   -24.529   -71.844   -61.986   -18.711   -11.974
   -33.274   -72.609   -47.476  103.589  255.670  311.466  279.865  227.700
  207.120  158.345  127.450  109.438   94.207  100.745  121.807  137.683
CT1747:050          -214.007  -157.249  -101.357   -37.836   22.119   55.579
   82.766   91.350   70.530   26.983    -1.390    -0.021   13.746    6.194
   -39.063  -105.706  -135.478  -141.933  -116.204   -46.018  121.912  246.600
  246.614  152.237  117.985  105.019   92.562   94.550  111.176  129.555
CT1747:045          -215.857  -154.502   -91.724   -23.827   32.401   57.880
   72.344   74.046   52.677   14.066    -6.793    -9.142    -3.985    -8.474
   -49.317  -109.739  -190.324  -456.110  -656.891  -587.461  -165.187  170.709
  215.887  142.714  118.376  107.743   96.057  102.551  120.408  134.779
CT1747:040          -222.499  -158.037   -94.158   -16.252   51.440   67.238
   53.903   39.527    7.583   -51.661   -77.328   -61.499   -17.715   15.479
   31.804   38.558   -34.446  -403.514  -877.769  -860.880  -346.210    -1.133
   59.129   81.588  110.255  107.101   95.498  104.329  122.113  139.695
CT1747:035          -233.328  -159.535   -81.737    4.006   65.835   69.208
   35.202    8.817   -28.651  -100.300  -128.824   -94.788   -31.952   26.406
  172.335  377.792  397.989  262.738   83.360    -3.821  -142.164  -231.520
  -172.372    3.295   95.846  114.423  108.235  116.908  129.181  145.232
CT1747:030          -232.599  -160.254   -90.292    -1.123   68.133   64.896
    4.918   -33.886   -62.524   -97.498   -97.781   -65.342    1.796   69.164
  264.144  592.549  692.009  708.804  800.341  671.594   84.352  -310.581
  -273.411   -39.881   66.389   98.180  116.984  134.955  141.458  150.166
CT1747:025          -215.017  -142.380   -69.774   14.088   74.127   57.974
   -21.911   -72.347   -92.714  -106.769  -107.440   -63.109   14.196   72.986
  171.712  282.671  314.432  357.444  313.500  215.656   -26.291  -227.752
  -206.849   -52.658   37.605   76.926  100.595  120.577  131.675  142.659
CT1747:020          -204.431  -132.281   -57.742   25.228   80.152   62.145
   -18.760   -67.485   -77.855   -68.283   -59.322   -32.351   17.947   46.244
   49.942   26.039   13.931   25.323   -19.216   -58.309  -119.602  -178.947
  -149.937   -50.379   16.161   56.691   88.695  112.849  125.172  135.025
CT1747:015          -191.730  -126.700   -63.943   18.564   79.340   71.447
   10.053   -23.812   -32.899   -25.355   -22.215   -16.260    -4.627   -12.004
   -74.491  -160.619  -197.874  -196.619  -169.672  -169.461  -178.485  -169.910
  -127.128   -64.382   -13.647   34.651   85.463  108.114  110.424  123.846
CT1747:010          -171.522  -106.532   -39.488   31.720   77.353   68.121
   14.587   -17.404   -19.263    3.618    8.639   -12.624   -45.901   -91.535
  -187.738  -323.455  -411.288  -429.642  -465.445  -421.813  -264.404  -158.419
   -84.253   -65.042   -30.337    5.595   41.388   74.214  103.124  137.303
CT1747:005          -156.166  -102.315   -52.613    9.513   55.670   50.001
    7.796   -18.321   -26.720   -23.596   -31.881   -56.119   -87.874  -151.073
  -268.924  -378.284  -534.565  -772.510  -760.289  -699.305  -467.066  -136.268
    -6.619   -43.863   -17.763    -5.657    -1.078   40.845  102.777  157.655
CT1748:360          -148.378   -98.686   -48.308    5.695   39.711   29.969
   -14.462   -42.064   -51.714   -52.611   -58.937   -72.523   -76.195  -133.598
  -312.010  -561.597  -863.848 -1665.017 -2525.255 -2347.976 -1067.058  -187.714
    -0.231   -35.812    1.268   15.782   22.257   57.824  108.298  156.195
