
filled_synop: 30 data points in equal steps of sine latitude from +14.5/15 to  -14.5/15

CT1737:360          -149.996   -94.568   -32.695   14.733   36.035   49.085
   34.829    -9.520   -53.459   -99.027  -154.305  -187.831  -194.970  -160.892
  -263.914  -809.310 -1512.772 -1570.086 -1050.502  -441.878  -235.386  -157.617
   -88.116   -47.909   -35.268   -12.029   22.985   71.355  121.605  168.248
CT1737:355          -149.578   -88.001   -26.598   13.416   28.559   37.189
    8.180   -66.361  -121.866  -155.063  -181.332  -190.663  -165.849  -125.612
  -129.607  -244.700  -408.192  -344.002   67.935  457.211  477.936  224.077
    -7.264   -51.444   -27.833    3.533   42.116   92.997  134.327  172.169
CT1737:350          -162.593   -93.090   -23.579   17.335   27.027   23.773
   -16.674  -119.214  -193.763  -205.572  -184.529  -165.709  -118.523   -57.686
   40.312  353.417  696.329  801.269  793.146  774.741  662.778  322.938
   76.593   10.982   27.608   35.390   53.469   90.999  127.763  161.012
CT1737:345          -186.759  -119.764   -35.301   16.797   27.482   30.639
    -9.260  -119.237  -192.374  -205.492  -184.156  -152.851  -110.408   -57.145
   89.297  641.280 1363.210 1479.203  900.365  211.689  139.891  260.507
  214.994  125.922   91.742   71.524   79.569  104.507  121.847  141.148
CT1737:340          -169.063   -98.001   -28.287   11.672   23.443   19.381
   -24.780  -130.769  -200.040  -216.053  -219.383  -203.063  -157.196  -132.837
   -18.301  298.961  581.466  732.770 1006.731 1235.744 1093.981  554.048
  146.894   44.211   56.783   58.324   65.727   86.482  103.362  120.289
CT1737:335          -160.580  -103.029   -41.493    -7.378    -3.835    -9.814
   -61.398  -181.033  -259.710  -246.384  -174.348  -125.779   -94.347   -65.100
    -2.068   26.890   33.643  165.988  635.439 1045.504  990.001  544.836
  141.539   33.400   38.897   42.228   52.426   73.233   91.582  112.940
CT1737:330          -148.983   -97.569   -40.960   -11.465   -21.065   -41.214
   -89.783  -201.945  -269.957  -233.488  -119.704   -52.166   -16.441   19.407
   31.827   -69.157  -173.373  -137.802   17.544  168.574  187.842  123.409
   40.480   15.819   20.761   25.263   40.538   66.020   91.906  118.196
CT1737:325          -146.711   -90.976   -37.317   -18.310   -39.716   -68.027
  -108.914  -196.043  -240.594  -205.592  -113.365   -56.771    -9.600   39.872
   29.468  -107.820  -254.939  -300.747  -365.033  -392.055  -347.660  -191.449
   -60.069   -22.075    0.193   27.248   53.652   78.024  103.868  131.112
CT1737:320          -171.079  -123.243   -55.103   -24.273   -53.379   -86.019
  -116.827  -181.325  -210.958  -178.504  -106.969   -59.636   -13.936   29.288
   16.247   -86.712  -211.010  -277.962  -372.798  -422.689  -396.906  -253.315
  -120.410   -62.647   -12.845   34.472   67.876   92.192  121.720  152.423
CT1737:315          -141.001   -95.728   -55.903   -49.734   -82.954  -113.599
  -134.353  -164.888  -170.155  -139.284   -81.031   -32.877   22.737   90.153
   92.175   26.164   -51.300  -118.097  -226.468  -295.015  -300.220  -240.134
  -165.108  -102.015   -16.079   57.939   95.907  111.651  126.659  143.902
CT1737:310          -129.547  -105.367   -72.009   -65.654  -118.143  -165.936
  -172.954  -160.440  -140.119  -100.793   -44.198    1.656   65.716  137.348
  147.083  129.957   86.546   29.618   -96.590  -235.028  -255.291  -227.244
  -202.287  -146.593   -24.460   71.218  104.091  103.407  116.141  131.105
CT1737:305          -131.407  -103.163   -77.614   -80.408  -128.732  -167.801
  -165.752  -137.105  -106.403   -55.534   18.402   68.561  114.179  163.441
  165.349  183.009  176.291  137.697   85.841   -10.500   -53.453  -166.486
  -255.741  -203.903   -53.380   64.969  111.171  124.666  137.476  150.474
CT1737:300          -146.765  -112.965   -82.641   -80.272  -119.735  -150.479
  -133.259   -84.530   -40.842    9.242   68.604  104.020  136.824  158.299
  111.246   71.810   36.868   -13.889   44.139  145.008  106.967  -136.578
  -266.228  -196.057   -49.072   62.559  109.284  125.041  140.858  156.348
CT1737:295          -167.261  -138.122   -92.628   -74.617  -110.993  -138.965
  -110.786   -32.302   28.069   71.361  121.790  143.980  157.743  166.372
   23.633  -382.079  -755.521  -871.129  -816.510  -573.732  -511.020  -393.658
  -185.826   -92.611    -8.937   68.983  106.313  114.367  132.592  152.398
CT1737:290          -139.506  -101.292   -69.755   -68.295  -112.490  -142.132
  -109.892   -23.875   40.480   84.895  130.990  142.445  142.950  149.323
   -55.821  -844.833 -1624.554 -1750.182 -1781.381 -1894.101 -1545.042  -672.334
  -187.484   -95.661   -25.930   48.780   90.893  111.048  130.339  152.063
CT1737:285          -122.810   -92.720   -66.882   -62.738  -113.529  -159.591
  -120.046   -15.168   63.417  103.898  137.710  141.382  114.905   81.168
  -111.980  -850.535 -1646.161 -1570.297  -485.053  649.955  673.991  137.992
  -132.904  -147.682   -46.538   23.973   58.940   91.921  128.026  166.000
CT1737:280          -119.708  -104.265   -85.538   -85.797  -136.980  -170.626
  -121.235   12.363  112.438  147.068  159.781  161.449  115.520   45.135
   -36.187   -98.586   -18.646  233.341 1160.406 2038.911 1973.510  928.993
   44.811  -151.491   -79.838   -39.049    0.231   63.053  121.403  174.657
CT1737:275          -110.581   -93.455   -81.240   -79.315  -113.358  -142.164
   -91.245   54.081  170.375  202.081  185.552  182.889  152.596   99.627
  111.662  360.180  679.212  969.119 1560.924 1957.562 1803.747  908.346
  112.092  -107.249   -88.410   -56.514    -5.895   63.528  118.381  169.593
CT1737:270          -109.203   -97.298   -83.048   -75.803   -95.312  -112.180
   -51.894   92.793  210.096  265.596  283.437  306.219  295.460  250.659
  260.007  371.597  531.373  710.352 1034.887 1232.926 1108.048  609.975
  179.914    1.236   -13.538   -23.762    -0.390   52.668   99.037  142.892
CT1737:265          -101.187   -88.797   -78.823   -72.230   -78.854   -81.364
   -25.169   90.747  193.542  291.554  424.812  499.897  510.770  437.468
  400.800  368.444  290.326  377.908  630.290  773.035  686.986  393.393
   96.110   -15.934   38.651   61.638   66.875   69.968   84.871  113.101
CT1737:260           -83.254   -79.445   -76.564   -71.874   -66.848   -62.902
    -9.585  101.668  214.725  367.619  637.825  768.981  737.403  594.152
  506.264  442.985  382.558  398.785  524.359  663.235  609.112  299.306
   32.548   -31.725   11.491   45.348   70.488   86.152   85.472   71.566
CT1737:255           -99.897   -84.475   -73.378   -66.367   -54.905   -36.286
   19.066  119.910  218.518  355.180  595.828  697.001  624.103  381.688
  265.691  282.170  305.902  326.007  422.426  501.529  447.604  212.196
   18.811   -23.897   31.438   62.751   77.858   82.377   81.905   79.792
CT1737:250          -126.212  -105.123   -79.684   -51.531   -28.903   -10.364
   40.717  146.011  225.354  278.862  361.883  385.082  311.969  157.831
   84.122   73.945   75.041  104.589  157.781  182.774  164.955   87.987
    1.538   -22.873    3.227   25.279   40.513   50.338   67.467   90.722
CT1737:245          -142.736  -120.519   -95.966   -67.703   -15.984   45.028
   91.183  142.042  166.226  120.346    -7.481   -72.348  -117.257  -143.838
  -131.932  -125.905  -110.125   -66.795   17.640  109.014  104.987   35.048
   -10.152   -21.445    -4.815    8.583   23.359   39.102   63.502   94.455
CT1737:240          -149.452  -130.676  -105.688   -68.152    5.436   79.943
   93.387   95.886   62.168   -99.956  -358.489  -464.790  -423.924  -297.860
  -237.740  -183.458  -123.701   -69.747   11.978   82.187   78.090    1.755
   -54.091   -62.002   -39.123   -16.085   14.861   51.516   83.292  113.835
CT1737:235          -151.554  -126.779  -106.860   -59.673   44.815  122.772
  108.963   40.114   -49.999  -274.220  -628.932  -729.293  -559.986  -281.198
  -183.929  -125.905   -49.403    -2.386   38.844   67.245   61.246   -20.650
   -83.337   -81.628   -52.154   -23.457   15.579   59.815  104.353  150.916
CT1737:230          -148.104  -128.713  -109.301   -64.256   42.072  125.969
   84.981   -35.879  -146.614  -340.381  -603.515  -672.235  -549.053  -344.589
  -252.247  -209.031  -171.197  -121.954   -29.729   47.928   28.732   -66.676
  -101.313   -88.728   -63.122   -35.383   11.286   73.124  131.656  190.396
CT1737:225          -138.978  -134.695  -116.641   -71.144   37.289  109.432
   64.001   -69.828  -184.165  -343.012  -542.423  -590.143  -470.962  -315.903
  -269.580  -286.223  -290.950  -289.087  -315.502  -305.601  -262.520  -173.235
  -117.835  -100.757   -78.251   -45.323   15.677   89.280  160.297  235.840
CT1737:220          -116.947  -105.765  -105.541   -74.536   13.765   64.276
   17.671  -105.681  -197.110  -268.936  -378.539  -406.276  -264.355  -139.173
  -130.699  -246.218  -325.786  -308.831  -293.582  -302.506  -252.601  -155.672
  -110.736  -101.268   -90.876   -62.820    3.963   96.250  185.294  267.737
CT1737:215          -129.177  -121.954  -110.253   -79.418    -2.497   51.524
    2.026  -117.801  -185.290  -146.552   -20.997   15.472   -35.795   -57.857
   -59.416  -140.902  -197.961  -119.590  149.589  284.964  244.182   39.340
   -88.769  -107.907  -104.260   -80.764    6.009  118.788  207.538  290.427
CT1737:210          -142.855  -139.109  -124.345   -82.005    -3.006   41.327
    2.568   -96.691  -152.394  -188.213  -222.581  -207.530  -113.609   -29.638
    -7.175   -36.818   -52.896   13.035  298.941  491.350  361.189   30.033
  -117.613  -130.657  -120.784   -92.609   -14.751   91.703  196.513  295.018
CT1737:205          -140.080  -133.456  -137.377  -111.207   -25.270   26.591
    1.125   -74.578  -119.334  -202.623  -341.139  -339.348  -145.585   20.364
   53.910   27.552    0.357    -5.192   -89.528  -194.384  -171.316  -138.757
  -157.494  -157.330  -130.680   -92.527    -9.310   97.116  191.936  288.212
CT1737:200          -163.093  -160.547  -145.833   -92.171   19.094   85.290
   45.520   -75.030  -133.236  -129.076   -71.667   -36.706   -11.195   49.183
   80.904  104.829  121.642   76.989   -68.289  -150.018  -182.340  -185.128
  -184.756  -171.957  -122.167   -68.504    5.023   92.806  181.977  270.898
CT1737:195          -173.123  -162.849  -144.546  -101.988    5.731   84.006
   47.082   -65.369  -118.036   -97.998   -55.302   -30.316    6.673   29.941
   54.106   92.087  108.387   89.716   60.624   39.235   -40.283  -183.055
  -253.171  -220.459  -128.263   -52.740   24.271  101.966  176.877  253.062
CT1737:190          -167.063  -143.643  -117.656   -71.348   15.383   68.963
   43.520   -53.272   -99.609   -88.863   -60.215   -39.222    -5.294   22.560
   29.730   12.616   -16.350    -7.700   50.583   54.002   -18.694  -191.336
  -286.895  -243.518  -117.685   -30.752   39.108  105.356  170.927  235.996
CT1737:185          -158.479  -132.774  -103.582   -62.767    8.838   54.723
   32.979   -48.518   -83.553   -82.612   -60.184   -42.733   -17.885   10.280
    -2.513   -45.362   -84.361   -82.846   -33.527   -22.528   -81.285  -221.694
  -287.036  -242.031  -122.923   -31.378   37.922   97.703  157.700  215.847
CT1737:180          -156.592  -122.238   -85.068   -44.913   14.758   55.161
   26.888   -52.157   -71.886   -61.113   -29.802   -21.154   -12.700    -6.206
   -55.841  -123.897  -178.266  -182.911  -139.317  -134.014  -165.911  -278.314
  -328.548  -267.971  -128.438   -24.367   39.201   88.392  144.678  201.018
CT1737:175          -151.078  -117.267   -80.265   -36.644   18.812   52.519
   29.318   -50.649   -42.309   38.447  116.807  113.368   68.687   -35.016
  -145.296  -258.291  -333.262  -344.532  -248.179  -206.475  -221.678  -339.813
  -369.055  -293.014  -139.171   -21.310   47.930   94.204  142.403  193.944
CT1737:170          -146.738  -114.427   -86.767   -51.635    0.446   37.184
   31.757   -33.404    0.547  268.816  604.522  603.019  306.212   -26.580
  -216.445  -472.057  -661.748  -664.108  -439.072  -277.068  -327.931  -469.415
  -459.788  -340.877  -142.739   -19.321   40.908   86.446  144.619  203.337
CT1737:165          -151.834  -117.341   -80.313   -38.927    7.460   40.123
   51.318   36.228   89.938  410.271  877.753  883.112  417.252   -24.509
  -263.322  -613.828  -866.244  -935.674  -969.068  -944.896  -784.451  -497.227
  -324.646  -239.955  -146.620   -57.668   13.069   82.461  150.753  215.802
CT1737:160          -162.042  -119.927   -72.320   -28.332   23.434   62.217
   78.222   80.058  108.609  190.899  271.272  235.025   65.259  -164.871
  -372.395  -696.128  -911.116  -954.946  -945.654  -887.686  -675.426  -304.588
  -101.571   -62.922   -76.345   -52.897    4.714   78.040  146.074  213.439
CT1737:155          -159.197  -104.718   -49.770    -4.192   42.671   70.530
   64.967   38.142    1.939  -117.468  -267.679  -321.288  -289.658  -287.216
  -425.326  -727.992  -935.523  -790.078  -253.202   78.138  155.527   83.537
   63.085   49.102   -32.104   -46.759    1.640   67.388  132.006  200.747
CT1737:150          -146.419   -91.330   -41.600    -1.868   40.610   54.816
   17.835   -42.656   -91.112  -244.668  -422.071  -451.899  -337.206  -262.678
  -357.756  -564.405  -647.449  -520.704   52.252  441.887  378.889  125.213
   66.894   63.084    -7.302   -31.143    9.772   73.368  133.480  193.646
CT1737:145          -153.172  -107.545   -57.199   -27.293    -1.380    1.599
   -70.171  -217.369  -274.268  -239.629  -142.550  -139.349  -172.192  -183.267
  -272.713  -535.209  -718.272  -683.603  -677.261  -695.974  -446.863   -88.352
   45.853   50.153    -0.680    -2.382   39.856   99.255  145.957  192.784
CT1737:140          -157.480  -117.718   -73.837   -49.335   -29.222   -37.337
  -137.558  -317.762  -356.701  -230.798   -44.657   -11.702   -58.445  -112.374
  -178.868  -309.145  -396.713  -458.350  -599.108  -606.680  -478.973  -177.215
   -11.844   10.045   -11.892    -6.956   31.992   91.222  141.646  187.753
CT1737:135          -158.376  -116.729   -76.009   -62.516   -61.428   -82.289
  -176.600  -339.724  -331.817  -125.734   68.203  108.498   64.105   -25.390
   -71.694   -39.189    -6.216   -77.331  -262.450  -306.728  -229.720   -64.346
   21.644   24.152    0.723    -5.290   21.901   75.467  123.067  166.874
CT1737:130          -168.004  -123.648   -68.385   -53.345   -67.166   -87.635
  -166.722  -333.360  -285.924  171.647  730.236  764.448  287.156   -83.417
  -104.023   95.992  203.705  211.566  153.991  128.371  152.192  164.890
  157.681  125.686   40.171    1.429   22.713   69.310  102.754  141.032
CT1737:125          -136.752   -86.469   -45.234   -41.738   -73.842  -110.467
  -176.903  -298.582  -239.972  176.918  707.421  747.290  252.814  -149.446
  -123.791  180.182  341.433  400.365  494.851  544.538  507.111  460.818
  428.747  321.121  106.112    -0.094    3.643   49.213   90.646  130.865
CT1737:120          -143.014  -102.475   -54.529   -46.313   -77.067  -104.135
  -158.929  -263.806  -210.706   -20.100  121.139  182.956  213.697  189.267
  194.905  320.831  401.459  369.360  209.165  148.685  227.054  399.792
  432.508  328.969  116.069   12.934   18.681   62.749   85.054  115.865
CT1737:115          -135.755   -93.585   -52.846   -47.645   -82.106  -111.199
  -137.590  -193.792  -134.676  127.422  456.162  525.104  379.800  271.083
  261.218  317.694  349.482  279.947   11.428  -109.303   15.568  295.169
  384.305  301.067  119.969   19.456   10.958   52.983   88.937  118.778
CT1737:110          -134.854   -90.981   -50.565   -42.423   -78.095  -105.698
  -103.265  -101.022   -21.365  267.398  633.596  710.135  472.621  242.464
  209.287  257.624  276.856  256.403  207.047  217.594  268.686  414.352
  468.085  365.856  154.244   34.420   39.864   83.254   97.487  115.200
CT1737:105          -137.833   -95.523   -48.726   -35.207   -65.518   -85.805
   -71.425   -46.726   19.071  182.864  369.783  442.102  457.815  456.364
  398.118  214.710   76.017  103.709  273.912  387.142  456.147  547.572
  565.138  443.806  185.849   48.789   32.773   63.655   86.233  107.018
CT1737:100          -129.239   -85.263   -42.492   -27.389   -52.183   -65.635
   -48.790   -26.493   33.629  109.107  179.366  282.233  501.823  636.332
  562.395  264.683   42.036   54.567  228.382  342.319  435.375  543.538
  562.451  442.216  194.328   58.939   53.709   82.008   86.217   97.438
CT1737:095          -133.617   -91.177   -45.817   -24.739   -33.319   -38.887
   -41.939   -54.461    -4.945  131.285  302.002  393.620  533.365  668.007
  536.379  212.070    9.571   46.703  167.493  244.997  361.186  501.573
  541.883  432.677  191.363   67.366   47.874   69.357   83.366   94.503
CT1737:090          -138.259   -97.563   -58.786   -35.612   -23.569   -16.550
   -36.353   -92.572   -43.835  231.150  486.264  514.421  247.425  -139.561
  -147.046   15.669   57.548   17.894   35.947  119.397  253.155  412.509
  478.363  394.284  194.849   88.663   79.288   96.474   92.008   89.902
CT1737:085          -153.646  -108.849   -61.728   -27.424    -2.421   12.326
    -1.019   -54.147   -41.885  262.579  682.443  647.024  307.719  200.592
    -6.367  -424.648  -601.646  -535.164  -312.416  -139.017   26.143  267.393
  393.494  353.339  197.486  122.883   98.990   96.960   88.099   74.039
CT1737:080          -164.970  -113.593   -57.360   -16.257   31.229   57.128
   58.079   70.341   32.110  -153.998  -332.872  -371.516  -285.086  -229.523
  -375.263  -759.467  -939.423  -862.818  -671.873  -513.024  -263.422  159.573
  350.780  337.400  230.962  183.760  148.384  114.896   79.763   47.026
CT1737:075          -167.831  -112.801   -55.442    -7.812   42.705   63.319
   27.029   -33.468  -135.316  -524.125  -944.867  -983.472  -744.404  -614.740
  -592.846  -557.323  -532.380  -570.171  -660.768  -609.653  -379.130   32.405
  215.190  238.982  209.673  190.439  155.630  113.233   72.044   35.425
CT1737:070          -184.037  -122.833   -56.434    -8.065   42.247   67.875
   32.338   -37.736   -99.404  -130.979   -96.346  -140.965  -195.951  -147.800
  -122.748   -55.941    6.294   -28.466  -179.744  -207.645  -100.229   46.342
  107.934  128.546  143.444  145.955  122.642   92.003   71.286   53.231
CT1737:065          -171.124  -109.300   -49.240    2.957   56.800   84.189
   67.034   35.298   14.512   27.834   31.350   16.232   -38.799   -84.854
    -8.649  159.038  253.624  332.531  460.402  505.219  369.424  124.294
   46.686   52.519   84.833   95.709   93.902   87.719   80.384   72.116
CT1737:060          -168.097  -113.651   -57.188    -3.269   56.018   92.157
   88.367   65.675   73.159  115.483  131.047  123.217   56.458    -0.816
   73.466  249.426  361.208  490.243  712.406  760.862  555.303  173.382
   14.148    1.609   47.869   64.641   73.543   80.390   85.941   88.634
CT1737:055          -160.169  -114.563   -67.379   -18.022   47.192   89.235
   92.851   72.825  101.166  218.344  306.077  297.763  187.499  131.635
  163.477  247.332  322.210  437.722  544.468  524.499  401.890  129.837
    -4.180   -13.219   49.295   62.276   66.493   69.763   79.895   93.914
CT1737:050          -157.010  -105.366   -53.350    -0.271   58.172   96.716
   94.218   66.612  102.479  287.909  470.668  443.814  200.151   53.136
  117.164  288.918  390.431  471.766  550.460  538.986  387.690  135.114
   13.008    -3.290   43.100   57.392   67.735   74.823   81.927   91.759
CT1737:045          -160.345  -108.887   -54.407    -6.691   47.580   86.487
   84.445   62.703   85.972  174.374  242.619  228.289  119.059   54.905
  134.905  367.616  499.204  541.215  568.004  551.777  397.735  147.227
   36.288   21.277   54.231   58.511   65.333   70.874   81.009   95.694
CT1737:040          -149.160  -105.951   -57.541   -13.456   29.424   63.357
   76.581   80.064   91.777   96.416   86.759   68.450   42.242   35.050
   72.558  209.238  313.079  356.114  371.628  362.859  294.390  136.497
   44.398   12.531   10.494    9.812   34.506   68.572   96.541  120.609
CT1737:035          -130.103   -91.455   -52.063   -13.299   24.911   60.117
   94.213  136.071  143.059   94.899   41.894    -2.326   -76.390  -137.050
  -151.181  -190.488  -192.145   -50.024  229.171  352.111  296.824  138.853
   54.350   16.799    -1.537    -4.899   29.529   73.786  103.803  130.521
CT1737:030          -125.548   -85.211   -45.547    -4.374   41.563   80.838
  120.533  171.452  173.305  112.943   37.893   -22.109  -106.257  -171.381
  -249.936  -433.482  -499.648  -330.808   63.824  261.918  250.603  128.284
   72.725   41.825    4.189    -8.216   16.786   56.860   93.364  130.060
CT1737:025          -126.105   -88.083   -48.561    -3.931   51.232   96.280
  127.304  159.305  154.858  103.872   36.826   -26.985  -112.902  -188.731
  -256.590  -356.179  -394.485  -311.300   -98.100   33.077   92.824  117.180
  130.473  100.570   22.987    -3.885   19.673   57.958   92.309  129.882
CT1737:020          -122.753   -81.244   -40.484    2.435   53.977   92.765
  112.206  125.576  112.840   67.215    9.343   -47.015  -119.958  -189.759
  -215.059  -185.444  -197.890  -229.535  -324.397  -322.834  -176.449   61.774
  165.049  137.120   28.180    -3.661   26.333   68.418   99.288  129.976
CT1737:015          -126.081   -83.669   -41.504    -2.222   38.784   69.663
   82.206   86.292   66.686   16.758   -35.929   -81.868  -122.235  -174.386
  -221.746  -220.265  -249.112  -388.524  -586.809  -581.506  -393.069   -60.326
   99.957   89.202    1.528    -7.106   19.232   58.834   94.187  125.948
CT1737:010          -133.070   -87.969   -43.499    -4.652   39.137   68.845
   66.599   54.942   25.502   -36.739   -89.451  -126.468  -132.465  -176.334
  -324.428  -577.921  -691.616  -808.415  -892.488  -819.513  -600.761  -192.813
    0.893   28.618   19.047   30.098   42.167   61.615   86.027  113.861
CT1737:005          -130.789   -89.792   -49.411    -8.182   37.958   60.550
   46.906   22.383   -11.960   -83.830  -145.070  -168.043  -130.207  -151.990
  -366.707  -850.229 -1033.061  -961.286  -865.685  -785.969  -533.718  -220.110
  -110.915   -62.384    2.634   43.799   61.499   72.441   85.347  102.160
CT1738:360          -133.224   -99.837   -67.355   -30.695   27.362   53.304
   32.775    -5.355   -40.607  -100.735  -151.498  -166.049  -122.067  -123.323
  -256.177  -543.021  -595.882  -365.453   78.233  213.968  111.949  -105.925
  -150.623   -99.961    -0.491   40.988   58.338   68.615   85.589  102.587
