
filled_synop: 30 data points in equal steps of sine latitude from +14.5/15 to  -14.5/15

CT1698:360           -31.757   -36.266   -60.160  -162.077  -324.726  -430.697
  -419.862  -336.138  -240.068   -54.778  111.639  159.791   95.432   64.494
   59.828   58.037   66.951  140.051  243.281  263.431  249.572  253.769
  255.485  245.217  280.227  279.275  197.780   73.359   -27.381  -106.200
CT1698:355           -51.663   -56.806   -71.882  -128.552  -248.344  -291.448
  -198.206   -63.796   29.061  116.809  171.340  185.920  124.218   77.654
   68.225   72.195  112.139  291.641  579.648  644.158  500.790  249.389
  158.495  190.331  244.200  236.784  153.238   46.714   -24.552   -88.939
CT1698:350           -80.921   -81.937   -81.252  -112.470  -179.284  -187.657
   -65.488  100.146  193.099  272.698  312.364  273.500  140.606   55.643
   20.122   -11.992   27.699  239.150  561.333  627.533  439.687   92.724
   -34.516    3.890   79.072   89.921   77.543   46.335   17.311    5.546
CT1698:345           -81.289   -81.781   -86.113   -95.578  -132.736  -112.546
   43.596  221.489  304.897  357.739  353.989  296.722  126.678   18.375
   -30.555  -100.910   -78.782  145.339  481.416  532.799  292.825   -58.658
  -184.296  -163.246   -83.382   -49.378   -11.381   26.172   60.950   97.992
CT1698:340           -79.809   -86.675   -92.247   -94.253  -102.229   -60.043
  109.237  300.352  355.780  368.499  377.123  294.933  107.861   20.085
    -6.786   -47.273   -30.070  110.930  297.531  304.789  100.398  -195.469
  -297.657  -276.052  -208.253  -164.954   -92.857    3.670   99.553  187.303
CT1698:335           -63.767   -72.985   -86.842   -71.802   -46.951    -4.197
  109.318  229.347  244.581  156.478   78.487   60.420   62.796   55.970
   54.592   79.424  105.768  121.525  148.303  129.267   31.433   -80.587
  -151.273  -250.778  -328.544  -298.218  -152.309   17.322  140.805  256.627
CT1698:330           -75.191   -82.602   -83.587   -59.832   -20.891   16.899
   70.079  119.593   93.801   -70.956  -181.209  -160.876   -40.128   12.005
   18.717   24.505   27.838   28.288   27.807   11.618   -29.801   -83.418
  -128.410  -196.762  -278.178  -263.985  -156.705   -10.304  123.804  244.610
CT1698:325           -67.485   -73.532   -81.309   -59.987   -15.730    8.905
   14.062   12.280   -18.728  -130.418  -190.673  -164.479   -65.081   -25.497
   -22.761   -41.153   -63.439   -88.086  -110.039  -117.904   -87.197   -34.366
   -37.547   -94.616  -159.038  -146.688   -68.730   17.804   90.699  167.188
CT1698:320           -72.769   -80.260   -78.405   -45.960   10.245   35.250
   12.024   -21.100   -43.321   -88.512  -103.925   -70.765   36.367   83.278
   46.073   -18.940   -64.075  -132.993  -205.437  -217.419  -162.054   -82.252
   -59.485   -76.268  -107.299   -95.869   -46.791   15.369   74.913  131.058
CT1698:315           -59.192   -71.383   -72.616   -39.217   22.069   48.272
   19.879   -19.973   -17.223    4.037   37.705   77.846  173.208  202.101
  121.997    -7.198   -87.107  -178.060  -273.480  -286.742  -217.012  -116.989
   -75.192   -66.166   -69.329   -55.446   -21.656   16.580   51.982   90.100
CT1698:310           -26.577   -32.787   -46.914   -19.931   35.207   61.475
   44.801   20.827   47.370  111.159  175.314  208.442  259.217  238.496
  130.482   -59.587  -165.638  -233.821  -298.014  -296.557  -206.389   -94.001
   -48.246   -34.105   -26.607   -15.306    -4.297    8.871   24.550   43.568
CT1698:305           -41.309   -50.417   -49.750   -22.732   17.987   43.950
   55.020   67.526  128.370  242.549  328.160  359.628  390.585  339.266
  155.493  -121.878  -250.787  -257.083  -230.885  -198.585  -114.545    -5.051
   46.895   50.616   42.310   40.908   32.210   23.484   16.802   10.243
CT1698:300           -37.656   -46.622   -49.294   -23.847   11.345   37.995
   45.521   62.370  179.276  435.531  599.495  580.253  429.674  268.226
   55.236  -191.736  -305.055  -305.089  -220.956  -145.513   -32.183   79.199
  131.359  124.325   96.665   76.319   50.630   24.171    -4.993   -36.177
CT1698:295           -18.467   -35.839   -57.464   -40.359    -1.950   27.841
   23.007   27.341  195.578  660.606  923.303  809.199  409.734  148.730
  -106.829  -436.094  -557.194  -394.994  -178.300   -74.942   57.462  170.069
  225.185  205.606  147.686  114.620   73.359   28.976   -17.696   -68.149
CT1698:290           -31.799   -49.803   -58.643   -42.087   -19.693    0.224
   -18.305   -20.728  180.991  787.762 1157.287  951.714  314.904   -33.046
  -168.881  -217.293  -281.338  -281.177  -209.274  -121.097   59.896  258.209
  343.221  312.284  229.529  183.507  113.437   29.146   -48.027  -120.152
CT1698:285           -21.831   -41.641   -64.275   -62.247   -53.971   -41.189
   -51.209   -52.228  118.092  545.288  731.417  612.245  161.377  -115.024
  -244.805  -316.944  -411.686  -494.608  -566.723  -511.729  -258.114   51.973
  189.539  241.858  254.405  239.498  133.867   16.489   -70.092  -154.831
CT1698:280           -32.633   -45.216   -54.089   -49.108   -44.360   -41.973
   -41.044   -27.773  102.992  457.787  697.144  562.586  146.872   -81.787
  -274.563  -490.532  -640.127  -786.732  -957.329  -935.803  -638.850  -268.768
   -90.458   51.082  180.868  209.482  129.765   25.728   -59.489  -136.650
CT1698:275           -43.728   -43.121   -40.194   -36.805   -34.325   -61.662
  -108.553  -126.094   -54.234  157.235  341.680  318.538  168.727   55.764
  -104.729  -340.614  -513.691  -722.954  -931.747  -963.930  -802.701  -568.026
  -404.290  -165.158   94.761  190.579  123.762   27.748   -44.458  -115.597
CT1698:270           -46.909   -35.015   -19.723   -28.004   -29.783   -79.267
  -328.808  -567.830  -528.251  -353.907  -211.756   32.617  466.429  577.455
  389.229  145.287   -17.480  -261.470  -484.693  -593.015  -670.749  -701.661
  -598.944  -260.212  127.065  241.826  139.379   14.324   -52.219  -117.262
CT1698:265           -36.003   -25.339   -21.035   -42.190   -72.831  -151.341
  -446.890  -740.720  -686.734  -346.088   -50.981  189.903  614.428  767.853
  597.777  312.515  152.671   13.828  -132.442  -285.713  -540.574  -790.228
  -745.701  -381.507   80.488  237.595  163.856   49.899   -24.753   -93.918
CT1698:260           -32.793   -29.784   -30.185   -52.010   -88.563  -146.123
  -374.504  -587.607  -497.003  -121.647  184.839  312.805  460.962  508.903
  433.181  318.551  227.539  171.875  113.451   -55.561  -453.052  -863.687
  -872.540  -474.751   43.910  223.081  170.890   63.375   -10.480   -71.477
CT1698:255           -41.955   -43.700   -44.385   -65.764  -106.337  -123.723
  -199.682  -228.043  -101.526  206.458  422.817  425.707  256.666  164.517
  242.361  325.677  295.414  292.989  257.256   75.147  -431.487  -960.939
  -984.924  -520.547   50.602  215.014  137.489   43.798    -0.813   -55.251
CT1698:250           -51.609   -58.042   -67.625   -85.252  -109.230   -31.767
  146.978  340.313  555.611  928.191 1093.980  928.747  526.092  338.576
  297.208  377.041  384.931  422.957  436.687  315.794  -115.739  -613.871
  -669.695  -356.543   37.877  153.912  132.479   80.871   41.912    6.308
CT1698:245           -62.841   -60.494   -58.338   -46.263   -98.968   39.654
  529.194 1014.623 1277.604 1633.868 1733.139 1385.957  641.263  293.412
  223.267  221.138  209.797  340.155  499.904  500.091  366.297  214.101
  178.350  173.219  154.461  139.700  115.869   89.115   70.018   53.248
CT1698:240           -72.616   -91.958  -106.522   -98.669   -92.827  111.916
  793.295 1502.536 1738.828 1782.178 1705.100 1340.446  582.075  189.172
   64.969    6.656   -28.337   41.987  104.306  195.510  504.787  781.727
  790.628  551.265  246.465  150.819  124.374  100.353   74.325   50.843
CT1698:235           -66.176   -95.167  -105.395   -69.040   -45.758  155.803
  790.299 1441.194 1602.170 1495.860 1313.921  978.659  366.976   22.327
  -116.923  -204.815  -264.584  -242.652  -227.344   -82.941  415.626  898.869
  977.251  691.752  299.681  159.780  124.634   97.983   69.980   49.374
CT1698:230           -40.268   -65.566  -102.487   -49.939   15.986  189.796
  622.814 1004.520 1058.203  923.572  748.900  462.506   53.539  -174.063
  -274.402  -341.311  -433.480  -509.102  -497.487  -346.320  122.141  638.789
  775.802  532.048  187.423   92.124   79.645   75.930   61.920   54.742
CT1698:225           -66.843  -102.784  -109.701   -39.034   73.821  237.127
  533.519  800.430  690.312  173.242  -169.404  -272.599  -215.205  -238.355
  -320.230  -409.565  -556.964  -921.885 -1238.222 -1135.634  -532.594  194.258
  430.285  334.129  146.378   86.906   83.481   93.953   92.828   89.481
CT1698:220           -48.315   -88.229  -101.564   -21.688  114.038  245.836
  503.435  713.054  458.330  -386.433  -869.249  -802.701  -339.801  -194.036
  -292.610  -444.207  -630.215 -1244.279 -1905.292 -1856.795 -1043.099  -150.298
  128.380  126.476   63.180   80.879   88.510   93.623   93.578   65.864
CT1698:215           -12.161   -51.299  -100.753   -16.769  146.014  250.538
  451.479  605.500  294.387  -720.947 -1251.894 -1046.718  -382.805  -180.689
  -256.192  -444.667  -614.776 -1112.936 -1777.583 -1768.867 -1050.977  -396.508
  -180.706   -51.781   61.645  130.293  109.129   84.486   81.396   69.164
CT1698:210           -56.493  -106.982  -117.843   -16.126  147.335  234.579
  311.822  320.669   61.025  -596.085  -909.317  -779.916  -286.423   -73.440
   -18.292   25.150   -22.038    4.447  232.921   81.574  -560.504  -975.331
  -909.413  -543.137   -72.809  123.194  136.283  102.959   96.340   94.711
CT1698:205            -5.672   -62.460  -128.704   -47.183  141.636  206.068
  199.659  159.037   -44.619  -535.849  -727.932  -574.063  -127.074   71.633
   81.612   50.187   -34.905  -229.641  -537.908  -759.400 -1317.599 -1944.742
-1859.765 -1041.820  -194.145   53.873   59.466   69.058  109.853  135.611
CT1698:200           -54.276  -116.561  -140.861   -43.528  125.867  180.703
   99.302   -26.388  -175.680  -522.617  -676.897  -393.918  121.933  285.612
  288.750   96.435   -72.481  -352.255  -687.104  -856.837 -1013.185 -1101.364
-1034.652  -686.572  -213.229   -11.234   46.142   81.692  121.670  158.108
CT1698:195           -44.173  -109.601  -146.241   -63.414  112.165  173.445
   85.878   -37.838   -70.533   -90.625   -26.526  387.714 1168.336 1405.064
 1006.206  354.078   99.666   -56.393  -166.997  -210.014  -106.818   41.632
   65.273    0.314   -62.645   -53.388    2.820   65.693  117.536  156.052
CT1698:190           -10.288   -86.224  -159.038   -84.229   98.268  160.378
   86.964    -3.568   74.778  407.020  664.806  927.398 1483.873 1663.538
 1118.464  417.297  219.124  240.324  300.972  351.997  628.321  872.677
  845.763  479.040   19.683   -78.397   -10.576   56.995   90.547  127.536
CT1698:185           -11.968   -99.359  -150.485   -80.571   52.339  100.097
   63.757    0.419   16.006  161.554  317.701  228.876  -126.934  -243.946
   83.948  353.020  353.261  284.616  196.494  283.576  751.265 1120.683
 1079.856  640.814  124.282   -21.421    -0.946   34.404   59.764   88.554
CT1698:180           56.475   -42.313  -152.118  -117.671    0.646   33.541
   42.817   53.676   -75.769  -671.502  -984.908  -631.667   -23.522  155.650
  100.913   98.338   82.167  135.368  206.782  247.624  392.527  522.854
  508.454  292.683   50.069   -12.434    1.402   16.372   38.786   77.260
CT1698:175            3.210   -90.999  -148.286  -106.410   -11.814   15.891
   -21.375   -71.093  -126.524  -208.583  -156.491   -60.809  277.035  405.369
  248.535    0.731  -112.411  -183.825  -223.572  -246.536  -313.381  -396.439
  -350.265  -206.270  -109.956   -84.891   -40.092   15.062   63.917  112.618
CT1698:170           17.000   -76.786  -143.419  -119.301   -29.392   -19.217
  -114.952  -215.874  -205.227  -135.882   -73.097  140.001  523.633  593.473
  328.981  -101.891  -335.015  -627.984  -939.115  -991.217  -805.196  -552.421
  -442.206  -353.456  -225.601  -125.194   -58.326    9.593   84.225  159.494
CT1698:165           63.394   -30.144  -131.606  -112.137   -27.614   -26.955
  -172.902  -306.766  -239.439    -4.546  121.214  262.293  482.206  479.826
  166.135  -182.121  -408.791  -832.467 -1250.924 -1329.340 -1129.514  -837.380
  -706.385  -569.826  -368.470  -226.772  -116.709    -1.018  111.222  217.616
CT1698:160            9.916   -86.377  -150.543  -129.416   -41.014   -44.102
  -187.496  -310.717  -190.702  263.160  506.315  317.165  -114.737  -308.859
  -412.016  -466.549  -591.934  -836.241 -1048.083 -1136.075 -1278.336 -1272.930
-1139.026  -838.498  -441.751  -248.542  -132.018    -1.439  115.115  213.547
CT1698:155           25.883   -75.136  -144.131  -111.089   -40.863   -49.924
  -179.979  -288.731  -206.209   99.227  174.509   -66.115  -737.252 -1003.946
  -877.275  -738.354  -774.585  -819.818  -746.392  -773.237 -1169.409 -1498.530
-1357.860  -819.914  -328.745  -188.897  -103.934    -1.774   82.581  155.107
CT1698:150           71.096   -33.329  -146.467  -144.742   -74.586   -79.648
  -166.048  -257.193  -238.561   26.486  176.817   -62.061  -280.317  -325.506
  -586.864  -852.098  -868.847  -741.210  -758.241  -581.651  -100.917  271.373
  314.288  125.773    2.917   -26.002    -9.606   12.442   24.849   41.633
CT1698:145           38.823   -66.376  -140.596  -140.654  -108.139  -112.801
  -110.484  -128.135  -316.191  -869.591 -1136.091  -856.826  -313.368  -165.432
  -199.514  -212.492  -176.860   10.319  405.163  674.159 1190.165 1719.785
 1700.641 1023.217  303.977   67.646   12.838   -14.661   -50.950   -89.535
CT1698:140           83.103   -22.058  -131.452  -147.512  -113.543  -114.572
   -57.945   -39.222  -324.378 -1145.351 -1444.535 -1003.074  -212.070    -9.389
   43.871   -98.011  -118.850  -115.709   -70.600  307.379 1343.408 2134.833
 2123.840 1291.570  402.692  100.325   49.125    -9.682  -111.349  -200.051
CT1698:135           47.252   -44.057  -119.334  -131.514  -109.396   -99.695
   -31.056    -6.614  -233.584  -838.507 -1054.342  -517.925  727.007 1109.642
  497.850  -316.122  -446.304  -415.451  -411.692   -43.088  999.996 1890.950
 1950.723 1303.877  565.664  239.025   96.768    -8.024  -133.699  -268.256
CT1698:130           24.270   -58.790  -117.640  -121.701   -97.511   -79.753
   -32.423    -3.564   -83.243  -277.056  -300.485  -169.905  226.827  352.120
  146.761  -127.448  -165.989  -195.943  -151.880  135.424  855.545 1496.336
 1566.901 1168.718  681.458  422.181  240.990   51.570  -147.260  -339.606
CT1698:125           58.844   -22.971  -111.494  -116.340   -89.695   -70.395
   -54.999   -23.713   20.072   -25.820  -135.645  -256.290  -808.234  -988.521
  -513.379    -9.918  105.576  174.591  300.077  475.404  807.089 1125.435
 1157.330  958.982  762.646  580.845  331.586   77.226  -145.312  -357.452
CT1698:120           16.398   -65.930  -125.848  -116.293   -80.846   -55.068
   -64.533   -55.272  184.966  868.593 1139.100  700.285  -202.334  -466.592
  -309.965   -10.575  108.927  285.986  452.658  534.490  472.428  399.940
  429.553  521.200  581.501  475.962  278.553   66.201  -128.989  -314.928
CT1698:115            -1.238   -83.017  -138.638  -127.824   -90.219   -52.648
   -33.036    8.239  343.132 1305.254 1740.397 1318.785  418.675  116.662
   39.274   25.217   74.079  263.529  456.022  483.811  238.836   23.698
   31.208  205.339  410.343  386.090  224.014   56.146   -93.853  -240.508
CT1698:110           12.337   -61.673  -141.982  -133.215   -90.564   -49.061
    -3.517   49.131  291.436 1056.975 1409.521 1061.813  487.267  317.223
  170.947    -6.797    -5.832  141.932  283.058  292.971   46.425  -154.780
  -119.098  118.521  328.887  303.087  184.473   72.071   -40.676  -164.277
CT1698:105           -12.618  -100.641  -161.354  -148.048   -88.847   -52.127
   -24.640   11.398  -106.889  -619.180  -864.608  -558.840   43.638  222.693
  133.791   -26.559   -38.664   14.071   73.486  150.511  268.681  380.237
  392.167  333.922  288.037  234.330  152.491   68.824   -17.518  -107.725
CT1698:100            -3.100   -90.167  -157.133  -145.809   -87.731   -46.367
   16.552   46.833  -251.142 -1208.756 -1675.627 -1181.495  -195.696  107.016
   72.867   -20.351    -8.142   63.226  158.435  276.468  529.502  753.326
  757.584  551.092  325.376  214.072  136.191   60.756   -17.983   -99.549
CT1698:095           24.773   -61.206  -148.869  -138.565   -89.314   -34.059
  167.098  317.117   95.258  -529.668  -736.432  -606.965  -156.699   12.484
   12.011   -16.453   13.020   85.016  194.881  325.035  606.569  841.800
  843.475  585.580  319.687  208.934  146.429   77.569    -7.363   -99.158
CT1698:090           -12.253   -95.538  -154.622  -147.801  -110.996   -19.285
  256.995  477.042  423.844  201.208   91.898   -23.156  -116.631  -136.600
  -114.775  -105.089   -92.492   -96.617   -92.835   31.770  330.724  573.037
  608.443  459.127  294.695  203.801  131.503   68.507    2.578   -67.180
CT1698:085            -1.383   -73.731  -149.188  -148.858  -136.258   -58.393
  153.878  335.592  367.451  246.394  109.301   65.920   -44.487  -142.040
  -194.022  -218.076  -232.905  -278.105  -296.898  -186.537   94.246  323.037
  387.596  308.412  207.368  159.060  110.856   58.742    -3.072   -65.210
CT1698:080           -38.203  -115.678  -171.405  -177.667  -162.072   -80.285
  102.605  283.813  414.025  615.497  638.364  394.724    3.949  -178.390
  -265.733  -302.418  -328.677  -354.077  -360.772  -270.410   -16.928  229.992
  320.537  332.088  333.330  285.705  175.525   64.125   -29.380  -115.524
CT1698:075           -47.758  -126.851  -178.373  -173.175  -149.300   -62.285
  109.151  291.106  509.167  935.571 1037.850  659.256   -26.724  -300.916
  -336.957  -312.616  -343.508  -388.222  -417.247  -352.161  -156.799   32.567
  147.133  250.457  326.968  317.164  200.022   66.377   -44.634  -146.814
CT1698:070            -8.095   -89.298  -174.742  -164.383  -136.158   -46.179
  157.854  339.734  568.073 1127.109 1281.432  741.307  -203.487  -510.987
  -382.776  -243.808  -283.415  -399.637  -495.600  -459.312  -309.913  -149.963
   -30.211  168.707  352.694  359.407  207.690   64.735   -35.533  -134.735
CT1698:065           -43.256  -118.142  -166.907  -139.618   -79.475   25.110
  265.490  494.164  538.039  456.481  350.148  201.896    -1.143  -127.706
  -233.399  -295.088  -363.774  -442.234  -497.432  -506.999  -575.495  -615.532
  -477.025  -144.671  150.671  221.016  159.252   77.269    8.901   -53.600
CT1698:060           -42.770  -104.253  -147.549  -113.472   -38.447   58.776
  282.379  465.483  316.739  -255.863  -565.557  -449.210  -115.692   -77.315
  -251.657  -484.542  -581.011  -578.022  -521.719  -531.160  -626.716  -644.180
  -518.528  -229.633   67.415  154.557  109.128   69.487   44.896   15.801
CT1698:055           -34.130   -96.242  -141.482  -103.446   -14.355   66.775
  218.835  329.868  123.719  -486.723  -789.174  -616.983  -161.300   -55.021
  -247.722  -496.022  -610.594  -738.354  -836.394  -815.163  -644.435  -455.737
  -314.179  -125.296   50.853  118.465   99.036   79.555   69.410   57.390
CT1698:050           -35.170  -111.322  -154.673  -104.023    -7.489   42.496
   86.157  107.779   -14.191  -273.431  -353.297  -341.032  -181.417  -114.639
  -166.190  -212.772  -297.302  -537.474  -775.191  -748.902  -435.094  -158.095
   -68.699   -10.828   50.005   91.258   92.062   88.749   92.342   94.841
CT1698:045            9.579   -77.348  -172.329  -121.475    5.147   45.453
    -9.041   -75.486  -134.801  -247.836  -262.834  -171.562  -141.052  -112.193
  108.369  223.886  163.564   53.335   -13.310   -61.118  -107.416  -121.173
   -91.991   -38.691    9.538   49.942   73.795   96.506  116.214  131.295
CT1698:040           -65.306  -134.495  -165.040   -87.037   49.384  100.867
   73.284   43.117   -10.125  -134.453  -129.470  241.928  824.794  953.401
  727.232  388.892  291.890  356.707  398.620  314.093   48.334  -177.738
  -187.967   -94.145    -3.325   41.425   68.104   94.735  119.690  140.743
CT1698:035          -105.584  -153.577  -158.590   -59.841   90.195  174.020
  214.845  217.299  165.781   11.942    -3.938  527.839 1465.735 1651.633
 1028.580  301.933  165.143  309.095  380.271  313.862   62.967  -177.265
  -200.540  -106.990    -8.579   31.875   57.388   85.389  111.703  136.619
CT1698:030           -63.932  -103.028  -147.897   -40.176  144.828  243.627
  386.634  463.372  333.635   36.269   -29.098  237.608  812.923  936.528
  526.764   73.061    -8.590  122.388  241.289  205.174   21.308  -116.821
  -108.609   -48.662    4.659   30.375   50.767   75.640   99.801  125.191
CT1698:025          -114.718  -144.245  -123.783   26.844  231.162  350.390
  495.432  550.057  266.828  -483.732  -826.933  -796.855  -762.842  -714.255
  -422.846  -239.381  -256.525  -320.981  -317.164  -277.343  -106.744   77.451
  139.303  126.106  111.722  110.905   97.980   83.741   71.865   59.893
CT1698:020           -55.690   -68.396   -87.112   35.129  231.639  336.089
  498.765  548.053  211.450  -669.702 -1052.616  -984.424  -718.822  -607.206
  -440.938  -268.580  -316.246  -708.256 -1063.616  -927.789  -309.066  153.935
  254.162  230.204  216.766  201.149  149.463  100.156   54.908    5.614
CT1698:015          -104.879  -119.296   -98.786   46.993  240.244  344.416
  498.541  560.673  266.988  -443.716  -770.859  -587.695   -85.142   76.130
   -26.424  -116.474  -179.680  -427.047  -579.448  -517.180  -223.396   76.369
  197.866  236.577  242.115  221.765  163.546   97.125   35.680   -24.934
CT1698:010          -133.525  -141.669  -121.353    9.113  251.850  329.048
  301.154  216.368   75.499  -142.355  -237.677  -166.877   59.558  152.600
   93.535    -3.415   -35.895   -97.706  -133.513  -101.247   -12.975   97.814
  166.287  220.557  262.419  236.586  155.197   75.806    8.208   -60.126
CT1698:005          -112.173  -104.678   -74.166   62.271  241.448  236.382
   -39.031  -293.179  -356.838  -280.452  -223.450  -224.350  -258.769  -232.494
  -115.502    -0.305   43.756  107.432  169.806  165.127   32.040   -74.824
   -31.090  127.636  247.909  236.214  158.858   72.032    -4.101   -68.065
CT1699:360          -100.074   -94.864   -89.781   -22.623  117.557   62.075
  -418.997  -836.341  -795.305  -458.694  -321.421  -332.014  -500.577  -497.699
  -234.907    -6.472   75.861  174.273  225.914  260.705  250.727  208.873
  205.354  210.739  201.792  170.498  109.446   48.268    -7.087   -63.055
