
filled_synop: 30 data points in equal steps of sine latitude from +14.5/15 to  -14.5/15

CT1717:360           -10.178   -35.759   -61.698  -117.411  -165.253  -154.925
  -149.808   -40.252  343.578 1121.279 1390.612 1067.751  820.594  694.743
  324.112  123.935  115.468  203.004  228.075  141.931   13.113   -73.007
  -183.613  -297.075  -271.486  -146.312   -47.909   16.754   78.215  142.361
CT1717:355            -2.213   -49.574  -104.941  -164.761  -173.847   -81.281
    6.511   64.493  308.320  526.013  401.228   30.377  -677.485  -880.417
  -683.344  -519.621  -406.016  -131.339   -22.056   -29.643   -28.482   -59.967
  -169.687  -286.400  -258.524  -141.984   -44.619   26.021   90.690  151.241
CT1717:350            -6.438   -59.025   -94.930  -163.613  -204.755   -28.521
  503.167  821.916  844.186  913.359  872.927    -9.301 -1310.011 -1547.127
  -896.001  -273.498  -173.360  -173.893  -161.939  -181.502  -201.058  -222.717
  -240.590  -242.806  -208.547  -129.312   -51.667   24.568   99.455  171.542
CT1717:345           -12.707   -61.881  -107.522  -154.580  -159.194   -59.335
  133.911  200.414  241.601  266.823  197.037  -136.791  -560.224  -592.283
  -228.491  190.818  185.564   -99.690  -249.809  -274.163  -329.647  -362.863
  -329.413  -298.973  -244.798  -130.306   -31.350   44.012  112.691  178.522
CT1717:340           15.223   -15.449   -50.668   -94.882  -126.006  -188.509
  -322.263  -416.339  -534.005  -753.413  -766.967   -82.935  728.226  831.508
  344.746   -15.436   -42.412   -33.243   -61.255  -134.091  -222.163  -257.889
  -273.272  -268.125  -210.224  -114.721   -31.158   37.241  104.432  170.923
CT1717:335           17.015   -16.974   -53.576   -91.013  -116.150  -171.935
  -244.040  -350.812  -736.048 -1281.341 -1294.491  -417.871  862.319 1070.452
  435.615  -150.871  -188.537   12.398   61.395   -53.527  -266.019  -355.156
  -324.121  -271.548  -195.358  -108.902   -34.008   35.269  102.168  165.382
CT1717:330            -7.501   -34.287   -63.447   -96.151  -118.494  -117.680
   -44.588   -55.319  -429.653 -1108.322 -1213.572  -742.754   -90.915   31.896
  -135.602  -235.307  -177.245   98.540  186.930   -74.797  -550.338  -678.440
  -514.832  -290.602  -172.896   -84.126   -15.320   38.602   89.570  143.282
CT1717:325           -27.794   -46.611   -63.545   -90.857  -104.290   -55.542
   50.202   64.459  -116.513  -488.220  -641.101  -876.428 -1134.403 -1125.264
  -726.493  -318.294  -188.511   93.817  165.943  -191.419  -867.626 -1053.630
  -754.664  -363.429  -200.529   -99.635    -5.985   46.763   88.079  137.988
CT1717:320           -52.338   -66.657   -71.056   -95.348   -97.406   23.735
  252.254  394.656  498.125  618.731  559.860  183.238  -426.351  -605.119
  -368.030  -132.646  -131.317   -81.684  -112.287  -464.645 -1090.930 -1242.797
  -881.961  -400.397  -225.799  -102.004    5.745   60.509   95.795  135.824
CT1717:315           -75.266   -89.707   -99.790  -126.349  -121.418   43.380
  395.014  642.664  939.637 1384.086 1495.290 1226.526  779.814  564.291
  322.633   75.636   -96.823  -326.185  -508.340  -655.106  -861.592  -881.190
  -666.968  -400.341  -250.068  -105.758    0.288   45.846   78.351  121.130
CT1717:310           -96.264  -108.640  -105.038  -126.017  -126.758   60.329
  425.905  686.045  906.964 1182.422 1282.672 1176.500  999.441  855.097
  539.392  215.837   -45.307  -491.264  -786.264  -698.502  -340.804  -178.586
  -162.852  -225.312  -198.892  -122.889   -41.791   14.861   63.533  115.952
CT1717:305          -106.070  -120.263  -127.049  -141.781  -136.141   -33.192
  192.192  374.558  465.186  522.711  588.708  588.620  509.319  383.512
  347.438  208.435   -75.866  -661.888  -957.960  -727.384  103.110  462.447
  277.503   -59.848  -117.640   -83.533   -40.669    7.021   66.156  120.778
CT1717:300          -108.677  -120.574  -121.030  -115.997  -100.054   -73.639
  -102.762   -65.288   11.514    2.721   -22.474  228.831  562.746  554.252
  368.048   82.234  -201.761  -928.229 -1375.087 -1018.442   77.209  495.328
  373.793   40.550   -41.321   -44.704   -41.033   11.371   77.540  130.085
CT1717:295           -69.573   -85.659   -99.803  -116.575  -129.631  -150.040
  -245.388  -234.838   -40.490  422.383  638.765  540.554  514.488  519.743
  330.770  270.343   77.611  -704.984 -1253.683  -807.758  352.327  754.026
  558.408  111.686   -28.649   -49.165   -47.350    -0.876   67.237  126.226
CT1717:290           -27.807   -61.065   -96.685  -137.974  -172.256  -186.929
  -237.248  -207.637   20.157  530.083  691.858  269.596  -704.211  -983.149
  -361.381  271.536  274.208   -19.333  -112.533  105.375  899.849 1232.988
  777.121   79.555  -105.452  -110.304   -82.367    -9.950   76.117  143.346
CT1717:285            -1.290   -44.461   -86.761  -148.700  -202.667  -190.502
  -145.261   -77.984   84.283  463.961  572.801  205.716  -480.381  -628.810
  -340.776  108.898  150.852   -60.926  -261.579  -100.740  269.111  339.901
  141.885  -286.005  -378.107  -242.080  -111.128   -24.814   76.656  170.926
CT1717:280           16.686   -39.224   -96.111  -162.904  -209.556  -178.140
   -57.238   29.261   75.185  143.451  142.537   -20.924  -279.824  -326.354
  -176.056   38.373    8.092  -271.565  -449.025  -420.214  -184.701   -58.728
  -340.459  -778.164  -790.787  -477.458  -148.249   -18.369   81.816  178.903
CT1717:275           15.230   -42.580   -93.864  -159.659  -213.983  -201.099
  -101.744   -49.245  -107.326  -308.445  -410.185  -373.466  -273.170  -235.036
  -133.175    -2.153  -111.062  -720.133 -1175.193 -1087.764  -693.391  -480.826
  -466.185  -518.171  -464.432  -227.631   -54.067    6.536   90.355  167.766
CT1717:270           22.360   -35.255   -89.858  -147.030  -188.959  -195.520
  -162.988  -157.004  -252.719  -488.995  -571.870  -461.079  -192.204  -100.810
   -88.435   -89.161  -203.816  -716.612 -1053.275  -931.685  -519.311  -238.178
  120.389  618.558  637.575  218.688   -89.923   -62.049   45.142  127.348
CT1717:265           36.026   -18.138   -71.536  -127.748  -173.012  -196.885
  -203.232  -217.793  -285.947  -453.144  -502.163  -363.877   -57.259   44.199
   -38.454  -171.038  -227.658  -439.112  -599.148  -331.497  309.536  641.323
  941.524 1266.215 1151.585  549.659    1.010   -75.925   14.352   96.799
CT1717:260           52.999    3.620   -46.409  -109.476  -166.422  -191.243
  -193.182  -188.112  -195.490  -224.379  -207.347  -119.832   38.805   80.117
    6.570  -193.723  -154.904  258.020  623.129  870.772 1330.458 1578.937
 1495.129 1278.093 1046.046  451.242   -36.310   -19.105  106.246  140.084
CT1717:255           36.300    0.150   -43.358   -96.851  -142.236  -162.034
  -178.030  -172.673  -110.222   41.887  133.911  169.434  194.809  176.598
  119.595  121.543  210.670  553.503 1030.769 1243.826 1442.280 1547.648
 1264.041  673.010  401.818  162.926   -65.757  -109.568   -17.840   82.686
CT1717:250            4.799   -14.338   -35.738   -69.131   -99.913  -106.074
  -128.609  -126.463   -30.100  201.606  304.888  304.659  246.357  159.956
  -132.303  -584.089  -605.048  -311.837  -119.827  206.240  717.271  894.287
  755.114  385.365  188.056   36.133   -81.295   -57.200   44.199   96.898
CT1717:245           -41.712   -46.960   -54.348   -64.069   -67.972   -48.671
    -7.574   40.892  122.860  306.034  388.900  327.236  188.352   67.633
  -276.511  -737.894  -796.891  -634.471  -450.493  -123.574  534.059  852.338
  728.788  471.665  297.791   68.877   -98.593  -101.665    -7.105   84.803
CT1717:240          -101.213   -87.455   -70.153   -56.370   -34.349   18.855
  113.175  179.157  196.087  205.597  194.308  105.770   -40.782  -141.549
  -258.370  -343.899  -365.887  -374.863  -221.095   17.828  528.261  820.801
  745.454  515.851  360.073  115.761   -84.911   -87.976    7.100   92.966
CT1717:235          -157.479  -121.782   -83.911   -53.730   -19.642   50.449
  209.430  301.083  241.019    -4.060  -161.858  -223.431  -287.667  -337.843
  -250.990  -101.513   -78.993  -186.862  -212.541   -22.388  480.893  773.866
  730.927  577.318  455.494  162.084   -79.303   -51.258   58.747  111.116
CT1717:230          -191.896  -137.969   -71.843    4.494   82.994  166.490
  309.681  393.267  295.898   -20.149  -199.185  -227.424  -193.672  -176.390
   -79.980   45.722   64.866   -72.120  -237.839  -136.901  120.847  254.280
  391.208  538.550  478.870  214.677   -24.188   -57.326    7.175   81.136
CT1717:225          -210.548  -135.331   -57.092   25.854  106.183  185.372
  284.685  327.132  275.434  142.626   68.409   31.954   20.484   41.505
  133.452  258.158  312.717  349.643  404.747  329.354  101.865   57.495
  208.879  417.271  391.621  152.480   -20.016    -0.988   64.507   99.547
CT1717:220          -199.977  -125.987   -50.847   25.810   96.272  151.211
  206.866  233.639  234.917  240.295  221.815  182.106  115.966  117.354
  188.708  257.541  324.061  456.311  515.161  425.827  170.635   92.711
  191.755  343.253  320.319  135.798    -7.171    -5.729   48.624   90.398
CT1717:215          -190.701  -117.218   -47.724   20.115   85.243  132.970
  175.926  193.346  175.042  139.882  101.168   77.549   31.186   41.349
  111.843  173.275  220.794  260.730  260.104  237.997  154.576  124.912
  204.391  306.351  275.533  113.311    -4.643    6.899   49.665   79.872
CT1717:210          -185.978  -122.711   -59.396   11.092   78.442  116.197
  160.989  172.273   98.936   -62.671  -147.180  -145.064  -113.990   -78.107
    2.494   85.300  121.673  112.880  103.354  114.670  154.666  180.358
  216.766  253.234  223.007  110.458   22.403   18.828   44.535   64.439
CT1717:205          -185.336  -125.749   -62.402    9.215   78.538  106.805
  112.103   96.829    7.519  -192.772  -300.917  -299.333  -236.214  -176.682
   -80.645   24.732   69.654   69.181   72.865   81.595  104.138  124.881
  159.487  196.242  175.816   88.201   24.235   25.957   46.008   57.712
CT1717:200          -169.776  -101.260   -38.390   27.473   88.354   92.958
   58.392   11.731   -87.900  -276.204  -376.972  -374.779  -300.121  -228.424
  -140.594   -23.845   33.028   66.294   89.539   91.912   74.820   73.796
  105.069  143.383  136.639   78.198   20.141   16.867   41.426   66.719
CT1717:195          -167.879  -105.952   -38.236   32.877   91.894   85.121
   11.416   -58.330  -150.679  -308.415  -388.276  -361.995  -273.134  -202.921
  -127.921   -31.644   13.589   64.354  130.590  107.791   26.249    1.428
   41.187  109.476  115.424   55.100    1.968   14.966   51.965   77.815
CT1717:190          -170.261  -111.993   -58.425   12.859   88.300   78.819
   -10.922   -96.917  -166.360  -278.766  -329.934  -255.296  -100.230   -26.426
   50.657   49.230   34.449   45.812    -4.700   -31.633   -55.629   -64.270
   -15.448   85.422  108.965   45.796   -17.431    -4.867   40.921   85.007
CT1717:185          -191.492  -126.309   -56.252   26.011   86.976   71.644
   -14.430   -84.356  -132.673  -207.548  -219.564   -94.064  226.286  343.386
  388.919  302.942  236.543  165.567    0.039   -36.493   -85.487  -121.430
   -55.619   66.782   94.112   35.043   -37.289   -23.970   35.384   96.904
CT1717:180          -210.826  -141.732   -78.110   12.722  103.493   90.176
   -53.356  -174.154  -199.201  -193.212  -194.970   -64.815  416.837  685.895
  494.816  466.670  502.186  170.340   12.513    2.603   -58.703   -46.023
   -35.033   24.416   45.832   -18.802   -81.258   -31.442   57.031  117.948
CT1717:175          -198.677  -125.065   -48.343   40.389  104.831   82.538
   -58.147  -162.693  -158.639   -30.489   57.495   -34.166  -380.118  -707.503
  -879.106 -1330.286 -1418.720  -921.144  -418.547  -268.995  -252.967  -288.977
  -223.288   -88.820   -47.318   -61.745   -83.530   -51.330   20.437  103.526
CT1717:170          -168.101  -102.430   -41.926   35.526  109.089  110.381
   20.520   -42.768   -14.076  132.144  194.401   88.550  -107.592  -277.685
  -885.256 -1883.700 -2023.305  -920.527  439.554  612.784  114.163  -139.048
  -146.317  -119.849  -102.904   -99.374   -93.068   -37.047   44.849  115.645
CT1717:165          -175.574  -110.669   -39.555   43.139  106.175  111.408
   31.252   -22.315   35.803  241.692  350.898  262.839   55.475  -156.050
  -485.147  -848.907  -811.597  -236.749  586.551  681.285  221.400   -51.253
   -96.050  -102.829   -98.983   -82.970   -62.514   -17.492   45.705  105.998
CT1717:160          -157.316  -106.897   -58.237    7.124   71.068   83.582
   28.039    -2.439   76.836  295.127  410.767  356.935  205.857   51.424
  -107.999  -241.821  -243.902  -122.844   -34.132   47.034   -23.531  -131.399
  -148.176  -128.960  -113.036   -82.186   -48.138    -6.138   44.735   95.922
CT1717:155          -121.921   -81.776   -41.739    -2.831   26.318   33.810
   12.019   18.827   94.293  266.546  365.157  353.041  268.846  167.105
   39.551  -159.123  -228.241  -239.672  -259.352  -242.762  -217.254  -191.157
  -180.709  -150.514  -126.772   -73.656   -22.626   16.104   54.735   90.959
CT1717:150           -79.357   -62.889   -51.586   -40.381   -28.403   -22.235
   -38.632   -31.916   40.008  183.987  279.416  307.023  311.257  273.148
  139.668   -34.731  -118.024  -182.026  -219.815  -214.723  -132.159   -91.931
  -106.753  -114.114  -103.129   -69.356   -29.916    4.878   42.785   80.098
CT1717:145           -34.460   -42.868   -50.222   -62.709   -77.206   -81.146
   -91.683   -83.327   -21.154   84.767  168.516  244.907  339.362  355.415
  269.987  147.308   95.533   96.415   93.577   60.957   11.857   -13.891
   -30.363   -40.660   -44.760   -42.579   -35.665    -4.339   34.820   73.223
CT1717:140           10.131   -21.361   -51.397   -79.101  -100.641  -110.643
  -117.683  -102.580   -50.549   24.949  104.075  230.408  398.702  445.590
  400.149  322.837  299.411  348.984  373.431  314.015  154.589   61.571
   30.193   11.302   -11.296   -36.456   -43.708   -11.460   33.020   75.833
CT1717:135           41.622    8.657   -25.466   -70.641  -117.137  -128.379
  -114.533   -92.204   -42.312   27.794  112.098  266.411  460.611  517.909
  452.202  352.121  337.272  372.870  381.011  363.423  316.290  261.019
  154.863   28.676   -26.684   -42.565   -43.037    -1.964   49.485   90.008
CT1717:130           52.425   23.454   -12.936   -62.074  -110.460  -122.261
  -103.670   -84.695   -40.015   22.845   91.986  233.269  412.058  456.681
  369.815  266.455  266.803  299.648  323.762  376.143  467.405  434.586
  214.822    -2.398   -60.539   -50.926   -37.271    9.073   55.843   92.137
CT1717:125           69.266   49.886    -7.547   -59.073   -97.845  -108.367
   -86.435   -68.571   -48.852   -43.634    -1.569  133.275  264.422  288.195
  166.991   71.780  102.112  197.272  266.733  360.331  498.293  477.579
  267.164   34.965   -34.886   -33.523   -28.786    1.273   43.053   81.589
CT1717:120           88.725   67.734   24.309   -17.574   -50.031   -67.646
   -68.734   -73.422   -86.530  -105.587   -87.119   -24.342   68.765  112.833
   89.140   65.806   90.297  161.531  203.239  218.908  230.090  205.705
  135.850   60.383   21.776   -10.344   -21.821    -4.497   14.583   30.536
CT1717:115           84.498   51.260   13.501   -25.176   -60.088   -84.191
   -90.749  -107.194  -186.127  -341.499  -369.520  -260.658   -45.603   56.203
   84.630  107.066  142.576  226.070  271.675  254.098  189.117  132.006
   72.024   30.291   11.832   -10.023   -21.700    -8.877    6.589   21.124
CT1717:110           74.324   40.690    6.817   -26.807   -58.220   -87.971
  -104.204  -122.651  -194.610  -401.691  -455.694  -282.755   36.221  168.103
  149.691  108.801  101.201  182.471  261.693  207.793   12.115   -71.972
   -51.225   19.032   20.366    -9.648   -25.100   -12.130   11.648   36.471
CT1717:105           60.527   31.097    -2.846   -38.071   -71.795  -103.781
  -146.003  -183.605  -235.722  -373.159  -373.793  -143.564  284.458  410.531
  275.011   -17.347   -70.871  100.285  262.945  238.770   69.666   -26.964
   -23.292   23.550   27.861    5.466   -13.218    1.939   26.666   43.383
CT1717:100           49.634   17.021   -15.498   -50.903   -86.414  -108.176
  -151.468  -176.115  -153.140  -114.266   -54.039  155.065  673.798  866.947
  554.447   -31.005  -181.546   -37.549  122.068  138.125   71.060   26.633
   41.517   62.888   53.827   20.118    -8.635    2.287   27.982   45.050
CT1717:095           40.544    2.312   -32.799   -69.138  -104.793  -113.696
  -125.641  -125.453   -22.530  264.373  483.159  532.146  479.998  368.523
  188.901   -59.738  -147.298   -93.911   -19.528   38.242  132.828  183.252
  172.856   98.071   59.503   28.371    -1.848    -1.503   18.883   37.743
CT1717:090           33.870    -7.104   -42.860   -81.742  -124.299  -103.288
    9.815  132.735  244.659  481.462  621.839  471.465   -29.702  -316.069
  -347.406  -202.078  -175.110  -199.434  -222.626  -154.137   70.046  227.240
  224.262  114.884   65.333   30.900    0.936    6.075   27.915   39.835
CT1717:085           28.513    -9.027   -41.199   -83.924  -133.642  -106.423
   24.543  160.434  275.802  476.102  580.500  398.479  -182.367  -553.163
  -541.399  -333.215  -290.712  -404.361  -489.945  -423.422  -121.614  136.863
  172.573   79.895   59.479   40.557    4.091    -2.856   10.461   29.462
CT1717:080           28.723    -2.228   -42.818   -90.737  -128.591  -102.081
    7.524  125.345  198.750  298.778  365.260  254.631   -19.248  -159.809
  -252.162  -362.765  -445.837  -533.026  -639.312  -618.735  -363.676  -119.908
   -21.387   68.079  110.953   70.143   13.340    7.000   18.777   28.756
CT1717:075           19.504   -14.275   -45.391   -88.220  -137.295  -120.072
   -30.714   67.028   95.133   57.194   17.853    -8.536   -12.362   -26.376
   -54.784   -91.974  -143.752  -288.760  -513.731  -594.590  -582.009  -492.161
  -371.711   -45.784  153.252  111.508   17.887    8.586   17.980   25.708
CT1717:070            7.684   -25.287   -60.815  -106.574  -139.605  -120.553
   -43.062   27.541   36.654   -28.055  -103.309  -100.068    1.548   56.493
   97.134  194.213  216.131  130.418   -65.294  -209.558  -604.302  -964.220
  -798.005  -116.982  199.404  169.566   51.144   15.190    6.694   16.202
CT1717:065           -11.641   -36.484   -56.781   -87.747  -123.336  -102.263
   17.815  142.404  150.008   51.350   -16.586   -22.163   32.200   80.527
  124.108  250.468  358.042  434.948  634.344  567.771  -115.915  -743.939
  -660.010   -77.856  162.496  116.942   16.134   12.941   25.191   27.749
CT1717:060           -35.068   -43.656   -53.438   -67.639   -75.453   -41.608
   81.717  206.078  203.517   39.571   -96.046   -99.662    -3.065   53.079
    1.593  -216.532  -255.780  149.365  829.150  881.542  353.302   -91.656
  -139.005    1.991   91.532   82.669   21.829    2.544    5.179   19.345
CT1717:055           -56.361   -45.408   -34.608   -28.328   -26.402    -6.857
   48.678   95.218   86.829   -24.878  -128.224  -119.988    0.428   53.942
   -61.520  -453.665  -571.359  -139.462  470.181  565.155  362.623  129.174
   68.896   69.388   62.837   40.591    5.660    -0.116   13.742   28.103
CT1717:050           -63.888   -45.388   -27.784    -7.231   12.917   21.308
    -2.841   -37.150   -27.712   22.028   58.226   71.315  106.556  111.682
   30.620  -156.046  -174.466   -32.020  252.913  332.297  273.406  192.506
  143.387   75.051   32.678   18.308    3.794    6.633   24.558   37.224
CT1717:045           -88.297   -67.706   -45.685   -17.682    8.315   12.076
   -28.402   -65.620   -31.287  123.223  266.411  273.569  181.669  113.143
   74.879   27.290   34.128   69.629  112.916  149.103  188.938  198.286
  156.884   76.580   28.819    8.280    -6.324    -5.225   14.678   38.690
CT1717:040           -97.803   -76.916   -53.874   -23.469    5.642    2.560
   -54.021  -106.808   -62.112  125.638  289.039  291.753  152.037   59.040
   30.723    9.240    8.567   52.998  114.222  148.200  170.800  187.898
  156.254   88.066   42.478   15.648    -3.818    5.543   35.716   56.526
CT1717:035           -96.101   -77.956   -59.341   -31.869    -1.669   -11.348
   -81.989  -144.723  -102.153   52.049  150.132  171.444  102.429   20.342
   -10.164   -20.378    -9.332   35.310  115.722  152.166  167.408  178.204
  150.249   90.861   48.203   20.765    -1.750    3.801   32.977   57.072
CT1717:030           -81.296   -71.718   -58.903   -35.854   -16.876   -36.284
  -124.805  -204.170  -164.672   60.092  330.697  362.684  166.782   55.285
   19.747   -26.634   -35.993   27.181  131.591  164.126  181.115  168.726
  140.424   90.372   51.735   24.416    -1.794    -3.868   18.887   46.717
CT1717:025           -54.641   -57.619   -61.168   -57.463   -47.195   -70.577
  -179.515  -289.954  -267.220  -131.861   31.023  102.715  140.192  146.445
  132.083   59.920   19.070   97.521  272.771  312.507  247.190  176.359
  144.219   95.849   59.278   30.693    -4.445    0.955   33.093   54.407
CT1717:020           -20.665   -28.978   -39.278   -52.830   -68.811  -101.245
  -204.618  -310.262  -288.488  -210.383  -171.411   -55.675  281.767  459.028
  417.424  240.302  153.309  172.452  245.963  247.882  187.630  125.060
   98.994   82.803   67.240   42.651    8.048    1.544   19.642   43.461
CT1717:015            -0.827   -13.778   -29.693   -51.773   -78.461   -94.807
  -117.656  -124.515   -49.557  169.846  403.439  482.563  555.015  627.462
  515.918  245.651  130.532   74.371   41.844   17.054   -60.846   -96.724
   -74.065   11.135   50.118   35.295    6.700   12.803   32.254   48.268
CT1717:010            6.352   -12.329   -32.593   -55.529   -80.730   -75.951
   -30.777   16.985  113.893  375.262  613.767  599.522  310.178  117.585
   29.865   -49.323   -79.494  -169.828  -427.649  -521.110  -358.196  -241.914
  -198.797   -64.643   18.109   26.447   17.443   24.114   35.915   47.835
CT1717:005            5.412   -15.120   -34.957   -57.122   -79.511   -66.269
    9.885  103.301  179.723  283.181  327.204  262.738  -128.257  -515.850
  -504.972  -272.462  -202.713   -34.766  256.955  285.276   52.369  -214.854
  -231.885   -90.368   -15.512    0.615    6.820   20.062   35.181   50.635
CT1718:360            2.098   -12.862   -27.556   -46.434   -70.560   -64.120
   -23.775   34.923   90.438  181.636  317.754  315.715  103.316   -30.102
   -56.803   53.629  155.055  348.417  950.144 1095.698  490.437   -86.114
  -153.681   -86.309   -49.786   -30.272   -13.898    6.887   29.201   50.668
