
filled_synop: 30 data points in equal steps of sine latitude from +14.5/15 to  -14.5/15

CT1711:360           -82.592   -73.923   -67.040   -40.661   28.987   63.261
   27.605   -32.364  -156.598  -739.217 -1233.161 -1120.702  -373.770  112.102
   41.912  -411.589  -708.047  -679.474  -425.278  -321.339  -233.311  -164.172
  -106.854   -55.819   -15.966   21.242   47.080   68.541   89.281  106.590
CT1711:355           -74.981   -63.081   -49.186   -29.695    0.974   18.180
   -20.130   -82.918  -199.550  -621.355 -1018.282  -961.856  -417.248   26.823
   -38.264  -313.239  -396.220  -508.860  -363.444  -221.851  -187.933  -120.334
   -41.817    3.548   15.653   40.128   56.349   66.775   78.706   90.671
CT1711:350           -70.862   -61.329   -49.051   -35.624   -21.660    3.008
   17.373   19.963    3.055   -66.917  -117.035   -95.331   19.486  166.869
   54.155  -437.632  -746.140  -781.227  -737.985  -732.463  -584.592  -211.234
   -26.959   31.906   41.691   62.303   66.602   65.508   69.152   75.030
CT1711:345           -64.013   -53.279   -44.687   -27.269   -16.757   16.595
  118.748  268.843  359.524  550.908  718.142  720.630  459.409  306.543
  461.118  670.220  554.617  266.178  -592.466 -1012.973  -818.198  -240.580
   -31.741   36.250   65.433   93.948   89.708   75.181   72.795   74.364
CT1711:340           -62.177   -54.221   -46.428   -22.859    3.135   53.662
  188.608  369.824  495.880  729.692  915.081  932.935  731.938  617.384
  961.416 2055.033 2534.427 1785.573  139.654  -569.281  -532.808  -159.177
    -7.748   48.694   63.960   82.587   86.489   84.555   82.996   81.732
CT1711:335           -72.534   -64.090   -50.743   -18.880   16.842   72.119
  203.776  371.009  467.615  632.591  765.534  766.985  627.266  607.096
  966.106 2020.062 2450.703 1874.481  632.582   97.635   -66.687    -6.718
   26.983   55.049   60.237   71.045   80.256   88.622   95.976   99.858
CT1711:330           -65.091   -51.823   -45.266   -10.698   47.513  105.631
  197.368  317.976  349.421  270.655  173.097  129.491   -19.171   -57.741
  263.629  896.562 1053.380  877.487   98.974  -314.670  -205.040    8.955
   20.792   28.054   44.275   57.521   79.199  101.795  112.820  116.119
CT1711:325           -76.133   -58.584   -38.642    -4.202   39.708   88.396
  151.717  226.433  207.735    -5.485  -237.018  -318.132  -421.654  -443.397
  -227.897  278.145  535.044  517.907  353.031  237.277  150.279   63.186
   12.362   15.597   45.376   61.819   78.650   93.184  103.898  112.351
CT1711:320           -73.306   -52.990   -31.931    0.401   42.941   85.253
  126.591  184.732  140.895   -74.379  -279.641  -377.882  -483.220  -504.622
  -379.986   -91.057   99.699  308.836  656.246  748.435  545.371  165.744
   17.269    7.038   38.983   53.048   70.048   85.581  100.587  114.177
CT1711:315           -64.643   -43.257   -25.208    5.553   43.021   84.920
  114.706  157.313  101.563   -67.369  -189.521  -301.326  -419.585  -452.554
  -413.704  -344.949  -245.234  108.241  803.486 1025.950  708.996  135.354
   -32.657   -15.587   38.770   53.627   70.638   86.136  102.800  121.241
CT1711:310           -77.226   -62.432   -44.078   -12.623   29.916   97.153
  221.194  331.186  247.708   -62.334  -430.833  -502.713  -298.688  -213.101
  -302.526  -560.382  -649.141  -400.726   -83.194   29.192  125.894   26.331
    -8.955    -5.354    6.593   23.628   47.015   69.208   91.490  114.935
CT1711:305           -75.979   -50.764   -27.096   14.329   44.031  105.667
  466.085 1051.287  984.411  171.604  -462.810  -566.617  -297.497  -195.655
  -388.027  -710.640  -787.125  -859.890  -548.470  -273.770  -240.938  -176.065
   -60.708   -15.080   -17.801   10.991   32.710   52.537   78.381  106.830
CT1711:300           -72.512   -55.052   -34.332    7.389   65.967  141.310
  376.191  687.089  549.825  -302.763 -1117.057 -1120.067  -436.369  -141.731
  -609.766 -1804.608 -2316.631 -2232.600 -1750.317 -1393.874 -1001.134  -407.900
  -114.965   -42.501   -27.430   10.327   37.249   64.793   93.328  121.655
CT1711:295           -71.072   -53.675   -30.101    7.841   75.339   92.941
   53.353    8.065  -178.684  -745.538 -1200.659 -1114.038  -348.232   44.868
  -606.653 -2403.643 -3205.027 -3015.166 -2424.594 -2019.866 -1452.032  -548.367
  -177.241  -101.022   -48.481   10.304   42.970   71.936  103.566  134.218
CT1711:290           -67.485   -47.174   -26.531    8.441  106.839  107.654
  -218.876  -756.298  -943.973  -967.137  -946.137  -779.559  -137.350  159.649
  -366.087 -1800.217 -2345.085 -2065.439 -1683.728 -1467.955  -980.285  -424.677
  -271.854  -211.611   -78.494    -1.549   34.532   63.332  100.962  137.577
CT1711:285           -70.474   -49.324   -21.280   16.852  103.030   81.777
  -217.309  -626.373  -728.941  -542.987  -301.443  -128.656  155.813  265.080
  273.309  237.507  322.111  637.882 1328.252 1513.593  984.438   -51.570
  -435.943  -380.135  -132.305   -22.169   29.491   65.202  104.833  141.271
CT1711:280           -67.827   -47.034   -17.943   23.468   89.583   72.066
  -129.966  -398.125  -420.329  -132.622  185.628  326.161  446.367  523.629
  674.521  983.168 1302.467 1906.226 3083.494 3306.182 2206.092  259.242
  -459.138  -437.360  -129.445   -24.424   33.574   72.192  110.937  145.379
CT1711:275           -61.443   -37.782   -13.428    4.759   40.206   31.038
   -72.732  -234.693  -247.258  -101.994   74.880  188.224  412.192  599.192
  566.484  318.968  450.604 1457.181 3114.932 3384.015 2190.779  230.244
  -439.093  -391.906   -77.622   -11.352   36.466   75.694  111.505  139.995
CT1711:270           -49.703   -22.253    -1.609    0.464   -13.800   -15.307
   28.430   86.986   81.392  -200.046  -498.988  -329.390  108.520  263.513
  198.863  -298.879  -367.636  433.954 1507.078 1668.540 1228.955  313.471
  -117.844  -167.312   -21.615   11.448   41.906   64.085   86.550  109.642
CT1711:265           -59.988   -37.403    -9.854   -16.063   -69.748   -68.349
   92.577  319.440  390.544  416.605  562.299  569.055  582.268  676.333
  633.728  631.279  784.610  890.216 1260.301 1343.986  967.349  451.663
  204.468   89.270   54.496   25.063   37.642   50.531   66.681   92.235
CT1711:260           -44.324   -10.435    9.894   -25.702  -126.561  -140.591
    -4.191  173.487  289.593  415.920  515.704  602.192  652.957  643.439
  634.288  627.665  677.571  663.129  722.337  717.528  572.250  324.353
  167.026   97.884   58.375   26.061   31.939   45.741   60.196   78.988
CT1711:255           -42.233    -3.043   11.531   -52.158  -184.684  -222.430
  -150.703   -43.464  106.280  330.674  444.926  600.356  788.716  820.597
  593.648   -64.063  -355.470   -51.219  334.990  380.929  301.198  188.978
  110.814   68.970   47.501   27.835   35.063   49.413   61.204   76.043
CT1711:250           -75.763   -43.445    5.643   -47.363  -225.088  -279.912
  -213.605  -112.350   68.039  602.555 1076.898 1129.069  989.991  948.242
  805.824  544.084  441.303  362.285  352.858  321.712  233.618  159.829
  112.502   79.363   53.676   35.593   41.912   55.188   67.053   83.967
CT1711:245           -33.250    5.918   15.383   -66.679  -211.357  -263.479
  -215.016  -133.128    0.437  338.964  624.918  720.204  700.116  697.445
  789.155 1003.188 1032.454  700.044  259.116  119.287  133.469  173.420
  157.043  113.635   50.283   24.631   36.868   62.292   82.434  100.281
CT1711:240           -63.184   -27.513   20.869   -31.438  -185.275  -256.116
  -237.065  -185.618  -161.948  -268.093  -320.878  -137.885  258.831  459.375
  512.308  460.491  375.241  311.006  128.401   46.478   99.741  209.432
  215.998  152.510   55.843   30.196   54.155   85.899  102.575  118.002
CT1711:235           -37.464    -0.302   19.492   -39.564  -150.475  -217.492
  -244.304  -254.868  -298.390  -556.769  -712.888  -534.024    -7.460  292.725
  320.013  280.267  251.863  153.088   40.662    -0.533   56.581  166.209
  188.015  142.906   55.064   30.061   50.785   85.789  113.422  134.968
CT1711:230           -31.995    2.175   16.140   -27.347  -130.426  -205.195
  -250.351  -292.529  -336.823  -450.106  -520.549  -403.427  -111.267   74.823
  105.557   46.811   11.937   -29.283   -75.827   -88.618   -41.894   50.296
   88.666   77.372   38.169   36.876   63.789   93.737  114.428  132.992
CT1711:225           -49.953   -30.634    -5.435   -41.738  -130.084  -198.672
  -251.942  -310.205  -319.779  -137.343   50.014   54.283   -79.376  -113.262
   -89.122  -109.205  -122.966  -176.583  -254.550  -271.532  -213.541  -109.317
   -51.334   -18.944   19.238   47.447   63.803   80.068   97.412  114.994
CT1711:220           -33.234   -18.077    -8.323   -45.203  -126.038  -192.356
  -251.233  -316.929  -371.652  -297.460  -217.509  -213.813  -264.028  -238.719
  -187.579  -174.815  -167.531  -224.873  -324.525  -341.099  -292.334  -192.163
  -127.265   -62.705   20.796   61.059   67.523   71.736   83.421   97.944
CT1711:215           -23.285   -17.818   -14.988   -51.292  -117.923  -178.523
  -250.354  -335.871  -496.606  -984.505 -1448.882 -1365.889  -746.537  -285.291
  -173.986  -157.490  -138.205  -174.335  -252.358  -263.376  -214.774  -132.078
   -80.742   -35.731   20.597   53.953   65.160   71.129   77.279   81.894
CT1711:210           -22.104   -22.298   -21.161   -53.650  -109.322  -173.660
  -291.290  -428.698  -616.802 -1194.833 -1736.664 -1614.915  -841.000  -258.843
  -114.998  -106.943   -89.263   -91.026   -99.438   -94.308   -79.780   -51.262
   -23.728    -0.546   17.849   39.290   53.300   65.283   76.783   84.493
CT1711:205           -15.127   -23.006   -36.525   -70.399  -104.945  -154.737
  -232.378  -315.015  -492.436  -883.789 -1139.173 -1040.930  -562.652  -189.749
   -79.441   -76.855   -61.412   -54.106   -53.656   -51.080   -44.288   -44.251
   -31.578    -8.846   12.677   32.597   49.261   64.291   78.379   90.917
CT1711:200           -23.635   -37.939   -46.073   -73.970  -110.127  -158.886
  -220.621  -297.940  -395.426  -513.891  -572.394  -506.152  -305.300  -145.896
   -69.081   -49.522   -32.119   -41.146   -60.534   -60.937   -64.457   -63.404
   -52.872   -25.152   11.084   33.479   49.289   64.290   80.676   97.965
CT1711:195           -20.866   -38.544   -60.901   -96.301  -128.457  -172.396
  -256.840  -349.268  -397.099  -453.025  -494.412  -385.605  -165.757   -85.382
   -22.669   -35.313   -28.379   -29.362   -63.854   -69.161   -46.813   -47.679
   -47.731   -26.678    5.242   27.680   44.904   61.740   81.431  103.009
CT1711:190           -19.898   -47.934   -76.511  -107.390  -136.542  -172.149
  -272.254  -380.435  -368.036  -236.165  -156.784   -99.842   76.865  185.209
   69.007   -75.635   -67.936   24.012  135.069  159.040   93.434    -8.378
   -30.757   -13.907    8.725   25.958   45.631   65.531   86.230  107.437
CT1711:185           -26.332   -58.689   -93.139  -111.258  -113.972  -127.595
  -191.798  -256.545  -198.340   71.533  223.812   82.272  -331.375  -497.126
  -400.942  -197.948  -107.172   20.429  180.487  213.912  126.063   21.305
    2.342    5.292   12.940   27.967   50.408   71.874   90.372  107.463
CT1711:180           -31.961   -60.044   -86.397   -93.005   -90.233   -88.398
   -77.524   -45.664   48.348  313.550  425.680  182.333  -544.313  -869.614
  -677.057  -258.949  -123.156   -74.522   -50.869   -32.500   -22.422   -34.887
   -33.687   -11.471   15.526   34.580   52.946   69.783   87.331  105.743
CT1711:175           -40.431   -62.717   -79.408   -83.113   -85.600   -63.418
    6.728  103.622  231.255  541.375  714.683  471.135  -159.694  -424.013
  -396.342  -183.562  -113.169  -132.132  -167.698  -158.120  -127.338   -82.474
   -58.276   -32.366    -4.254   20.358   42.344   65.876   90.642  114.726
CT1711:170           -29.213   -40.032   -51.598   -60.708   -90.178   -70.970
    6.521   98.047  206.592  462.599  585.540  454.963   96.975   -90.010
  -116.415   -99.550  -113.947  -153.866  -218.273  -219.827  -154.520   -78.744
   -50.789   -33.964   -22.522    2.661   34.705   67.318   96.687  125.329
CT1711:165           -18.078   -27.071   -40.014   -55.072   -76.067   -46.509
   36.105  124.231  192.731  274.045  299.398  302.631  347.389  323.176
  180.749    0.364   -69.208   -83.636   -81.170   -94.218  -100.297  -108.645
   -98.036   -54.626   -15.038   23.387   53.194   75.587   99.976  123.429
CT1711:160           -10.744   -15.406   -23.966   -22.114   -43.151    -1.433
  158.240  335.104  370.648  280.096  209.050  200.768  214.789  180.245
  124.011   28.006   -23.807   -14.583    7.353   -40.421  -146.728  -217.511
  -216.746  -153.584   -25.146   47.924   69.788   81.406  103.118  120.016
CT1711:155           -38.396   -56.727   -69.663   -53.955   -24.316   45.771
  252.208  481.434  505.506  353.104  234.148  162.189   62.448   10.567
   30.740   86.296   81.650   37.938   -16.112  -104.880  -384.412  -744.978
  -771.877  -475.334   -94.062   44.442   70.169   76.350   91.792  107.143
CT1711:150           -50.831   -67.731   -78.453   -46.895    9.503   86.362
  270.925  470.391  462.731  263.718   97.899   34.184   -30.142   -49.213
    5.367  115.131  134.370   61.257   -49.475  -147.664  -373.030  -611.797
  -633.751  -412.197   -78.034   41.315   58.309   65.216   85.264  103.167
CT1711:145           -67.225   -87.958   -96.202   -49.963   45.908  125.321
  238.631  337.752  270.426   15.367  -145.769  -155.016   -58.889   11.660
   61.242  121.842  122.804  105.892    2.993   -43.975   -29.048   -72.296
   -85.590   -51.823   -31.801    5.433   36.778   59.185   85.164  112.840
CT1711:140           -81.943   -96.806   -86.782   -14.073   95.219  129.867
  137.768  121.801    2.559  -354.571  -529.819  -382.429    -7.568  118.638
  175.321  148.523   82.142  190.172  206.762  241.483  386.328  476.015
  472.275  272.671   25.984   -26.416    4.451   47.590   88.808  130.297
CT1711:135           -55.731   -58.516   -72.028    -2.242  168.319  191.190
   37.699  -136.464  -257.677  -546.883  -652.416  -323.184  380.043  482.699
  301.134   27.016  -128.323  -260.904   71.655  246.271  147.072  179.097
  251.126  155.856   -28.866   -57.564    -5.835   55.524   97.091  140.852
CT1711:130           -70.574   -63.526   -38.669   38.643  157.402  137.835
  -143.877  -459.902  -540.770  -497.953  -395.723    -0.396 1051.284 1270.108
    -0.590 -1843.752 -2334.638 -2356.494 -2220.982 -1878.038  -939.021   -46.524
  186.285  108.659    -1.798   -25.348    4.715   57.732   97.397  132.174
CT1711:125           -48.024   -42.719   -29.030   25.706  120.975   73.978
  -252.034  -601.182  -647.843  -455.943  -266.725   -61.445  470.193  437.244
-1063.151 -3628.631 -4225.058 -3226.950 -2040.080 -1521.171  -795.750   -44.331
  161.691   94.760   12.212   -10.326   15.317   60.791   92.441  119.940
CT1711:120           -21.794   -33.680   -48.287   -32.877   31.642    -7.894
  -225.674  -454.034  -494.711  -516.152  -560.269  -479.043  -547.336  -749.392
-1085.577 -1670.944 -1721.660 -1028.021   48.224  380.768  325.459  269.825
  274.875  170.800   42.289    -1.837   22.027   55.912   76.822  103.468
CT1711:115           -41.696   -50.642   -51.301   -51.321   -57.029  -110.224
  -198.441  -265.948  -257.164   -89.886   54.909   -68.773  -353.796  -353.701
   55.988  899.649 1216.074 1321.445 1502.834 1527.774 1157.614  681.867
  511.736  309.405   68.450   -16.676    3.748   39.869   66.321   92.868
CT1711:110           -47.558   -46.754   -52.892   -83.876  -120.675  -199.597
  -338.966  -456.712  -406.696  -115.126   61.890   -14.934  -336.204  -287.235
  485.843 1664.954 2037.375 1899.304 1506.574 1346.565 1137.921  813.174
  610.527  385.299   95.700    -6.525   17.186   50.038   72.369   97.682
CT1711:105           -87.152   -75.786   -53.436   -97.837  -170.872  -270.603
  -536.611  -772.477  -728.470  -415.902  -234.265  -212.620  -365.648  -237.436
  454.108 1421.047 1711.975 1519.953 1066.856  882.952  828.956  732.288
  566.937  316.693   69.189   16.327   55.377   84.759   99.381  115.845
CT1711:100           -59.001   -39.678   -34.145   -67.033  -116.600  -234.796
  -618.259  -994.868  -952.315  -547.111  -278.668  -220.909  -263.616  -134.027
  238.941  781.493  993.417  947.235  765.372  561.615  211.096  -146.054
  -275.032  -173.261   -15.446   33.862   63.794   90.807  117.754  130.148
CT1711:095           -66.811   -52.072   -44.446   -73.106  -123.460  -197.499
  -393.886  -586.418  -555.189  -315.572  -114.131   -28.571   -10.359   80.228
  223.977  401.341  510.103  488.715  387.607  161.512  -390.173  -997.460
-1109.804  -745.061  -213.336    3.766   65.411   76.833  121.099  168.161
CT1711:090           -76.470   -61.035   -45.942   -74.807  -150.131  -189.288
  -145.658   -60.791   22.847  145.001  247.204  312.523  361.454  431.847
  447.626  429.667  411.792  307.879  180.960   -43.453  -555.352 -1122.928
-1216.823  -823.364  -247.349   -16.899   62.875   72.625  130.066  197.121
CT1711:085           -77.090   -59.702   -51.033   -85.734  -182.111  -194.868
    3.649  271.324  356.026  318.102  307.487  408.636  572.945  671.854
  665.007  593.619  523.411  403.197  256.225   47.316  -350.419  -789.575
  -882.963  -616.612  -211.800   -27.163   32.480   77.898  138.898  200.237
CT1711:080           -94.267   -82.222   -69.109  -105.050  -180.902  -178.921
   -22.019  154.998  242.083  241.492  257.988  392.858  613.252  718.045
  707.823  649.691  558.832  429.097  289.456  121.969  -133.041  -419.725
  -491.393  -352.956  -177.476   -71.161    3.999   68.467  139.805  210.654
CT1711:075           -77.671   -62.023   -57.801   -90.186  -167.958  -170.251
   -94.290    -9.047   81.608  183.447  287.580  440.543  653.115  729.229
  662.472  508.808  377.049  259.193  130.013   16.755   -60.050  -160.469
  -186.232  -155.166  -130.939   -68.620    4.706   72.769  136.885  197.218
CT1711:070           -68.925   -57.344   -58.477   -93.913  -151.909  -159.271
  -125.632   -76.551   14.472  177.960  349.382  494.845  728.887  802.485
  632.924  390.408  215.414   24.601  -142.475  -220.364  -157.426   -79.481
   -49.349   -57.031   -86.643   -55.077    8.153   71.941  130.614  186.555
CT1711:065           -79.272   -71.538   -63.141   -73.078   -95.912   -96.311
  -115.690  -113.783   -27.399   81.698  182.502  400.911  645.366  671.620
  552.261  308.105   89.314  -258.019  -532.685  -600.951  -417.942  -170.162
   -89.741   -72.511   -71.243   -35.027   13.305   61.899  112.751  166.571
CT1711:060           -69.244   -66.034   -65.988   -73.420   -88.498   -92.861
  -115.057  -121.980   -18.365  220.837  408.592  557.342  798.930  857.591
  614.436  233.786   -20.780  -472.034  -997.793 -1066.851  -669.967  -256.195
  -139.257  -114.771  -105.981   -67.517    -7.538   55.649  116.098  179.401
CT1711:055           -63.314   -59.242   -57.131   -60.410   -70.956   -66.068
   -69.400   -58.535   31.988  225.549  363.410  455.417  599.338  642.094
  576.677  484.521  319.791  -125.251  -621.661  -709.453  -478.740  -233.177
  -155.213  -131.516  -117.643   -78.244   -11.698   63.955  136.188  207.244
CT1711:050           -72.806   -62.579   -51.480   -53.239   -70.721   -58.007
   -23.165   21.671   88.057  178.001  206.004  210.670  130.285  108.344
  321.609  654.828  621.449  274.894   -16.972  -104.577  -125.451  -122.681
  -106.097  -124.143  -154.815  -113.445    -9.449   89.388  164.802  235.370
CT1711:045           -69.142   -69.722   -70.904   -78.397   -88.775   -61.910
   24.284  113.694  173.184  298.306  348.015  135.489  -252.815  -349.482
  -197.251    4.394   26.173   61.796   91.804   53.466    8.554   29.918
   23.691   -69.640  -158.167  -136.702   -48.227   52.304  142.994  229.578
CT1711:040           -75.468   -75.515   -73.823   -72.201   -84.679   -52.543
   51.046  153.210  181.612  192.373  152.209   -76.335  -471.836  -585.186
  -469.670  -246.765  -206.608  -338.565  -557.776  -544.729  -300.001  -137.645
  -120.926  -152.471  -182.135  -151.497   -60.254   35.524  124.638  220.254
CT1711:035           -79.212   -83.765   -87.902   -87.088   -81.380   -40.394
   64.692  175.195  185.245  100.057   21.482  -156.705  -421.477  -510.330
  -427.368  -213.011  -164.972  -211.632  -243.171  -245.423  -244.214  -222.747
  -217.477  -236.566  -248.722  -212.177  -110.138   13.899  124.239  229.636
CT1711:030           -85.110   -91.721   -90.810   -75.328   -62.724   -13.444
   94.034  213.560  262.819  234.609  202.899   74.507  -140.705  -246.331
  -196.973   -52.524   -35.538   33.322  109.243  108.755   27.813   -85.520
  -112.447  -168.636  -235.222  -215.472  -100.375   18.883  121.105  229.327
CT1711:025           -88.298   -87.871   -89.385   -68.930   -40.832   17.953
  121.373  241.948  410.615  698.255  866.468  780.204  503.449  316.598
  228.845  160.808   46.399   47.541   13.826   16.046  134.987  191.291
  198.214   21.891  -189.205  -202.231  -109.893    5.610  109.656  211.408
CT1711:020          -102.681  -100.237   -88.467   -55.750   -25.001   36.262
  135.054  249.370  551.536 1191.823 1510.802 1511.243 1192.239  901.730
  592.607  171.040  -180.307  -467.420  -643.354  -617.713  -255.924  196.850
  347.990  146.478  -123.922  -151.947   -61.332   28.474  104.776  188.487
CT1711:015          -103.320  -100.636   -88.373   -52.303   -15.649   41.476
  119.878  203.922  532.683 1433.727 1926.854 1844.225 1612.075 1381.235
  677.233  -220.148  -779.018 -1620.591 -2079.309 -2041.332 -1298.861  -195.040
  118.006    -2.470  -146.940  -130.094   -60.551   25.493  102.015  174.114
CT1711:010           -86.879   -82.232   -80.260   -44.110    8.780   50.026
   66.032   80.208  210.091  540.818  766.289  919.035 1169.939 1087.954
  378.728  -590.566 -1162.492 -2712.789 -4561.168 -4315.073 -2217.905  -661.502
  -334.266  -242.775  -172.757  -113.782   -42.857   35.004  102.136  168.624
CT1711:005           -92.701   -91.476   -75.638   -25.014   42.238   55.630
   11.566   -40.939  -241.534  -959.524 -1260.279  -700.259  250.551  451.303
  199.704  -159.834  -303.622  -181.769  205.555  218.589   -50.451  -187.669
  -167.993  -162.098  -149.398  -111.906   -47.593   25.254   93.172  159.055
CT1712:360           -69.376   -77.063   -86.391   -38.974   66.914   65.100
   -21.325  -130.126  -417.997 -1091.088 -1271.444  -926.930  -114.069  196.477
  138.435   15.549  215.107 1647.138 3266.809 3150.489 1586.808  317.023
   76.235   -24.852  -113.238  -110.962   -39.369   25.761   83.533  145.476
