
filled_synop: 30 data points in equal steps of sine latitude from +14.5/15 to  -14.5/15

CT1714:360           -11.116   -43.318   -67.067   -61.484   -24.724   -26.014
  -136.800  -304.691  -310.291  -253.770  -200.504   -67.115  215.365  358.571
  423.631  502.491  514.557  479.669  333.492  240.253  156.493   -30.029
   -96.624   -87.009   -80.296   -53.005    -1.491   50.338   99.327  147.405
CT1714:355           14.431   -14.009   -49.793   -63.479   -35.797   -46.282
  -186.745  -392.102  -334.045   -13.169  213.721  310.529  348.354  368.397
  439.783  580.899  622.496  827.189 1205.787 1125.054  569.423   89.968
   -13.646   -60.097  -117.385   -92.009   -28.098   28.565   84.541  145.067
CT1714:350            6.592   -19.026   -39.274   -43.423   -36.287   -62.533
  -175.341  -322.187  -195.397  431.397  962.630  904.830  384.164  150.896
  186.280  307.315  293.369  200.188   41.947   -59.259  -115.955  -122.901
  -151.118  -163.970  -131.564   -85.871   -31.304   23.890   80.808  143.384
CT1714:345            -3.069   -22.775   -38.655   -48.037   -35.213   -63.141
  -223.346  -471.768  -327.347  450.437 1103.680 1000.124  262.139  -114.172
  -102.164  118.085   89.921  -517.349 -1383.230 -1551.952 -1266.778  -843.898
  -667.727  -425.075  -193.232  -102.885   -49.298   14.615   82.136  149.566
CT1714:340            -8.409   -26.016   -40.170   -47.869   -28.031   -60.888
  -259.645  -558.622  -451.822  214.879  719.367  657.681   48.703  -330.042
  -296.288   -25.968   -35.396  -736.042 -1799.264 -1946.721 -1350.550  -559.159
  -360.405  -257.133  -189.109  -141.102   -70.055   11.391   87.890  165.958
CT1714:335            7.929   -17.833   -38.486   -43.594   -24.860   -56.103
  -208.269  -406.881  -303.585  279.713  769.858  688.127  106.274  -215.784
  -239.541   -95.467    9.306   -44.749  -318.294  -325.469   33.101  348.115
  275.702   24.893  -161.225  -170.961   -82.296   14.942   99.592  182.750
CT1714:330           25.510    -8.271   -49.751   -77.578   -76.366  -114.095
  -294.091  -568.741  -504.661   89.111  610.076  551.285  149.901   -63.857
  -243.083  -529.592  -334.655 1150.724 3255.362 3483.146 1970.791  347.790
   -45.797  -118.950  -180.075  -187.630   -70.969   35.273  112.431  188.738
CT1714:325           10.595   -24.544   -54.149   -65.708   -36.905   -69.614
  -320.055  -697.953  -719.964  -375.654  -104.900   -36.013    0.676   -63.369
  -364.742  -932.981  -754.439  935.813 3288.015 3649.633 2200.711  317.813
  -203.579  -229.619  -202.272  -200.524  -102.035    0.081   87.979  175.466
CT1714:320            -4.252   -37.246   -54.906   -47.347    0.112    -5.992
  -148.271  -361.595  -427.498  -479.355  -541.364  -459.010  -215.515  -191.132
  -535.886 -1240.320 -1168.467   41.338 1635.342 1974.626 1384.289  444.034
   91.863   -80.609  -178.774  -199.393  -108.355    -8.861   76.818  164.766
CT1714:315            9.432   -12.766   -48.866   -44.574   34.533   51.454
   29.097   17.276   -48.798  -212.389  -221.217  -282.788  -285.855  -277.578
  -579.570 -1193.070 -1207.548  -556.400  262.933  518.785  499.391  326.009
  191.742   17.583  -129.104  -156.764   -69.251   18.193   84.603  156.711
CT1714:310           -18.449   -33.343   -42.785   -18.212   53.179   77.724
   60.186   26.724   -57.988  -335.388  -562.807  -557.984  -397.920  -352.580
  -453.036  -615.508  -620.085  -573.908  -364.036  -196.824   -40.753  176.198
  193.649   58.969  -101.592  -132.458   -63.409   19.368   84.417  144.679
CT1714:305           -39.179   -44.439   -41.420   -15.369   47.845   71.396
   15.023   -71.767  -137.511  -371.791  -604.188  -551.697  -307.860  -239.832
  -251.204  -237.980  -282.558  -600.368 -1008.661  -981.700  -513.432   67.071
  194.876   77.532   -83.593  -102.863   -45.368   23.436   78.255  131.110
CT1714:300           -36.005   -41.231   -53.294   -38.729   27.041   55.715
   -22.207  -174.783  -180.409   -42.566   92.441  110.304  105.138  111.348
   55.420   46.728   -30.890  -478.512 -1097.293 -1140.738  -623.628   78.371
  195.941   42.013   -79.962   -75.485   -26.146   25.374   69.575  118.642
CT1714:295           -51.198   -56.517   -50.927   -14.833   59.617   94.351
   18.737  -139.396   -74.236  438.649  930.354  914.783  521.853  295.063
  303.757  325.838  243.523   69.202  -305.763  -393.796  -320.510  -298.154
  -277.394  -170.248   -75.376   -48.222   -16.563   24.295   61.404   96.584
CT1714:290           -41.305   -43.475   -45.748   -15.105   66.574  118.499
  109.961   76.161  186.483  577.677  935.784 1023.306  910.165  759.153
  703.538  700.389  692.837  846.285 1274.165 1324.734  749.229   46.704
  -138.242  -120.197   -47.430   -30.927    0.159   26.787   48.215   68.793
CT1714:285           -35.815   -30.007   -35.792    -6.785   75.170  134.298
  158.380  146.239  231.679  482.348  737.558  891.745 1131.200 1195.744
  788.373    -7.832  -229.507  260.319 1382.080 1693.820 1172.484  414.588
  155.376   77.161   29.038   -11.288    2.763   21.774   33.659   44.534
CT1714:280           -55.708   -55.222   -46.321   -10.067   68.701  126.423
  141.208  101.378  135.253  271.630  425.720  557.225  794.942  842.207
  264.161 -1451.775 -2130.973 -1338.912   48.059  516.504  531.800  500.536
  350.904  174.938   38.637   -21.305    4.013   21.467   21.432   24.030
CT1714:275           -54.812   -40.465   -32.225    -3.579   65.601  115.391
   95.253   12.989    8.134   86.404  204.529  311.137  477.616  524.010
  262.599  -447.214  -516.411   -53.227  494.897  715.104  817.676  696.878
  461.483  233.997   61.256   -32.443   -22.240    1.552   10.981    7.866
CT1714:270           -61.057   -44.305   -29.466    1.499   69.443  113.882
   55.743   -76.943  -124.644   -75.506   30.811   83.703  186.045  328.196
  583.382 1189.876 1691.583 2316.819 3104.094 3216.356 2485.860 1123.832
  515.308  262.943   65.807   -47.290   -16.788    2.847    -0.659    3.619
CT1714:265           -84.601   -63.204   -32.778    7.830   71.805  111.557
   49.961   -83.986  -164.609  -287.193  -322.643  -363.134  -485.563  -442.781
  177.981 1618.633 2475.280 3310.678 4851.499  953.266 3415.825 1243.068
  517.234  251.939   46.506   -70.807   -47.223   -15.967    -0.702   12.820
CT1714:260           -90.147   -60.718   -32.051    2.541   43.337   78.412
   89.767   99.174   37.971  -412.014  -960.690  -950.844  -712.503  -614.671
  -345.873   -23.108  303.397 1158.645 2101.699 2222.968 1706.951  756.479
  331.833  153.676   37.883   -55.559   -26.561    2.427   11.482   27.142
CT1714:255          -100.031   -71.288   -44.245    -8.555   30.754   81.316
  207.385  422.342  464.571  312.820  150.889   87.700  140.253  238.164
    -8.458  -800.138  -986.949  -452.118   24.664  157.094  322.956  392.706
  238.214   80.228   -18.952   -82.362   -58.221   -18.667    3.250   23.165
CT1714:250          -100.219   -77.288   -56.445   -19.553   16.025   87.335
  294.615  626.658  786.041  936.968 1125.853 1036.775  743.275  600.858
  393.313   64.094   26.882    -4.513  150.597  261.430  204.146  238.443
  189.069   65.615   -46.281   -95.138   -69.371   -27.507    0.337   26.651
CT1714:245           -91.990   -77.732   -74.909   -41.014    -4.599   62.457
  256.676  546.632  703.768  908.960 1002.950  931.111  610.581  305.068
  273.768  458.613  587.543  358.133  223.457  245.061  236.229  258.883
  208.772   75.243   -68.030  -112.882   -74.669   -26.624    8.493   50.412
CT1714:240           -99.740   -86.433   -72.120   -33.851   13.913   93.503
  251.950  466.945  590.102  749.745  833.497  741.298  393.420  143.239
   90.234   -63.824  -176.672  117.775  326.256  340.662  371.759  358.685
  278.614  122.227   -34.477   -87.648   -61.725   -19.269   12.552   43.522
CT1714:235           -83.587   -62.006   -50.032    -9.927   55.968  130.653
  277.751  511.049  581.695  573.249  596.101  483.989  162.858   26.345
  133.188  525.879  763.936  810.147 1002.850 1027.201  689.889  278.995
  138.633   65.430   -11.443   -49.890   -29.258    -5.947    8.258   27.273
CT1714:230           -94.156   -72.765   -51.220    -6.448   59.402  126.908
  246.075  433.717  440.672  119.796  -268.742  -334.925  -248.768  -182.365
    -4.939  424.819  645.625  688.111  668.881  630.361  478.983  222.987
  106.401   34.637   -34.021   -64.472   -39.598    -6.253   17.096   39.712
CT1714:225          -109.553   -83.511   -55.045   -11.722   64.037  110.759
  149.391  219.338  153.333  -263.475  -744.041  -786.798  -529.957  -343.646
  -205.961   18.333  124.613  185.524  170.548  157.980  151.753  133.780
  101.717   34.783   -40.292   -61.094   -34.970    -0.033   26.355   51.993
CT1714:220          -121.383   -87.906   -50.979   -16.018   77.589  132.021
   66.435   -70.313  -170.502  -394.381  -596.657  -606.177  -468.315  -353.288
  -285.513  -241.145  -231.661  -226.688  -294.683  -277.827  -140.695   51.501
   91.404   34.097   -40.661   -50.712   -18.140   18.330   40.618   62.697
CT1714:215          -100.423   -64.251   -25.164   -11.386   -19.929   -53.505
  -169.495  -390.271  -489.860  -454.908  -365.421  -317.574  -205.677  -114.239
  -161.914  -282.932  -325.194  -407.046  -512.324  -467.800  -267.179   -10.888
   72.854   47.390    -0.495    -8.201    7.848   30.199   46.662   61.037
CT1714:210           -85.657   -50.440   -19.147   -40.238  -101.893  -186.547
  -346.512  -577.456  -646.473  -519.700  -340.505  -242.340   -81.461    -8.845
  -180.907  -543.413  -645.871  -683.918  -513.826  -354.266  -212.264   -44.441
   37.573   34.208    6.957    9.880   24.879   42.307   55.559   66.769
CT1714:205          -101.571   -76.268   -18.074   -39.066  -176.997  -309.781
  -486.462  -770.440  -832.847  -599.951  -286.903  -154.062   -13.124    0.478
  -318.720 -1278.378 -1675.656 -1327.295  -555.008  -260.800  -158.872   -57.622
    8.251   11.348    3.892   16.697   35.198   53.096   66.504   78.468
CT1714:200           -64.491   -15.610   17.053   -43.350  -204.203  -361.700
  -571.128  -904.989  -978.296  -694.186  -329.106  -135.299  178.588  343.766
   25.956 -1069.626 -1571.471 -1169.175  -431.567  -195.724  -107.702   -92.929
   -61.212   -31.165    -9.881    8.151   23.628   37.806   54.031   69.737
CT1714:195           -77.853   -50.086   -12.787   -66.642  -252.369  -446.778
  -633.557  -841.578  -887.030  -751.121  -534.831  -326.193  143.936  511.627
  461.778  370.583  444.242  270.390  163.487  152.435   54.772   -66.509
   -76.510   -57.502   -22.816    7.766   18.230   28.061   43.874   59.519
CT1714:190           -78.272   -65.838   -23.560   -76.888  -295.914  -502.279
  -651.070  -823.026  -883.204  -854.419  -795.614  -657.457  -436.282  -301.799
   -41.906  490.974  710.485  579.359  172.908   -31.975  -124.083  -230.468
  -243.069  -158.936   -26.048   21.355   30.516   35.545   44.712   52.007
CT1714:185           -43.699   -13.574    -2.364   -83.980  -328.074  -544.868
  -654.175  -730.789  -733.884  -734.457  -721.351  -652.147  -603.336  -509.242
  -309.959  113.094  299.416  222.382  -122.117  -303.102  -339.028  -319.363
  -274.128  -139.989    1.627   41.991   39.117   37.627   44.109   49.302
CT1714:180           -55.133   -57.212   -31.235   -71.024  -272.896  -497.905
  -556.730  -477.283  -376.466  -270.607  -160.654   -99.766  -120.347   -99.752
   -31.951   97.910  212.039  156.281   -44.755  -132.651   -32.023  222.190
  286.014  210.324   91.794   48.619   48.352   54.101   62.420   64.261
CT1714:175           -43.667   -41.042   -31.923   -82.579  -281.357  -481.720
  -448.899  -215.515   -25.937  180.585  400.275  459.309  361.408  192.566
  154.564  169.116  173.993  177.661  176.329  174.598  239.643  364.112
  392.427  296.521  105.310   42.731   57.595   68.150   70.719   73.035
CT1714:170            -0.442   -20.782   -41.690   -88.827  -221.605  -407.918
  -385.874   -66.313  239.266  466.932  706.643  754.015  589.136  336.311
  228.447  161.548   92.822  114.062  230.043  266.270  285.273  282.812
  261.370  171.561   38.556    -1.060   24.666   69.717  106.071  112.321
CT1714:165           -17.626   -53.101   -77.395  -114.882  -232.359  -379.592
  -337.723   -50.083  230.735  419.427  624.283  693.369  617.298  437.560
  305.045   76.851  -151.622  -134.964  111.745  269.186  272.698  128.499
   62.624   29.948    -6.322   -28.377    0.821   43.972   75.549   97.056
CT1714:160           -30.275   -53.507   -71.174  -104.286  -217.012  -381.006
  -352.476  -144.228   31.318  126.724  232.057  297.289  303.873  297.189
  162.540  -166.616  -476.112  -432.322   -62.428  189.604  273.277  255.491
  236.257  149.272    9.916   -35.067   -14.442   23.909   58.166   93.834
CT1714:155           -23.650   -46.191   -70.533  -113.818  -215.282  -324.273
  -297.159  -120.935   47.054   63.134   -48.856   -86.436   -55.661   13.144
  -125.933  -461.661  -761.848  -740.873  -402.108   -96.782   85.652  248.994
  330.753  256.615   60.604    -8.486    6.366   30.797   56.761   88.406
CT1714:150           -27.549   -45.910   -64.041   -91.146  -166.788  -265.632
  -223.922   -50.062  105.082  195.755  279.197  264.612  104.731  -116.471
  -370.359  -806.628 -1153.800 -1155.274  -882.896  -607.236  -320.832  122.738
  339.373  272.694   72.961    -2.962    6.525   37.526   68.834   99.905
CT1714:145           -33.093   -51.998   -78.135  -111.798  -165.667  -209.674
  -146.362   42.359  192.439  408.282  772.804  790.401  364.092  -171.993
  -542.297 -1117.221 -1525.413 -1505.205 -1187.116  -858.687  -552.931   -88.024
  146.282  116.991    5.181    -7.711   26.906   67.725   95.120  122.013
CT1714:140           -45.831   -69.331   -92.432  -110.747  -129.903  -149.892
  -101.324   17.228  124.583  342.801  685.328  682.115  221.174  -288.169
  -613.101 -1219.324 -1599.603 -1429.025  -850.314  -458.243  -314.556  -209.985
  -121.968   -86.590   -30.164    -0.121   32.289   75.106  110.239  141.330
CT1714:135           -55.590   -86.644  -119.534  -137.490  -124.089  -108.118
   -88.351   -56.685   -18.774    -8.183   19.202   -30.515  -314.821  -520.331
  -650.798  -835.210  -876.281  -581.547  102.606  424.950  368.421   51.785
   -72.234   -77.912   -28.050    -4.822   36.182   79.714  116.280  153.901
CT1714:130           -64.466   -93.215  -118.281  -131.063  -120.542  -112.951
  -133.035  -185.022  -193.738  -283.111  -456.355  -483.037  -525.089  -647.228
  -567.830  -196.230   54.082  331.683  928.545 1163.199  919.740  336.815
   85.141   25.153    -4.340   -21.846   18.299   70.603  118.477  167.974
CT1714:125           -75.604   -83.295   -91.095   -98.325   -98.803  -104.442
  -156.924  -292.656  -320.044  -202.997   -65.670   31.960  152.169  199.922
  290.154  521.101  668.986  803.083 1063.955 1116.166  893.201  468.858
  264.368  124.562   -19.351   -61.517    -1.780   62.459  115.398  181.287
CT1714:120           -74.554   -82.930   -84.479   -77.551   -52.188   -49.704
  -125.826  -355.585  -422.505    9.765  752.685 1042.416 1115.682 1149.747
 1177.926  982.172  781.958  721.486  576.128  443.198  382.591  255.603
  144.415   41.008   -70.121   -96.432   -28.306   65.075  147.392  227.614
CT1714:115           -76.968   -81.173   -90.184   -88.419   -22.595   27.710
   -46.597  -250.669  -324.758  -173.072  164.151  440.897 1080.721 1671.807
 1654.660 1049.894  730.448  480.762  194.894  114.037   28.669   11.347
   -21.853   -83.773  -146.419  -144.710   -46.385   73.119  163.837  258.928
CT1714:110           -66.100   -85.851  -100.584   -88.731    -3.167   58.545
   -31.290  -250.895  -418.955  -791.564 -1372.109 -1290.636  -181.111  947.984
  956.166   96.122  -401.910  -400.108  -400.659  -435.668  -324.567  -107.705
   -70.245  -137.807  -203.508  -197.049   -91.849   50.741  167.869  277.526
CT1714:105           -56.594   -81.965   -97.369   -81.604    6.312   73.774
    -4.501  -189.569  -376.214  -914.966 -1759.671 -1872.380 -1438.353 -1084.160
  -825.914  -505.913  -370.247  -216.984   41.038  144.773  146.643  133.474
   80.199   -25.518  -150.367  -188.347   -94.846   45.141  158.035  266.774
CT1714:100           -46.579   -53.554   -66.386   -62.427    2.129   63.074
   26.992   -64.717  -171.081  -464.757  -835.062  -897.568  -958.436  -942.370
  -664.102  134.385  713.995  796.117  959.071 1073.275  898.967  598.003
  441.707  240.693   -29.081  -120.578   -48.771   55.373  131.040  224.517
CT1714:095           -50.018   -66.998   -78.718   -66.490   -22.931   16.473
   32.767   51.372   54.424   45.375  112.932  172.216  242.821  509.140
  613.368  729.404  869.911  970.313 1031.978 1015.182  964.291  816.832
  666.510  417.509   55.973   -92.741   -53.976   32.590   99.769  170.423
CT1714:090           -35.000   -44.872   -70.764   -68.740   -30.767    6.377
   90.371  181.274  281.180  488.268  603.711  667.501  923.473  971.889
  945.344  837.407  705.286  689.455  690.673  677.685  685.796  724.713
  656.922  443.410  116.682   -23.912    0.328   52.328   73.416  108.188
CT1714:085           -61.951   -73.266   -89.611   -78.607   -36.157   16.664
  161.886  379.718  590.542 1005.960 1538.893 1690.990 1539.213 1246.177
 1076.044  786.405  527.983  424.702  322.697  272.121  348.968  528.435
  547.695  390.171  149.965   30.976   23.116   44.261   53.166   71.242
CT1714:080           -78.966   -85.782  -100.782   -90.766   -69.521   -24.856
  197.656  628.667  938.784 1467.232 2298.470 2503.039 1965.461 1394.241
 1118.717  680.082  318.390  180.872    9.740   -87.332   77.849  298.746
  333.156  308.263  167.136   73.048   53.008   56.427   50.892   48.865
CT1714:075           -79.821   -77.072   -83.090   -69.723   -43.770   -21.018
  211.524  824.634 1235.620 1481.714 1738.987 1791.695 1500.420 1060.548
  791.003  440.063  183.687   42.752   57.016  152.310  257.206  630.749
  779.325  540.181  187.267   89.771   88.419   91.400   73.374   57.768
CT1714:070           -65.358   -67.848   -71.674   -66.795   -69.756   -58.021
   43.759  186.583  328.799  459.497  479.440  475.148  583.021  495.628
  274.773  -175.470  -541.742  -561.675  -384.187  -261.910  -120.767    9.448
   60.459  112.044  106.272   77.293   68.892   73.573   71.629   63.878
CT1714:065           -47.577   -45.856   -49.810   -68.836   -98.631  -129.012
  -211.941  -525.963  -698.729  -415.917  160.745  306.334  174.795  169.688
   -57.320  -733.258 -1184.582 -1077.923  -652.951  -408.571  -231.680  -169.226
  -120.342   -70.030   23.555   71.697   73.065   66.100   59.712   48.420
CT1714:060           -50.103   -55.557   -48.559   -64.820  -134.880  -206.908
  -272.805  -346.476  -364.637  -527.954  -802.667  -884.791  -702.496  -573.249
  -824.711 -1549.057 -1861.916 -1662.417  -579.636  183.050  180.856  -172.444
  -218.946  -140.816   29.242   91.383   83.615   62.092   49.384   31.441
CT1714:055           -26.865   -29.230   -38.495   -90.236  -233.781  -376.272
  -412.492  -258.587  -216.723  -584.161 -1230.483 -1396.279 -1117.751  -715.061
  -966.352 -2418.051 -3435.290 -2900.951  -908.495  264.994  257.065  -166.331
  -282.641  -218.469    4.911   93.149   88.924   57.277   38.101   20.326
CT1714:050           -25.634   -50.442   -61.800  -107.753  -273.354  -448.930
  -516.449  -501.955  -565.266  -806.245 -1208.508 -1290.175  -986.644  -499.151
  -569.405 -1623.047 -2443.249 -1926.032  -371.729  447.242  491.035    5.206
  -285.146  -274.029   -40.173   53.742   59.315   39.087   31.305   20.612
CT1714:045           -15.985   -47.781   -72.033  -128.276  -286.018  -450.224
  -532.530  -620.774  -704.155  -770.842  -834.283  -776.756  -523.671  -230.896
   -16.944  670.644 1576.619 1891.225 2271.230 2492.728 1974.543  546.414
  -212.602  -251.756   -41.379    5.984   29.593   36.610   42.903   42.578
CT1714:040           -18.267   -47.971   -75.550  -125.666  -244.217  -369.221
  -424.530  -467.501  -473.360  -389.365  -164.638   -17.857   46.649   64.944
  330.786 1403.944 2363.688 2715.441 3014.847 2966.029 2364.696  720.428
  -172.038  -255.814   -93.912   -41.384    7.196   42.485   75.084  105.784
CT1714:035           -38.531   -64.444   -79.986  -104.770  -189.319  -304.295
  -286.346  -130.848   16.017  154.227  365.180  459.961  407.017  254.197
  321.117  623.552  869.588 1020.505 1098.919  951.418  661.407  129.914
  -185.446  -229.112  -126.295   -71.191    -8.741   49.434  101.585  149.315
CT1714:030           -47.144   -61.915   -82.373  -112.424  -171.218  -224.964
  -138.114  188.835  449.632  559.188  610.859  598.390  467.288  247.720
  126.272  -108.312  -319.548  -370.509  -386.076  -371.127  -374.477  -232.311
  -182.194  -192.080  -140.172   -87.710   -16.339   58.443  123.373  184.171
CT1714:025           -48.566   -64.718   -82.775   -92.407  -109.275  -135.582
   -16.891  352.332  619.748  705.266  669.490  613.469  477.775  225.256
   47.321  -263.060  -580.895  -695.896  -767.268  -794.027  -703.331  -412.521
  -240.734  -187.106  -147.661   -94.123   -26.142   49.275  124.553  199.479
CT1714:020           -44.757   -55.197   -73.373   -83.383   -75.190   -66.684
   29.195  299.111  528.252  554.255  547.604  546.650  454.523  362.376
  233.189   -48.245  -287.206  -403.677  -498.058  -596.842  -510.496  -342.391
  -246.320  -177.917  -151.387  -101.190   -33.330   41.209  119.620  202.853
CT1714:015           -46.169   -62.283   -76.643   -74.075   -43.622    -8.529
    -0.015   -71.275  -109.851   -19.297  174.744  225.368  175.626  120.244
   35.435   -34.118   -61.417  -235.393  -357.215  -303.596  -383.561  -379.380
  -264.867  -174.897  -159.666  -100.076   -26.045   49.564  124.569  199.812
CT1714:010           -39.872   -46.034   -67.058   -75.040   -30.942   25.897
   19.452  -133.402  -226.494  -181.709   -72.689   -40.720   -68.579  -154.461
  -215.334  -264.307  -389.119  -652.118 -1245.994 -1514.150 -1370.600  -718.797
  -362.935  -247.393  -167.806   -76.311    -6.445   63.786  131.473  193.936
CT1714:005           -53.134   -65.510   -76.136   -62.731    3.068   68.177
   71.278   38.726   47.564    7.850   -43.462   -25.088   28.624  126.905
  127.576   -14.030  -251.733  -545.692 -1634.515 -2410.565 -2002.895  -908.915
  -460.806  -320.726  -181.150   -75.792    -9.623   56.103  120.829  181.851
CT1715:360           -59.705   -63.868   -71.516   -63.273    -1.431   71.882
   81.585   36.608    0.372    0.550    -4.814   21.192  157.873  398.669
  500.017  728.453 1044.428  874.473  392.338  234.410   35.541  -163.245
  -197.786  -160.667  -113.241   -77.563   -22.253   42.740  102.452  163.862
