
filled_synop: 30 data points in equal steps of sine latitude from +14.5/15 to  -14.5/15

CT1773:360           -27.227   -39.710   -47.843   -49.013   -44.409   -36.861
   -20.087    -4.084    -4.733   -20.397   -33.572   -35.186   -33.191   -31.727
   -30.664   -31.791   -26.512   -17.225    -1.283    3.234    0.590    -1.564
   -12.741   -41.824   -52.883   -28.494    8.554   46.041   89.271  133.276
CT1773:355           -28.532   -21.580   -27.585   -29.464   -31.651   -27.743
    -6.480   14.063   12.848   -11.517   -30.676   -30.441   -20.932   -17.416
   -22.389   -32.761   -32.146   -24.627   -13.472   -14.907   -27.974   -36.491
   -40.478   -44.236   -38.964   -19.589    4.536   41.735   84.323  123.244
CT1773:350           -20.644    2.976    -4.383   -13.348   -19.325   -16.252
    -0.931   10.435    8.447   -12.125   -24.237   -21.466   -11.787    -8.553
   -15.342   -28.204   -33.970   -36.090   -36.016   -41.221   -51.295   -56.624
   -48.716   -31.673   -18.810    -4.181   12.176   40.955   76.502  112.259
CT1773:345           -19.300    -0.821    -5.562   -13.759   -20.541   -18.997
    -9.636    -1.585    0.279    -4.173    -6.629    -4.984    -0.897    1.210
    2.288    4.188    0.032   -12.054   -23.973   -34.269   -52.446   -62.935
   -53.093   -29.020   -14.899   -10.571    -1.337   32.659   74.620  113.735
CT1773:340           -16.012   -18.357   -19.857   -25.624   -34.697   -35.009
   -22.874    -9.177    -0.807    6.482   11.670   15.560   20.562   23.258
   25.312   26.357   23.244   15.702    0.967   -13.699   -42.686   -63.836
   -57.231   -27.723   -10.626    -1.475    6.053   39.170   85.954  128.665
CT1773:335           -36.577   -43.945   -47.614   -44.947   -37.009   -31.178
   -24.803   -16.274    -6.883    6.240   17.311   24.119   26.121   24.700
   29.960   50.064   54.776   39.361   15.914    3.643   -11.950   -24.218
   -26.282   -27.584   -24.120    -9.413    8.011   40.782   88.955  136.314
CT1773:330           -63.262   -62.308   -57.840   -48.636   -36.082   -28.417
   -26.360   -23.792   -12.692   17.050   45.155   50.104   35.097   24.934
   22.570   16.061    8.975    6.182    1.692    -3.777    -6.491   -10.133
   -17.040   -28.763   -30.289   -14.417    9.393   46.121   92.387  140.585
CT1773:325           -79.643   -67.865   -55.935   -42.782   -27.854   -19.637
   -23.684   -29.972   -23.282    -2.726   17.366   22.468   17.462    9.705
    4.102    -3.950    -7.839    -5.199    7.337   10.478    8.014    3.794
    -7.721   -43.666   -64.559   -30.979   38.200   82.107  116.197  153.101
CT1773:320           -88.400   -71.096   -53.850   -36.642   -19.680   -11.141
   -16.750   -23.564   -18.624    -5.203   11.807   16.696    9.444    2.535
    -0.420    -4.349    -3.752    4.765   25.601   35.216   30.659   22.093
    9.564   -28.653   -58.021   -24.201   45.712   96.292  134.935  170.190
CT1773:315           -94.002   -74.182   -55.106   -35.192   -14.012    -2.434
    -4.427   -11.210    -7.250    5.055   20.207   25.252   18.656    9.114
    9.031   13.717   18.293   26.385   42.890   46.544   38.819   24.926
    9.126   -26.051   -49.723   -14.916   58.279  109.101  152.415  191.220
CT1773:310           -95.592   -80.060   -56.041   -32.603   -10.251    2.373
    0.048    -8.742    -5.975    9.746   31.375   37.334   27.148   16.462
   18.412   31.154   39.530   45.866   53.433   46.001   30.148    -0.329
   -22.640   -45.033   -55.873   -21.823   46.746  104.017  148.656  190.894
CT1773:305          -107.761   -82.035   -58.179   -35.564   -11.945    2.580
    3.384    -2.245    -1.261    8.577   19.921   23.970   20.444   16.049
   18.900   40.391   64.408   61.010   53.630   50.247   10.169   -47.681
   -68.877   -78.454   -72.763   -31.747   40.605   95.803  145.350  194.191
CT1773:300          -109.814   -86.613   -62.411   -37.204   -13.591    3.024
   14.099   22.113   25.809   20.764    6.564    4.434   15.375   24.852
   25.961   23.723   10.495    6.025    -4.246   -24.061   -45.322   -96.348
  -114.137   -95.251   -74.631   -36.176   33.662   95.854  143.520  187.340
CT1773:295          -112.498   -92.744   -68.869   -43.509   -11.320    8.097
   18.194   28.850   35.325   27.240   13.853   13.101   25.687   45.223
   45.041   25.486   14.516    5.092    -7.745   -11.242   -20.778   -27.235
   -31.037   -47.288   -52.873   -17.976   54.753  107.238  142.466  180.565
CT1773:290          -112.990   -90.738   -66.983   -40.971   -15.260    0.591
    0.954    -8.804   -10.643    0.637   15.088   19.436   19.946   18.724
   12.399   -10.580   -33.832   -37.769   -31.387   -28.060   -14.175   19.240
   22.791   -23.656   -67.887   -35.520   45.885  112.455  156.831  191.338
CT1773:285          -105.055   -84.628   -62.737   -41.872   -18.762    -5.027
    -7.775   -13.597   -13.061    -7.462    4.426    7.695    0.838   -11.233
   -20.698   -39.836   -59.176   -57.863   -38.553   -24.444    -4.645   22.038
   22.773   -12.719   -46.227   -12.775   68.497  117.979  151.902  183.220
CT1773:280          -102.066   -82.097   -61.322   -38.760   -15.956    -3.937
    -6.334   -11.411   -12.971   -16.468   -20.926   -22.437   -17.984   -12.439
   -17.219   -32.248   -38.228   -36.550   -22.937    -6.851   13.355   37.490
   38.211    5.648   -18.517    5.201   55.662  100.856  138.943  173.493
CT1773:275          -100.776   -80.306   -59.188   -33.845    -5.426    8.996
    4.161    -5.450    -8.863   -19.002   -29.297   -30.962   -21.262    -8.844
    -9.895   -18.772   -24.880   -19.842    -8.042    2.480   19.972   39.856
   41.245   15.795    2.511   25.077   66.995  101.940  137.051  171.031
CT1773:270           -96.183   -76.761   -55.352   -32.159    -9.655    3.778
    4.990    2.857    3.782    -3.185   -11.472   -14.063   -10.611    -6.764
    -7.323    -3.807    1.532    4.653    8.453   11.984   14.798   13.504
   14.355   12.069   13.211   33.877   68.110  101.848  135.699  168.748
CT1773:265           -90.100   -78.145   -65.105   -50.263   -33.491   -19.139
    -4.559   10.633   20.432   26.580   28.850   25.821   13.960    -3.198
    -8.774    -2.816    -0.967    3.547   13.770   17.954   13.187    1.597
    2.782   11.136   21.777   42.318   68.452   97.480  132.298  168.258
CT1773:260           -82.791   -76.046   -69.303   -63.040   -55.065   -41.401
   -14.201   18.506   36.267   56.540   77.181   77.978   51.318   18.929
    7.063    4.226    4.130    4.077    5.137    6.189    3.911    -2.082
    1.941   13.886   30.681   52.224   76.290  103.774  138.736  176.647
CT1773:255           -78.860   -71.906   -63.348   -57.749   -52.177   -39.622
   -13.218   27.500   50.855   66.039   80.637   79.564   59.520   29.735
   13.610    -6.887   -18.946   -19.233    -9.707    -4.409   -10.076   -26.897
   -23.633    -0.345   27.845   52.113   78.743  109.839  151.035  191.237
CT1773:250           -85.073   -71.980   -59.600   -47.325   -32.873   -19.993
   -12.734    -7.576    1.952   25.471   54.889   58.420   35.259    5.806
   -10.017   -34.876   -56.524   -50.336   -17.112    -0.265    -7.433   -34.165
   -32.319    -0.330   33.418   52.408   66.015   91.939  132.002  177.521
CT1773:245           -95.026   -75.452   -55.787   -37.214   -20.314    -8.340
    -5.979    -9.151    -8.298    0.081   13.682   15.916    6.320    -6.357
   -16.428   -32.322   -45.233   -39.559    -6.424   15.352   14.813    1.547
    5.684   24.520   44.371   57.723   64.920   87.640  137.991  192.937
CT1773:240          -108.874   -79.610   -50.946   -24.433    4.556   22.088
   25.491   24.892   23.047    3.090   -30.017   -37.828   -13.327   16.263
   15.180   -11.538   -31.601   -29.172    -7.438    8.327   20.807   37.231
   47.168   46.073   45.349   57.808   65.512   92.729  157.927  215.362
CT1773:235          -128.412   -94.420   -59.533   -21.814   13.369   33.322
   40.879   44.296   39.348   14.166   -16.863   -19.799    3.415   34.087
   34.914    5.482   -23.666   -26.321   -18.034    -9.908    6.877   35.646
   49.290   46.185   44.760   58.005   72.566   98.733  150.331  209.664
CT1773:230          -146.962  -103.939   -61.137   -17.680   31.205   55.484
   49.679   29.747   16.228    -8.124   -37.697   -39.209    -5.559   40.395
   47.253   23.423    1.371    -8.057   -26.962   -33.958   -17.840    3.055
   15.598   28.906   40.942   58.489   77.706  110.274  172.560  228.877
CT1773:225          -133.680  -101.256   -64.773   -21.440   21.387   41.576
   32.349   10.031    -6.126   -35.134   -74.022   -78.698   -33.684   18.257
   27.297    9.313    -9.479   -13.441   -13.118    -7.268    2.331   18.579
   31.046   34.517   39.341   55.571   75.654  105.379  155.354  208.387
CT1773:220          -114.107   -90.938   -66.031   -35.076    0.685   18.235
   14.720    6.006    -5.302   -34.960   -69.337   -73.335   -41.360    -0.895
    7.273    -5.936   -16.974   -16.708   -10.497    -0.927   12.977   32.899
   46.621   52.335   57.069   70.494   85.994  108.735  146.119  190.592
CT1773:215          -103.831   -75.619   -50.542   -31.249   -13.881    -3.433
    0.705    2.791    -3.453   -26.978   -55.074   -59.812   -48.106   -35.641
   -30.803   -28.337   -32.035   -26.950   -17.330    -8.475   12.914   45.767
   63.259   67.871   74.358   88.014  101.387  123.605  159.851  194.880
CT1773:210           -96.250   -73.102   -51.887   -31.526   -10.978    0.796
    1.198    -1.066    -6.097   -21.701   -39.125   -42.649   -35.221   -20.678
   -18.794   -29.129   -29.632   -25.030   -18.815    -9.254    8.177   27.594
   42.263   55.119   64.972   78.002   88.905  111.064  150.992  197.470
CT1773:205          -100.275   -81.529   -60.708   -37.262   -14.166    -2.368
    -6.717   -16.678   -20.556   -25.889   -33.335   -35.464   -34.611   -33.012
   -33.547   -40.750   -45.070   -36.171   -14.055    2.683   15.420   31.539
   45.930   55.577   62.889   75.912   86.097  110.561  161.634  218.881
CT1773:200          -105.704   -94.305   -80.094   -61.422   -37.557   -25.685
   -26.825   -30.956   -30.254   -28.873   -28.811   -29.056   -32.842   -44.399
   -44.799   -35.318   -29.928   -24.275   -12.554    -2.088   10.418   31.713
   48.753   65.744   85.420   94.546   77.407  101.578  178.787  245.800
CT1773:195          -106.374   -93.784   -79.790   -63.629   -47.548   -39.446
   -39.257   -41.501   -39.428   -28.730   -12.754    -5.049    -5.194    -2.466
    0.434    3.676    7.693    4.867    -8.871   -14.390    -7.752    -4.660
    9.456   51.653   90.114  104.079  104.037  118.947  159.116  204.832
CT1773:190          -121.516   -95.103   -71.569   -50.312   -27.676   -18.225
   -30.809   -51.005   -51.047   -36.086   -12.248    2.803   17.024   28.945
   31.965   31.190   31.937   20.593    -3.719   -11.158    -8.025    -0.592
   13.808   43.308   73.427   91.463  102.675  121.431  147.570  173.717
CT1773:185          -106.208   -86.890   -68.129   -48.717   -30.343   -24.535
   -40.877   -65.459   -66.594   -45.875   -16.532    2.489   26.685   51.092
   51.129   19.043    -8.437   -16.324   -17.831   -19.751   -12.551    -0.689
   10.555   22.759   35.919   57.958   84.637  112.805  144.828  176.882
CT1773:180          -104.470   -84.552   -66.846   -48.903   -28.931   -22.694
   -38.218   -56.810   -55.375   -41.458   -24.084    -4.303   31.770   61.280
   60.723   23.065    -7.815   -13.948    -7.356    -7.702    -8.992    -4.899
    3.855   15.929   30.161   51.358   74.096  103.414  139.182  176.489
CT1773:175          -103.271   -87.898   -67.189   -44.534   -23.475   -16.934
   -31.963   -50.473   -46.864   -22.473    5.689   26.718   48.603   66.969
   77.389   80.417   75.820   58.268   29.776    8.583    -9.063   -24.572
   -18.015   13.457   42.645   63.017   80.169  108.047  146.264  186.064
CT1773:170          -105.048   -92.248   -75.588   -49.584   -17.713    -7.530
   -25.171   -47.471   -44.472   -12.752   26.498   47.763   56.759   66.469
   90.334  139.365  162.001  135.245   57.798   10.159   -12.113   -29.592
   -24.400   10.399   43.466   70.211   98.686  129.752  165.509  200.048
CT1773:165          -106.761   -85.367   -63.457   -38.458   -15.161    -6.631
   -18.521   -38.209   -38.692   -17.519    7.432   23.485   37.626   43.335
   70.931  158.623  205.742  174.582   60.686    -5.047   -19.698   -27.670
   -22.039    5.395   35.377   65.691  100.663  135.495  172.587  210.269
CT1773:160          -108.964   -74.395   -46.452   -25.930    -8.341    1.039
    -3.202   -10.948   -11.205   -15.935   -21.523   -14.609   15.680   57.634
   77.291  123.081  173.242  143.757   35.791   -18.104   -24.120   -27.797
   -20.701    4.955   30.043   63.119  105.818  143.472  184.091  222.355
CT1773:155          -110.627   -84.496   -60.206   -37.516   -18.184    -8.426
    -8.620   -11.026   -13.747   -27.730   -43.016   -47.287   -46.031   -45.537
   -51.748   -80.462  -110.518  -101.778   -60.626   -40.211   -34.326   -17.788
    -1.084   10.305   27.692   62.730  107.872  149.722  189.164  224.635
CT1773:150          -130.782  -110.026   -86.963   -54.639   -17.287    -2.022
   -14.302   -41.631   -51.419   -44.867   -38.144   -47.576   -83.543  -125.441
  -149.047  -201.221  -239.349  -222.646  -145.991  -104.403   -86.073   -71.104
   -49.567    -8.230   35.211   73.858  117.670  156.937  190.227  222.856
CT1773:145          -128.979  -110.628   -86.401   -55.560   -25.802   -12.044
   -15.444   -19.890   -21.236   -24.906   -24.289   -34.184   -67.871   -98.083
  -116.907  -149.614  -168.531  -156.590  -112.174   -85.790   -83.702   -91.502
   -73.091   -26.448   21.265   60.255  101.412  138.313  168.674  199.596
CT1773:140          -132.726  -121.046  -104.740   -77.676   -43.684   -29.084
   -32.827   -40.968   -42.307   -37.937   -30.510   -34.538   -54.414   -77.441
   -81.191   -48.052   -11.037   -22.158   -55.469   -61.358   -68.122   -79.383
   -63.103   -18.041   29.878   64.215   98.370  127.524  144.205  165.445
CT1773:135          -122.282  -109.829   -92.208   -68.532   -43.041   -32.082
   -42.715   -58.423   -60.348   -49.967   -39.599   -38.588   -36.390   -38.006
   -37.706   -25.765   -22.304   -29.464   -59.161   -77.136   -72.470   -64.909
   -48.608   -15.178   22.118   57.554   95.531  128.715  154.653  178.959
CT1773:130          -108.657   -94.612   -78.799   -59.417   -38.393   -29.136
   -35.280   -44.380   -44.544   -36.184   -23.827   -17.399    -6.127    7.507
    6.724   -12.758   -32.936   -36.779   -43.445   -51.087   -55.406   -61.080
   -49.356   -13.629   22.714   55.870   91.353  124.016  155.628  187.374
CT1773:125          -101.412   -76.888   -55.866   -35.148   -15.528    -6.774
   -11.077   -17.946   -17.772   -19.129   -17.511   -10.590    3.184   22.189
   23.174    6.649    -2.495    -9.020   -13.824   -18.534   -26.493   -40.423
   -34.451    -6.004   24.477   53.463   86.516  121.028  154.655  190.411
CT1773:120           -89.731   -65.990   -44.843   -25.501    -9.080    -2.170
    -7.301   -16.738   -18.832   -19.351   -21.654   -15.018    -2.542    -4.188
    0.693   16.056   16.568   13.208   17.348   17.375    5.115    -9.537
    -6.857    -0.052   10.664   41.108   83.501  125.148  164.692  201.730
CT1773:115           -81.104   -59.253   -38.922   -19.820    -2.877    2.563
    -9.183   -23.461   -26.329   -24.207   -21.192   -10.607   24.438   62.703
   66.972   41.244   23.273   17.957    8.100    -1.855    -6.624   -16.844
   -16.332    -8.308    4.928   39.141   85.037  127.840  173.987  217.172
CT1773:110           -79.386   -60.062   -41.382   -20.204    0.067    4.224
   -12.398   -29.122   -32.258   -29.201   -26.984   -20.150    7.913   34.491
   40.142   34.035   29.558   22.801    9.733    1.893   -13.403   -33.011
   -33.798   -22.465    -3.639   31.323   79.475  127.830  176.075  219.885
CT1773:105           -79.586   -59.275   -40.281   -22.529    -6.832    -3.460
   -18.763   -33.379   -35.280   -27.599   -20.222   -26.772   -64.092   -91.418
   -75.718   -24.539    -1.564    2.846    4.404    1.764   -11.742   -26.031
   -30.441   -36.611   -26.136   15.676   75.923  125.908  171.989  213.707
CT1773:100           -58.038   -60.816   -50.841   -32.968   -15.367    -9.210
   -19.112   -27.710   -27.013   -21.473   -17.494   -26.751   -53.153   -60.423
   -54.186   -35.397   -27.440   -31.552   -34.091   -30.773   -15.492    -4.882
    -8.809   -29.357   -26.803   14.929   73.762  117.696  153.812  192.601
CT1773:095           -67.436   -64.620   -58.501   -47.142   -32.078   -22.913
   -14.959    -7.960    -6.754   -11.880   -11.603    -5.716    6.961   15.247
    3.218   -21.704   -32.394   -40.990   -40.761   -36.954   -17.139    4.553
    2.263   -19.942   -19.284   24.263   84.960  128.977  162.231  194.749
CT1773:090           -86.690   -70.808   -58.278   -49.491   -41.023   -32.542
   -20.784   -10.768    -4.615    -1.491    6.551   24.118   54.822   75.216
   65.403   26.837    5.788    -6.755   -13.979   -17.836   -11.418    -3.083
    -5.447   -14.889    -7.575   34.667   93.586  138.934  177.527  211.570
CT1773:085           -98.082   -77.428   -57.039   -37.173   -19.298   -10.170
   -18.499   -26.419   -16.933    1.497   26.184   55.999  101.472  135.141
  137.543  107.304   84.251   87.095   80.605   54.050   28.873   -11.528
   -26.456   -24.704   -11.845   33.357   96.847  145.212  181.835  217.379
CT1773:080          -113.865   -93.672   -72.563   -46.309   -19.611    -9.031
   -22.923   -35.665   -19.455   12.164   46.193   81.429  143.166  193.220
  209.763  222.702  215.665  223.053  248.513  220.245  122.004   -14.163
   -49.737   -37.697   -15.928   38.056  115.080  166.235  202.384  231.674
CT1773:075          -111.885   -99.198   -81.401   -56.300   -30.043   -14.900
   -24.463   -32.361    -4.587   51.258  109.346  144.172  180.489  205.650
  216.107  256.062  281.662  244.169  209.692  186.621   74.029   -64.498
   -84.806   -50.475   -14.884   40.840  120.711  177.009  203.078  222.185
CT1773:070           -98.052   -95.641   -89.738   -79.691   -68.077   -52.584
   -33.849   -12.313   28.750  114.658  205.178  235.006  219.959  189.630
  171.991  144.955   94.271   37.678   -98.653  -190.758  -168.475  -116.794
   -99.500   -58.756   -10.709   48.912  134.921  183.658  190.604  203.685
CT1773:065           -84.309   -79.701   -75.022   -71.974   -66.375   -49.505
   -22.432   12.182   64.337  172.517  280.479  299.553  241.111  177.417
  138.059   85.104   46.657   -39.852  -193.009  -265.208  -243.816  -170.280
  -133.906   -78.414   -20.629   42.767  121.151  176.319  199.533  210.603
CT1773:060           -83.427   -77.225   -72.220   -70.936   -69.204   -51.658
   -19.218   18.666   74.559  192.198  294.476  292.847  187.599   84.582
   55.653   34.168   12.544   -42.099  -129.624  -182.818  -207.283  -193.470
  -165.044   -97.167   -29.949   35.557  112.946  162.054  173.416  186.806
CT1773:055           -93.148   -84.610   -75.283   -65.650   -55.809   -34.287
    -3.785   29.644   74.186  182.881  272.373  246.783   96.598   -56.877
   -35.076   85.646   89.831   84.295   -30.095  -124.407  -179.832  -199.495
  -187.708  -120.873   -49.996   19.215  105.009  157.235  168.896  183.951
CT1773:050           -97.809   -80.553   -65.111   -53.478   -41.388   -18.207
   18.712   53.004   72.587  136.798  186.949  111.554  -127.929  -245.545
  -143.887  370.377  788.679  666.328  147.258   -78.756  -141.570  -192.876
  -200.627  -132.017   -62.911    6.468  101.044  169.350  202.479  221.769
CT1773:045          -107.267   -87.887   -70.380   -51.548   -35.254   -12.037
   35.771   88.774   85.620   39.578   -34.779  -172.921  -627.495 -1052.418
  -894.389   -22.816  540.910  539.719  209.316   57.651   -32.762  -119.236
  -140.736   -93.361   -39.587   18.779  100.914  156.581  184.892  216.824
CT1773:040          -115.635   -96.190   -76.749   -56.587   -35.230   -11.368
   32.222   73.184   53.123   -29.810  -133.258  -288.874  -746.905 -1118.075
  -992.154  -347.079   73.875  175.870  160.507  128.752   42.083   -59.958
   -86.737   -67.590   -38.315   17.408   95.621  153.816  189.568  217.554
CT1773:035          -130.684  -107.936   -82.456   -52.661   -23.009    -4.757
   16.204   31.644    2.333   -74.098  -162.289  -279.194  -534.852  -687.858
  -617.799  -323.410   -92.070   18.083  105.232  124.360   48.993   -51.542
   -74.379   -45.855   -12.759   37.043  104.794  150.539  179.665  204.031
CT1773:030          -142.747  -119.526   -93.619   -50.180    -5.767    8.797
    1.454    -8.414   -38.409  -105.319  -181.992  -244.615  -317.596  -345.533
  -297.123  -161.289   -38.136   25.559   54.050   54.386    1.441   -76.625
   -88.932   -37.873   10.014   49.278   94.941  130.190  152.504  178.225
CT1773:025          -139.929  -109.830   -75.817   -33.473    5.177    8.771
   -33.990   -79.151  -106.571  -131.299  -150.892  -157.116  -120.595   -81.219
   -28.127   75.381  156.859  148.527   53.902    7.248   -27.792   -73.397
   -79.520   -26.512   25.665   56.371   79.881  110.727  150.784  192.684
CT1773:020          -134.944  -100.690   -69.383   -34.276    0.140    -0.768
   -56.712  -121.903  -145.305  -138.307  -130.521  -119.688   -74.920   -35.564
    6.458   73.521  114.958  125.854  113.477   95.593   26.527   -66.918
   -83.533   -45.711    -7.644   21.842   50.345   93.342  158.491  218.307
CT1773:015          -115.604   -85.024   -60.453   -41.078   -25.547   -28.157
   -56.811   -86.476  -102.033  -114.097  -123.602  -116.311   -86.917   -64.574
   -33.316   10.175   31.614   60.115   98.062   96.979   30.989   -65.537
   -85.180   -59.190   -32.890    0.035   47.378   91.118  139.063  188.786
CT1773:010          -109.295   -82.856   -58.983   -35.194   -13.849   -10.373
   -25.137   -39.688   -48.771   -57.669   -61.978   -59.989   -59.556   -53.630
   -42.321   -33.998   -21.327    1.867   46.516   56.709   28.550   -12.484
   -29.113   -42.709   -41.490   -11.932   32.297   76.250  127.607  183.174
CT1773:005          -106.763   -86.245   -65.466   -41.500   -17.696    -8.333
   -12.058   -18.731   -23.050   -27.377   -31.943   -33.072   -36.598   -37.595
   -37.507   -44.487   -41.345   -35.904   -29.840   -24.929    -5.023   11.803
    6.344   -20.230   -31.833    -5.945   33.109   74.400  125.949  177.421
CT1774:360          -106.301   -88.501   -68.526   -44.343   -20.472    -9.855
   -11.443   -14.273   -15.483   -16.285   -18.301   -21.123   -27.716   -31.470
   -32.803   -37.099   -38.491   -44.602   -50.390   -43.878   -13.690   17.880
   16.073   -12.458   -21.697    1.231   35.598   74.469  122.049  168.883
