
filled_synop: 30 data points in equal steps of sine latitude from +14.5/15 to  -14.5/15

CT1719:360           -67.197   -67.039   -66.854   -70.142   -82.250   -68.889
    -8.228   77.542  126.284  179.443  224.809  270.853  418.717  597.285
  561.526  221.570   -80.845  -119.910   50.306  188.124  138.885   66.645
   60.368   55.139   50.396   38.398    3.501    -0.508   30.451   53.883
CT1719:355           -51.806   -57.162   -63.453   -72.742   -83.911   -68.004
    2.043  100.582  152.952  234.819  352.593  420.092  461.340  483.369
  421.334  115.178  -161.266  -151.081   58.658  154.713  114.795    -6.366
   -36.420    -4.755   24.103   23.420   10.436    9.491   24.229   42.178
CT1719:350           -39.836   -47.098   -53.142   -60.665   -74.332   -63.205
    -7.273   59.360   74.344   44.039    -4.283    -2.066   30.417   28.059
    -9.985  -115.719  -206.720  -156.373   18.965   72.956   30.579   -91.734
  -122.622   -75.093   -26.066    -5.628    8.049   18.081   26.820   36.962
CT1719:345           -32.653   -39.264   -47.627   -57.072   -66.869   -63.827
   -24.130   29.829    6.160  -173.119  -374.719  -401.944  -304.320  -202.009
  -194.089  -184.936  -153.607   -66.908  155.711  242.611  105.044   -94.162
  -132.073   -93.337   -54.105   -29.777    -1.514   15.751   24.570   36.569
CT1719:340           -27.685   -33.922   -39.840   -44.635   -49.545   -53.370
   -40.137   -22.738   -69.675  -267.019  -456.432  -454.829  -281.977  -141.075
  -163.108  -253.081  -285.268  -222.956   -50.271   21.915   -12.782   -81.932
   -93.439   -80.332   -62.292   -34.390    1.462   22.049   34.237   44.837
CT1719:335           -23.040   -30.694   -35.819   -36.878   -37.685   -51.474
   -83.069  -116.683  -150.123  -212.105  -250.050  -212.560   -31.036   94.553
    7.509  -292.190  -422.208  -451.387  -472.696  -422.841  -258.577   -87.068
   -52.556   -62.544   -57.688   -29.288    3.878   23.460   35.727   47.819
CT1719:330           -39.412   -31.388   -33.684   -35.796   -35.774   -61.254
  -163.369  -275.316  -294.134  -213.929  -106.993   -21.782   99.150  156.075
   71.768  -148.123  -256.363  -293.884  -336.333  -351.599  -222.666   -73.165
   -53.661   -65.742   -59.048   -28.472    2.092   20.600   33.728   46.490
CT1719:325           -39.508   -29.313   -20.509   -16.581   -22.097   -61.067
  -178.352  -291.271  -300.876  -243.709  -173.937   -78.215  150.951  275.603
  218.407   39.924   -23.676   54.675  177.343  199.976   52.953   -94.497
  -109.045   -81.011   -60.357   -35.679   -10.626    7.599   24.090   40.972
CT1719:320            0.701   -20.821   -11.979   -12.919   -24.329   -61.105
  -164.582  -263.650  -258.760  -186.102   -90.901    -8.276  156.830  268.798
  229.411  120.210  102.150  344.930  650.978  629.418  268.837   -70.323
  -130.311   -95.842   -71.419   -46.023   -20.935    -0.320   21.304   44.931
CT1719:315           20.184    -6.113   -31.140   -55.007   -77.601   -87.644
  -113.669  -132.894   -62.574   97.195  285.613  345.192  309.242  221.010
  113.765   16.220   -17.802   91.594  314.504  348.342  144.773   -92.912
  -146.376  -110.579   -80.832   -51.946   -21.454    3.877   28.097   51.575
CT1719:310           10.584   -14.545   -40.823   -68.611   -97.922   -97.271
   -49.309   17.877  155.540  492.550  816.278  858.410  594.449  218.961
   31.854  -124.202  -240.986  -245.071   -97.179   -42.693  -100.636  -164.038
  -173.813  -146.640  -113.572   -76.465   -35.304    -2.321   25.863   55.608
CT1719:305           -14.469   -22.081   -37.139   -54.406   -82.820   -68.806
   25.612  135.324  308.379  803.461 1319.364 1374.192 1005.094  446.891
  201.457   -72.435  -308.441  -395.214  -440.542  -464.638  -419.861  -264.007
  -188.666  -170.113  -147.668  -103.403   -40.082    4.836   36.542   65.727
CT1719:300           -47.289   -40.577   -35.353   -35.560   -43.153   -28.310
   52.188  168.033  265.910  621.091 1215.841 1363.184  914.320  398.344
  259.479  200.348  199.988   29.978  -496.715  -774.173  -643.281  -285.703
  -172.498  -180.601  -175.701  -135.547   -58.122    4.093   41.293   73.500
CT1719:295           -84.910   -54.822   -28.553    -3.567   22.898   37.517
   26.293   -12.825   -64.352  -168.062  -394.504  -480.156  -384.114  -300.281
  -219.975  144.129  473.867  375.605  -219.798  -561.256  -446.769  -158.004
   -90.303  -120.566  -169.944  -142.482   -43.666    8.569   37.765   70.116
CT1719:290          -108.301   -76.953   -43.773    -3.589   41.433   49.520
    8.694   -30.032  -156.699  -705.842 -1494.735 -1675.061 -1211.761  -483.208
  -202.126   30.392  193.458  210.482  120.349   61.098  115.111  211.060
  220.073   49.621  -117.324  -124.541   -58.283    -6.370   35.326   72.490
CT1719:285          -118.501   -86.614   -50.584    -5.283   51.185   59.621
    9.752   -44.045  -255.046  -974.043 -1941.665 -2121.769 -1427.480  -458.051
  -144.675   -39.112    0.473  104.734  388.174  513.129  534.022  429.643
  363.345  143.053   -82.750  -105.023   -42.959    -6.953   27.595   63.400
CT1719:280          -114.191   -84.717   -52.357   -11.435   47.591   62.885
   20.031   -30.212  -195.344  -699.341 -1385.059 -1517.344 -1021.200  -310.279
   -99.246   -90.330   -88.075  -125.106   -16.439  257.504  236.627  356.236
  467.924  247.428   -17.791   -75.984   -49.999   -29.341   10.898   55.039
CT1719:275           -98.443   -70.479   -40.478    -2.592   39.488   48.487
   18.661   -24.888  -123.727  -300.514  -511.424  -535.161  -384.819  -124.756
   -75.575  -293.452  -554.296  -809.690 -1646.943 -1979.093 -1413.299   -48.363
  409.704  238.808   12.170   -61.081   -71.402   -51.700    -3.623   49.200
CT1719:270           -77.487   -50.823   -27.650    -7.694   14.708   18.159
    8.295    3.508   -38.107   -74.635  -110.354  -111.791   -49.580   35.649
    7.099  -307.955  -664.048  -898.634 -1985.187 -2771.238 -1745.851  188.751
  665.921  384.688   21.379   -64.905   -50.755   -46.040   13.232   61.454
CT1719:265           -57.547   -43.046   -30.376   -19.852   -11.805   -11.690
   -16.145   -22.197   -38.087   -29.439   -27.167   -28.091   17.686   44.511
   19.906   -96.053  -189.797   -95.807  589.517 1347.084 1286.652 1347.620
 1393.307  739.941   24.330  -129.610   -97.269   -66.876   -13.049   47.211
CT1719:260           -46.730   -42.286   -38.485   -35.259   -30.380   -30.380
   -41.481   -58.762   -61.523   -35.021    2.675   14.855   18.154    -0.749
    -8.562   -23.555   -32.369  196.250 1010.008 1537.971 1590.957 1439.784
 1275.866  687.154   39.209  -116.129   -63.371   -48.472    -9.849   42.630
CT1719:255           -39.841   -41.069   -41.904   -42.872   -43.200   -44.044
   -53.516   -71.664   -70.009   -37.322   11.791   24.520   16.175    -8.428
   -11.931   -28.217   -36.254   85.763  296.237  359.462  566.231  680.897
  605.059  322.621    -1.817   -88.947   -45.381   -33.233   14.880   53.532
CT1719:250           -37.446   -43.323   -48.661   -53.312   -56.926   -57.949
   -56.420   -53.680   -42.823   -10.959   37.379   49.957   18.454   -25.462
   -30.750   -33.562   -21.563   32.249   88.056  165.850  249.804  353.562
  340.402  193.777   41.994   -32.788   -41.725   -35.567    -1.504   37.266
CT1719:245           -36.964   -43.882   -50.313   -57.791   -67.990   -69.238
   -56.895   -37.791   -24.119    -7.113   13.351   18.018    -3.988   -39.868
   -41.899    -6.909   24.620   46.806   51.008   86.194  164.588  317.662
  343.246  199.748   54.152    6.423    -4.770   -11.713   15.240   38.377
CT1719:240           -25.155   -35.843   -47.137   -58.888   -70.380   -71.148
   -53.428   -26.687   -12.400    -9.733   -14.770   -16.599   -14.797   -13.897
   -11.367   22.848   46.242   45.738    -2.543    3.570  110.251  283.495
  313.597  186.861   58.320    9.657   -17.288   -25.269    -0.369   25.876
CT1719:235           -16.819   -30.125   -42.675   -55.875   -72.616   -75.773
   -58.166   -31.484   -17.732   -18.555   -22.778   -21.032    -3.155    9.923
    -9.488   -26.216   -40.701   -60.626  -124.132  -111.792   16.111  196.751
  246.364  172.805   95.974   41.609   -16.235   -38.851   -20.117   13.712
CT1719:230           -19.696   -29.310   -40.642   -56.094   -73.454   -75.969
   -59.663   -35.127   -21.117   -13.667    -5.346    -4.647   16.435   26.530
   -51.838  -262.862  -424.293  -405.248  -280.668  -162.705   -31.681  121.643
  188.041  167.814  129.257   71.395    -7.470   -29.853    4.940   30.723
CT1719:225           -26.384   -35.940   -45.698   -57.566   -72.497   -72.872
   -52.508   -24.222    -9.816    1.841   14.206    6.049   13.343    8.750
  -141.920  -554.028  -843.762  -782.795  -457.952  -204.884   -47.458   96.986
  169.494  182.277  171.563  104.091    -2.175   -35.287   -10.970   20.822
CT1719:220           -36.027   -44.254   -53.992   -63.506   -70.833   -63.924
   -33.486    6.723   20.233   23.553   25.089    6.655   -11.838   -46.370
  -219.791  -728.292 -1155.699 -1055.126  -513.050  -146.080   27.008  149.496
  199.462  184.951  164.556  106.361   11.458   -35.429   -18.040   16.548
CT1719:215           -49.916   -54.039   -59.049   -62.682   -68.697   -61.983
   -23.686   39.686   58.172   34.821    -4.407   -34.635   -56.668   -74.189
  -217.906  -711.971 -1106.183  -969.936  -255.282  230.060  320.965  207.904
  178.629  180.609  184.952  124.310    0.456   -41.577    9.958   43.238
CT1719:210           -55.980   -50.551   -48.172   -49.570   -51.218   -42.997
   -14.652   23.867   29.725    -5.126   -65.117   -95.049   -97.977  -105.473
  -206.793  -576.177  -891.249  -671.529  217.198  763.678  678.480  278.407
  161.216  149.470  135.112   82.044    -0.188   -47.310   -30.456    8.415
CT1719:205           -63.371   -49.524   -39.617   -36.426   -37.348   -33.649
   -24.550   -15.428   -21.396   -56.202   -95.964   -98.993   -70.643   -24.997
   -41.792  -165.013  -245.209   -47.232  516.011  804.234  680.502  305.690
  162.608  139.660  125.201   68.908   -12.283   -41.128   -21.145    9.715
CT1719:200           -77.618   -59.776   -52.072   -42.019   -30.062   -27.218
   -40.274   -60.734   -70.782   -91.627  -106.924   -69.582   19.198   88.001
  152.134  355.834  558.074  594.740  566.133  556.927  455.729  237.900
  140.045  136.786  129.327   76.613    2.387   -23.666    2.866   27.195
CT1719:195           -97.861   -81.341   -61.808   -33.690    1.442    9.823
   -30.313   -88.843   -92.534   -56.309    -3.336   96.850  343.406  572.405
  635.031  545.727  418.932  409.046  346.763  277.973  238.823  165.429
  118.425  130.529  130.928   82.748    2.171   -25.881    0.349   25.548
CT1719:190          -116.093   -93.130   -61.854   -24.882   18.244   27.656
   -19.844   -79.094   -76.753   -10.475   71.685  219.194  660.200 1023.868
 1008.175  569.017  210.969  189.908  280.732  315.519  259.504  171.663
  132.319  119.092  107.140   64.361    -4.845   -30.726    -3.516   28.035
CT1719:185          -139.252   -98.708   -59.023   -16.950   29.691   45.540
    9.104   -53.311   -63.294   -27.178   20.888   73.836  353.620  735.221
  682.953  180.881   -82.124   -23.605  222.933  352.974  293.328  143.888
   94.502   92.648   88.327   56.061    -9.931   -36.528   -15.788   19.317
CT1719:180          -151.836  -104.229   -55.436    -2.197   52.527   74.717
   59.982   29.030    1.545   -62.685  -152.409  -245.552  -507.834  -795.657
  -834.933  -640.314  -440.136  -295.754   -14.018  156.347  120.309   40.751
   29.783   58.793   84.074   58.898    -0.932   -19.849   14.961   42.543
CT1719:175          -156.560  -109.905   -63.238   -10.419   52.379   81.491
   82.725   86.972   72.796   -17.152  -143.924  -272.052  -684.995 -1242.960
-1304.826  -804.897  -353.536  -253.911  -238.902  -206.902  -137.073   -61.881
   -20.194   29.481   82.305   67.424    9.941    -9.494    6.607   31.692
CT1719:170          -152.074  -109.714   -63.143    -9.039   45.425   62.203
   20.596   -31.990   -36.638   -20.176   51.503   14.910  -200.855  -418.729
  -461.688  -398.891  -255.026  -192.481  -161.743  -107.508   -76.079   -40.432
   -10.043   42.601   91.407   80.908   31.032    1.509    9.629   31.005
CT1719:165          -141.562  -105.612   -69.010   -26.839   29.145   47.867
   -30.723  -207.089  -254.747   -86.160  183.092  220.527  141.271   43.835
    -0.140   -90.680  -147.027  -113.001   -52.266   -19.247   24.319   68.449
   83.353   83.010   88.136   72.999   25.970   10.333   34.887   50.788
CT1719:160          -128.109   -96.114   -58.155   -17.219   21.589   35.922
   21.869   23.993   57.838  104.598  213.290  244.470  214.116  133.673
   92.418   26.811   -63.047   -24.363  167.169  288.861  244.834  106.408
   66.125   71.914   73.370   57.700   22.925    1.336   11.639   34.966
CT1719:155          -116.658   -84.475   -53.924   -23.852    9.678   34.288
   54.043   67.858   84.780  112.391  117.172  122.183  161.586  180.670
  167.072  132.635  112.725  141.440  265.021  332.620  277.787  123.690
   62.022   56.389   54.838   36.500    3.082    -5.602   13.513   39.934
CT1719:150          -104.616   -78.208   -52.078   -26.939    -2.497   19.956
   47.025   72.545   90.821   96.143   89.229   99.427  136.075  176.402
  175.662  148.540  116.647  136.545  185.743  189.929  167.528   90.138
   45.634   36.665   33.369   20.182    1.998    0.772   28.779   52.303
CT1719:145           -96.793   -73.977   -50.782   -26.250    0.504   23.805
   42.550   61.994   85.282  105.896  132.492  146.018  140.869  138.260
  133.885  126.704  116.128  118.961  132.235  134.447  107.117   58.699
   31.475   11.437    -6.706   -14.255   -15.419    -8.745   12.955   41.931
CT1719:140           -88.982   -68.402   -46.911   -24.399    -1.693   16.979
   25.951   32.692   57.027  106.593  165.742  178.695  138.059   98.334
   78.112   70.001   63.844   61.267   67.232   77.497   73.352   65.820
   52.096   14.661   -16.998   -20.586    -9.658    1.345   22.470   45.801
CT1719:135           -80.060   -61.374   -42.717   -23.301    -3.726   12.512
   21.715   29.910   60.479  124.433  193.184  208.539  170.066  121.822
   57.449   -32.217   -70.697   -72.049   -36.795    -4.557   28.342   71.012
   64.171   14.504   -20.247   -22.067    -8.020    7.413   30.520   48.610
CT1719:130           -71.495   -52.550   -34.068   -15.908    1.217   15.665
   18.980   18.005   61.811  172.257  247.840  276.363  286.232  219.684
  132.090   -89.337  -235.685  -192.637   -68.074   -23.558   27.883   85.003
   75.484   14.502   -20.575   -17.544    3.351   15.424   29.542   42.956
CT1719:125           -61.037   -45.090   -30.667   -16.498    -4.472    3.634
    6.065    2.666   39.416  217.142  364.198  403.675  468.942  498.254
  379.338   58.817   -48.282    -4.970  120.925  168.428  147.595  122.613
   92.707   27.509   -16.056   -14.461    4.276   15.124   25.080   36.150
CT1719:120           -59.560   -42.688   -28.668   -19.313   -15.096   -13.737
   -11.909    -8.892    -8.690    -8.043   16.845    3.328   -94.937  -159.804
  -129.336  -122.823  -127.126    -4.570  161.424  217.134  183.645  142.482
  106.020   26.210   -12.939    -9.898    3.260   12.501   25.418   38.191
CT1719:115           -41.412   -32.636   -22.215   -13.241    -4.937    -3.502
    -7.570   -17.122   -77.131  -246.152  -326.363  -294.238  -180.619  -149.309
  -275.452  -440.283  -414.056  -157.059  141.658  209.086  162.351  128.395
   85.191   16.301   -12.728    -6.900    1.918   14.920   31.929   47.148
CT1719:110           -17.674   -38.753   -28.555   -20.321   -12.711   -16.627
   -27.215   -40.056  -104.368  -249.379  -317.111  -293.608   -97.215   -21.508
  -224.170  -580.614  -633.942  -350.219   -15.300   79.523  122.933  134.966
   96.765   23.267    -5.187    -2.905    2.787   16.400   32.860   45.491
CT1719:105           -20.965   -20.323   -18.611   -15.138    -8.436   -13.487
   -33.777   -54.373   -98.370  -224.714  -284.575  -175.746  138.368  263.308
    -9.431  -582.752  -655.830  -318.294   -21.043   67.305  117.264  141.419
  118.107   42.916    8.441    3.452    1.989   13.537   35.801   53.924
CT1719:100           -24.479   -31.844   -24.189   -12.796    -6.455   -15.582
   -52.420   -88.062  -111.754  -153.000  -191.622  -228.261  -298.462  -309.656
  -101.250  489.640  707.983  504.341  103.846    9.059   51.429   94.151
   80.605   28.307    -4.991   -14.531   -14.843    2.078   28.650   50.536
CT1719:095           -13.717   -24.026   -30.531   -27.680   -19.494   -26.069
   -64.235   -96.992   -80.680   27.505  102.213    8.215  -425.560  -684.995
  -431.695  293.644  565.413  391.912   -25.963  -126.563   -43.979   58.099
   60.876   10.932   -17.644   -23.385   -20.753    -6.825   20.023   49.341
CT1719:090           -15.095    -4.948   -20.189   -28.353   -33.374   -37.628
   -63.686   -85.873   -52.633  102.101  204.315   97.452  -213.833  -352.103
  -217.872   83.252  193.927  101.493   -52.733   -83.725   -27.031   43.067
   38.402    -8.187   -30.831   -29.788   -24.031    -5.161   28.413   55.878
CT1719:085           15.206    -0.115   -15.670   -32.250   -49.404   -49.757
   -30.613    -4.188   17.071   39.180   44.133    3.343   -56.962   -93.338
  -127.776  -195.299  -210.681  -180.813   -88.535   -28.312    -3.019   20.376
   12.812   -11.051   -26.150   -27.751   -27.152   -12.267   19.593   50.395
CT1719:080           13.063    -2.216   -18.060   -38.915   -64.133   -59.214
    -7.850   55.185   78.064   40.879   -13.922   -25.357   24.609   56.617
   -19.630  -287.169  -425.364  -281.780   44.441  170.076  115.444    7.801
   -29.888   -20.081   -15.206   -16.948   -23.090   -14.560   11.206   42.502
CT1719:075            2.801    -1.540   -20.587   -42.782   -63.767   -52.237
   17.800  101.775  138.921  153.021  134.501  123.850  143.187  141.522
  102.088   -45.773  -139.642   11.506  358.330  457.624  271.884   -13.899
   -96.702   -44.781    -4.177    -7.971   -23.144   -15.499   16.619   43.702
CT1719:070            -0.017   -13.839   -25.617   -38.497   -56.676   -44.301
   23.803  103.938  144.729  208.402  291.701  301.046  185.692   87.011
   85.578  159.982  274.821  350.129  486.541  532.400  314.229   -48.855
  -153.730   -81.878   -10.432    -5.683   -31.138   -28.793    -2.371   30.026
CT1719:065            -6.281   -17.155   -27.651   -38.372   -48.341   -42.899
    -9.426   35.778   50.265   29.183   -10.187   -22.728   -28.951   -39.626
   -19.124   48.903   94.268  168.145  290.786  290.421  159.248   -91.293
  -175.373   -99.683    -9.928    3.088   -20.935   -29.183    -8.657   21.448
CT1719:060            -5.238   -11.335   -19.154   -31.673   -49.294   -51.603
   -46.436   -39.109   -40.794  -108.786  -230.393  -260.864  -171.257   -60.413
   -24.872    -9.888   14.697   75.505  232.030  284.416  133.672  -152.061
  -234.123  -127.129    -2.256    7.522   -32.590   -32.014    1.236   29.758
CT1719:055            -0.580   -11.067   -23.024   -39.458   -58.337   -62.016
   -55.470   -44.236   -39.696   -60.603   -74.620   -70.045   -54.632   -20.661
    -5.579    6.475   34.435   72.241  184.391  224.996   68.141  -204.471
  -274.852  -164.847   -42.972   -15.709   -17.806   -12.458    5.156   27.542
CT1719:050            6.634    -9.144   -26.599   -47.905   -68.386   -67.837
   -45.251   -15.576    9.549   52.120  102.450  114.993   80.967   42.325
   32.758   23.025   25.567   35.543   70.327   74.203   -20.579  -194.242
  -239.725  -148.213   -51.969   -30.047   -20.320    -5.879   14.663   35.343
CT1719:045           15.772    -4.507   -23.693   -47.579   -79.234   -78.799
   -28.555   38.710   78.497  134.288  195.068  214.519  163.689  101.760
   79.928   45.650   25.084   20.811   18.055    -8.129    -3.914   -11.353
   -35.115   -51.052   -61.096   -51.907   -25.865    -5.571   17.340   40.472
CT1719:040            6.879    -9.669   -28.224   -51.347   -73.420   -66.217
    -6.363   81.939  134.658  160.549  190.072  222.894  215.420  191.441
  170.482  119.844   69.513   67.800  163.330  217.510  198.701  200.815
  172.581   43.484   -66.097   -77.477   -49.886   -24.745    2.719   32.852
CT1719:035            4.360    -9.300   -23.495   -43.739   -70.794   -68.820
   -40.939   -16.261   16.974   69.990  106.533  164.254  322.847  430.775
  418.103  298.541  139.180  107.965  159.980  174.182  167.694  126.633
   85.261   21.410   -54.330   -66.448   -43.798   -28.154    5.487   37.109
CT1719:030            -0.113   -14.914   -30.356   -48.618   -66.860   -64.635
   -42.394   -14.066   23.425   69.559  118.631  202.031  498.893  814.729
  813.943  479.219  176.606  126.607  151.082  154.365  149.246  135.883
  109.541   59.503   13.171   -11.545   -26.553   -26.092    -1.595   27.872
CT1719:025            -8.903   -23.221   -37.205   -52.530   -67.284   -65.340
   -42.659   -13.608   21.757   81.172  153.099  227.965  508.408  897.248
  899.029  467.117  160.037  119.930  135.214  135.871  141.666  144.613
  129.671   87.125   39.229   11.623   -14.743   -25.887    -8.810   19.196
CT1719:020           -22.076   -32.905   -42.656   -54.918   -71.832   -71.951
   -49.015   -14.952   17.004   60.948  136.961  164.431  116.918   96.409
   88.505   66.355   57.046   62.983   97.552  119.512  132.996  151.157
  149.937  117.530   82.668   50.129    -6.164   -22.602    9.589   32.617
CT1719:015           -28.211   -34.705   -40.177   -44.515   -47.059   -43.889
   -45.623   -48.201   -29.867    -6.030    -1.906   -59.325  -400.804  -897.310
  -929.272  -425.561   -76.652   -34.110   -23.006    3.640   42.351   98.398
  119.031  108.536   86.692   58.682   14.091    -9.517    3.184   25.951
CT1719:010           -25.724   -31.648   -37.095   -42.357   -50.034   -49.472
   -46.579   -43.370   -15.870   73.891  169.929  133.905   -93.814  -268.268
  -308.612  -233.581  -106.323  -107.192  -193.566  -205.087  -106.457   50.188
  104.528   96.792   80.189   56.022   21.161    6.825   15.779   31.499
CT1719:005           -14.873   -24.691   -33.794   -46.893   -61.435   -57.648
   -32.678    -5.030   33.566  175.327  356.614  376.603  292.821  232.995
  170.831   10.148   -93.130  -146.049  -295.838  -331.691  -166.273   79.485
  152.548  110.807   72.194   51.271   27.668   20.235   34.377   42.664
CT1720:360            -4.123   -20.062   -34.834   -51.594   -69.719   -65.910
   -22.572   25.834   28.667    1.039   -33.604    -4.746  127.255  164.471
  122.365    6.626   -82.439  -131.344  -196.047  -179.816   -36.251  166.848
  213.868  121.906   50.797   31.314   16.108    8.849   18.357   34.576
