
filled_synop: 30 data points in equal steps of sine latitude from +14.5/15 to  -14.5/15

CT1738:360          -133.224   -99.837   -67.355   -30.695   27.362   53.304
   32.775    -5.355   -40.607  -100.735  -151.498  -166.049  -122.067  -123.323
  -256.177  -543.021  -595.882  -365.453   78.233  213.968  111.949  -105.925
  -150.623   -99.961    -0.491   40.988   58.338   68.615   85.589  102.587
CT1738:355          -136.671   -94.160   -52.380   -11.693   31.605   49.262
   27.558    -7.288   -42.942  -101.399  -144.342  -154.326  -136.814  -131.523
  -103.308   -57.034   27.970  337.257  938.603 1090.328  680.755   29.362
  -153.850  -122.643   -21.411   24.613   54.442   73.579   92.479  112.598
CT1738:350          -149.590   -98.421   -49.066   -10.771   35.009   52.735
   19.786   -32.451   -73.653  -127.736  -175.352  -172.432  -138.823  -102.651
   22.485  275.872  443.120  588.783  721.906  698.443  502.815   63.484
  -131.757  -124.491   -34.611    3.966   36.731   68.003   97.818  126.196
CT1738:345          -159.716  -103.935   -44.013    3.656   46.809   57.693
   10.756   -64.234  -108.862  -148.017  -175.072  -166.039  -135.200   -88.649
   40.193  249.758  375.350  444.201  417.953  368.226  249.426   45.187
   -71.301   -82.388   -40.598   -28.426    6.485   54.774   99.612  139.427
CT1738:340          -165.192  -100.320   -43.149    -4.690   31.690   40.309
   -14.346  -103.568  -146.073  -172.990  -185.916  -163.451  -104.624   -42.915
   20.396   68.303  123.612  243.552  402.585  459.216  357.601  162.111
   58.850    8.740   -30.821   -40.506    6.954   61.069  100.086  141.534
CT1738:335          -201.523  -126.124   -47.129    0.838   41.947   51.389
   -24.038  -139.185  -181.601  -184.036  -178.084  -141.013   -54.266    8.070
   11.858   -61.594   -58.422  108.693  457.427  597.699  508.596  318.973
  228.895  143.392   21.100   -29.414    -4.582   43.774   88.012  131.651
CT1738:330          -220.164  -150.547   -64.824    -8.660   42.092   58.848
    -4.895  -127.396  -172.847  -154.513  -116.362   -80.684    -6.793   48.554
   20.864  -110.892  -160.247   -61.067  181.221  284.958  286.273  244.877
  200.959  135.768   38.184    -0.399   23.939   56.660   82.485  117.899
CT1738:325          -192.267  -131.091   -67.712   -20.506   19.318   31.674
   -21.154  -138.750  -187.054  -148.330   -86.705   -49.407    -2.400   29.805
   16.604   -70.570  -125.583  -135.751  -161.805  -160.434   -88.450   54.846
  114.493   93.715   32.871    9.858   23.104   47.882   73.267   99.236
CT1738:320          -185.963  -127.980   -66.865   -25.615    4.951   14.892
   -53.775  -183.781  -224.635  -168.377   -69.987   -18.281   23.037   55.971
   46.271    -0.803   -39.566   -76.742  -155.534  -178.309  -137.596   -44.752
    5.043   13.556   12.111   20.759   36.235   53.714   73.123   95.601
CT1738:315          -177.883  -117.694   -47.027    -0.498    -4.763   -22.309
   -63.274  -162.884  -198.003  -141.937   -35.097   19.696   59.803   82.702
   47.854   -14.766   -93.769  -129.104  -162.547  -174.207  -145.010   -94.760
   -51.460   -25.170    2.745   25.193   39.606   53.683   67.995   81.926
CT1738:310          -174.421  -106.645   -37.665    -3.336   -22.501   -56.413
  -104.406  -174.490  -186.796  -113.242    0.930   46.528   87.720   99.935
   11.476  -179.176  -324.751  -326.252  -248.502  -167.177  -118.894  -119.714
  -100.345   -63.885    -7.923   25.999   44.010   61.123   76.769   91.717
CT1738:305          -179.459  -117.201   -45.943    -6.450   -37.428   -75.014
   -98.323  -135.566  -133.549   -67.498   30.575   64.247  103.900   69.994
  -184.201  -765.707 -1081.192  -954.250  -447.001  -134.191   -67.508  -123.803
  -114.734   -72.088    -9.586   31.877   53.583   69.224   83.827  100.669
CT1738:300          -183.604  -120.077   -43.760   -19.468   -57.876   -84.201
   -88.009   -86.404   -60.844   14.606   99.303   97.836  103.903   16.116
  -546.547 -1960.133 -2650.500 -2192.215  -908.204  -276.426  -151.990  -170.427
  -116.345   -59.401    -4.772   35.052   57.524   78.220  102.296  124.395
CT1738:295          -172.686   -96.571   -35.791   -32.343   -79.947  -102.251
   -80.866   -41.337    -1.202   77.829  152.968  126.694   41.364  -121.310
  -610.567 -1543.846 -1945.956 -1680.884  -891.019  -484.466  -321.958  -196.183
  -106.798   -49.651    -3.696   37.634   63.821   83.001  107.283  132.970
CT1738:290          -188.521  -116.417   -46.599   -42.051  -105.569  -125.398
   -91.186   -31.649   14.803   78.383  131.766  115.023   54.088   -39.948
  -171.491  -371.901  -545.651  -503.112  -446.777  -371.440  -324.964  -245.974
  -187.941  -134.421   -50.805   21.059   55.442   78.430  112.163  144.078
CT1738:285          -194.656  -127.173   -56.452   -57.765  -112.511  -129.484
  -110.292   -76.684   -29.903   50.861  120.568  120.957   79.112   41.236
  100.129  388.501  551.137  310.996   80.039    6.232  -260.697  -574.412
  -632.893  -435.019  -126.526    -1.421   47.806   78.759  117.854  161.606
CT1738:280          -169.345   -97.668   -46.082   -49.647  -109.885  -126.210
  -106.800   -73.046   -20.618   66.813  139.469  148.062  109.814   93.843
   21.154  -248.729  -273.042  178.210  554.560  493.480   88.201  -599.770
  -822.000  -612.137  -202.214   -34.096   17.264   61.821  122.540  179.992
CT1738:275          -164.226   -99.195   -48.591   -61.193  -113.115  -112.137
   -66.653   -14.338   49.052  137.150  214.042  232.023  213.870  226.119
  221.695  184.528  317.681  949.137 1943.833 2004.345 1021.902  -199.849
  -555.569  -402.348  -116.175   -28.629   31.589   85.333  137.876  186.803
CT1738:270          -175.038  -111.351   -43.020   -38.162   -97.282   -90.623
    -3.826  111.585  189.632  236.179  279.244  332.474  361.246  374.085
  469.124  611.342  787.726 1201.157 1678.160 1654.933 1173.757  440.379
  132.890   20.287    -7.271    -8.527   54.334  110.626  148.493  180.245
CT1738:265          -161.526  -106.282   -69.784   -76.195  -111.151   -85.601
   18.605  137.575  264.807  495.311  641.169  671.307  639.472  638.627
  648.446  676.689  774.740 1012.505 1289.145 1269.600  933.793  452.161
  217.087  107.646   15.386   -19.020   23.795   78.647  124.774  165.315
CT1738:260          -190.589  -146.360   -97.403   -83.803  -113.547   -79.885
   29.131  154.874  291.499  603.711  802.569  742.195  465.437  346.285
  334.934  291.726  322.612  485.807  678.266  679.083  503.061  276.913
  147.416   66.797    -0.748   -24.851   16.885   66.035  104.122  148.033
CT1738:255          -176.408  -140.495  -108.619  -106.730  -127.820   -92.173
   28.053  163.859  258.780  381.999  443.562  395.955  201.657  100.792
   81.859   69.378   98.028  162.114  246.830  259.405  212.179  144.568
   75.502   22.071   -16.886   -29.759    2.554   49.849   93.588  138.085
CT1738:250          -151.039  -124.980  -103.080   -95.426  -106.842   -70.766
   51.893  184.065  206.817  133.954   73.762   38.392   -10.469   -38.462
   -62.633   -82.345   -59.810   -22.002   36.288   61.162   56.673   45.094
   15.622   -12.616   -30.088   -28.030    3.668   45.017   85.150  129.562
CT1738:245          -141.708  -121.761  -101.573   -82.489   -71.303   -33.525
   81.887  207.420  168.995   -95.234  -270.807  -262.456  -151.221  -116.752
  -123.209  -171.567  -156.271   -51.906   85.619  121.279   79.524   29.816
    7.201    -7.603   -14.913    -9.304   11.825   39.362   72.860  114.694
CT1738:240          -150.565  -131.303  -110.320   -84.913   -55.440   -11.006
   96.371  203.495  128.382  -207.361  -425.893  -403.804  -177.878   -65.308
   -84.790  -119.149   -84.005   26.285  203.442  247.478  156.981   44.750
   17.366   19.077   28.340   36.986   53.280   71.593   91.479  113.380
CT1738:235          -149.087  -128.861  -106.859   -79.046   -44.919    -9.482
   63.029  126.207   40.558  -251.274  -439.369  -447.873  -317.400  -236.948
  -212.464  -170.319  -119.715   -43.660   33.444   63.584   63.247   22.932
   17.845   32.285   49.726   66.079   84.083   95.960  105.004  113.764
CT1738:230          -154.268  -131.421  -111.956   -77.880   -33.373    -4.720
   34.740   69.303    -9.391  -259.410  -420.713  -443.465  -455.663  -467.377
  -360.500  -255.824  -219.095  -147.844   -67.979   -36.422   -26.737   -12.626
   10.823   38.016   71.893   90.975  100.987  107.237  116.415  125.097
CT1738:225          -162.950  -149.005  -127.367   -80.906    -5.716   29.710
   10.155   -31.684   -85.454  -175.056  -237.908  -223.817  -138.591   -94.131
  -114.628  -146.661  -167.718  -230.366  -276.404  -263.781  -213.328  -119.401
   -57.966   -16.003   19.309   48.285   78.064  107.987  134.187  159.178
CT1738:220          -172.033  -155.824  -127.807   -78.026    -5.030   25.010
    7.520   -28.624   -73.218  -120.604  -137.282   -91.646   61.694  131.434
   59.337   -82.460  -161.486  -343.756  -573.974  -578.973  -369.989  -111.152
   -16.752    8.861   14.516   33.644   70.636  116.132  155.785  191.775
CT1738:215          -161.788  -134.253  -107.577   -66.230    -2.625   17.608
    2.962   -27.998   -97.281  -253.401  -321.603  -251.187   -53.977   28.603
   28.154   -24.875   -81.809  -281.450  -535.946  -530.730  -242.630   72.074
  148.999   92.546    5.543   11.807   72.234  135.213  177.564  215.557
CT1738:210          -166.467  -135.748   -99.207   -43.298   30.271   51.545
    6.635   -59.571  -161.942  -440.059  -604.760  -486.574  -177.457   -44.630
    -2.872    0.542   -20.713   -58.080   -66.554   -44.561   52.451  208.496
  246.689  146.007    -1.254   -20.399   33.368  103.097  162.691  217.189
CT1738:205          -165.497  -133.255   -98.555   -50.017   31.002   58.635
    4.037   -79.789  -178.111  -368.417  -463.919  -388.414  -144.207    -6.237
   35.381   62.511   69.951   62.481   44.189   47.032   90.550  109.325
  108.742   58.514   -32.737   -39.730   21.347   87.828  145.520  206.424
CT1738:200          -157.378  -125.516   -93.581   -42.051   30.406   53.858
    2.404   -79.510  -141.231  -211.867  -238.537  -196.789   -75.940    8.024
   38.792   43.121   46.340   52.702   44.026   35.159   21.856   -11.558
   -27.519   -47.171   -64.681   -48.569    3.657   69.301  131.264  192.705
CT1738:195          -160.305  -130.879   -97.405   -56.151    4.693   28.454
   -10.885   -75.686  -102.486   -98.361   -87.546   -66.577   -39.214   -18.833
   -10.897   -24.548   -32.237   -25.612   -19.475   -29.845   -64.630  -113.919
  -122.885  -107.634   -84.177   -52.544    3.335   63.932  120.530  178.958
CT1738:190          -156.819  -126.712   -92.893   -52.793    3.029   29.114
   -10.477   -69.196   -83.742   -61.708   -31.769   -22.504   -21.797   -26.400
   -44.586   -78.840  -105.916  -110.337  -102.329  -106.600  -129.726  -159.516
  -158.729  -132.289   -88.943   -46.209    4.828   57.928  112.221  168.974
CT1738:185          -154.399  -125.086   -94.373   -53.072    9.744   40.408
    6.462   -67.355   -76.647   -36.000    -1.640   16.280   49.495   38.217
   -14.141  -107.022  -169.299  -178.308  -171.894  -177.466  -183.813  -217.247
  -214.362  -161.758   -90.010   -38.626    6.923   54.687  107.143  160.492
CT1738:180          -147.658  -127.576  -105.063   -63.275    8.708   45.563
   16.998   -43.588   -24.077   96.340  201.040  201.719  165.299  110.080
    4.979  -169.311  -273.830  -261.892  -193.169  -174.128  -197.234  -257.708
  -240.883  -180.639  -110.956   -50.168    9.919   67.333  119.986  171.151
CT1738:175          -140.200  -121.527  -100.942   -63.693    -5.683   30.969
   19.333   -10.074   27.393  192.736  337.179  300.816  113.093   -59.569
  -164.400  -283.383  -400.754  -445.966  -480.024  -460.464  -384.972  -304.226
  -235.423  -174.885  -114.934   -55.292    3.890   65.390  124.888  182.463
CT1738:170          -149.748  -118.392   -85.571   -51.258   -13.494   16.838
   37.636   61.770  117.052  271.074  371.898  272.158   16.078  -242.236
  -465.918  -694.367  -841.960  -943.443  -963.546  -829.257  -617.490  -360.346
  -231.608  -177.116  -128.981   -67.886    -7.626   53.221  112.511  172.749
CT1738:165          -151.338  -114.400   -77.191   -40.901    -5.933   22.827
   44.784   66.374  110.651  223.023  269.513  133.142  -102.399  -384.247
  -899.132 -1592.177 -1816.151 -1769.255 -1397.656 -1074.202  -766.698  -409.596
  -255.597  -197.752  -132.180   -69.899   -14.016   46.849  109.585  174.335
CT1738:160          -151.165  -108.798   -68.988   -31.862    7.580   29.714
   25.762   25.508   25.742   53.233   47.050   -88.732  -263.118  -550.428
-1406.488 -2528.971 -2653.457 -1916.882  -920.639  -513.024  -318.712  -250.841
  -233.607  -203.368  -139.873   -81.346   -16.653   48.354  111.718  177.015
CT1738:155          -159.702  -118.302   -77.837   -34.014   11.400   21.560
   -28.318   -78.479  -106.924  -133.770  -180.133  -273.903  -393.238  -615.840
-1450.243 -2661.471 -2647.516 -1103.659  677.691 1031.290  560.860   -29.189
  -178.512  -170.051  -123.505   -88.344   -22.303   49.196  116.704  182.012
CT1738:150          -167.325  -136.448  -105.314   -66.321    -8.155    5.819
   -47.966  -101.988  -131.335  -151.736  -169.900  -237.131  -283.061  -338.248
  -602.903  -974.129  -779.062  465.807 1861.003 1965.535 1031.809  109.738
  -115.894  -123.177   -97.698   -77.074    -5.905   61.966  119.754  177.860
CT1738:145          -174.507  -144.560  -109.041   -59.374    -0.961   11.711
   -37.731   -81.594   -95.387  -118.532  -151.978  -164.551  -208.806  -132.918
  479.975 1436.707 1747.154 1565.224 1147.381  988.844  627.564   87.369
  -127.380  -127.937   -84.113   -60.665    -3.976   56.560  112.283  165.092
CT1738:140          -176.175  -148.369  -116.590   -68.845    3.044   22.388
   -31.319   -80.762   -28.399  162.604  265.810  140.296  -199.845  -150.508
  771.574 2183.431 2524.490 1842.196  925.665  598.597  289.454   -12.557
  -159.992  -141.253   -83.162   -50.722    6.244   60.343  107.046  153.986
CT1738:135          -167.870  -137.871  -102.876   -51.689   10.192   29.474
   -32.632   -95.088   28.766  418.007  624.998  443.908   -82.488  -166.648
  301.051  885.153 1019.117  871.152  475.610  252.503  104.858   -12.259
   -88.216   -81.888   -55.861   -43.001    2.226   55.496  101.764  145.770
CT1738:130          -163.094  -133.711  -105.411   -73.355   -37.370   -26.329
   -97.895  -165.662   -21.893  393.042  641.466  525.684  167.158   68.472
  178.214  330.640  369.695  362.659  274.390  219.858  194.941  150.815
  101.778   30.949   -39.616   -45.500    -0.878   50.917   94.005  137.227
CT1738:125          -163.563  -130.459  -102.529   -88.078   -82.139   -97.689
  -191.232  -248.877  -138.088  148.458  333.806  354.499  308.510  239.642
  159.772  175.379  151.284  105.201  193.716  248.185  253.058  289.283
  280.943  158.485   10.181   -24.577   10.751   49.701   85.592  129.089
CT1738:120          -179.465  -137.558  -102.560   -97.188  -106.045  -122.109
  -217.470  -279.761  -178.720   64.223  231.090  313.153  395.010  293.170
  -173.048  -654.660  -777.841  -720.199  -416.548  -258.930   -45.967  239.529
  275.945  139.012   22.104    -4.623   19.666   60.434   93.293  123.053
CT1738:115          -193.251  -146.686   -95.172   -86.904   -97.816   -97.992
  -154.359  -186.597   -78.732  150.784  309.432  474.586  643.639  511.379
  -313.870 -1611.759 -1835.001 -1300.204  -908.119  -682.809  -238.812   20.267
   66.074   68.671   33.434   14.602   51.795   89.797  104.993  116.734
CT1738:110          -171.408  -120.427   -84.604   -82.744   -99.581   -94.061
   -67.252   -20.433   93.781  319.388  498.623  738.506 1252.562 1316.767
  559.515  -354.866  -488.869   -26.484  611.492  734.870  585.900  532.609
  472.930  268.289   96.765   45.905   55.582   78.216   92.901  103.410
CT1738:105          -173.869  -120.210   -78.647   -68.800   -91.082   -77.517
   -19.676   52.031  151.120  276.353  384.852  507.885  615.100  609.253
  825.498 1216.744 1304.182 1262.150 1348.796 1345.292 1026.850  616.348
  463.302  312.396  132.967   61.091   73.494   82.148   82.987   91.267
CT1738:100          -194.940  -142.338   -85.347   -75.375   -90.725   -75.244
   -32.320   29.350  103.984  165.614  202.831  157.080   -98.627  -196.382
  225.782  706.333  829.455  987.341  932.052  882.558  764.490  533.408
  419.938  275.916  125.505   62.704   61.780   76.308   82.232   84.636
CT1738:095          -170.595  -114.481   -65.870   -46.295   -56.469   -49.722
   -44.919   -25.287  102.686  412.108  579.908  465.354  118.394   -10.815
   -88.356  -125.491  -102.011    -6.510   37.681   63.516  183.063  330.008
  357.012  264.704  139.284   81.542   77.497   76.211   68.026   61.095
CT1738:090          -159.221  -106.194   -63.803   -44.852   -49.673   -46.055
   -12.450   42.714  165.286  608.643  861.092  636.080   97.774  -185.008
  -348.683  -496.058  -531.590  -613.410  -636.592  -526.950  -185.324  274.519
  377.670  285.240  149.564   93.660   79.448   73.799   60.717   45.741
CT1738:085          -167.166  -121.348   -65.840   -35.555   -33.210   -31.588
   -25.341    -5.339   28.912  124.099  209.058   99.037  -246.219  -425.964
  -455.760  -447.800  -429.727  -524.143  -715.758  -671.617  -323.493  163.235
  308.666  232.380  116.553   74.537   60.831   56.392   49.142   28.536
CT1738:080          -152.609   -94.288   -40.090   -12.695    -1.354    -3.995
   -75.610  -195.189  -276.036  -449.403  -573.642  -573.160  -484.621  -443.568
  -398.869  -272.791  -204.121  -184.580  -134.505   -53.513   58.258  250.526
  313.259  230.938  101.398   49.967   44.435   43.932   38.692   34.785
CT1738:075          -132.718   -89.066   -47.916   -24.640    -8.244   -11.026
  -115.967  -323.531  -407.816  -449.469  -419.787  -378.383  -298.367  -221.234
  -172.320   -91.374   -32.242   14.118   63.716  111.256  184.944  266.621
  278.900  196.986   86.039   46.002   43.270   50.925   56.396   48.892
CT1738:070          -141.916  -106.552   -66.745   -42.790   -16.718   -16.689
   -96.805  -206.878  -253.670  -251.876  -219.478  -197.991  -146.289   -98.547
   -45.490   35.909  102.901  191.651  299.805  342.096  326.927  276.917
  239.022  173.917   97.010   63.475   65.041   66.686   61.508   55.960
CT1738:065          -147.521  -105.517   -63.984   -34.001    -9.677    -6.859
   -50.527  -112.263  -115.204   -47.090   12.035   18.251   -15.114   -22.225
   36.317  130.164  205.968  308.167  423.471  452.339  380.443  259.104
  199.172  144.606   90.121   65.952   68.413   71.175   65.617   56.377
CT1738:060          -151.584   -99.480   -52.204   -24.444    -5.797    7.558
    -2.242   -23.713    -7.189   75.455  136.927  132.195   63.197   42.192
   96.958  188.080  252.357  317.024  376.378  384.047  312.108  214.967
  165.844  133.113  103.233   81.228   70.746   60.009   42.741   17.875
CT1738:055          -172.015  -111.911   -53.706   -19.376    -1.213   15.328
   21.150   22.631   63.111  170.681  231.549  214.419  121.950   96.559
  163.527  252.313  302.825  343.222  359.080  342.492  273.025  194.328
  152.799  145.857  142.938  123.919  102.317   76.327   48.135   18.712
CT1738:050          -184.880  -118.848   -56.688   -18.664    6.543   30.354
   45.649   58.254   96.949  180.854  225.504  212.334  157.412  148.296
  213.324  291.301  336.004  381.252  395.662  378.369  291.360  188.986
  150.923  156.398  163.977  146.946  116.853   84.122   53.336   21.434
CT1738:045          -197.416  -121.402   -50.207    -7.247   21.318   46.467
   65.486   84.204  104.883  137.206  150.804  142.366  121.590  117.781
  167.684  249.323  293.586  338.244  383.915  378.801  278.865  180.207
  151.220  154.659  159.727  144.456  116.663   84.813   55.254   27.310
CT1738:040          -210.794  -126.996   -42.439    5.839   43.811   71.683
   71.025   70.769   80.955   92.509   87.371   57.456   14.894    -8.399
   -19.287    -4.391   32.693  128.768  236.159  260.835  207.989  160.953
  148.671  147.184  144.669  130.094  103.373   75.847   56.814   37.621
CT1738:035          -191.802  -121.738   -56.396    -6.178   37.703   66.985
   74.729   82.513   82.549   72.231   58.644   -20.178  -119.852  -178.613
  -296.009  -405.221  -388.825  -219.458   -48.979   23.953   78.871  122.788
  133.278  124.764  117.930  106.594   89.710   73.968   62.390   54.013
CT1738:030          -194.443  -127.576   -60.154   -13.549   28.097   60.951
   75.069   93.583  105.949  113.644  126.411   33.730  -128.180  -224.411
  -286.586  -362.991  -373.010  -237.904  -111.104   -28.775   68.145  123.824
  143.764  114.357   80.568   73.546   79.377   84.738   86.278   89.091
CT1738:025          -184.827  -125.116   -67.453   -21.958   18.340   53.728
   72.142   98.700  156.696  198.324  196.164  281.604  281.622  173.366
   38.540  -149.626  -221.486  -139.587    -0.456   62.095  108.866  161.506
  189.010  140.516   89.425   79.263   81.591   84.892   85.536   84.238
CT1738:020          -184.215  -129.972   -73.581   -25.059   22.070   61.977
   87.020  113.355  259.558  648.061  812.185  876.412 1016.169  943.138
  387.256  -203.825  -355.876  -328.442  -261.180  -193.569   -44.618  101.972
  161.167  128.023   91.049   88.254   91.440   93.775   93.349   90.748
CT1738:015          -178.447  -120.133   -63.424    -7.337   50.465   88.050
   91.114   92.203  210.156  572.659  743.812  668.915  560.887  448.167
   86.657  -344.899  -497.730  -644.912  -754.003  -657.080  -296.710   24.158
  116.527   90.423   56.775   58.642   73.114   88.673   99.501  108.230
CT1738:010          -174.228  -117.856   -61.001    -0.577   63.951   86.683
   78.608   52.591   -29.068  -177.215  -261.582  -298.619  -312.116  -348.742
  -401.728  -470.222  -542.563  -747.036  -905.304  -803.295  -402.544   -41.010
   57.823   47.417   36.076   48.114   62.976   80.578   97.853  115.034
CT1738:005          -169.406  -114.757   -62.083    4.687   96.816  114.603
   80.126   32.697  -212.527  -912.351 -1251.232 -1126.194  -956.701  -910.396
  -659.547  -408.250  -390.356  -536.047  -616.451  -543.477  -296.232   -72.936
    -9.832    -9.429    -5.311   15.688   43.486   74.302   98.295  124.704
CT1739:360          -167.834  -109.347   -46.715   26.623  107.971  120.005
   69.226    -8.265  -216.304  -629.199  -802.366  -800.985  -585.084  -457.015
  -375.435  -248.065  -163.884   -43.925   68.388   86.213    6.965   -64.346
   -60.685   -41.941   -20.492    2.790   33.774   68.211  101.666  134.743
