
filled_synop: 30 data points in equal steps of sine latitude from +14.5/15 to  -14.5/15

CT1774:360          -106.301   -88.501   -68.526   -44.343   -20.472    -9.855
   -11.443   -14.273   -15.483   -16.285   -18.301   -21.123   -27.716   -31.470
   -32.803   -37.099   -38.491   -44.602   -50.390   -43.878   -13.690   17.880
   16.073   -12.458   -21.697    1.231   35.598   74.469  122.049  168.883
CT1774:355          -106.901   -88.173   -68.587   -46.029   -22.418   -11.214
   -12.450   -13.381   -13.396   -12.222   -10.868   -13.216   -21.261   -25.112
   -22.574   -18.378   -19.267   -30.715   -44.502   -44.019   -22.073    3.056
    2.250   -22.222   -29.968    -6.577   29.799   68.387  115.207  162.075
CT1774:350          -107.014   -90.584   -66.775   -43.154   -22.567   -11.088
    -7.917    -5.127    -4.751    -8.282   -10.420    -7.983    -0.936    3.234
   10.157   18.578   15.762    -3.242   -25.384   -31.802   -28.217   -24.710
   -26.221   -38.180   -39.160   -18.143   16.024   59.429  110.353  157.374
CT1774:345          -121.616   -98.546   -73.078   -44.374   -17.184    -4.698
    -6.794    -6.872    -3.685    -2.390    0.645    9.410   26.860   37.189
   44.060   51.133   46.610   22.938    -9.834   -23.283   -30.661   -37.296
   -41.634   -50.140   -45.435   -15.174   26.508   68.247  116.863  164.421
CT1774:340          -128.023  -108.479   -84.180   -48.639   -11.516    2.499
    -6.611   -12.629    -6.906    5.564   15.409   21.263   24.108   25.978
   34.482   50.204   49.577   27.990    -2.684   -16.071   -23.057   -31.339
   -37.127   -46.916   -41.342   -10.204   33.027   74.304  116.625  159.855
CT1774:335          -134.229  -111.741   -83.846   -52.149   -24.477   -12.127
   -15.561   -16.841    -7.711   14.549   30.631   29.502   13.533    6.661
    8.338   20.345   25.043   13.256    -1.734    -9.854   -14.202   -17.269
   -24.113   -42.394   -43.267   -11.741   34.170   76.188  118.383  160.721
CT1774:330          -143.595  -115.745   -89.232   -60.411   -30.915   -17.997
   -23.153   -25.647   -13.788   18.673   44.387   40.095    1.065   -24.626
   -24.483   -13.551   -11.942   -11.887   -13.065   -17.077   -16.832   -14.147
   -19.299   -35.628   -35.552    -7.140   32.373   72.657  120.118  169.491
CT1774:325          -152.586  -126.390   -96.066   -60.344   -29.406   -15.712
   -20.385   -24.515   -14.526   11.302   32.667   31.610    1.395   -18.426
   -17.252    -1.179    5.633    3.180    -3.351    -8.111   -18.160   -27.958
   -29.211   -23.852   -12.215   11.733   42.097   79.208  127.085  178.213
CT1774:320          -157.290  -133.244  -105.063   -63.216   -20.609    -4.899
   -14.740   -21.312   -13.036    2.473   14.340   19.522   14.161    1.360
    5.895   31.230   47.436   36.266    8.914    -3.301    -8.637   -25.208
   -26.140    -9.220    7.377   30.108   58.660   94.795  147.006  193.589
CT1774:315          -133.132  -104.042   -76.246   -50.195   -29.136   -20.274
   -34.061   -47.013   -38.849    -6.482   27.356   36.043   37.102   46.313
   41.187   23.025   16.180   25.846   47.311   50.047   32.562   15.213
   10.097    3.520    7.398   34.731   72.779  109.707  152.611  193.171
CT1774:310          -129.684  -101.659   -78.884   -60.997   -44.065   -33.997
   -41.174   -45.827   -38.280   -24.211   -12.842    -4.294    6.173    8.026
    9.494    7.538    3.491   10.962   26.102   25.131    9.935   -12.799
   -16.654   -11.598    -0.073   31.274   80.153  118.824  158.117  194.961
CT1774:305          -123.058  -114.619  -102.865   -84.424   -63.373   -48.882
   -33.862   -19.793   -12.091    -8.840    -3.889    1.431    9.380   13.677
   14.121   13.151   13.037   13.617   21.130   18.582    -0.967   -25.042
   -31.054   -34.643   -28.827    8.383   63.234  106.882  149.399  191.365
CT1774:300          -134.426  -117.623   -95.961   -68.698   -42.734   -23.152
    -2.237   14.314   20.641   15.228   11.083   15.195   31.725   43.107
   36.677   15.997    4.575    -1.018    -6.529   -12.977   -26.518   -39.922
   -43.722   -50.321   -44.079    -3.828   58.258  108.690  153.962  195.708
CT1774:295          -143.005  -107.123   -75.349   -45.868   -19.012    0.662
   16.874   32.526   37.668   25.353   13.837   14.702   27.825   35.441
   26.300    2.837    -9.492   -19.661   -37.599   -47.850   -54.905   -64.436
   -63.739   -50.030   -28.140    6.225   58.766  102.989  145.338  189.034
CT1774:290          -135.738  -103.803   -72.912   -42.323   -15.757    -0.562
    -0.839    -2.389    2.491   15.471   25.171   19.744    -2.386   -17.562
   -25.240   -34.284   -39.364   -35.272   -23.384   -23.809   -39.539   -58.695
   -60.695   -55.013   -43.185   -16.818   17.647   61.954  120.713  184.545
CT1774:285          -131.029  -102.858   -75.365   -45.291   -16.736    -1.801
    -2.663    -6.217    -4.262    0.651    1.594    -5.806   -33.900   -61.997
   -59.805   -43.446   -38.344   -24.360   10.241   18.742    -5.610   -34.193
   -38.982   -39.589   -32.856   -12.109   11.574   58.184  136.871  206.989
CT1774:280          -126.438  -102.246   -77.434   -50.564   -25.540    -9.410
    4.748   17.774   18.391    2.021   -10.318   -13.048    -5.007    4.161
    -5.205   -19.205   -19.366   -13.084    -0.050    3.365    3.581    -3.205
    -8.487   -21.946   -23.974    -0.122   36.703   78.330  133.641  187.706
CT1774:275          -125.196   -98.846   -72.435   -44.953   -20.491    -4.113
    9.342   19.919   19.881    2.649    -8.914    -7.400   11.750   23.762
   12.998   -17.048   -33.379   -19.754    4.963   13.917   19.860   19.759
   15.564   -11.452   -22.766    4.831   52.212   91.701  129.539  168.196
CT1774:270          -124.695   -90.759   -60.888   -32.168    -6.039    8.615
    7.552    7.503    9.914    4.125    0.183    2.154   12.379   10.616
    3.399   -12.175   -30.543   -29.353   -20.277   -11.228   16.017   40.383
   42.913    -6.337   -31.180    7.326   78.853  117.258  144.119  172.129
CT1774:265          -119.526   -96.114   -72.359   -48.143   -26.682   -13.091
    -8.609    -5.276    3.377   22.849   35.263   32.713   24.687   11.431
   -11.663   -33.768   -51.637   -98.508  -128.646  -110.232   -64.486   18.665
   40.111    1.680   -13.969   17.655   73.839  116.872  149.953  177.592
CT1774:260          -110.844   -87.160   -63.963   -37.903   -11.996    3.145
    7.980   14.060   25.289   52.658   72.471   63.964   32.834    2.005
   -59.612  -198.320  -270.838  -332.625  -461.898  -471.990  -253.221   -30.632
   10.726    -4.980    -3.073   32.795   89.335  125.666  154.517  183.388
CT1774:255          -103.341   -82.754   -61.629   -39.606   -19.680    -4.463
   11.493   25.639   35.063   46.028   52.418   45.907   25.493    3.649
   -45.053  -180.311  -260.616  -240.216  -220.988  -201.119  -107.203    -9.064
   10.904    -5.798    -6.331   16.480   48.147   87.268  133.214  178.758
CT1774:250          -103.827   -80.717   -58.357   -34.023   -11.379    1.376
    7.480   11.711   16.088   17.810   16.144   16.144   18.323   15.925
   25.353   89.556  148.164  197.510  357.654  385.845  193.408   23.289
    -8.060   -13.839   -13.618    3.728   29.133   65.670  118.383  174.744
CT1774:245           -98.326   -73.239   -48.301   -23.080    -1.612    6.643
    -2.272    -7.193    -6.937    -7.556    -5.940    -1.037    8.172   15.266
   38.017   69.349  105.098  255.386  386.912  374.377  207.419   27.013
   -15.829   -21.844   -22.235    -2.995   25.085   65.325  120.281  171.588
CT1774:240           -90.465   -68.338   -49.158   -31.292   -15.490    -9.678
   -15.879   -20.281   -22.131   -24.850   -24.130   -15.645    0.484   11.126
   17.457   19.811   47.968  129.646  201.699  192.555   97.339   18.079
    -4.037    -4.328    -2.066   13.711   33.258   65.570  112.224  158.954
CT1774:235           -82.104   -66.804   -51.661   -35.236   -19.267   -12.443
   -13.800   -14.193   -17.370   -25.799   -27.827   -21.064    -7.057    2.169
    3.706    1.513   11.537   23.732   31.288   30.715   30.582   26.411
   16.360    6.797    5.571   19.647   38.055   66.082  105.923  147.053
CT1774:230           -86.092   -70.481   -51.525   -30.431   -12.916    -6.023
    -4.397    -2.638    -6.980   -20.463   -26.373   -21.103    -9.003    -2.373
    1.229    5.292    8.879    -1.151    -7.992    -4.456   16.619   34.581
   29.827   10.936    8.899   27.267   48.809   76.998  113.255  149.249
CT1774:225          -108.940   -86.578   -65.006   -39.136   -13.766    -2.299
    -1.639    -1.453    -5.418   -14.910   -20.126   -18.780   -13.065   -10.130
    -6.873    -2.548    -0.827   -10.763   -22.496   -17.241    8.232   30.934
   30.864   11.933   12.117   36.226   67.674   99.989  139.468  177.415
CT1774:220          -123.716   -94.056   -66.535   -41.053   -19.946    -6.222
    7.011   14.656    9.150    -7.742   -19.480   -24.242   -27.571   -28.167
   -28.312   -21.915   -16.988   -20.025   -23.060   -17.324    -4.665    6.067
   13.162   18.190   30.034   54.827   84.264  119.643  161.136  196.137
CT1774:215          -140.328  -108.235   -78.679   -47.899   -17.779    0.931
   16.732   25.794   17.459    -6.779   -20.262   -32.798   -52.820   -62.062
   -57.535   -46.815   -41.696   -29.989   -15.045    -8.679    -8.708    -6.059
    3.935   18.155   35.502   65.639  101.261  134.467  173.531  209.463
CT1774:210          -152.773  -121.637   -87.431   -48.959   -15.686    1.473
   12.764   19.935   11.043   -22.184   -46.233   -51.138   -50.535   -50.528
   -45.586   -29.190   -20.210   -22.591   -22.966   -17.541   -11.426    -2.017
    7.651   17.844   33.252   59.193   92.886  129.356  172.005  209.790
CT1774:205          -149.021  -121.297   -91.333   -51.570   -13.888    -0.340
    -3.186    -4.492    -8.605   -20.095   -27.729   -31.083   -30.366   -27.957
   -22.870   -12.852    -9.289   -14.730   -37.523   -39.592   -17.752    -0.494
    8.761   15.722   27.263   48.500   71.609  104.748  151.614  196.697
CT1774:200          -159.189  -123.220   -83.306   -37.585    -0.986    7.533
   -11.794   -23.892   -20.055    1.002   14.526   13.352    3.368    0.151
    3.699   16.714   22.622   14.736   10.174   11.870   10.850   13.420
   22.022   30.212   40.266   49.765   53.389   78.012  126.810  185.845
CT1774:195          -171.426  -130.433   -87.537   -30.656   18.016   28.244
    -2.693   -22.850   -16.180   10.150   25.831   29.416   22.114   18.136
   16.861   13.081    5.119    7.886    4.466    3.566   12.444   22.364
   35.306   57.677   74.851   76.190   63.046   90.248  147.557  197.511
CT1774:190          -149.466  -110.286   -70.382   -28.359    4.044   12.319
    -2.735   -10.974    -6.263    5.029   18.049   25.560   26.522   31.633
   25.799   31.891   34.592    4.912   -12.275   -16.088    -3.206    9.093
   26.303   50.176   67.193   71.267   66.051   90.053  143.504  199.104
CT1774:185          -126.448   -96.798   -70.227   -42.940   -20.307   -13.326
   -18.427   -17.899   -11.774    -8.870    4.286   26.795   48.412   75.587
   65.733   31.680    9.583   -33.750   -41.219   -55.637   -43.873   -11.877
   14.543   44.888   66.417   71.070   64.822   87.180  140.365  202.576
CT1774:180          -113.460   -90.970   -72.012   -54.372   -38.429   -32.034
   -40.040   -43.609   -30.495   -11.284   12.313   67.115  134.523  170.787
  259.263  223.868   94.531   78.364  -117.129  -202.237  -119.708   -17.012
   12.933   39.670   59.098   67.601   60.474   94.527  166.390  225.079
CT1774:175          -104.944   -87.193   -71.239   -55.041   -41.069   -36.995
   -43.509   -43.523   -31.045   -12.975    7.803   83.875  268.955  427.874
  628.931 1112.429 1253.832  691.027   -89.205  -265.846  -138.410   -15.368
   17.007   51.627   76.516   79.111   67.288   85.618  132.602  185.483
CT1774:170          -101.940   -83.278   -65.554   -47.948   -34.280   -30.671
   -38.397   -38.888   -30.069   -15.349    -6.167   14.736   61.775  149.000
  378.163  950.480 1137.054  652.026   29.705  -111.118   -68.923   -21.036
    3.294   40.959   65.130   70.293   65.153   83.122  121.017  164.800
CT1774:165          -105.079   -87.501   -71.569   -54.278   -38.855   -33.739
   -42.155   -44.526   -37.148   -14.293    -7.899   -64.898  -295.319  -422.757
  -286.531  -202.076  -251.565   -66.337   38.633   21.869    -9.903   -13.961
    4.385   37.970   60.315   68.640   65.636   88.243  130.933  168.140
CT1774:160          -114.397  -101.966   -88.755   -73.586   -59.862   -51.519
   -42.491   -32.758   -26.137    0.296    5.200   -68.063  -228.741  -284.773
  -343.838  -401.260  -386.175  -265.071   -65.167   -17.390   -24.052   -23.630
    1.297   39.207   65.929   74.328   71.546   88.519  125.120  166.479
CT1774:155          -119.087  -107.641   -93.585   -72.269   -52.141   -44.934
   -46.998   -45.545   -40.178   -21.452   -26.317   -60.406  -120.729  -156.207
  -176.973  -159.772  -134.096  -152.172  -154.168  -128.600   -76.487   -29.977
    -0.769   33.532   59.514   68.633   63.031   90.781  140.046  183.488
CT1774:150          -117.741   -97.973   -77.596   -53.404   -33.081   -28.339
   -36.722   -40.026   -38.089   -28.861   -32.156   -48.645   -76.270   -97.943
  -101.037  -101.651  -107.577  -127.454  -172.177  -163.199  -104.908   -53.465
   -22.940   10.117   38.122   54.914   64.891   88.759  125.403  166.004
CT1774:145          -125.172   -97.494   -67.902   -34.930   -10.514    -7.482
   -22.660   -31.529   -30.899   -21.155   -18.311   -28.901   -47.771   -57.497
   -53.611   -37.748   -38.923   -65.607   -91.436   -94.628   -96.667   -84.089
   -53.452    -2.876   35.813   57.716   71.113   97.412  132.942  171.009
CT1774:140          -123.668   -99.898   -75.563   -44.292   -19.858   -15.860
   -24.076   -27.757   -31.016   -33.317   -33.148   -33.819   -38.167   -41.202
   -33.832   -18.455   -20.639   -45.459   -73.111   -81.862   -98.036  -104.947
   -73.003    -4.655   36.711   69.264   96.412  127.686  162.188  192.901
CT1774:135          -111.751   -88.220   -64.972   -39.911   -21.381   -23.128
   -46.546   -61.242   -61.297   -55.800   -50.832   -40.168   -18.170    -7.005
   -13.772   -28.487   -40.464   -51.722   -70.840   -80.114   -79.321   -71.198
   -51.852   -18.027   14.484   50.872   88.950  123.398  157.553  190.742
CT1774:130          -103.885   -81.761   -61.632   -40.506   -24.727   -26.760
   -44.957   -53.868   -55.590   -57.237   -44.760   -13.066   25.454   36.008
   41.297   19.478    0.010   -17.851   -36.086   -48.523   -55.896   -59.701
   -49.366   -33.038    -9.288   31.490   77.357  115.875  151.788  184.626
CT1774:125          -101.278   -84.314   -67.164   -46.784   -31.184   -31.576
   -45.999   -51.745   -44.450   -36.224   -12.783  109.716  311.182  357.591
  311.828  140.950   70.644   49.574   13.061    -9.062   -28.570   -43.209
   -40.969   -35.911   -17.840   25.986   79.003  117.959  151.825  182.662
CT1774:120           -93.321   -79.744   -64.605   -45.808   -31.482   -31.561
   -44.608   -47.663   -34.025    -3.462   18.127  137.485  542.265  790.719
  507.792  251.685  220.744  111.066   20.293    -1.801   -19.615   -31.233
   -32.086   -32.096   -14.611   30.167   89.173  127.015  147.937  167.251
CT1774:115           -77.625   -64.441   -54.914   -48.813   -43.391   -39.844
   -37.599   -32.997   -26.250    7.076    3.412  -201.559  -918.188 -1317.851
  -862.043  -311.431  -206.075   -90.690   -13.851    -6.108   -28.196   -46.402
   -40.743   -35.657   -18.757   36.353  110.879  136.962  135.461  146.940
CT1774:110           -79.489   -63.977   -52.446   -43.039   -34.893   -32.115
   -32.940   -28.497   -24.273    -1.253   -20.167  -215.495  -626.388  -741.921
  -572.999  -193.024   -63.137   -41.355   -18.492    -8.029    -8.884    -4.869
    -2.007    -4.334   11.315   55.741  110.524  141.432  152.926  159.842
CT1774:105           -97.193   -76.168   -57.184   -40.058   -27.298   -25.875
   -39.695   -44.600   -33.026    2.100    -7.155   -72.705  -112.200   -74.783
  -104.504   -30.646   22.855    2.719   -20.966   -16.319    -0.882   15.371
   18.712   10.691   22.436   63.898  115.880  146.901  161.520  168.310
CT1774:100          -122.496  -101.685   -78.841   -47.747   -23.299   -17.482
   -22.593   -18.746   -13.850    2.764    6.929   13.261   31.908   33.638
   40.759   25.475   22.982    -3.290   -48.280   -49.522   -17.860    3.503
    9.200    2.864   14.342   58.608  116.243  140.671  146.619  158.792
CT1774:095          -112.541   -90.587   -67.937   -43.032   -23.723   -17.828
   -22.599   -22.510   -15.119    -7.687    1.203   30.553   59.315   60.824
   73.132   53.804   36.528   10.492   -18.934   -26.460   -11.830    1.212
    4.533    1.133   12.525   50.467   99.122  132.270  153.867  173.102
CT1774:090          -105.898   -81.463   -58.158   -35.413   -18.020   -11.913
   -17.129   -16.445    -6.152    5.258   22.596   73.727  155.571  184.893
  161.650  112.092   90.776   61.912   25.132   10.725   13.873   12.643
    6.814    -5.030    2.421   41.852   91.712  128.086  158.847  186.873
CT1774:085          -105.099   -78.837   -53.154   -22.614    1.321    6.228
    -6.202    -5.296    7.492   28.309   52.732   90.816  172.532  214.433
  185.093  146.199  133.645  117.639   95.449   77.689   52.564   25.919
   11.350   -16.091   -15.023   31.987   92.272  130.178  162.914  197.081
CT1774:080          -136.054  -106.792   -75.219   -40.638   -13.981    -4.347
    -7.841    1.004   18.912   41.857   64.977   74.187   53.512   45.277
   98.658  160.091  166.182  168.562  170.710  141.137   69.172   15.823
    -2.277   -21.072   -14.457   27.633   81.417  124.453  162.344  196.530
CT1774:075          -151.049  -122.053   -92.749   -59.348   -30.934   -17.613
   -21.991   -10.707   19.606   64.269   93.291  109.378  124.446  132.408
  111.428   86.905   73.021   91.459  110.295   76.908    -5.947   -60.424
   -64.840   -44.211   -18.413   26.863   79.642  118.080  149.721  185.411
CT1774:070          -157.211  -126.486   -93.641   -55.939   -24.842   -12.166
   -16.225    -1.394   43.134  119.413  162.570  177.189  188.477  186.437
  129.120   52.048   18.967    2.838   -16.867   -51.322  -112.858  -159.015
  -138.472   -70.886   -26.655   17.231   64.133  109.419  154.161  200.554
CT1774:065          -164.133  -131.583   -97.339   -60.968   -29.226    -5.820
    9.576   34.853   84.530  159.130  196.003  204.239  187.579  169.725
  132.734   66.354   27.335   -14.904   -56.456   -95.738  -142.400  -164.470
  -137.453   -63.312   -12.611   26.273   62.884  107.855  158.033  209.654
CT1774:060          -159.920  -129.387   -98.896   -67.916   -38.179    -6.241
   34.385   71.783  113.638  173.759  193.439  192.816  157.872  136.389
  141.753  121.405   91.438   21.459   -70.719  -114.292  -144.525  -161.779
  -136.097   -66.220   -19.475   20.845   58.693  105.796  158.282  209.825
CT1774:055          -134.651  -109.938   -84.349   -56.863   -30.411    -8.934
    6.828   24.825   65.464  149.080  163.143  100.467    7.278    2.098
   80.693  234.274  262.120  131.409    -9.202   -60.496  -106.979  -132.702
  -122.037   -74.120   -32.627   13.657   63.512  112.716  161.321  208.445
CT1774:050          -108.799   -87.535   -69.260   -56.831   -40.898   -19.113
   12.247   27.287   22.137   22.199   -15.017  -167.027  -427.658  -477.848
  -275.645   42.790  134.667  111.002   68.901   25.467   -86.978  -157.954
  -153.079  -115.858   -81.523   -18.271   54.015  106.450  154.385  205.467
CT1774:045           -98.897   -81.811   -68.997   -60.316   -44.824   -14.594
   37.858   55.004    5.978   -92.730  -182.622  -358.523  -656.352  -720.792
  -483.934  -146.987   -30.613   36.512   73.817   49.673   -48.916  -115.115
  -122.722  -103.742   -75.310   -18.454   50.973  107.913  159.645  209.961
CT1774:040          -100.722   -84.297   -71.510   -63.497   -46.807    -5.373
   65.474   80.847   11.787  -120.128  -215.782  -346.567  -516.077  -532.997
  -392.021  -165.406   -60.997   24.512   86.517   75.916    -1.740   -58.741
   -79.708   -94.228   -81.134   -19.367   56.250  113.146  164.384  213.178
CT1774:035          -115.994   -95.738   -73.951   -51.805   -28.273    6.476
   76.145   90.854   23.771  -108.009  -182.111  -250.188  -305.842  -291.640
  -207.319   -71.966    4.599   66.736  113.377  103.553   37.017   -11.763
   -38.027   -70.292   -62.736    -1.257   74.482  122.392  163.644  203.886
CT1774:030          -115.242   -97.623   -78.853   -58.479   -36.095    -8.776
   27.471   26.854   -20.117  -112.559  -166.352  -158.147  -123.272   -94.198
   -36.035   35.099   81.598  106.141  120.685  103.156   31.802   -21.212
   -43.895   -69.331   -62.431    -5.211   68.156  119.837  160.928  191.287
CT1774:025          -113.389   -95.933   -77.963   -57.017   -38.686   -29.008
   -16.116   -20.497   -52.348   -97.309  -115.374   -93.631   -45.909   -14.254
   21.500   51.548   76.274   86.403   83.816   65.634   15.698   -21.471
   -38.996   -53.451   -41.065   18.625   83.434  114.005  126.845  147.735
CT1774:020          -109.212   -87.100   -66.174   -46.185   -31.153   -32.452
   -40.248   -49.493   -76.668  -115.622  -126.554   -93.639   -49.627   -25.319
    -3.150    9.677   25.981   45.574   52.759   35.753    -6.762   -34.207
   -40.058   -38.107   -19.152   35.225   95.711  119.692  123.695  136.709
CT1774:015          -118.758   -94.312   -70.877   -41.818   -20.543   -25.945
   -43.562   -56.746   -78.549  -105.927  -109.968   -84.892   -47.339   -27.947
   -21.278   -14.092    -1.426   22.967   40.481   28.240    -8.489   -29.069
   -28.985   -21.671    -1.038   55.572  113.143  140.863  152.397  155.889
CT1774:010          -118.869   -96.683   -71.054   -37.191   -12.091   -12.804
   -25.225   -33.814   -49.209   -69.364   -70.941   -52.409   -27.834   -16.969
   -20.577   -22.201   -15.942    -0.921   11.245    8.446    -6.629   -13.913
   -13.385   -13.368    5.020   52.779   99.844  125.559  140.668  155.878
CT1774:005          -112.155   -90.174   -62.762   -27.947    -3.496    -3.068
   -16.723   -24.632   -30.379   -36.167   -32.713   -16.803    2.127    6.619
    -5.563   -17.266   -21.063   -22.866   -20.938   -12.941    6.826   14.356
    6.636    -7.937    3.733   42.269   83.761  111.753  133.443  158.391
CT1775:360          -114.265   -84.145   -55.856   -26.830    -6.854    -8.488
   -23.138   -28.081   -25.725   -22.233   -12.779   15.992   42.112   42.776
   14.244   -15.296   -24.005   -28.333   -28.544   -19.702    2.165   11.381
    1.302   -19.438    -8.159   32.196   75.489  108.631  139.872  170.158
