
filled_synop: 30 data points in equal steps of sine latitude from +14.5/15 to  -14.5/15

CT1662:360          158.613  112.328   62.459   11.556   -18.979   -44.159
   -51.178   -14.415   39.508   71.065  112.235  136.103  119.087   43.070
    -8.137    -9.863   17.912   20.747    9.826    0.169   -17.223   -52.671
   -83.046   -82.103   -53.589   -36.634   -53.047   -87.753  -116.101  -144.158
CT1662:355          166.412  117.692   63.827   16.579    -4.670   -12.933
   -13.618   32.606  114.355  144.965  139.291  128.861  108.070   40.668
    -3.697    -8.840    3.777    -4.592   -35.059   -77.994   -98.587  -101.802
   -98.050   -93.251   -73.117   -58.350   -65.174   -83.480  -101.558  -121.610
CT1662:350          159.451  123.072   86.502   50.733   29.664   13.227
    9.288   25.176   56.617   73.838   79.602   81.800   71.029   40.455
   21.513   13.638   20.252   10.862   -39.180  -120.065  -146.838  -126.168
  -104.094  -101.932   -90.739   -81.205   -82.087   -88.844   -95.166  -105.548
CT1662:345          153.749  129.593  100.231   65.076   33.211    -7.213
   -26.605   -30.560   -43.684   -41.219    4.611   38.954   35.035   19.705
   11.312   14.473   38.889   39.980    1.237   -52.152   -80.827  -106.457
  -125.845  -127.809  -107.131   -90.690   -89.811   -96.721   -99.949  -100.924
CT1662:340          157.156  127.543   95.920   67.898   38.824   -15.453
   -36.557   -23.411    3.806   10.490   16.642   13.328    4.890    -7.863
   -14.423    -2.219   34.676   43.617   28.242    7.729   -20.733   -79.558
  -137.143  -150.001  -127.675  -104.322   -94.063   -88.229   -83.281   -79.889
CT1662:335          152.418  112.731   69.865   31.261   12.174    2.839
    -1.202   39.214  138.172  154.804   75.511    4.286   -11.807   -26.791
   -32.536   -17.170   22.515   35.517   35.729   29.810    1.206   -70.386
  -144.504  -162.807  -138.591  -115.355  -100.864   -84.450   -71.710   -63.458
CT1662:330          134.451   99.079   58.269   26.312   51.267  125.938
  155.913  139.269   99.975   72.221   31.397    -6.317   -15.684   -23.328
   -26.710   -10.003   29.812   46.011   48.625   45.816   18.284   -58.892
  -148.668  -169.442  -138.453  -109.960   -97.935   -87.114   -75.545   -62.458
CT1662:325          121.735   98.095   65.585   37.724   92.648  287.117
  362.457  226.664   -53.610  -139.424   -88.773   -17.703    -4.001    5.992
   16.036   24.287   41.175   47.863   52.308   61.728   40.777   -26.913
   -98.375  -120.991  -114.196  -103.415   -92.628   -78.307   -66.723   -57.076
CT1662:320          112.591   90.646   69.164   53.760   94.681  220.714
  263.058  136.976  -115.532  -188.526  -115.443   -19.035    3.796   17.027
   24.641   24.520   19.513   14.516   11.034    6.125   -13.001   -45.585
   -86.573  -105.649  -111.318  -113.395  -100.073   -77.693   -59.747   -44.332
CT1662:315          115.763   97.455   77.320   56.810   40.409   30.562
   13.886   -17.680   -55.705   -61.301   -20.027   34.419   42.831   25.035
   11.833    3.914   -11.206   -26.297   -43.536   -65.958   -84.377   -95.029
  -104.216  -112.074  -117.481  -117.750  -103.941   -81.351   -61.307   -41.016
CT1662:310          117.284  102.596   85.799   68.279   19.872  -108.865
  -177.398  -128.779    4.209   54.903   72.279   69.101   54.101   19.099
    -3.742   -11.202   -14.421   -26.501   -66.935  -119.116  -140.693  -137.346
  -123.797  -125.585  -129.712  -126.083  -109.682   -83.489   -59.475   -36.499
CT1662:305          110.662   94.562   80.034   64.064   10.373   -96.620
  -137.291   -51.380  116.260  162.099  120.654   61.087   34.722    5.381
   -12.645   -15.762    -4.668   -10.538   -58.916  -127.144  -150.871  -146.238
  -132.351  -131.815  -128.118  -120.984  -107.484   -84.276   -65.107   -46.655
CT1662:300          106.410   95.953   83.236   68.368   51.328   34.154
   45.861   98.801  167.112  174.019  104.799   20.305    -6.144   -18.652
   -27.965   -22.707    4.091    8.296   -25.311   -80.299   -96.246   -89.877
   -78.188   -83.348   -94.865  -105.513  -107.172   -94.801   -79.745   -63.081
CT1662:295           96.163   85.706   74.550   62.723   77.327  133.139
  157.000  160.551  131.127   89.412   41.169    -5.235   -25.658   -34.053
   -39.178   -31.608    1.874   20.614   12.798    4.267   13.463   23.644
   34.352   19.285   -47.082  -108.951  -120.406  -106.161   -95.408   -82.179
CT1662:290          113.447   90.680   66.210   45.093   69.082  167.084
  216.919  155.823    -2.147   -63.785   -56.139   -20.859   -17.729   -21.488
   -21.444   -21.070   -20.749   -11.571   16.103   71.644  102.563  121.665
  134.820  106.462   11.529   -92.225  -124.423  -111.877   -94.950   -80.081
CT1662:285          132.216  102.612   66.332   26.189   19.504   58.367
   73.026   35.603   -58.510   -90.084   -57.074    1.157    8.873    -4.856
   -17.987   -22.381   -42.863   -48.972    2.248   85.306  122.629  158.024
  186.844  152.182   16.476  -111.755  -137.079  -111.712  -101.819   -96.083
CT1662:280          110.423   79.424   49.349   22.252    2.853   -24.536
   -43.197   -43.879   -28.424   -12.681    4.191   32.976   32.144    8.787
   -13.121   -18.393   -12.580    3.459   35.357   88.555  119.637  152.822
  175.651  142.959   35.096   -77.705  -115.078  -111.614  -104.780   -97.422
CT1662:275          104.118   71.726   41.880   11.423   -18.305   -61.581
   -76.635   -40.527   41.653   86.663   87.102   87.546   67.181   16.235
   -24.144   -30.226    -9.161   11.053   38.375   82.822  104.132  120.981
  131.708  103.237   13.480   -78.771  -107.742  -104.472  -104.817  -104.715
CT1662:270           98.577   72.067   41.787    8.342   -20.875   -87.550
  -107.688   -32.326  115.980  171.283  172.297  126.335   81.870   30.496
   -12.340   -24.681   -13.448    -5.683   13.195   56.347   69.994   53.173
   51.028   30.929   -37.166   -91.802  -106.463  -105.465  -108.853  -114.616
CT1662:265          130.896   89.428   46.924    -5.560   -54.619  -131.198
  -141.858   36.738  413.564  560.293  443.718  195.717   90.515   43.913
    8.945    -7.451    -5.480    -8.456   -13.635   -33.291   -47.313   -71.902
  -104.940  -112.359   -83.636   -54.929   -65.526   -83.324   -98.166  -113.153
CT1662:260          166.876  106.126   46.283   -15.535   -56.103  -133.369
  -142.137  103.215  642.967  838.542  621.928  222.894   92.463   47.074
   16.434    0.570   10.590   16.593    -0.054   -37.571   -54.326   -71.028
   -93.460   -95.161   -69.343   -39.741   -48.606   -73.152   -96.617  -120.820
CT1662:255          203.821  127.123   45.441   -46.678   -95.623  -154.383
  -163.916   33.206  512.368  688.724  483.201  123.261   24.959   14.346
    4.703    -6.544    -7.479   -10.536    -9.167    -0.842    3.342    -3.727
   -22.667   -26.421    -8.827    2.589   -20.154   -60.602   -98.851  -136.015
CT1662:250          209.624  101.587    -9.812  -110.574  -161.722  -165.613
  -159.571  -164.851  -217.939  -243.596  -178.721  -104.093   -80.456   -43.348
   -10.122   -10.890   -41.537   -61.289   -39.807   16.947   45.630   69.784
  103.667  101.504   51.563    -8.055   -46.188   -83.784  -120.616  -154.302
CT1662:245          213.597  109.040    -7.361  -128.342  -184.375  -161.773
  -155.858  -265.341  -529.121  -598.906  -465.826  -191.047   -93.937   -41.466
    -2.793    2.013   -35.720   -56.055   -57.799   -53.330   -39.598   18.129
   87.787   94.653   46.766   -12.025   -52.236   -97.780  -138.059  -171.892
CT1662:240          204.461  106.995    0.639  -101.443  -144.135  -119.473
  -123.986  -241.526  -514.503  -617.696  -455.230  -165.332   -63.475   -17.475
   14.484   20.537   -31.883   -67.888   -84.248  -103.812   -96.636   -39.482
   50.298   69.018   25.842   -29.002   -63.066   -94.882  -125.669  -157.537
CT1662:235          180.549   97.771    6.597   -77.108  -104.719   -61.532
   -52.848  -109.321  -199.452  -233.498  -222.947  -147.865   -92.335   -57.651
    -6.798    8.901   -34.618   -62.021   -95.927  -166.279  -181.505  -121.100
   -10.081   24.884    2.475   -28.364   -57.558   -96.348  -130.166  -165.789
CT1662:230          148.178   81.403   18.212   -43.893   -60.967   10.542
   41.786    -5.319   -91.668  -152.731  -223.521  -316.585  -302.075  -233.263
  -148.168   -97.035   -38.539    -8.911   -59.478  -188.134  -231.717  -175.890
   -72.867   -35.233   -18.277   -10.053   -35.782   -88.364  -141.268  -197.804
CT1662:225          135.420   75.701   17.123   -33.772   -37.130   49.992
   82.366   -21.821  -269.212  -396.736  -467.305  -554.463  -517.807  -337.133
  -142.588   -65.620   29.252   70.916    8.915  -137.414  -208.834  -151.035
   -62.620   -23.587    4.243   21.127   -10.991   -90.983  -167.433  -233.231
CT1662:220          143.055   91.329   34.269   -27.467   -54.573    -8.343
    -5.978  -150.367  -517.740  -673.726  -588.747  -422.722  -297.870   -32.163
  200.096  244.805  220.803  150.891   41.809   -77.524  -116.874  -124.502
   -54.215    5.264   33.499   31.982    -7.648  -105.104  -185.650  -254.570
CT1662:215          142.846   88.225   29.099   -22.226   -49.688   -37.852
   -63.204  -202.921  -516.936  -624.156  -391.759   99.589  336.937  482.160
  636.019  613.220  376.047  158.927   -58.575  -433.732  -584.463  -439.599
   -87.787   45.773   59.643   42.951    8.784   -76.544  -161.392  -239.103
CT1662:210          142.854   95.922   44.406    -6.709   -42.892   -47.645
   -80.245  -193.880  -446.212  -508.067  -189.727  400.664  660.439  730.409
  741.703  667.419  385.884  117.952  -208.161  -904.894 -1203.205  -874.727
  -214.912   16.561   49.603   47.040    9.620   -81.917  -154.968  -222.448
CT1662:205          142.628  102.329   59.865   18.194   -20.569   -42.659
   -78.841  -170.718  -389.577  -435.100  -140.798  386.710  601.182  616.189
  537.635  454.356  259.585   59.084  -227.280  -867.784 -1142.557  -837.778
  -202.573    -5.193    8.036   18.895    -3.136   -80.777  -147.409  -209.767
CT1662:200          135.261   98.070   60.525   24.738    -4.619   -19.396
   -50.151  -132.344  -339.527  -394.876  -157.778  260.546  427.418  415.384
  328.188  266.281  157.722   54.885   -53.348  -249.224  -345.196  -262.840
  -138.809   -78.785   -24.033   33.922   12.634   -65.968  -139.187  -211.304
CT1662:195          130.390  102.777   71.585   37.473   10.697    -1.667
   -26.075   -76.369  -198.429  -217.341   -83.521  174.718  284.077  246.659
  160.745  129.065   92.975   80.272  181.777  519.216  646.046  502.422
  141.038    5.543   11.163   42.381    1.514   -76.384  -149.999  -220.135
CT1662:190          120.959   99.313   85.015   75.927   55.586   20.061
   -13.772   -41.815   -84.563   -78.878   -19.010   90.268  141.613  125.726
   89.550   82.815   50.064   52.282  288.132 1032.566 1367.687 1060.705
  404.758  185.385  141.944   85.123    2.912   -73.718  -151.736  -224.530
CT1662:185          115.776   97.458   79.874   60.276   40.639    8.092
   -22.149   -26.589   -10.801    3.271   23.510   51.223   63.289   53.967
   35.305   38.188   28.007   47.937  214.430  618.597  787.951  766.424
  601.202  476.490  305.643  117.014   15.011   -56.737  -133.365  -207.745
CT1662:180          111.208   90.160   65.160   42.234   43.203   58.303
   72.507   86.860   97.844  100.880   89.952   66.705   50.430   37.035
   27.806   31.155   37.522   68.624  153.379  319.715  415.824  456.103
  481.478  433.808  292.997  113.784   13.032   -54.194  -122.237  -189.734
CT1662:175          103.146   82.896   56.949   18.280   27.133  118.939
  206.487  233.238  228.330  218.941  182.283  113.299   73.926   39.868
   12.955    9.569   24.037   48.162   78.906   66.293   62.055  156.662
  297.541  301.222  199.844   70.917    -2.758   -59.113  -120.533  -186.595
CT1662:170           77.900   53.517   27.647    6.924   41.676  174.971
  297.365  346.768  376.133  382.696  308.349  151.029   67.180   32.049
    8.472    0.030   23.918   49.924   45.465    -8.850   -16.697   11.282
   80.056   98.574   84.963   66.518   19.620   -46.738  -111.583  -177.184
CT1662:165           54.609   47.385   42.674   30.440   61.026  154.898
  248.822  318.450  426.176  466.084  381.324  181.136   73.309   31.608
   11.409    -0.151   28.605   52.554   41.929    -0.881   -20.180   -18.352
    -9.546    0.992   22.490   52.014   21.218   -53.298  -122.016  -188.563
CT1662:160           54.565   50.317   44.705   39.217   64.150  102.124
  148.803  244.172  449.713  536.935  445.737  207.724   79.351   37.397
   24.799   11.736   31.098   44.068   27.922    2.887    -9.182   -20.255
   -25.872   -14.468    8.380   36.122   14.974   -49.111  -112.130  -172.720
CT1662:155           56.941   57.854   50.902   47.961   71.940  121.177
  176.566  272.355  503.748  615.441  500.213  192.166   42.506    7.555
    -1.971   -16.800    6.033   11.307   -26.177  -107.824  -165.601  -131.323
   -59.687   -19.172    7.029   21.822    4.001   -54.462  -113.775  -168.247
CT1662:150           62.819   70.070   73.190   70.487   93.694  163.519
  237.009  303.507  469.831  562.978  440.477  139.623    9.375   -13.693
    2.038    -7.854    0.962    -8.245   -89.435  -250.685  -298.328  -277.070
  -111.564   -11.595   11.790   14.049    -4.305   -72.363  -128.429  -174.527
CT1662:145           69.707   63.857   52.509   45.346   55.385  102.606
  145.534  156.894  140.010  104.397   71.709    0.153   -44.922   -44.231
   -17.693   -23.860    -4.699    -0.369  -184.639  -799.333 -1096.926  -912.900
  -323.096   -52.605   -21.062    0.154    -8.051   -67.056  -119.441  -169.266
CT1662:140           69.757   66.273   60.875   60.193   50.940   32.935
   12.300   -16.076   -96.658  -143.535  -135.720   -77.453   -49.792   -39.732
   -22.858   -23.253    -1.712   14.057  -162.987  -951.873 -1460.297 -1112.132
  -360.183  -118.295   -39.270    9.192   -25.940   -88.729  -138.784  -190.491
CT1662:135           41.996   54.591   72.657   85.946   62.436   -32.431
  -128.123  -179.643  -246.629  -275.665  -233.161  -105.091   -40.118   -21.588
    -7.376    4.059    -0.717   -14.228   38.378  298.401  544.812  530.918
  549.058  568.929  359.344   45.150   -65.176  -109.552  -144.044  -183.954
CT1662:130           22.700   27.210   51.583   81.208   38.422  -119.510
  -270.076  -320.721  -314.402  -285.640  -224.853   -93.314   -22.464    -3.497
    2.551   18.348    2.236   -10.636  187.724  899.667 1346.057 1320.984
 1081.310  914.744  611.889  159.496   -38.335   -75.638  -128.163  -186.056
CT1662:125           12.085   -56.603   -10.352   44.055    7.751  -163.592
  -336.956  -360.183  -268.897  -183.698  -127.445   -50.464    -3.673    3.166
   -13.096    -6.991   -15.851    -8.388  161.043  572.165  789.638  889.843
  882.879  785.619  479.216  103.652   -38.164   -85.251  -129.012  -174.668
CT1662:120           10.571   -48.870   -36.377   -28.207   -63.493  -182.264
  -288.258  -280.878  -161.055   -63.734   -17.491   18.401   39.476   25.082
   -10.942   -16.979   -26.702   -21.510   45.888  140.442  207.978  259.085
  270.376  239.975  174.630   84.092    -2.722   -56.746  -105.999  -153.154
CT1662:115           -60.912   -17.407   -14.326   -29.560   -62.983  -127.763
  -174.797  -149.571   -47.426   33.794   55.869   60.909   64.882   43.932
    7.455    -4.620   -12.349   -15.221   -16.121   -60.693   -70.725   -44.565
   30.932   58.875   34.596   29.564    1.726   -50.355  -101.254  -150.827
CT1662:110          -176.366   -91.051   -34.298    -9.480    -8.276   -31.008
   -45.751   -28.575    9.137   35.614   43.634   47.263   44.958   34.438
   28.873   21.837   13.627    6.017   -12.085   -73.578  -103.538   -86.667
   -26.808    7.872   19.781   40.421   17.311   -40.931   -97.402  -151.804
CT1662:105            -1.593   -25.684   -12.888   18.642   49.368   61.719
   64.657   89.725  100.312   55.483   66.499   54.883   16.685   11.695
   16.615    7.521   10.734   16.220    -4.845   -58.975   -84.846   -81.230
   -52.572   -26.491    1.261   34.719   24.355   -40.452  -105.978  -163.832
CT1662:100           -37.647    -9.270    3.344   14.225   37.723   82.259
  113.931  155.403  333.090  518.391  440.322  153.750   39.024   22.912
   14.329    2.325   -15.143   -32.207   -52.481   -92.733  -121.487  -115.441
   -77.216   -47.401   -12.776   36.967   32.609   -38.225  -109.248  -171.525
CT1662:095           53.341   48.488   35.312   25.659   25.185   33.674
   34.142   46.685   70.396   51.496   56.413   59.188   52.339   26.393
   -15.357   -32.772   -39.641   -52.182   -72.214  -113.816  -152.047  -146.545
  -119.865   -95.688   -35.302   57.361   63.940    -3.562   -87.499  -162.093
CT1662:090          135.954  106.206   84.933   64.954   29.191   -40.472
  -111.195  -146.869  -206.690  -261.418  -227.806   -80.232    -7.330    -7.154
   -24.964   -33.601   -19.941    1.658   -20.838   -91.832  -138.707  -141.526
  -123.163   -95.601   -40.563   41.181   44.096   -40.441  -112.857  -168.919
CT1662:085          109.147  100.799   93.956   93.313   48.177  -103.129
  -258.347  -294.100  -258.472  -219.860  -174.972   -70.247   -12.319   -10.466
   -15.179   -15.922    0.514   21.697    -7.134   -98.602  -170.497  -161.807
  -113.097   -71.922   -22.120   33.274   31.227   -28.641  -102.846  -172.466
CT1662:080           99.798   95.241   93.603   95.308   57.992   -68.738
  -198.582  -213.492  -152.841   -72.677   -47.067   -25.510    -6.771   -13.377
   -19.554   -23.796   -13.625    -5.198   -40.827  -132.509  -181.656  -173.595
   -95.075   -34.263    5.155   30.812   15.043   -61.487  -136.480  -199.010
CT1662:075           96.501   80.359   67.467   54.171   19.003   -54.980
  -129.629  -120.605   -12.000   92.324  101.862   31.016   -14.696   -24.408
    -9.292   -10.782   -23.782   -44.429   -85.276  -226.529  -328.736  -293.964
   -93.700   25.460   23.164   17.217    1.421   -74.555  -149.785  -209.014
CT1662:070          121.846   82.325   47.422   17.546   -14.952   -65.534
  -119.654   -78.080  133.805  319.303  306.587  117.604    3.590   -21.295
    -7.273   -14.097   -14.430    -6.722   -26.406  -165.813  -308.652  -269.066
  -159.029  -123.066   -67.698   17.684   17.939   -41.322  -108.533  -174.357
CT1662:065          157.241  109.678   63.284    3.933   -32.586   -43.268
   -52.906   26.324  256.666  437.966  416.323  189.263   39.769    0.140
   10.587    -0.092    -9.309   -14.737    -0.023  115.095  258.034  228.722
   84.407   31.896   26.893   37.284   15.591   -45.144  -104.315  -162.359
CT1662:060          157.100  120.362   55.205   -10.797   -48.717   -49.549
   -32.329   63.526  292.772  487.748  474.999  261.024  100.959   48.174
   30.111    0.751   -27.250   -66.915   -42.939  138.410  303.542  309.246
  193.608  109.637   81.003   54.953   14.330   -41.896  -102.233  -161.214
CT1662:055          183.788  142.586   66.865   -27.923   -90.181   -96.477
   -77.181   21.960  327.415  594.572  588.647  368.823  209.493  127.830
   56.494    -2.646   -51.709  -105.988   -78.858   78.790  215.473  241.384
  206.070  169.890  124.307   58.274    7.589   -50.272  -107.314  -162.638
CT1662:050          200.040  136.249   54.416   -40.673   -95.469   -93.950
   -64.253   59.581  421.022  703.218  707.626  448.126  253.413  174.035
   65.833   -15.661   -74.028  -129.651  -107.210   27.740  149.335  191.716
  220.834  227.556  170.732   73.863   11.895   -46.091  -105.192  -162.165
CT1662:045          212.865  113.063   -13.442  -150.931  -221.500  -207.633
  -164.195   -44.353  360.828  721.545  720.679  450.093  303.208  211.541
   51.593   -27.030   -69.864  -118.337  -111.305   -35.487   39.576   73.637
  106.823  115.621   95.839   57.365   11.993   -48.278  -107.291  -164.506
CT1662:040          171.842  102.801   23.347   -51.409  -112.785  -210.905
  -339.985  -360.693  -142.626   75.737   99.399   98.932  147.537  109.245
   16.095   -18.482   -39.226   -56.221   -54.136   -71.873   -94.427   -43.732
   59.771  110.164   91.531   62.008   21.357   -43.304  -110.597  -177.015
CT1662:035          112.947  108.344  116.117  130.080  106.023   22.228
   -47.881  -136.729  -524.116  -898.302  -851.657  -438.819  -205.540  -119.776
   -40.985   -13.385   -15.137   -19.716   -12.109   19.406   61.289   81.742
  104.848  122.102  104.244   69.802   25.617   -48.030  -121.457  -190.779
CT1662:030           93.503   98.952  105.572  113.335   83.473   22.643
   -66.656  -193.763  -576.553  -935.007  -904.159  -482.121  -154.225   -73.217
   -28.575    4.695    3.663    -3.522    2.779   29.292   72.826   89.858
  101.180  110.212   98.704   68.395   27.072   -46.095  -125.758  -204.559
CT1662:025           97.002   98.990  102.125  110.870   90.157   23.566
   -67.537  -178.900  -363.172  -479.829  -453.044  -249.551   -41.133   22.544
   26.265   42.562   19.878   -42.092   -54.563   -32.223   -23.775    0.723
   66.141   99.895   96.166   84.883   47.419   -37.463  -134.829  -221.615
CT1662:020          106.121   93.172   89.146   91.651   73.031   14.395
   -64.938  -124.066  -170.683  -200.449  -169.348   -69.371   10.224   53.486
   47.351   44.441   42.269   34.896   27.024   -12.008   -45.394   -27.933
   40.466   86.728   86.743   74.867   35.720   -57.898  -146.912  -222.958
CT1662:015          131.625   88.911   52.323   25.981    -4.817   -39.934
   -76.330   -90.616   -70.373   -51.692   -25.214   18.922   48.887   65.267
   51.654   48.028   56.615   85.230   82.952   17.428   -43.329   -32.056
   32.004   77.672   76.901   58.669   23.975   -46.366  -130.612  -213.165
CT1662:010          161.493  109.649   55.744   -10.552   -60.644   -77.854
   -80.938   -72.906   -25.878   20.706   42.328   51.517   52.960   48.131
   13.441    -7.095    7.678   23.338   15.080    -0.732   -24.465   -15.082
   33.626   66.056   71.919   60.768   21.486   -58.257  -132.846  -202.038
CT1662:005          169.314  113.552   49.608   -30.122   -81.625   -81.937
   -58.557   -38.881   12.049   60.591   75.937   70.592   63.486   44.648
    6.096    -9.293    -1.398   18.545   16.529   -11.552   -33.220   -21.736
   29.305   62.226   68.223   57.810   23.387   -47.104  -120.662  -188.483
CT1663:360          158.377  106.407   55.793    2.217   -35.046   -45.496
   -47.673   -28.828   26.658   74.990   90.175   84.654   74.100   54.944
   24.129    9.356   16.108   35.090   27.279   -22.439   -61.743   -46.747
    8.350   36.939   46.222   52.217   25.200   -45.595  -113.532  -175.443
