
filled_synop: 30 data points in equal steps of sine latitude from +14.5/15 to  -14.5/15

CT1651:360          121.907   77.539   30.202   -27.363   -83.213  -108.861
  -130.114  -140.174  -120.136   -51.718   19.846   39.670   30.701   23.301
   18.447    0.871    4.504   44.896  108.122  138.937  194.854  229.636
  188.479   68.248    -6.637   -21.689   -22.671   -40.151   -69.173   -94.955
CT1651:355          123.673   81.353   34.829   -15.479   -64.806  -111.760
  -200.238  -284.209  -275.924  -148.571    -9.678   24.623   13.470    4.556
    4.735    0.567    7.355   25.291   44.212   65.501  133.561  189.247
  161.081   49.943   -17.917   -24.557   -16.263   -32.184   -60.817   -92.818
CT1651:350          106.796   73.000   40.469    3.988   -38.944   -78.648
  -165.859  -270.818  -273.579  -149.040   -15.736   17.270    1.350   -11.459
    -6.832    6.126   18.881   18.983   16.399   30.975   73.040  113.603
   99.224   44.227    4.894   -11.039   -13.375   -31.679   -61.699   -92.616
CT1651:345           83.411   57.948   30.065    2.247   -24.194   -47.326
   -65.665   -69.639   -59.173   -36.205    -1.922   14.108    7.810    3.754
    7.419   13.935   16.054   13.113    2.026    5.327   22.914   39.254
   31.161    5.424   -16.688   -26.819   -29.621   -45.376   -70.050   -91.481
CT1651:340           76.474   55.147   34.574    8.273   -24.759   -40.319
   -28.636   -13.417    -4.736    -2.792    -3.474    5.810   17.392   25.105
   27.301   31.767   33.915   23.342    7.238    4.547    9.330   15.843
    6.810   -16.185   -32.411   -39.791   -41.600   -53.704   -71.519   -88.545
CT1651:335           65.979   38.460   14.481    -0.425    -8.953   -13.588
    -2.397    9.657   15.949   16.196   12.885   17.633   25.701   32.953
   32.692   28.505   23.973   17.902    8.885    6.388    8.757   14.725
    6.335   -20.315   -39.367   -43.939   -43.333   -55.037   -72.539   -89.383
CT1651:330           43.088   25.120   12.335    5.752    0.395    -0.813
    8.074   16.816   22.187   27.924   32.526   34.721   31.863   27.657
   23.837   16.552   10.058    4.257    -5.058    -7.530    2.536   12.975
    7.713    -4.361   -15.716   -30.054   -46.212   -58.909   -70.757   -84.023
CT1651:325           39.498   33.122   27.074   20.249   11.998   10.711
   17.004   25.401   31.277   37.105   39.921   39.157   35.072   31.243
   23.848   10.572    3.528    1.185    1.819    2.424    8.171   13.658
    6.454    -8.632   -22.707   -39.699   -57.581   -67.067   -70.838   -77.467
CT1651:320           34.082   30.058   24.974   17.829    9.861    8.396
   13.963   22.691   29.194   37.399   45.150   44.533   34.131   22.623
   17.054   10.073    2.789    2.902    9.740   12.740   16.951   22.540
   11.418   -22.058   -44.578   -52.461   -57.203   -67.906   -81.274   -92.678
CT1651:315           32.164   26.975   21.114   14.901    8.392    8.663
   17.825   28.805   33.996   38.427   38.339   36.945   37.535   34.948
   30.234   21.196   13.897    9.946    7.683    7.421   12.806   20.846
    9.934   -21.679   -42.848   -49.619   -51.364   -63.211   -81.298   -96.972
CT1651:310           29.525   24.772   21.786   19.802   18.490   22.122
   35.864   54.416   58.617   49.952   39.298   36.307   41.234   46.918
   43.404   30.750   23.279   16.766    4.736    0.293    4.231    6.919
    -1.488   -24.510   -42.201   -46.150   -43.638   -56.556   -79.070  -100.941
CT1651:305           52.677   46.785   39.292   29.260   19.700   20.990
   43.747   72.609   74.014   50.116   24.619   17.068   17.706   22.169
   21.772   13.995    9.354   13.865   20.979   22.223   21.729   17.706
   10.738    2.615    -5.667   -14.376   -21.102   -39.261   -66.279   -96.963
CT1651:300           57.226   57.724   55.694   46.590   31.081   27.500
   45.108   69.730   64.863   21.029   -33.172   -46.057   -25.095   -10.167
    -7.930    -9.236    -6.367   12.660   62.710   82.528   53.108   12.898
    6.209   18.420   17.499    -1.047   -24.562   -47.933   -78.163  -108.235
CT1651:295           46.722   50.330   51.782   52.146   52.853   53.051
   49.715   43.815   31.846    3.460   -30.126   -41.133   -28.593   -15.214
   -16.212   -30.127   -32.766    -9.055   33.085   48.558   49.138   44.618
   36.255   21.933    9.327    -6.832   -26.888   -49.539   -75.249   -99.559
CT1651:290           36.729   41.363   45.562   49.651   53.415   53.479
   48.144   40.653   28.196    6.277   -11.840   -23.793   -32.094   -31.902
   -31.791   -36.730   -33.022   -15.894   11.449   26.716   38.476   44.852
   39.648   23.784    6.641   -13.603   -36.336   -55.746   -72.867   -89.511
CT1651:285           38.586   40.924   43.223   46.609   51.338   52.020
   45.872   38.023   24.704    -4.074   -33.419   -48.231   -56.593   -58.491
   -54.487   -39.507   -25.893   -13.690    1.951   16.259   42.297   71.373
   65.615   27.528    -2.316   -27.002   -56.553   -71.894   -73.373   -77.231
CT1651:280           41.920   41.629   42.652   44.380   45.403   44.909
   41.853   41.537   31.886    0.556   -29.525   -44.005   -51.560   -57.039
   -51.946   -25.534    -7.451    -2.654    0.333    9.999   37.824   66.707
   62.436   28.654    -0.082   -25.249   -52.717   -67.551   -72.689   -80.300
CT1651:275           48.533   52.182   52.847   49.264   45.165   46.178
   43.641   44.635   41.950   24.537    6.546    -7.501   -10.775   -14.636
   -17.471   -16.779   -18.034   -14.100    -7.620    -0.672   23.014   53.757
   53.571   26.745    4.022   -16.728   -43.874   -64.993   -82.572   -98.302
CT1651:270           52.418   57.555   59.464   52.108   37.288   43.763
   64.948   71.236   65.372   78.688   80.583   65.557   38.875   19.105
   11.578    5.629    -2.013    -6.802   -11.512    -9.380    -0.024   15.316
   18.903   20.556   14.919    -2.801   -24.690   -50.004   -84.511  -113.977
CT1651:265           52.022   43.514   35.042   26.702   20.541   44.416
  163.513  319.304  347.079  248.439  110.194   67.788   58.318   52.612
   42.229   32.087   24.118    4.292   -40.996   -58.051   -40.383   -19.276
   -11.462    -0.043    3.447    -4.099   -16.286   -36.324   -65.565   -95.455
CT1651:260           52.714   49.100   46.199   37.354   17.716   30.849
  156.326  356.204  399.958  262.350   87.131   42.151   32.973   20.940
   12.952   17.303   15.125    -0.467   -28.033   -37.655   -41.771   -37.285
   -29.225    -6.331    8.086    -1.352   -19.238   -36.766   -61.661   -84.971
CT1651:255           46.128   44.270   41.650   38.065   36.465   33.409
    -9.927   -97.465  -124.967   -54.920    1.429    3.310    -8.644   -22.821
   -25.527   -16.132   -15.922   -23.509   -34.757   -40.467   -47.657   -53.472
   -47.031   -23.956   -10.311   -15.473   -27.813   -44.709   -68.049   -90.986
CT1651:250           40.919   41.083   40.545   41.532   46.210   16.740
  -101.719  -233.345  -256.381  -176.360   -59.166   -28.895   -21.249   -12.330
   -15.909   -32.236   -41.168   -43.713   -46.170   -48.203   -47.377   -46.657
   -42.641   -27.075   -17.422   -24.417   -35.822   -51.110   -73.790   -95.359
CT1651:245           44.883   46.257   47.888   48.047   45.045   14.540
   -79.531  -189.056  -210.884  -147.699   -54.568   -23.984   -21.308   -22.963
   -23.568   -33.245   -39.580   -39.788   -37.919   -36.643   -30.377   -22.467
   -22.423   -27.122   -31.063   -38.688   -49.090   -61.478   -78.513   -94.044
CT1651:240           41.017   42.485   42.638   45.998   50.252   25.729
   -49.373  -136.414  -154.975  -104.388   -39.615   -17.018   -16.351   -15.891
   -14.975   -20.997   -23.912   -17.895    -5.044    2.873   10.800   18.337
   13.056    -8.851   -24.956   -35.649   -45.744   -58.851   -75.017   -90.483
CT1651:235           48.700   46.714   44.863   46.993   49.507   30.540
   -10.333   -53.243   -65.284   -61.691   -49.069   -36.849   -27.319   -18.618
   -13.137    -6.489    1.479    3.956    5.545   12.194   27.499   38.494
   31.956    2.783   -20.954   -32.620   -41.852   -55.255   -71.686   -89.871
CT1651:230           63.672   60.512   57.072   54.913   51.291   34.066
    4.291   -37.952   -57.238   -57.462   -62.693   -59.370   -48.987   -40.142
   -32.325   -14.802    -0.208    1.616    -7.288    -7.490   18.963   54.081
   54.549   24.921    -1.021   -15.148   -36.679   -58.737   -81.952  -103.970
CT1651:225           69.482   58.011   44.865   30.162   14.797    -0.284
   -14.497   -30.556   -38.907   -38.066   -36.472   -35.528   -42.768   -53.694
   -49.174   -29.692   -20.227   -16.111   -15.948   -18.085    -5.133   11.816
   17.918   34.190   38.856   15.839   -26.616   -49.771   -65.727   -81.760
CT1651:220           64.479   64.186   39.473   11.723   -15.561   -30.033
   -31.061   -27.007   -25.405   -18.130    -7.957    -4.679    -9.494   -12.126
   -13.060   -12.279    -7.926    -8.492   -11.228   -25.838   -62.496   -88.013
   -72.309   -23.934    2.074    -4.337   -26.990   -42.667   -56.869   -72.198
CT1651:215           85.452   62.101   28.913    -5.558   -35.995   -49.631
   -37.594   -17.834   -11.560   -10.219    -7.914    -6.627    -6.419    -9.242
   -11.018    -8.470    -6.839    -6.843   -12.739   -53.498  -158.941  -237.814
  -208.296   -94.740   -33.238   -28.298   -34.367   -44.410   -58.595   -69.841
CT1651:210          114.834   88.405   46.188   10.831   -19.944   -31.815
   -15.896    5.696   11.729    5.752    1.438    0.573    -0.527    -1.825
    -0.201    4.648    3.146    0.116   -11.116   -77.374  -234.808  -330.951
  -276.604  -126.859   -57.483   -50.821   -46.322   -47.457   -59.502   -74.220
CT1651:205           89.703   87.283   54.315   19.442   -11.328   -20.325
    1.742   29.739   45.755   57.745   57.999   47.421   26.655   17.211
   17.450   18.482   14.612   12.250    0.923   -60.626  -236.118  -366.471
  -307.028  -112.099   -13.940   -25.329   -51.847   -64.014   -74.180   -87.734
CT1651:200          117.462   94.725   69.628   40.260    4.943    -7.744
   11.739   39.549   60.079   94.714  112.764   98.416   53.753   24.709
   28.843   52.448   59.129   44.627   17.679   -12.787   -99.617  -189.329
  -145.164    7.186   65.976   20.313   -50.138   -86.920  -114.164  -140.431
CT1651:195           95.986   87.792   67.059   40.696   10.452    1.913
   19.253   45.141   63.254   95.299  111.220   92.938   45.417   17.733
   25.950   59.470   73.375   62.959   35.979   32.354   93.157  161.182
  179.024  163.406  130.223   53.148   -45.951   -96.518  -126.678  -157.296
CT1651:190           83.074   75.829   66.752   49.441   25.705   21.938
   40.581   61.929   66.201   58.400   43.126   28.066   10.486    -2.338
    5.806   36.692   53.291   45.407   22.342   34.832  143.550  269.779
  282.791  211.513  130.455   44.028   -63.642  -112.842  -141.307  -172.431
CT1651:185           58.786   57.864   55.788   51.960   44.729   50.186
   81.943  119.795  120.196   70.345   14.018    -9.480   -12.961   -11.318
    -7.440    3.568    9.968    9.247    8.312   23.787   79.580  121.028
  113.866   95.312   49.192    5.806   -56.656  -112.569  -151.924  -175.727
CT1651:180           45.158   44.805   43.241   46.615   52.454   68.991
  108.642  152.468  149.339   87.073   12.857   -15.786    -8.184    0.953
    -0.987   -11.558   -20.035   -16.697    -6.037    2.206   11.957   17.385
   -18.157   -89.524  -137.112  -154.730  -141.396  -112.491  -107.505  -124.577
CT1651:175           33.430   33.759   36.437   43.178   50.770   67.693
  113.481  166.651  167.065  112.616   43.662   10.519    2.148    4.708
    1.312    -8.484   -17.098   -13.614    -3.013    -4.910   -11.516   -17.654
  -119.827  -427.712  -607.202  -499.249  -174.736   -76.877  -103.092  -114.812
CT1651:170           33.428   33.757   36.785   41.427   48.271   64.491
  108.343  161.961  165.247  115.894   50.828   16.141   -15.539   -38.984
   -42.046   -12.851   11.654   11.593    2.913    -6.468   -21.830   -28.027
  -135.092  -703.148 -1102.763  -871.434  -294.985   -91.794  -103.809  -117.812
CT1651:165           33.541   38.396   44.275   50.731   56.083   64.363
   88.674  125.917  130.011   87.854   38.341   10.181   -42.518   -79.237
   -83.924   -36.667   10.710   10.919    -8.776   -16.797   -32.396   -59.227
   -54.278   13.894   85.420   29.004   -69.695  -111.029  -171.981  -214.111
CT1651:160           28.565   41.497   52.457   62.770   73.208   79.187
   69.838   51.392   53.034   68.204   78.172   59.758   23.939   -39.988
   -61.174   -39.698   -29.929   -24.045   -25.192   -21.787   -23.442   -51.581
   68.316  656.109 1087.411  887.020  290.465   -52.624  -141.044  -223.824
CT1651:155           42.156   57.796   70.766   80.293   85.921   86.931
   61.554   17.832   29.547  146.332  317.231  329.198  200.492   88.863
   40.964   -24.537   -27.715   -15.718    -2.390   11.547    8.474   -18.301
  114.757  787.285 1297.756  984.597  159.996  -133.695  -165.344  -227.144
CT1651:150           59.820   65.651   68.653   69.125   66.717   63.917
   55.056   38.871   61.921  185.672  350.870  350.396  116.323  -171.338
  -237.930  -125.163   -29.486   -11.549    1.958   13.567    2.217   -25.430
   65.001  294.390  398.005  321.963   84.701   -92.815  -195.420  -262.705
CT1651:145           82.206   75.429   68.705   62.819   54.090   53.329
   81.668  136.017  171.876  205.172  239.674  204.484   -58.615  -424.598
  -452.766  -173.837    -8.215    5.654    4.794    7.702   -14.855   -55.673
    1.741  231.840  411.027  307.894   70.881   -74.353  -139.706  -205.833
CT1651:140          114.306   96.431   79.177   59.170   32.050   23.923
   46.934   82.507  100.240  106.763   97.572   78.546   45.633   31.077
   18.860   10.640   21.598   15.158    -4.554   -17.927   -34.017   -70.367
   -53.814   -32.481   -26.188   -38.777   -59.066  -100.087  -158.204  -200.217
CT1651:135          106.773   82.513   58.563   33.893    9.787    -3.121
   -17.480   -45.291   -51.526   -28.144    -7.235   15.410  208.542  508.863
  517.603  221.156   25.589    0.167    0.770    -5.263   -17.284   -28.207
   -22.377   -18.841    -4.230   -27.905   -54.954   -87.131  -136.897  -179.085
CT1651:130           91.044   67.872   43.035   21.708    2.727    -4.291
    2.308   17.729   26.355   15.035    -1.952   10.195   70.370   85.374
   78.250   68.512    8.958   -11.865   -10.991   -12.557   -13.741    -6.957
    -1.365    2.658    5.934   -16.836   -50.834   -88.309  -139.717  -186.284
CT1651:125           86.462   67.407   48.174   21.972   -13.142   -23.923
   13.226   87.867  111.127   78.691   34.667   31.244   13.772    -2.821
    -5.041    7.017   10.979    -3.953   -28.228   -42.365   -27.987    2.007
   11.936   24.391   28.890    5.605   -35.067   -78.325  -138.610  -193.747
CT1651:120          117.276   93.303   66.150   33.720    -1.859   -13.032
   19.369   73.502   86.225   59.427   10.169    -8.692   -17.157   -11.864
    -5.273   11.771   33.460   28.373    -0.577   -18.933   -17.035    -4.314
    3.207   28.549   46.281   21.182   -31.423   -74.366  -117.088  -159.747
CT1651:115          133.081  106.902   80.639   52.573   19.921    5.355
   14.788   33.179   32.476   13.819   -21.055   -36.642   -39.303   -41.769
   -31.691   21.539   65.664   63.951   37.969   22.188    -3.202   -40.342
   -42.162    2.358   34.073    4.329   -70.250  -107.925  -114.505  -126.320
CT1651:110          120.161  100.652   79.065   54.187   24.395   10.882
   19.569   40.124   43.245   23.667    -4.671   -14.986   -17.487   -17.794
   -10.427   20.841   48.375   50.531   40.303   28.055    -2.949   -52.212
   -55.436    -0.765   43.015   18.090   -45.333   -84.052   -99.159  -116.367
CT1651:105          117.300   95.160   71.426   45.708   17.820    4.347
   15.361   36.522   41.154   32.132   17.149   11.193   11.206   14.861
   17.412   18.792   22.915   26.637   31.611   25.699    -0.951   -44.088
   -48.469    3.122   43.602   21.465   -34.695   -70.143   -97.136  -121.755
CT1651:100          113.043   90.778   68.180   44.366   17.320    3.203
    8.886   24.748   28.699   25.866   18.268   15.743   21.305   27.527
   29.130   19.090    7.351   10.508   26.030   25.445    3.605   -30.356
   -36.533    -3.513   25.810    4.832   -49.428   -79.991   -93.104  -108.841
CT1651:095          102.136   86.461   68.165   45.859   21.505    7.304
    4.598    4.292    2.220    8.348   16.336   19.352   21.997   24.002
   26.631   29.291   30.762   28.940   26.870   21.828    2.493   -24.650
   -33.930   -29.102   -25.563   -35.191   -52.325   -68.974   -84.395   -99.772
CT1651:090          101.319   86.026   69.541   48.148   20.968    3.524
    3.066   10.541   10.127    5.287    0.167    2.794    8.397   15.934
   21.127   29.370   38.722   35.819   20.716   11.104    3.120   -12.130
   -23.308   -33.423   -42.393   -52.479   -60.582   -71.414   -86.683  -100.601
CT1651:085           95.686   77.656   60.364   46.721   34.314   20.820
    9.637    0.328    -5.929   -15.909   -28.023   -25.195    -7.030   10.068
   15.603   15.472   12.278   18.182   34.310   40.423   36.313   22.521
    8.515   -10.741   -28.785   -42.850   -53.748   -66.978   -82.706   -99.779
CT1651:080          104.741   91.848   77.516   62.860   45.524   24.282
    -4.803   -38.493   -48.466   -44.738   -36.460   -30.022   -11.984    8.719
   14.092    3.379    2.974   15.302   52.879   72.559   70.245   54.047
   41.454   16.913    -9.150   -27.937   -43.580   -62.257   -81.620  -100.573
CT1651:075          114.798   98.598   79.883   58.111   36.548   13.532
   -28.275   -86.838  -104.914   -73.426   -15.851    1.190   -11.809   -31.717
   -32.685   -27.694   -36.446   -23.173   23.225   34.043   52.577   64.348
   61.457   35.998    3.767   -22.375   -61.833   -85.370   -93.538  -102.431
CT1651:070          101.315   79.136   56.443   30.601    1.637   -24.154
   -53.442   -86.352   -94.070   -65.750   -14.603    -1.443   -25.320   -55.900
   -56.434   -13.835   13.400    -9.862   -43.106   -33.409   -31.238   15.392
   38.276   27.697    6.958   -19.730   -59.502   -82.201   -90.981  -103.103
CT1651:065           89.725   67.998   46.781   26.203    5.949   -13.813
   -34.778   -51.014   -52.726   -41.436   -27.853   -26.610   -35.444   -44.615
   -44.004    -0.023   30.047   -69.877  -357.347  -465.049  -359.401  -145.843
   -59.984   -32.027    -7.426   -19.238   -51.931   -74.973   -97.755  -117.544
CT1651:060          100.471   76.689   50.862   20.500   -13.788   -35.793
   -39.652   -39.910   -42.918   -31.304   -18.571   -17.433   -27.489   -34.739
   -38.592   -26.418   -24.471  -137.780  -578.484  -832.709  -654.462  -337.789
  -232.993  -106.844    -9.504   -17.638   -42.066   -62.594   -93.310  -125.157
CT1651:055           93.992   66.490   39.501    9.465   -23.180   -41.554
   -37.127   -23.083   -17.367   -13.190   -12.103   -13.735   -20.115   -24.483
   -32.705   -57.505   -82.429   -74.387   -65.383   -80.545   -72.856   -23.512
    -0.951    3.743   -20.374   -38.995   -57.144   -76.430   -93.634  -110.798
CT1651:050           84.633   61.594   30.799    3.230   -23.484   -39.796
   -36.370   -25.492   -24.397   -30.689   -37.523   -36.246   -31.585   -30.127
   -34.333   -53.785   -50.928   62.297  345.172  514.693  487.854  465.524
  424.753  194.330    7.482   -42.412   -61.166   -79.276   -91.641  -105.802
CT1651:045           96.735   62.660   33.729    8.642   -13.589   -29.740
   -42.797   -55.520   -60.271   -62.560   -61.326   -56.952   -48.516   -45.766
   -42.600   -39.695   -26.874   30.744  128.478  186.583  316.608  369.898
  303.979  117.822    -9.182   -40.707   -53.238   -74.104   -90.051  -102.941
CT1651:040           85.848   67.198   37.912    8.827   -18.476   -36.997
   -51.697   -63.797   -68.370   -65.647   -56.607   -48.665   -38.505   -32.900
   -22.703    -9.325    -1.602   -11.336   -28.783    -9.843   67.750  129.238
  124.600   56.712    0.950   -25.204   -39.256   -58.272   -78.904   -98.499
CT1651:035          111.345   78.637   42.537    5.971   -29.334   -49.225
   -51.345   -50.326   -47.917   -37.250   -23.666   -16.536    -8.583    -2.461
    3.401   14.856   14.752   -24.976   -83.419  -109.791  -119.333   -92.032
   -57.545   -11.249    6.361    -6.367   -22.278   -39.371   -63.306   -87.955
CT1651:030          130.643   93.999   57.528   17.792   -24.552   -44.790
   -30.876   -13.130    -8.023    -9.141    -8.109    -6.910    -5.532    1.967
    6.929    8.938    -5.541   -49.265  -125.924  -187.253  -231.141  -201.005
  -127.073   -23.227   15.068    7.986   -10.806   -32.222   -59.856   -88.803
CT1651:025          106.995   57.715   33.807   12.856    -6.176   -11.439
    6.319   31.854   39.246   28.918   18.301   16.881   24.158   36.012
   33.581   17.308   -10.881   -64.081  -153.052  -226.894  -273.962  -236.050
  -159.276   -53.665    0.879    0.253   -27.187   -52.583   -74.674   -93.520
CT1651:020            8.850   37.572   16.435    5.586    0.663    7.522
   33.074   63.824   69.086   54.339   38.001   32.800   41.595   52.918
   47.548   26.145    1.854   -33.193  -103.170  -179.216  -231.025  -220.365
  -159.486   -77.481   -16.465    -7.492   -31.486   -57.259   -76.340   -93.156
CT1651:015           -27.793   -21.462    -7.048    9.482   30.584   58.421
   89.876  132.513  142.870  115.195   69.156   47.429   49.046   53.187
   45.972   27.190   18.915    8.833   -20.803   -68.702  -115.175  -181.016
  -189.107  -118.647   -36.584   -22.890   -40.369   -62.838   -82.248  -104.623
CT1651:010           -24.334   -35.570    -4.242   28.254   78.776  138.540
  183.143  199.847  180.671  139.156   80.955   46.589   36.843   29.942
   20.728   20.552   27.733   39.900   65.882   74.192   24.411   -94.328
  -149.382  -118.980   -54.474   -36.581   -49.301   -65.884   -86.233  -109.782
CT1651:005           -55.326   -16.221   24.473   80.850  164.059  241.630
  268.057  247.735  208.199  154.649   76.559   32.642   20.067   16.254
   12.775   20.484   39.521   73.948  139.939  182.900  159.324   63.055
   -15.293   -39.430   -39.590   -45.121   -60.660   -83.471  -106.616  -125.930
CT1652:360           -22.162   22.621   67.121  116.680  167.946  206.230
  214.858  189.781  157.148  116.013   58.884   26.795   16.042    6.787
    7.590   19.450   39.952   83.112  168.884  234.083  251.244  233.575
  165.900   49.389   -36.784   -56.160   -71.310   -94.737  -114.731  -132.406
