
filled_synop: 30 data points in equal steps of sine latitude from +14.5/15 to  -14.5/15

CT1661:360          100.641   88.158   79.449   69.753   64.425   52.601
   24.477   -34.032   -43.855   16.684   85.853  104.337   83.248   44.422
   29.313   35.688   37.477   39.855   66.185   58.230    -9.739  -114.172
  -151.593  -138.546  -105.009   -93.023   -88.605   -84.857   -75.545   -64.019
CT1661:355           85.721   78.295   78.669   67.886   41.747   16.754
    -8.206   -42.301   -25.606   80.689  239.111  269.857  175.782   78.069
   45.228   18.790    -1.405    -6.782    -3.992   -24.486   -70.101  -145.958
  -176.310  -163.987  -134.940  -122.153  -108.994   -95.324   -81.219   -65.537
CT1661:350           95.037   86.678   78.259   57.787   11.947   -28.724
   -66.995  -149.150  -160.687   11.789  293.619  351.267  215.043   87.458
   45.583    7.992   -18.523   -31.994   -37.081   -54.519   -89.965  -129.596
  -149.964  -152.685  -141.629  -129.092  -109.601   -87.187   -64.315   -40.603
CT1661:345           94.293   82.957   75.130   67.020   41.384   15.251
   -31.234  -130.798  -163.882   -68.385   96.203  139.732  104.213   61.508
   34.743    7.337   -12.328   -29.834   -47.348   -65.978   -90.468  -118.508
  -139.312  -147.138  -145.503  -134.033  -107.394   -77.626   -51.000   -23.376
CT1661:340           92.918   89.612   77.780   76.400  124.944  184.211
  196.640  165.915  118.790   78.951   -11.581   -44.985    0.945   34.273
   21.531    5.165    -6.581   -10.118    -4.649   -14.800   -48.613  -106.406
  -142.533  -156.454  -156.908  -147.391  -116.981   -81.963   -49.996   -16.045
CT1661:335           83.031   80.485   80.281  116.270  245.837  345.503
  395.756  472.636  484.392  362.485  123.013   46.550   38.415   11.547
    -0.058    5.302    7.016   16.433   58.226   67.292    8.515   -89.167
  -136.375  -155.164  -165.150  -160.780  -127.389   -83.352   -45.436   -11.176
CT1661:330           95.821  101.152   99.368  112.579  222.568  319.932
  325.224  319.987  336.196  308.005  340.814  332.327  149.625   19.814
    1.881    1.836    2.823   12.145   35.634   31.601    1.886   -62.845
  -103.862  -134.928  -171.422  -177.438  -136.188   -85.686   -53.474   -22.883
CT1661:325          106.742   96.724   90.810   58.508   -51.296  -158.110
  -235.362  -421.317  -522.173  -357.881   -87.395   -18.232    -3.661    4.715
    7.248    3.524    1.412    9.283   30.530   31.600   22.846   10.188
   -11.615   -53.812  -113.363  -131.727  -115.456   -90.499   -67.253   -42.808
CT1661:320          102.619   82.338   74.665   43.422   -87.502  -205.849
  -288.568  -441.933  -489.068  -394.017  -211.753  -147.000   -65.244    -3.019
    6.375    9.356    9.634    1.702    -4.129    -9.935   -17.625   -10.896
   -16.400   -41.376   -76.439   -89.225   -87.383   -84.141   -78.302   -68.156
CT1661:315          104.817   84.360   62.671   31.440    -2.957   -21.757
   -37.277   -32.820    -8.624   -13.305   10.690   28.871   12.365    6.420
    0.961    3.376    0.596   -25.242   -77.544  -105.799  -111.665  -104.131
  -103.584  -108.001  -110.840  -110.427  -102.110   -89.890   -78.506   -65.844
CT1661:310           98.525   81.917   60.013   53.533   71.021   83.584
  137.580  282.508  348.110  304.882  176.500  118.160   75.427   22.342
    -2.328    -2.109   -10.299   -53.555  -151.828  -200.349  -209.294  -195.057
  -177.667  -166.226  -128.428  -111.195  -104.186   -94.016   -85.606   -77.467
CT1661:305           84.916   70.293   48.281   42.700   69.817   93.158
  178.407  410.830  505.904  460.918  312.023  240.543  137.187   20.320
   -13.551    -1.571    -4.778   -50.613  -158.821  -204.667  -200.098  -192.181
  -183.932  -148.644  -103.645  -102.594  -107.904  -102.509   -98.727   -95.058
CT1661:300          109.607   88.604   59.872   46.750   66.377   82.096
  129.132  274.698  375.861  330.662  259.023  229.243  118.741   12.026
   -14.710    -3.697    -0.545   -17.733   -61.663   -59.220   19.358  191.930
  241.454  149.522   -27.367  -103.425  -118.838  -118.118  -126.883  -130.911
CT1661:295          112.967   80.454   48.459   11.135   -25.567   -52.534
  -100.913  -256.341  -333.342  -232.179   -81.844   -52.095   -42.423   -41.011
   -39.868   -10.505   10.536   16.709    8.268   35.421  175.548  444.885
  509.060  343.622   37.307   -89.458  -119.970  -128.681  -146.978  -160.087
CT1661:290          105.243   71.025   40.327    -7.562   -97.197  -176.987
  -243.081  -376.659  -414.126  -327.458  -171.272  -120.234   -93.213   -73.569
   -62.061   -29.142    -6.589    8.422    8.042   35.581  175.298  399.097
  450.630  326.945   79.388   -46.842   -85.239  -105.600  -136.500  -161.785
CT1661:285          110.648   66.049   26.079   -46.437  -196.278  -322.867
  -351.904  -312.941  -257.200  -187.859   -47.032    9.432   -27.544   -63.810
   -59.373   -28.015   -11.968    -2.402    2.689   20.246  114.043  267.304
  312.804  226.594   61.806   -23.659   -62.364   -92.939  -129.322  -162.983
CT1661:280          126.595   81.499   44.009   -26.472  -224.679  -418.449
  -413.813  -221.737   -97.654   -34.597   44.721   78.958   38.574    -5.591
   -15.333    -4.183    -2.191   -26.756   -44.635    -1.232   -11.231   68.618
  128.845   84.877   14.723   -18.272   -53.821   -86.957  -124.530  -164.133
CT1661:275          122.876   74.691   32.263   -44.647  -214.321  -355.530
  -323.731  -116.027   29.728   74.662   84.497   87.574   53.444   16.594
    -5.128    -5.222    -5.399   -73.628  -316.257  -437.182  -347.741  -188.740
  -127.517   -71.408   10.550   14.140   -35.372   -85.579  -127.127  -169.717
CT1661:270          134.109   92.833   41.320   -19.492  -142.719  -267.411
  -220.165   -14.757  134.110  168.544  161.366  146.438   76.093    0.211
   -36.635   -27.579   -18.331   -42.920  -131.655  -169.492  -140.721   -91.640
   -58.406   -24.334   27.525   27.715   -18.515   -71.661  -120.870  -171.163
CT1661:265          153.846   93.647   25.485   -38.168  -104.088  -155.897
   -97.561   71.005  191.283  266.219  247.192  191.100  144.049   18.799
   -44.053   -44.973   -42.267   -27.772   26.289   62.907   94.250  141.375
  159.235  133.991   86.055   48.272    -3.652   -62.238  -118.228  -176.562
CT1661:260          132.308   71.423    3.799   -45.643   -85.239  -118.284
   -19.997  291.965  497.441  598.915  715.263  712.146  415.089   53.790
   -41.275   -36.661   -31.634    0.645  115.805  186.645  224.864  301.937
  327.542  260.652  131.172   63.064    5.012   -62.450  -126.875  -189.353
CT1661:255           67.503   34.551    -0.500   -25.952   -45.142   -60.893
   -13.490  216.820  397.462  362.815  301.421  284.509  172.847   42.115
    -2.373   -22.674   -24.720   -13.838   18.427   40.309   84.372  108.807
  106.884  119.285  107.838   67.914    1.777   -72.734  -141.725  -210.952
CT1661:250           78.111   47.379    7.040   -27.132   -22.814   -11.847
   -49.073  -198.890  -305.845  -273.173  -234.638  -228.676  -112.239    0.779
    6.971   -43.409   -86.523   -75.935   -35.874    -9.142    1.185    1.553
   11.325   31.397   70.446   63.965    2.946   -71.128  -138.471  -207.828
CT1661:245           90.047   47.521    5.075   -20.332    7.674   51.870
    -2.826  -241.535  -407.619  -452.806  -424.849  -369.093  -237.811   -37.380
   17.202   -18.486   -56.099   -64.006   -57.873   -49.665   -44.130   -39.558
   -24.025    6.794   60.078   63.942    1.757   -75.387  -141.673  -212.247
CT1661:240          112.354   60.081    8.892   -20.246   19.870   83.243
   28.431  -178.095  -341.847  -379.165  -353.724  -306.518  -186.361   -24.816
   29.283   21.602    0.416   -19.156   -58.136   -84.440   -81.244   -65.690
   -43.945    -2.520   61.785   70.361    9.085   -75.045  -148.387  -222.111
CT1661:235          143.535   93.662   29.602   -10.047   46.414  117.582
   88.119   -24.597  -114.476  -168.071  -219.725  -211.137  -124.432   -16.874
   24.579   43.496   48.831    9.229   -82.971  -129.479  -128.909   -96.959
   -59.369    -5.573   73.175   87.973   12.024   -84.123  -157.390  -232.219
CT1661:230          149.303   77.935   14.840    -8.734   60.353  138.755
  114.690    5.830   -80.322  -110.617  -136.285  -140.488   -65.202    2.002
   28.930   20.902   -22.638   -61.998  -170.039  -230.048  -215.289  -134.909
   -73.144    -9.447   75.905   99.119   34.142   -62.369  -146.697  -228.474
CT1661:225          174.416  120.230   44.922    -3.447   30.690   77.829
   52.454   -35.798  -122.366  -128.640   -87.626   -87.153   -51.301   12.927
   43.003    4.548   -14.390   -52.719  -217.300  -312.280  -273.609  -137.424
   -61.110    -2.799   78.860   98.533   31.676   -61.940  -134.326  -212.853
CT1661:220          164.167  106.639   38.109    -2.359   10.113   25.432
    -5.232   -59.054  -120.367  -185.111  -216.377  -222.645  -329.488  -378.651
  -314.205  -171.927    -0.897    4.644  -126.629  -202.751  -191.074  -112.523
   -57.973    -4.020   69.940   90.806   38.723   -43.191  -117.784  -194.560
CT1661:215          136.275   77.262   25.042    -6.712    2.136   35.541
    -8.828  -107.526  -215.114  -409.111  -776.632  -908.959  -885.478  -913.906
  -796.116  -298.715   91.173  119.433    7.049   -66.091   -83.992   -71.623
   -49.802    -3.118   64.281   83.626   30.360   -46.195  -110.682  -181.322
CT1661:210          135.284   95.538   44.252    7.618   34.816   73.104
    6.559  -156.757  -296.457  -504.325  -926.169 -1022.630  -627.534   -61.794
  140.515  241.892  292.890  252.657  104.984   -12.612   -56.252   -67.434
   -65.106   -19.710   59.524   81.195   32.616   -40.402  -104.500  -175.030
CT1661:205          120.090   69.137   26.164   10.432   67.069  132.475
   60.352  -213.119  -411.532  -428.691  -378.928  -252.761  244.289 1052.659
 1235.500  839.604  486.782  354.539  136.714   -30.314   -90.319  -110.685
  -113.350   -70.704   31.122   71.804   29.235   -45.406  -110.259  -175.470
CT1661:200          117.400   83.491   44.469   19.225   64.091  133.171
   68.505  -222.586  -427.232  -301.314  130.999  390.227  598.932  818.474
  864.387  674.549  404.493  275.304   99.923   -36.261   -97.977  -153.545
  -179.407  -119.086   14.317   53.531    5.241   -68.380  -120.105  -174.787
CT1661:195          108.153   75.490   40.724   28.805   72.252  111.288
   49.666  -167.484  -302.957  -185.942  165.429  358.998  433.536  402.238
  388.657  329.241  212.783  134.134   67.967    1.961   -43.881   -77.999
   -92.097   -66.304    6.889   34.434    -1.937   -66.896  -119.460  -168.683
CT1661:190          106.493   71.722   40.517   24.950   47.565   86.279
   54.920   -96.263  -191.379  -112.690  105.930  219.145  233.748  172.370
  152.160  129.998  103.522   69.303   69.474   58.731   19.061   -33.699
   -60.964   -41.602   13.799   33.055    -7.203   -70.853  -118.502  -161.481
CT1661:185          131.834  103.548   62.892   33.198   42.138   64.875
   59.154    -6.362   -44.655    -0.179  121.392  178.809  145.995   79.243
   60.297   65.222   84.029   68.809   77.083   78.496   38.992   -24.150
   -51.094   -35.940   14.958   27.909   -16.917   -83.303  -126.995  -168.558
CT1661:180          115.123   84.925   51.596   33.798   46.431   67.971
   93.274  159.485  206.230  203.229  145.567  101.328   72.204   49.537
   37.575   42.858   62.905   53.883   33.099   10.361   -19.385   -81.071
  -113.570   -85.110    -6.413   21.336    -4.740   -49.843   -90.603  -131.593
CT1661:175          104.884   84.304   58.230   43.631   64.698   92.921
  157.696  350.028  523.536  473.875  222.043   81.183   42.119   34.600
   22.630   27.183   37.883   29.126    -0.573   -28.345   -45.919   -73.710
   -85.838   -67.944   -11.789   12.910    -7.002   -36.728   -63.588   -96.433
CT1661:170          100.931   87.319   67.713   53.589   71.385   98.250
  166.758  360.440  533.295  498.387  251.989   89.157   44.415   43.584
   27.993   23.157   28.288   20.779    -1.795   -19.893   -20.720    -3.030
    9.892   10.151    6.947    1.348   -11.966   -29.141   -48.587   -75.752
CT1661:165          102.098   87.993   68.481   53.011   58.776   70.418
  134.550  297.225  457.206  452.658  304.207  179.613  111.467   66.535
   27.768   19.453   22.966   17.547   18.521   16.687   24.446   54.407
   68.074   53.091    5.209   -22.694   -31.216   -36.083   -47.637   -63.721
CT1661:160          104.385   91.252   73.158   57.045   52.539   32.375
   95.261  308.039  527.306  558.877  456.182  340.331  241.113  111.718
   35.056   23.340   26.367   16.973   20.735   29.192   38.274   69.505
   94.134   79.058   24.900    -7.870   -24.762   -39.240   -56.211   -75.381
CT1661:155          105.375   89.271   69.686   48.058   23.793   -10.183
   57.375  387.053  710.378  736.620  561.907  409.426  286.665  116.715
   32.071   23.923   26.575    -2.595   -87.106  -152.824  -134.979   -42.415
   19.772   33.279   28.237   11.352   -16.829   -44.581   -71.988  -100.822
CT1661:150          104.198   87.900   70.147   51.828   25.509   -17.895
   32.001  287.902  541.128  540.265  339.238  223.781  157.431   69.573
   26.044   15.659   18.997    -9.626  -154.189  -278.822  -224.600    -8.542
  127.460  123.624   74.547   41.934    2.107   -43.743   -84.709  -122.151
CT1661:145          104.921   88.280   80.873   70.376   21.805   -56.448
   -87.518   -52.831    9.034    9.566   -45.309   -65.400   -46.290   -19.935
   -15.844   -13.862    -9.834    -6.509   -12.671   -42.257   13.074  144.870
  207.589  185.332   98.887   39.459    -5.103   -52.035   -97.783  -141.508
CT1661:140          121.497  113.007  104.597   67.905   -21.945  -118.632
  -207.021  -415.518  -587.912  -543.227  -288.471  -134.153   -98.530   -70.515
   -46.128   -26.687    -7.178   21.920  167.206  338.654  318.604  220.167
  193.665  166.275   95.619   42.715    -6.267   -58.940  -111.306  -165.039
CT1661:135          127.848  100.567   87.936   62.748   -49.708  -208.585
  -320.775  -528.643  -677.451  -627.111  -338.072  -154.557   -98.392   -69.291
   -41.508   -20.160    3.186   15.429   -12.056   -75.874   -28.286   58.708
   74.986   81.483   77.332   52.963    0.958   -62.803  -123.363  -188.055
CT1661:130          138.417  116.293  100.964   65.622   -33.194  -151.202
  -252.926  -421.228  -550.822  -499.536  -238.991   -71.581   -32.529   -24.279
    -5.145    -4.103    -4.399    -7.158   -36.402   -48.768   -33.780   31.631
   84.887   87.058   84.039   69.435   15.160   -60.960  -128.353  -192.137
CT1661:125          137.993  121.866  105.866   80.923   21.722   -64.035
  -123.415  -168.727  -183.852  -165.726   -99.198   -39.680   -12.510    -4.329
    3.849    1.164    -8.146   -18.685   -46.041   -64.845   -59.399   -28.609
    1.476   25.377   60.824   69.024   18.851   -57.330  -120.883  -182.527
CT1661:120          110.843   99.758   99.225   90.456   54.273   12.136
   -14.305   -23.246   -27.412   -25.328   -24.083   -21.026    -6.107   10.082
   14.435    8.953    -0.506   -14.619   -49.921   -79.228   -80.788   -66.794
   -47.006   -13.478   56.895   84.333   36.915   -41.217  -100.614  -159.316
CT1661:115          126.643  118.684  109.698   98.231   84.411   66.515
   66.304   97.782  100.949   96.760   69.419   33.501   24.278   22.366
   18.066   14.448   13.668    -2.951   -52.270  -100.216  -111.225  -117.832
  -118.256   -69.842   40.468   91.373   50.254   -33.938  -109.728  -180.401
CT1661:110          138.047  128.625  111.797   94.292   90.646   82.076
   90.884  218.028  354.790  327.610  151.157   58.890   32.478    9.506
    -1.520    2.984    9.392    -5.917   -42.036   -78.307   -93.012   -82.616
   -61.844   -32.917   26.311   55.548   16.740   -58.943  -113.624  -172.597
CT1661:105          120.531  115.327  107.601   99.796   94.955   93.809
   99.823  135.012  164.667  149.512   65.525    2.817    -0.991    2.164
    -2.305    5.447   18.036    3.777   -32.370   -71.844   -95.236  -115.363
  -121.076   -80.676   17.672   69.200   41.105   -27.967   -89.394  -147.512
CT1661:100          106.258  101.190   99.233   93.960   68.904   34.058
    7.704   -37.354   -95.257   -90.704   -15.571   21.887   25.460   22.063
   19.987   27.280   37.952   21.719   -18.530   -63.703  -105.512  -185.314
  -229.129  -178.052   -36.646   49.973   29.373   -35.507   -84.329  -136.423
CT1661:095          113.464  104.735   93.972   78.711   55.083   10.730
   -30.763   -94.767  -180.430  -167.477   -34.977   52.527   58.280   40.192
   38.647   37.033   39.854   21.860   -23.426   -70.392  -124.325  -246.667
  -312.952  -253.116   -58.678   42.190   18.618   -51.359   -99.679  -152.190
CT1661:090          106.839   97.585   92.173   81.970   85.121  108.644
   84.636   -38.644  -156.026  -149.819   -60.405   12.317   29.805   21.096
   19.775   18.029   10.492    -7.720   -51.433   -96.517  -140.636  -233.768
  -278.109  -233.955   -80.415   17.457    6.697   -44.777   -86.324  -132.290
CT1661:085          108.066   98.097   89.088   63.530   16.520   -40.199
   -89.924  -147.860  -191.706  -172.684  -111.800   -61.169   -33.952   -11.709
    -0.515    -2.434    -6.256   -14.922   -55.851  -108.135  -126.851  -164.136
  -196.551  -162.298   -44.182   17.491    -4.463   -51.993   -92.543  -133.159
CT1661:080          114.496   94.100   89.155   71.925   -25.483  -181.753
  -242.815  -243.327  -212.245  -174.633  -118.298   -76.090   -51.181   -23.728
    -9.602   -11.318   -16.656   -12.577    7.294   24.487   31.309   53.341
   70.092   56.305   28.602    9.239   -23.683   -70.445  -107.714  -142.794
CT1661:075          125.213  109.994  100.632   62.101  -136.877  -472.010
  -570.638  -363.199   -87.817   -12.589    -1.206    3.902    4.213    -8.665
   -12.433   -10.165    -6.167   12.399   93.368  191.090  213.733  218.518
  214.587  175.362   65.215   -14.561   -48.599   -74.968  -101.511  -125.405
CT1661:070          124.447  107.006   96.429   67.068   -84.024  -374.366
  -444.058  -193.326  174.399  253.818  131.321   62.682   45.482   20.334
    7.134    -0.352   -15.568    -6.647   51.771  109.864  142.500  184.289
  197.406  163.295   62.406   -11.330   -45.757   -70.555   -97.521  -122.344
CT1661:065          128.916   94.666   62.339   16.813  -101.594  -290.255
  -331.526  -172.206   12.068   68.307   73.256   48.068   32.219   34.843
   30.073   16.596    3.732    1.619    7.795    5.332   32.874  105.571
  152.139  136.197   62.616    5.284   -34.812   -68.207   -98.599  -127.414
CT1661:060          135.090   94.853   52.999   11.685   -30.201   -91.309
   -76.856   34.671  127.985  153.813  136.279   74.202   42.258   20.088
    0.323    3.901   18.492    7.699   -31.014   -37.413   -19.252   49.568
  140.365  145.437   82.027   30.842   -12.258   -54.999   -95.265  -136.655
CT1661:055          134.471   92.031   43.380    -4.305    0.765   36.680
   79.061  301.364  608.205  621.860  322.793  117.656   65.293   10.967
   -19.040   -12.471   13.986    -2.989  -143.902  -320.999  -291.899   -65.337
  104.920  128.531   90.113   55.346   13.662   -36.378   -87.835  -143.645
CT1661:050          134.058   86.466   35.445    -2.862   14.670   59.269
   95.232  208.686  333.439  330.111  156.791   22.791    -0.414   -12.205
   -20.379   -22.238   -14.664   -28.500  -121.529  -234.165  -205.000   -22.160
  132.994  156.931  133.398  108.411   56.428   -17.267   -86.418  -153.690
CT1661:045          145.713   97.147   43.454    -6.703   -18.040   16.997
    -3.863  -169.223  -424.093  -456.513  -250.018  -120.194   -82.863   -39.975
   -23.741   -27.454   -35.583   -37.883   -12.089   49.041   74.464   85.427
  113.675  131.527  131.879  114.774   57.813   -20.690   -89.691  -158.555
CT1661:040          151.983   95.572   37.291   -11.960   -35.371   -23.534
   -66.142  -321.161  -658.635  -677.069  -355.419   -43.416    9.397   -14.853
   -15.555   -23.948   -47.961   -44.868   22.417  108.336  136.557  128.997
  116.722  120.709  121.832  108.293   57.237   -17.705   -89.588  -158.500
CT1661:035          158.540  101.868   43.931    -6.027   -35.188   -54.955
  -104.855  -263.867  -483.913  -486.873  -234.877   -13.055   34.776    0.667
   -13.376   -20.182   -36.091   -33.130    -2.059   33.024   58.056   90.400
  107.640  114.106  108.066   89.282   36.923   -32.925   -92.613  -154.209
CT1661:030          165.476  111.953   54.774    3.692   -17.121    -0.008
   -19.776   -75.897  -137.319  -141.259   -72.906    -2.835    7.927   -17.651
   -20.828   -17.712   -19.120   -22.434   -45.103   -76.656   -60.533   23.249
   99.496  111.289   91.774   71.258   32.161   -26.427   -85.884  -147.457
CT1661:025          179.989  128.045   68.413    8.027    -1.808   22.749
   20.990   18.786   22.991   14.568   -66.063  -141.177  -115.593   -38.991
    -2.594    3.251    7.411    1.444   -38.457   -89.394   -85.934   -22.729
   41.923   63.519   79.759   79.544   33.633   -35.402   -94.431  -156.478
CT1661:020          191.600  126.251   58.148    1.671   -19.192    -7.914
    -8.912   -11.429   -15.554   -18.377   -47.897   -80.108   -65.619   -17.604
    9.957   21.134   40.910   38.248    -6.840   -64.650   -73.164   -49.500
   -20.606    0.502   43.594   68.391   32.267   -39.176  -107.661  -173.456
CT1661:015          199.120  142.098   73.602    7.452   -33.211   -84.682
  -110.810   -84.662   -45.384   -28.973   14.292   63.701   60.061   21.630
    9.355   23.752   50.661   50.189   18.619   -24.034   -40.038   -56.293
   -67.259   -49.901   15.610   49.536    9.199   -69.485  -128.621  -185.212
CT1661:010          174.197  124.389   65.357    6.465   -34.951   -70.421
   -84.693   -73.058   -40.791   -13.707   35.019   70.564   74.939   49.257
   32.206   29.246   35.254   31.831   26.459   14.431    -2.276   -36.263
   -62.694   -55.551    -8.521   21.701    -5.224   -64.298  -121.160  -174.836
CT1661:005          148.536   96.759   50.636   12.085   -18.985   -53.892
   -69.004   -52.526   -24.077    6.266   73.917  132.288  123.205   53.410
   11.286    8.955   27.531   29.654   30.278   30.337   13.756   -31.216
   -74.819   -73.032   -32.430    -6.768   -31.345   -81.326  -121.556  -161.426
CT1662:360          158.613  112.328   62.459   11.556   -18.979   -44.159
   -51.178   -14.415   39.508   71.065  112.235  136.103  119.087   43.070
    -8.137    -9.863   17.912   20.747    9.826    0.169   -17.223   -52.671
   -83.046   -82.103   -53.589   -36.634   -53.047   -87.753  -116.101  -144.158
