
filled_synop: 30 data points in equal steps of sine latitude from +14.5/15 to  -14.5/15

CT1741:360          -141.198  -114.952   -91.957   -61.426    -8.534   22.299
    3.321   -39.785   -83.140  -160.799  -217.153  -196.169   -68.096   11.515
   -47.680  -207.277  -275.094  -388.938  -531.907  -526.892  -334.474   -87.539
    -0.572   47.885   96.489  112.110   85.641   58.369   35.207    9.084
CT1741:355          -154.101  -126.774   -95.949   -58.716    -2.235   29.368
    -0.263   -61.315   -99.939  -139.119  -161.638  -139.773   -49.868    -4.465
  -113.475  -427.124  -555.724  -558.018  -572.639  -530.421  -313.697   -56.619
   31.907   78.496  128.165  137.222  101.768   62.244   31.224    2.128
CT1741:350          -162.916  -133.271   -98.080   -59.386    -2.328   27.746
   -14.126   -99.266  -133.784  -138.555  -132.187  -101.660   -18.940   16.686
   -46.143  -227.424  -275.271  -188.207    -9.263   60.884   72.856   60.617
   64.145   96.094  135.920  135.613  102.258   64.704   35.208    7.091
CT1741:345          -156.551  -126.814   -97.538   -67.387   -18.400    8.042
   -32.239  -119.021  -145.790  -124.874   -96.017   -57.864   34.652   86.697
   84.038   30.338   45.130  263.784  609.447  673.248  458.847  164.861
   96.626  107.833  126.882  119.715   95.335   66.970   42.937   17.881
CT1741:340          -158.288  -121.409   -82.763   -45.955    -3.533   16.760
   -13.012   -79.143  -100.053   -82.336   -58.565   -23.771   58.706  110.763
  153.831  222.257  280.913  412.251  622.605  655.029  453.699  161.163
   82.662   89.227  105.724  101.161   88.541   71.103   55.894   41.100
CT1741:335          -159.208  -120.722   -84.214   -48.225   11.720   47.566
   24.075   -30.657   -47.714   -44.989   -35.795   -23.887    -3.744    -1.816
   10.594   12.675   21.007   62.192   64.980   74.380   96.638   74.268
   62.561   71.034   87.609   86.620   78.597   70.642   64.519   58.130
CT1741:330          -150.493  -104.679   -62.006   -24.721   14.708   35.552
   13.590   -37.208   -56.851   -47.694   -35.781   -39.958   -43.699   -59.239
  -111.634  -196.099  -219.381  -208.596  -187.807  -146.247   -53.863   38.562
   71.884   74.998   74.505   75.539   73.565   71.270   70.158   70.571
CT1741:325          -159.124  -107.624   -52.961   -13.589   20.328   34.838
    3.183   -62.965   -85.780   -58.749   -28.077   -51.549  -110.400  -171.471
  -282.414  -469.873  -538.042  -476.345  -284.845  -169.138   -96.240   12.085
   76.936   76.735   58.563   62.555   69.751   80.531   91.768  101.885
CT1741:320          -167.390  -109.462   -40.022    2.798   26.922   38.836
    2.192   -81.130  -106.037   -61.446   -13.795   -57.599  -186.716  -310.153
  -441.566  -714.674  -844.229  -757.188  -605.955  -494.547  -278.317   -24.562
   77.340   61.994   16.650   30.672   69.138  107.591  130.486  148.487
CT1741:315          -162.479   -92.220   -26.503   10.843   21.565   20.184
   -12.175   -71.842   -92.491   -60.537   -19.991   -59.904  -172.278  -275.308
  -401.491  -582.858  -671.483  -714.262  -711.781  -623.463  -373.185   -51.703
   75.838   67.523   21.280   28.455   53.704   86.490  116.313  144.418
CT1741:310          -173.644   -95.922   -20.215   17.754   19.707   15.548
   -16.304   -75.130   -96.178   -66.100   -29.767   -59.835  -137.729  -213.601
  -324.478  -480.118  -571.769  -644.422  -701.192  -639.791  -401.801   -77.219
   55.295   54.430   13.650   27.493   51.782   81.166  112.286  145.448
CT1741:305          -197.949  -121.485   -26.130   22.952   15.028    5.567
   -16.074   -49.514   -62.238   -61.494   -51.188   -67.406   -97.126  -148.192
  -243.283  -394.087  -490.976  -573.043  -646.544  -607.032  -416.327  -137.233
   -18.889    0.105    -5.416   29.044   65.492  101.753  133.529  163.043
CT1741:300          -184.519   -98.107   -19.091   20.317   25.337   22.934
    -6.647   -69.643   -88.374   -68.962   -42.191   -32.441    6.096   16.988
   -66.563  -234.094  -334.551  -414.096  -504.929  -502.680  -418.281  -261.922
  -175.071   -99.421    -7.143   46.936   76.823  106.357  135.394  160.459
CT1741:295          -198.065  -121.376   -35.623   15.479   23.016   21.302
    -2.735   -52.006   -58.443   -23.795   22.612   50.573   98.431  117.130
   72.694   -42.722  -101.612  -126.443  -162.445  -176.038  -222.506  -312.023
  -314.870  -197.869   -22.285   49.769   79.272  104.603  128.491  146.257
CT1741:290          -195.811  -121.401   -40.703    4.178    3.807    0.151
    -7.291   -32.781   -17.829   53.679  141.506  177.835  193.336  193.979
  183.779  140.574  156.854  298.321  539.894  575.068  390.918   16.145
  -131.242   -83.622   15.585   50.688   75.223   95.296  115.208  133.861
CT1741:285          -181.087  -106.753   -36.758    -5.119   -24.182   -34.333
   -24.435   -17.530   19.103  122.800  233.098  269.632  254.165  229.651
  243.776  242.753  301.366  627.606 1254.335 1389.014 1010.776  393.748
  154.759   86.086   58.184   49.183   72.532   91.938  110.414  129.724
CT1741:280          -183.311  -119.958   -44.602    -5.316   -31.361   -42.261
   -16.993   21.711   71.782  187.392  316.601  342.685  281.251  250.520
  263.997  272.410  327.990  647.332 1190.598 1280.829  912.995  321.770
  115.181   68.240   48.904   39.892   73.545  101.219  117.713  132.547
CT1741:275          -180.656  -108.615   -46.604   -21.050   -39.204   -41.049
    -2.104   64.867  121.441  199.211  278.480  291.117  212.649  144.920
  180.244  276.370  344.323  386.365  416.860  405.978  250.236   23.347
   -71.387   -58.162   30.999   49.094   64.204   86.359  105.736  123.564
CT1741:270          -190.652  -131.764   -62.187   -21.326   -26.323   -20.627
   16.336   66.567  108.549  171.991  229.551  231.747  184.958  153.537
  149.150  182.295  217.757  123.802  -153.519  -216.738  -112.887   -63.576
   -79.011   -27.144   23.422   14.897   45.477   88.717  112.113  135.668
CT1741:265          -174.971   -95.988   -21.826   10.272   -20.643   -33.475
   13.645  103.470  154.829  169.261  174.006  164.262  127.688   91.440
   52.907   -13.752    -7.909   63.624  216.762  328.699  431.699  610.591
  607.085  366.986   74.276   -15.866   14.059   69.562  105.520  136.453
CT1741:260          -173.461   -85.194    -7.196   18.914   -24.780   -43.630
    7.488  116.446  170.119  161.832  145.333  119.524   57.017    2.332
   -78.079  -285.694  -337.204   -54.860  537.264  805.062  901.514 1005.565
  959.869  629.536  159.491   -10.138   18.970   74.467  103.167  135.467
CT1741:255          -194.256  -110.061    -3.570   45.843   -33.123   -84.911
   -29.795   98.203  149.761  136.478   90.015   55.783    -2.205   -72.333
  -157.092  -376.295  -433.163  -109.055  507.765  766.915  890.600  968.115
  913.751  593.465  144.756    0.753   41.625   93.628  108.475  134.978
CT1741:250          -174.796   -65.261   22.403   43.757   -24.120   -57.816
    -5.760  118.488  178.843  178.358  153.251  125.442   72.452    8.586
   -53.388  -150.629  -140.550   -33.522  180.520  323.689  451.400  547.265
  519.749  342.306   77.097   -38.754   -17.443   46.401   92.771  134.307
CT1741:245          -204.768  -106.597    -0.834   49.583    1.651   -38.546
    2.962   90.835  140.239  206.957  290.551  275.378  165.346   81.593
   39.475    -7.598   -10.183   -17.493   -94.308   -74.379   52.788  195.006
  208.766  108.804   -19.059   -62.150   -13.119   46.641   89.030  140.064
CT1741:240          -208.907  -138.030   -48.249    1.066   -18.456   -30.638
    -9.437   36.163   61.367   90.078  116.126   98.047   30.109   -37.956
   -43.119   -18.772    -2.041   13.706   24.412   62.696   57.459   70.301
   67.981    7.223   -51.310   -61.838   -20.671   39.142   90.742  145.350
CT1741:235          -172.603  -108.056   -51.272   -22.282   -28.629   -29.539
   -19.693    0.818    -3.625   -81.092  -209.024  -252.673  -223.757  -201.406
  -170.084   -79.140   -16.807   36.181  125.645  169.709  140.251   66.310
   31.803    -8.940   -55.582   -59.528   -10.079   47.901   97.512  151.404
CT1741:230          -157.843  -120.062   -78.422   -45.827   -32.262   -16.018
    -7.650    4.376   -10.226  -124.959  -299.237  -341.561  -274.854  -171.883
  -129.733   -87.215   -40.718   10.478   87.170  123.457  107.037   65.149
   41.354    2.858   -51.724   -54.277    0.361   60.523  106.745  150.696
CT1741:225          -140.689  -108.307   -72.778   -45.359   -26.764    -5.573
    -1.998    -8.097   -31.122   -97.065  -206.700  -239.165  -186.441  -113.192
   -83.289   -76.323   -68.498   -44.153   -24.157    -8.526    8.936   22.938
   16.213   -12.038   -48.385   -45.179    2.885   58.844  106.112  143.499
CT1741:220          -146.813  -109.012   -71.277   -40.956   -11.036   21.739
   21.743    -5.096   -40.441   -80.604  -119.702  -133.762  -111.854   -78.840
   -77.046   -98.485  -114.543  -101.459   -63.116   -28.652   -14.879   -10.362
   -11.137   -32.641   -62.451   -57.894   -13.148   39.358   87.946  137.140
CT1741:215          -131.285   -98.329   -62.809   -28.098    1.044   30.837
   26.340   -17.469   -58.549   -83.695  -106.326  -117.263  -101.807   -78.820
   -88.965  -156.283  -225.666  -208.628  -104.745   -17.991    -1.353   -22.228
   -26.962   -36.747   -56.122   -49.131    -8.250   36.027   74.218  112.649
CT1741:210          -136.545   -97.801   -57.214   -23.319    2.169   29.730
   15.829   -56.702  -112.986  -124.205  -110.014  -101.220   -84.588   -62.263
   -87.191  -210.749  -336.077  -314.424  -150.090   -24.515   11.234    -3.356
   -10.542   -17.586   -26.085   -20.956    -9.775   10.440   42.693   78.186
CT1741:205          -116.653   -88.268   -58.172   -28.493    -9.691    6.149
    -5.972   -73.190  -137.741  -143.769  -105.479   -85.150   -75.162   -57.786
   -98.899  -236.946  -384.289  -372.237  -195.152   -51.820    -7.209   -15.429
   -13.825   -15.333   -28.121   -25.610   -15.354    1.930   33.728   78.135
CT1741:200          -110.725   -83.536   -51.427   -23.124   -12.560    -4.943
   -23.955   -94.373  -153.057  -150.934   -98.353   -71.487   -70.490   -66.138
  -116.039  -288.041  -470.617  -470.504  -308.753  -158.818   -91.000   -54.976
   -29.000   -25.855   -38.475   -33.731   -13.349   10.620   40.670   88.153
CT1741:195          -125.788   -87.048   -43.377   -12.387   -15.645   -29.782
   -52.014  -115.418  -163.374  -157.117  -109.863   -96.304  -101.321  -106.988
  -193.911  -458.696  -721.992  -711.168  -446.796  -243.046  -156.706  -104.291
   -59.934   -49.860   -59.999   -43.256    -8.528   33.821   76.080  117.518
CT1741:190          -133.902   -90.229   -42.027   -12.200   -21.237   -41.568
   -66.465  -114.078  -143.606  -137.010   -92.941   -88.601  -116.897  -157.107
  -256.463  -473.235  -661.615  -657.446  -478.914  -326.691  -224.462  -137.535
   -73.087   -46.756   -49.105   -27.219   15.810   62.058  101.260  141.701
CT1741:185          -142.083  -102.402   -51.543   -15.847   -27.061   -46.729
   -64.635   -99.472  -121.562  -111.317   -63.621   -68.252  -116.541  -182.289
  -288.622  -491.315  -664.825  -659.273  -506.739  -373.491  -263.267  -134.061
   -42.865   -15.246   -31.692   -15.045   25.841   73.713  116.918  157.839
CT1741:180          -140.182   -87.343   -36.143   -11.189   -25.305   -42.380
   -53.851   -69.974   -80.521   -77.353   -52.270   -77.180  -150.898  -235.248
  -343.792  -544.468  -689.646  -701.291  -629.747  -536.117  -397.174  -185.639
   -60.233   -23.706   -30.825    -3.603   42.980   90.661  128.632  163.631
CT1741:175          -144.331   -99.452   -43.965    -7.177   -14.957   -29.817
   -35.903   -36.863   -42.272   -55.331   -59.019  -102.842  -226.130  -352.059
  -445.649  -589.716  -678.517  -687.347  -654.018  -584.979  -452.293  -222.017
   -87.261   -43.561   -30.306    4.886   41.824   80.803  117.714  152.024
CT1741:170          -146.199   -93.431   -38.380    -5.587   -10.238   -19.367
   -17.366    -5.389   -10.433   -42.120   -99.376  -160.489  -281.173  -410.857
  -470.672  -513.855  -538.298  -531.507  -507.999  -492.092  -386.269  -223.674
  -126.699   -74.331   -32.643   10.144   41.593   74.052  112.520  152.726
CT1741:165          -149.819   -90.849   -33.248    -0.841    -5.348   -11.673
    -7.268   18.764   25.424   -15.433   -63.871   -97.675  -226.676  -352.024
  -356.109  -255.168  -204.122  -212.626  -202.106  -175.844  -214.184  -216.280
  -168.523  -105.517   -29.817   24.022   58.859   86.843  114.953  144.939
CT1741:160          -164.458  -112.597   -44.463    0.794    -7.081   -18.409
   -17.413   -13.059   -19.467   -52.815   -96.619   -98.443  -120.401   -90.266
   -50.930  111.476  230.207  111.513  -200.695  -335.152  -325.374  -244.795
  -194.993  -117.095    0.276   56.123   79.254   98.825  123.255  145.417
CT1741:155          -144.557   -94.059   -44.647   -11.014    2.207   13.966
   20.022    1.891    0.933   -10.436   -58.279    -3.838  199.647  338.571
  394.823  449.512  405.094  299.112   23.175  -154.266  -121.103   -57.435
   -56.857   -45.601    -3.389   19.276   49.227   86.002  117.523  146.050
CT1741:150          -143.270  -109.288   -74.275   -41.499    -8.855   23.114
   51.019   65.857   95.983  165.440  233.881  347.375  795.802 1297.300
 1274.406  772.219  442.907  444.319  681.715  786.406  628.682  334.982
  204.067  136.456   37.976    -3.407   37.149   91.486  124.610  162.848
CT1741:145          -140.860  -111.388   -79.651   -47.465   -16.355   11.721
   53.911  116.750  178.084  297.455  496.830  638.454  874.124 1120.714
 1077.296  626.503  272.715  321.888  663.232  798.524  752.891  608.385
  489.223  310.985   51.718   -46.538   -12.187   56.764  113.887  170.087
CT1741:140          -134.671  -105.153   -76.934   -48.349   -18.803   10.892
   55.018  123.673  181.340  286.704  441.460  522.297  514.756  419.230
  384.957  258.132  116.299  158.015  395.145  516.705  539.995  496.772
  413.844  268.027   30.493   -63.277    -4.129   73.852  122.238  182.717
CT1741:135          -136.841  -107.224   -76.871   -46.187   -16.808   14.434
   48.029   97.724  131.742  112.585   57.582   44.579   -35.021  -114.020
  -114.888   -73.676   -22.357   10.496   93.696  172.375  198.851  217.438
  191.595  104.098   -28.884   -79.110   -33.050   52.154  126.125  198.367
CT1741:130          -140.776  -107.379   -72.868   -41.602   -19.108    4.630
   25.305   58.475   63.507   -93.740  -419.187  -526.724  -461.808  -321.858
  -259.616  -153.853   -56.054   -36.750   -69.853   -69.556   -40.404   42.575
   64.995    9.873   -63.625   -82.437   -16.589   69.544  134.395  207.222
CT1741:125          -142.444  -108.881   -73.248   -40.806   -14.489   13.236
   33.602   68.003   71.752   -81.191  -447.927  -575.136  -381.469  -142.483
   -74.802   -12.942   47.184   63.242    4.582   -33.308   -18.665   17.888
   17.327   -24.029   -76.266   -81.862   -26.608   57.183  132.806  206.437
CT1741:120          -136.787  -106.464   -74.538   -43.566    -9.369   25.110
   48.596   96.149  111.617   83.383   77.461   78.156   25.237   30.218
   61.659  120.043  187.738  203.063  204.891  222.231  159.684   48.135
    -1.612   -31.786   -70.056   -71.942    -7.285   73.243  134.301  200.092
CT1741:115          -129.498   -95.652   -64.635   -36.080    -5.188   23.814
   37.721   36.793   39.698   85.318  223.240  253.537  110.002   -49.456
   -48.757   45.382  102.777  145.401  168.554  154.794  142.182   97.738
   57.022    1.730   -80.189   -99.297   -39.341   51.911  133.481  211.735
CT1741:110          -122.852   -94.839   -72.072   -50.270   -28.882    -7.024
    -1.575   -49.631   -73.950   -61.181   -61.613   -93.591  -126.048  -219.397
  -220.333   -52.044  120.789  130.312  115.075  145.365  135.055  109.197
   85.329   23.113   -77.274   -98.907   -31.822   59.586  129.523  206.819
CT1741:105          -125.365  -106.597   -88.973   -71.035   -55.076   -36.745
   -20.931   -11.326    7.559    -7.858   -34.714   -59.080  -108.357  -111.910
  -139.528  -224.846  -270.881  -209.395   -69.631    0.632   44.060   88.337
   85.939   27.642   -77.130  -108.018   -55.892   30.389  108.815  185.882
CT1741:100          -133.382  -116.193   -96.332   -76.185   -65.244   -49.996
    -0.213   86.898  171.570  183.184  156.771  112.195    5.192  -131.992
  -199.526  -266.354  -340.367  -270.098   -46.400   71.213   98.057  114.425
  112.524   60.055   -50.591   -89.318   -42.673   29.509   90.478  158.111
CT1741:095          -130.997  -109.464   -85.977   -63.849   -56.273   -53.668
   25.293  169.220  290.254  435.420  642.322  638.418  345.713   -58.736
  -170.247   -16.541  148.772  124.079   70.222  127.438   81.283  104.724
  144.426   93.753   -40.445   -75.968   -35.129   27.178   77.850  137.465
CT1741:090          -131.355  -100.540   -77.202   -57.363   -55.779   -55.312
   55.254  322.146  513.484  766.537 1146.458 1185.287  715.957   35.735
  -127.035  131.011  361.232  258.252  -300.574  -680.725  -490.917   -29.051
  128.758   93.853    -9.111   -43.344   -11.580   44.861   93.672  144.903
CT1741:085          -129.304  -100.324   -70.273   -44.447   -24.337   -16.590
   91.409  420.415  705.034  951.932 1338.700 1424.232  912.594  105.661
   -98.118  129.922  344.520  288.408    -4.978  -154.836  -141.637    5.026
   79.846   60.406    -6.491   -29.767    8.725   64.869  105.837  147.236
CT1741:080          -119.366   -96.836   -68.094   -40.965   -12.081   -26.469
  -105.434  -250.297  -322.885    6.033  721.708  980.749  685.568  136.301
   -35.733   -27.567   44.153   72.354  229.482  377.223  321.895  155.094
   79.138   44.631    -2.637   -17.957   14.955   66.210  103.475  137.014
CT1741:075          -102.526   -82.252   -53.408   -48.814   -53.850   -43.766
  -250.095 -1110.174 -1711.042 -1409.254  -386.700  101.498  144.470   57.359
    -0.590  -268.590  -569.381  -474.239   32.392  328.883  325.505  195.126
  110.642   68.820   16.127    -5.383   20.283   57.292   83.639  111.239
CT1741:070           -92.921   -81.533   -52.470   -35.666   -99.436  -193.660
  -488.685 -1430.663 -2149.777 -1861.852  -782.161  -192.866   -68.288   -14.359
   50.894  118.492  270.127  301.400  193.383  117.961  115.560  173.887
  167.489  121.532   53.407   15.961   17.963   35.157   57.864   88.314
CT1741:065           -80.802   -59.446   -27.671   -17.883   -92.288  -204.175
  -384.082  -806.367 -1075.129  -984.182  -506.878  -113.297   -14.472   -32.566
   85.857  514.372 1007.230 1054.959  635.928  237.582  155.405  198.863
  200.757  155.802   81.724   42.850   40.022   44.410   53.400   77.011
CT1741:060           -78.169   -70.339   -43.014   -20.008   -87.128  -193.380
  -286.819  -351.012  -398.652  -302.734   -78.127   59.736   82.309   -27.420
   57.792  602.196 1264.678 1310.085  795.996  389.104  293.611  254.296
  216.424  172.058  102.917   57.581   48.418   45.500   37.983   29.653
CT1741:055           -49.967   -38.701   -23.435   -18.571   -53.882  -115.493
  -155.504  -128.634   -95.001   -48.825   27.560   72.032   70.048   -53.789
   -31.521  138.890  313.740  364.655  356.246  265.858  209.977  207.694
  185.216  151.001   96.916   62.581   55.994   54.297   43.701   19.264
CT1741:050           -70.165   -54.571   -42.816   -35.871   -56.413  -109.007
  -115.405   -61.257   -15.065   16.588   57.817   69.835   17.484   -96.313
  -101.466   -70.537   -16.116   26.470   46.230   99.004  129.938  183.807
  203.257  166.070   95.070   57.675   48.587   47.558   43.279   36.584
CT1741:045           -45.494   -33.878   -30.362   -38.674   -52.560   -75.803
   -90.135   -60.391   -13.424   13.564   28.414   27.591    -4.911   -92.181
  -136.942  -136.743  -103.240   -76.765   -31.517   16.029   53.225  123.045
  169.281  151.570   88.144   53.938   46.016   46.341   56.586   75.844
CT1741:040           -48.063   -45.624   -41.606   -35.946   -35.080   -50.019
   -49.589   -14.324   32.426   42.874   36.196   23.120   -11.337   -85.371
  -129.582  -154.244  -171.506  -160.266  -119.957   -64.675   -11.031   75.556
  138.854  131.830   80.260   47.725   38.149   39.320   49.625   67.699
CT1741:035          -100.559   -80.141   -56.859   -35.502   -27.077   -23.959
   -15.000   28.232   78.749   81.413   45.172    -2.863   -45.394  -101.322
  -152.686  -200.082  -245.072  -269.298  -291.360  -296.661  -223.474   -26.760
  138.756  157.061   72.672   41.564   40.621   49.903   56.502   55.833
CT1741:030          -122.476   -97.649   -70.676   -44.673   -23.595    -8.666
   11.267   48.721   91.519   77.974   14.060   -37.090   -78.500  -113.594
  -149.460  -239.425  -364.227  -400.405  -424.694  -410.039  -313.707   -80.768
  101.773  140.493  108.346   95.799   89.728   85.931   76.466   64.591
CT1741:025          -137.784  -114.829   -89.352   -63.512   -40.484   -17.151
    5.206   47.725   88.772   52.918   -76.258  -173.409  -194.964  -169.589
  -186.182  -274.843  -413.035  -453.371  -442.995  -426.459  -336.640   -90.783
  112.644  164.040  141.652  125.791  112.429   99.182   83.802   66.206
CT1741:020          -146.853  -127.623  -105.268   -77.485   -44.023    -4.343
   25.712   65.241   96.408   52.273  -111.345  -223.334  -221.967  -147.130
  -125.646  -151.219  -184.293  -201.118  -180.245  -119.945   -56.902   46.378
  142.920  174.306  150.908  142.479  126.223  104.017   85.767   67.206
CT1741:015          -150.578  -132.335  -116.458   -96.220   -54.931    8.536
   31.868   39.876   35.540   -11.234  -131.494  -207.351  -179.842   -81.625
   -44.460   -20.903   -12.530   -27.981   -63.951  -111.903   -59.922   61.660
  144.115  176.297  155.679  140.760  126.253  107.915   89.611   70.085
CT1741:010          -153.640  -131.180  -106.692   -74.529   -15.828   56.218
   71.908   15.993   -54.134   -95.543  -145.973  -172.052  -134.745   -35.203
    -2.704   -18.008   -21.831   -46.973  -144.446  -206.298  -152.449    0.832
  112.824  151.420  146.468  145.060  130.519  107.867   89.456   68.511
CT1741:005          -144.693  -116.285   -90.111   -61.593   -18.307   42.129
   49.025   -22.910  -101.291  -131.093  -140.206  -141.949  -111.892   -50.511
   -43.504  -117.773  -236.473  -276.294  -295.312  -295.421  -231.275   -65.117
   64.760  117.349  145.003  162.174  147.248  112.993   81.570   52.338
CT1742:360          -146.470  -109.810   -77.709   -45.505    -4.003   47.881
   49.651   -22.808   -98.128  -117.554  -102.645   -89.483   -71.269   -33.610
   -28.769  -106.080  -215.976  -246.282  -247.508  -227.668  -189.968   -77.822
   28.083   76.787  121.916  150.734  135.846  106.878   86.621   62.437
