
filled_synop: 30 data points in equal steps of sine latitude from +14.5/15 to  -14.5/15

CT1660:360          114.625  100.753   82.442   57.253   29.811   13.760
   10.112   16.147   31.530   47.915   44.313   56.001   41.971   23.910
   12.235    4.317   11.055   70.875  127.665   92.982   -36.976  -150.560
  -192.433  -201.046  -194.257  -172.411  -129.009   -80.107   -35.676    5.753
CT1660:355          113.094  104.618  100.852   65.919   -11.561   -40.053
   -14.578    6.284   52.355  211.495  291.579  240.203  103.331   55.945
   44.308   28.372   24.890   38.724   43.805   20.284   -30.020   -80.619
  -121.292  -177.538  -213.906  -194.069  -130.438   -73.792   -30.709   11.841
CT1660:350          124.666  118.086  102.185   51.619   -24.843   -50.108
    7.761   83.690  112.013  181.795  249.825  198.528  107.740   81.809
   59.148   26.179   17.460   20.233   22.104    3.023   -42.569   -93.097
  -122.452  -141.251  -153.251  -144.902  -116.491   -79.488   -40.929    -2.631
CT1660:345          133.256  122.733  102.411   56.730   -25.652   -53.746
   14.811  114.931   72.264  -230.494  -434.843  -327.331   -59.772   33.829
   32.189    9.808    5.117    7.995   18.402    4.625   -41.604   -86.259
  -109.491  -118.966  -123.019  -117.093   -95.824   -76.812   -56.088   -31.510
CT1660:340          121.469  104.241   81.157   21.878   -90.448  -128.663
   -28.187  104.244   38.706  -330.782  -599.874  -494.929  -132.798    7.729
   11.466   -12.921   -15.009   -12.426   -10.084   -15.588   -32.371   -57.057
   -74.445   -86.374   -98.315  -101.296   -87.901   -74.114   -63.150   -52.680
CT1660:335          104.043   87.225   72.776    1.514  -121.891  -153.491
   -45.988   98.193   83.554   -34.655   -70.450   -93.961   -38.497    8.766
   11.584   -10.537   -11.418    -8.088    -1.514    3.347   23.201   37.108
   16.489   -41.398   -92.970  -106.431   -92.129   -79.179   -71.638   -64.949
CT1660:330          113.216  102.504   86.729   26.898   -90.731  -107.279
   -18.386   60.620   68.323   57.589   25.805    5.978    0.487    3.639
    7.250    3.286    4.055    4.283    4.089   18.184   72.771  107.578
   80.382   -23.322  -113.946  -133.011  -110.550   -87.380   -75.769   -68.281
CT1660:325          137.785  114.784   83.473   35.261   -51.221   -49.001
  120.117  306.553  297.486  121.668    4.960   -21.206   -18.789   -24.635
    -9.347    7.543    6.563    6.288    -4.966   10.006   69.338  101.431
   79.586   -20.479  -114.958  -136.825  -111.492   -84.710   -72.225   -61.937
CT1660:320          124.207  106.372   77.659   33.618   -30.503    4.826
  250.516  496.718  485.405  220.344   41.111    -5.230    -3.526   -14.571
    -3.363   15.066    1.017   -12.428   -24.823   -21.373   17.641   57.247
   57.985   -21.523   -94.610  -110.877  -105.582   -99.625   -97.999   -97.122
CT1660:315           96.198   83.593   72.892   52.532   -23.450    -6.354
  317.343  703.972  692.833  307.656   82.130   39.907   46.179   27.299
   14.443   16.048   -29.680  -135.131  -168.181  -179.069  -147.314   -16.489
   13.827    3.160   24.962    2.890   -52.961  -100.585  -133.781  -161.909
CT1660:310          103.758   68.812   36.494    6.309   -26.931    0.357
  171.785  357.052  397.344  291.407  178.064  148.282   94.736   40.286
   10.913   -11.247   -84.729  -380.314  -741.432  -721.400  -458.544  -267.797
  -166.235   -20.256   73.061   50.645   -14.159   -78.362  -136.824  -191.598
CT1660:305          140.274   89.848   32.954   -22.447   -89.469  -134.840
  -127.321   -90.379    -4.130  256.897  439.640  369.317  143.168   42.146
   14.502    -3.358   -62.136  -264.642  -481.542  -437.997  -136.788  172.470
  248.485  208.619  134.631   52.734   -14.348   -76.065  -137.177  -196.490
CT1660:300          149.548   89.791   33.690   -45.358  -159.924  -240.257
  -391.802  -556.493  -467.811    -5.699  306.439  270.125   81.085   15.714
    7.338    5.879   -24.996   -88.905   -87.368   11.665  381.920  776.473
  792.844  442.974  117.663   14.356   -23.071   -68.167  -125.335  -182.362
CT1660:295          139.698   86.516   29.201   -56.799  -169.819  -270.659
  -462.221  -677.787  -661.878  -411.377  -225.003  -139.073   -60.523   -31.943
   -22.556    -7.865    -2.798   11.128   22.984  149.819  603.046 1022.807
 1019.120  593.466  149.709    1.400   -41.419   -80.293  -130.223  -177.608
CT1660:290          119.995   78.837   36.547   -20.784   -94.812  -159.281
  -217.987  -263.200  -260.285  -220.053  -159.957  -120.572   -78.194   -46.371
   -25.515    0.001   14.087    6.590    -1.340   80.062  258.278  384.233
  416.688  293.868  110.890   11.284   -38.093   -77.143  -123.198  -171.133
CT1660:285          123.308   79.540   36.231    -8.905   -58.640   -99.736
  -111.015  -116.210  -106.759   -73.128   -31.455   -24.138   -39.320   -33.986
   -17.354    8.375   19.846    5.960   -10.636   10.340   38.005   78.820
   90.657   83.933   79.047   38.844   -16.589   -70.323  -123.711  -177.435
CT1660:280          125.553   81.602   37.673    2.947   -25.054   -47.557
   -42.577   -32.399   -18.917    7.066   26.058   20.624   -15.661   -27.875
   -15.823   11.538   21.680    8.319    -9.757    -4.082    0.521   19.791
   36.169   68.054  103.560   77.161   11.398   -57.362  -122.746  -189.073
CT1660:275          129.027   90.658   51.804   24.888    -1.671   -18.710
   -12.626    -4.390   14.004   43.594   48.689   41.792    4.171   -19.065
   -21.623   -12.566    -7.870    2.893   13.027   17.912    7.688    4.230
   23.264   80.876  128.886  105.413   30.778   -45.303  -118.500  -198.206
CT1660:270          140.405   93.822   43.021   20.096   15.037   10.818
    8.773   12.090   43.025  126.400  172.903  139.813   38.733   -13.312
   -28.565   -31.394   -31.510    -9.826   16.525   26.376   26.637   33.868
   53.232  101.188  143.761  120.310   42.897   -42.592  -123.147  -206.263
CT1660:265          146.125   91.562   37.335   13.978    6.476    6.833
    8.582   11.385   52.980  201.327  296.317  234.518   72.245    -0.520
   -21.807   -25.038   -29.940   -26.898   -16.489    -6.519    1.668    7.999
   32.962   88.927  127.193  102.640   19.562   -64.634  -137.926  -212.198
CT1660:260          136.138   77.581   29.962    9.553    7.363   16.201
   44.058   77.243  111.829  182.864  212.427  176.819   78.297   18.261
   -12.121   -39.415   -52.436   -49.093   -46.818   -36.656    -8.029   19.849
   44.753   92.664  135.207  109.994   22.653   -67.553  -145.565  -219.784
CT1660:255          156.992   99.080   36.015   10.144    5.496   26.632
  105.190  192.493  215.644  198.926  165.751  133.646   78.310   35.934
    5.389   -25.208   -39.888   -34.734   -24.904   -19.519    -6.306   14.853
   39.022   86.468  125.450  100.778   15.037   -74.513  -152.498  -229.295
CT1660:250          162.213  102.137   34.842    8.912   -12.342    2.604
  141.903  319.454  331.876  225.792  145.815  105.242   61.463   34.733
   23.714   13.524    2.025    -8.721   -18.746   -21.716   -26.229   -29.074
    -4.578   66.140  120.566   94.810    0.513   -91.568  -166.679  -240.794
CT1660:245          134.036   76.366   29.295   10.932    5.294   29.568
  164.256  329.298  320.401  144.724   19.362    -5.439   17.078   26.219
   34.653   45.228   36.078    1.652   -38.837   -53.278   -64.747   -72.636
   -49.183   20.444   84.437   71.484    -3.922   -81.555  -146.988  -208.888
CT1660:240          133.599   86.719   40.444   26.884   34.685   54.318
  132.982  227.470  190.386   -41.414  -213.513  -190.802   -54.135    3.228
   20.280   33.900   25.490   -14.556   -63.818   -84.122   -95.907  -102.670
   -78.005    -9.247   55.246   51.037   -10.552   -70.861  -121.641  -172.092
CT1660:235          133.017   86.294   31.095   17.979   49.533   60.169
   58.231   54.104    4.006  -159.738  -266.899  -235.389   -88.674   -20.225
    -6.053    -2.450   -14.825   -54.511   -98.889  -119.588  -125.774  -117.279
   -89.276   -25.322   34.365   34.715   -17.719   -69.645  -113.638  -159.169
CT1660:230          123.753   67.528   24.176   21.130   65.196   75.584
   14.767   -72.419  -123.380  -183.417  -208.213  -180.590   -78.803   -24.446
   -14.989   -19.650   -39.625  -100.760  -169.466  -190.869  -178.611  -149.380
  -110.592   -32.887   41.567   45.678    -7.779   -58.701   -99.395  -140.139
CT1660:225          143.186   81.605   31.447   24.725   65.845   68.393
   -20.190  -137.760  -177.606  -164.624  -148.698  -120.759   -48.300   -21.278
    -5.735    -9.784   -33.157  -121.419  -223.055  -247.217  -216.960  -166.597
  -122.797   -44.420   31.538   41.219    -0.263   -48.499   -89.036  -127.091
CT1660:220          185.988  121.968   41.073   18.237   60.896   67.812
    -2.166  -111.434  -142.218   -81.390   -89.333   -57.329   -20.245   -43.459
    5.874    -8.938   -30.377  -124.478  -253.020  -276.651  -225.781  -166.449
  -122.653   -38.722   35.079   40.649    -5.494   -48.924   -84.294  -123.167
CT1660:215          157.618  105.177   61.329   54.755   75.454   83.300
  132.418  210.441  161.701  104.675   72.732   -89.328  -279.498  -206.650
  -200.798   -35.617   59.635    -3.371  -115.021  -141.841  -117.668   -74.341
   -46.422    -0.873   40.082   41.861    5.082   -39.807   -78.628  -115.689
CT1660:210          165.225  140.562  113.886  105.105  110.723  110.027
  194.395  337.759  177.683  -473.872  -942.570 -1122.568 -1528.084 -1667.903
-1010.922   -40.184  213.078  127.372   -22.296   -69.885   -72.902   -57.998
   -45.651    -7.572   27.948   29.326    -3.834   -36.978   -65.882   -99.499
CT1660:205          155.437  136.417  112.169  110.674  140.527  145.733
  126.443   97.317  -131.573  -989.864 -1701.404 -1526.067  -820.367  -488.637
  -141.933  295.217  401.879  243.945   19.493   -65.554  -101.299  -124.000
  -117.483   -58.563    -1.915    8.376   -13.852   -40.744   -63.589   -86.706
CT1660:200          113.823   98.435   92.340  106.878  157.511  159.516
   47.334  -137.815  -289.887  -616.795  -804.226  -397.162 1056.319 1859.597
 1451.259  692.743  467.513  270.538   28.781   -78.496  -121.474  -157.945
  -157.997   -90.367   -15.251    1.887   -21.824   -49.869   -70.940   -90.301
CT1660:195          103.354   94.428   79.924   90.594  163.449  175.818
   72.001   -78.686  -123.005   -30.922  163.690  464.872 1157.861 1437.329
 1227.690  529.836  247.856  155.097   81.385    -3.613   -96.388  -172.379
  -180.301  -106.639   -21.890    -7.870   -38.128   -66.419   -82.384   -97.777
CT1660:190           96.593   88.571   86.877  110.486  162.329  164.908
   80.601   -55.338   -77.465   14.353  109.922  286.812  512.347  570.302
  507.557  224.255   63.998   44.097   69.376   19.308   -76.477  -179.639
  -192.515  -119.247   -37.869   -22.156   -42.395   -66.561   -84.178  -100.178
CT1660:185          101.598   87.750   75.708   85.977  143.179  158.207
   69.413   -75.093  -103.235   -31.584   49.789  112.565  155.608  176.576
  148.890  105.548   63.818   42.620   63.783   38.969   -23.283   -86.730
  -102.280   -74.307   -33.662   -28.685   -47.065   -67.100   -85.496  -104.606
CT1660:180          116.627   95.828   68.308   75.816  134.950  153.823
   76.344   -58.407   -75.715   10.179  114.574  133.482   90.708   69.279
   53.772   69.263   64.211   45.702   35.876   21.166    0.649   -24.120
   -32.612   -22.914   -11.547   -19.074   -41.331   -63.331   -86.256  -113.076
CT1660:175          106.647   71.037   49.510   60.788  118.536  139.321
   90.384    -5.401    8.744  109.645  206.368  200.848  123.418   73.388
   40.954   47.293   40.646   33.540   33.135   29.064   21.811   22.080
   20.979   19.902   15.927    -0.704   -29.341   -60.300   -91.996  -126.000
CT1660:170          129.976   90.648   46.280   43.695   93.089  110.223
   93.448   71.696  138.781  313.381  408.789  400.521  218.475   73.552
   20.866   27.276   14.965   11.069    6.953   12.171   36.596   60.509
   62.874   56.226   42.208   14.925   -22.682   -61.123  -100.697  -142.118
CT1660:165          123.594   89.122   54.501   48.080   65.738   63.727
   20.561   -68.263   35.345  588.877 1083.529  987.889  398.641   68.044
    3.497   25.984   17.007   16.787   18.034   30.562   76.936  128.219
  131.661   93.546   44.440    9.495   -33.704   -75.116  -109.015  -140.651
CT1660:160          123.397   94.130   67.991   48.933   46.556   27.501
   -44.276  -177.057   -54.865  596.593 1181.911 1130.228  490.258   78.431
    4.051   34.257   29.614   35.370   51.768   69.775  112.856  166.371
  173.297  133.257   78.743   36.106   -13.884   -63.334  -106.692  -145.715
CT1660:155          133.844  106.855   82.623   62.622   53.285   16.952
   -97.166  -264.588  -185.181  350.859  884.174  864.992  388.696   89.629
   22.464   33.608   24.444   25.367   31.567   47.705   96.314  153.443
  167.500  145.266  108.250   69.959   15.573   -40.112   -93.777  -146.481
CT1660:150          149.223  120.003   97.170   80.374   77.153   29.302
  -160.967  -457.785  -449.432  -107.642  203.967  268.347  166.414   68.664
   24.549   18.449    3.978    -3.549   -20.248   -10.136   49.210  117.385
  139.839  140.191  130.447  102.733   46.330   -19.546   -84.069  -149.469
CT1660:145          166.145  136.788  102.995   76.352   96.603   71.074
  -159.378  -583.132  -631.332  -314.187    -9.408   41.459   18.772   12.448
    1.832   20.828   19.785    -6.513   -33.030   -27.438    8.832   57.364
   83.979  117.689  143.671  122.246   52.438   -19.178   -80.332  -144.415
CT1660:140          149.265  120.302   96.327   84.145  100.084   64.901
  -106.654  -360.294  -403.942  -235.454   -45.809    -6.676   -29.640   -32.837
   -21.819    6.768    9.730   -16.018   -57.023   -61.929   -33.364    2.979
   30.124   74.059  115.779  104.879   48.037   -17.457   -77.507  -137.215
CT1660:135          131.389  106.050   86.480   76.500   88.647   71.841
   18.160   -30.552   -46.026   -68.443   -49.461   -29.728   -37.361   -35.095
   -23.119    -0.191    1.699   -18.061   -52.667   -64.257   -61.917   -56.953
   -31.479   34.936  103.634  105.726   48.434   -18.340   -78.553  -140.420
CT1660:130          125.235   98.350   69.019   51.814   55.921   38.625
   41.871   69.837   58.702    -4.506   -56.517   -51.432   -35.743   -20.861
   -15.505    -4.123    -5.218   -19.007   -38.893   -54.080   -77.390   -90.976
   -68.208    9.647  101.200  106.264   39.761   -31.261   -89.866  -154.064
CT1660:125          121.371  101.452   80.318   65.434   60.019   49.304
   21.954   -32.617   -57.880   -60.662   -76.708   -73.898   -40.491   -20.623
   -15.517    -4.915    -8.404   -31.994   -57.299   -76.646  -125.278  -169.908
  -148.096   -49.606   62.775   77.872   22.253   -44.323   -96.985  -147.046
CT1660:120          117.560  104.540   88.121   68.651   42.754   25.135
   18.172   11.543    6.845    -3.663   -23.822   -30.753   -18.324   -14.371
   -17.812   -19.557   -30.668   -65.231  -128.590  -154.823  -157.487  -162.632
  -138.209   -56.238   38.999   52.891    3.660   -49.317   -89.559  -129.079
CT1660:115          109.982   96.470   87.370   66.854   12.345   -16.524
   30.290  121.285  140.846  107.432   62.242   38.452    2.755   -20.215
   -22.442   -12.375   -19.710   -49.798   -88.707  -102.789   -88.651   -64.704
   -41.924    -2.365   32.237   32.630    -8.881   -52.089   -86.228  -122.970
CT1660:110          123.155  103.172   79.370   44.892   -23.158   -58.315
   31.105  241.427  296.724  206.827  110.831   78.686   33.828    2.819
    -2.578    6.506    -3.059   -29.446   -59.001   -74.593   -48.336   13.095
   34.541   32.733   31.345   28.231    -9.565   -55.041   -91.177  -124.930
CT1660:105          132.250  100.565   68.528   31.423   -26.967   -62.123
   -70.005  -112.397  -113.783   -18.416   35.081   34.935   16.221    5.409
    8.576   32.826   25.706   -34.204  -133.371  -182.383  -210.457  -241.051
  -222.678  -116.218    5.717   32.332   -16.797   -71.632  -105.107  -137.620
CT1660:100          128.237   88.438   53.713   14.884   -31.631   -72.358
  -108.762  -147.436  -143.711   -95.068   -32.810    -6.291    1.396    6.221
   15.933   43.174   39.068   -19.165  -114.734  -178.190  -274.497  -367.432
  -357.472  -220.055   -14.848   37.715    -6.726   -56.777   -93.068  -131.972
CT1660:095          140.019   94.089   48.119    0.768   -44.782   -95.418
  -159.313  -232.103  -233.454  -143.798   -25.633   23.702   22.066   15.545
   22.018   37.314   30.191    -7.809   -50.106   -99.986  -288.604  -492.990
  -492.063  -296.440   -29.319   31.672    -8.589   -56.596   -96.370  -139.318
CT1660:090          153.829   96.829   40.497   -13.650   -57.231  -109.057
  -224.478  -424.528  -448.489  -223.712   34.775   91.943   43.533   21.439
   24.937   29.639   24.970   -18.785   -69.345   -90.006  -242.945  -476.509
  -471.080  -233.513    -4.996   14.389   -33.972   -77.852  -115.702  -158.311
CT1660:085          154.386  103.385   55.517    -2.639   -72.224  -137.758
  -261.340  -474.772  -507.142  -310.020   -74.702    -9.566    0.823   17.208
   20.794    -2.010    -4.775    -0.222   -37.773   17.160  323.897  648.709
  680.896  450.921  109.743   -19.377   -59.310   -88.821  -125.381  -159.791
CT1660:080          182.060  124.953   63.175    0.807   -71.323  -133.930
  -200.230  -272.726  -283.945  -278.570  -280.426  -227.553   -76.446    7.490
   15.926    -0.285   10.300   88.046  256.193  390.250  694.027 1196.984
 1232.291  744.269  176.373    -7.208   -54.033   -90.710  -143.056  -189.914
CT1660:075          187.132  128.875   62.464    7.123   -47.475   -85.734
   -66.589    1.254   22.179   -33.058   -95.377   -89.402   -31.452   14.835
   15.874    -6.544    -3.615   25.919   46.286  116.289  325.810  511.854
  518.702  384.752  163.440   39.333   -25.440   -80.533  -141.422  -195.759
CT1660:070          171.088  106.523   44.786    6.889   -29.335   -47.310
   44.377  257.845  321.916  229.290   99.632   65.356   35.462   14.974
    4.828   -20.753   -29.499   -23.553   -22.348   27.083  118.034  208.001
  237.763  211.738  150.794   79.865    5.875   -64.368  -134.350  -202.534
CT1660:065          165.539  114.734   50.644   14.341   15.101   21.005
  113.822  342.880  411.556  311.474  163.366  117.714   68.793   32.113
   12.813   -10.929   -22.328   -37.062   -63.039   -35.013   41.102  152.018
  186.958  177.522  177.047  127.991   35.881   -51.801  -125.942  -198.374
CT1660:060          154.524  100.080   35.703    3.409   18.181   40.768
   88.693  157.792  177.317  156.170   94.600   66.593   43.131   18.854
    8.228    5.885    0.401   -18.075   -56.462   -45.451   23.210  118.787
  153.805  151.003  135.895   99.586   37.679   -34.758  -108.069  -181.698
CT1660:055          136.739   80.793   27.113    -8.145   -17.442   -20.587
   -33.490   -70.878   -85.219   -43.059   13.298   17.181    1.609    -9.787
    -5.709   16.035   23.295    2.210   -34.477   -31.560   23.437  111.323
  144.891  133.862  110.055   77.536   17.416   -42.765  -100.398  -163.305
CT1660:050          139.689   87.121   34.028   -11.401   -59.116   -95.456
  -116.475  -140.885  -140.279  -120.205   -77.044   -60.377   -34.510    -5.546
    -1.965   -14.780   -26.359   -31.540   -38.299   -34.996   -12.908   30.634
   55.999   61.883   65.747   53.087    7.562   -47.228   -99.764  -152.683
CT1660:045          149.412   96.288   39.803    -8.780   -56.078   -92.019
  -102.119   -93.732   -97.482  -105.394  -128.709  -123.740   -58.698    4.609
    4.295   -37.594   -63.464   -70.590   -81.369   -88.006   -98.373  -127.535
  -114.920   -44.280   38.539   42.670    -5.375   -56.672   -99.280  -146.615
CT1660:040          150.833  100.163   46.738   14.151    -0.595   -14.065
    -4.276   48.996   60.353   -17.701  -112.315  -117.419   -61.942   -18.376
   -13.326   -22.191   -31.911   -57.333   -96.957  -112.769  -115.053  -105.739
   -86.573   -48.196   13.667   24.209   -12.530   -60.030  -102.240  -145.371
CT1660:035          128.166   87.205   45.572   19.249   23.324   25.293
   26.297   33.407   22.566    -8.744   -52.025   -59.614   -47.144   -31.968
   -15.126   12.351   14.440   -22.378   -80.332  -104.004   -77.832   -13.096
   12.596   16.355   22.388   17.015   -21.929   -66.010  -101.050  -136.165
CT1660:030          120.809   88.683   54.468   33.298   34.106   34.440
   27.049    8.852   -10.302   -21.361   -29.547   -29.129   -17.662    -1.525
    6.245   19.465   16.062   -24.496  -100.959  -135.661  -121.735   -87.081
   -64.061   -36.819    -4.689    0.797   -26.754   -61.859   -92.903  -123.793
CT1660:025          119.842   87.814   57.137   36.289   31.827   26.572
   14.140    -5.620   -21.138   -24.875   -24.730   -18.764    -5.292    9.093
   13.428   11.256    -0.163   -33.256   -90.715  -124.371  -145.087  -165.252
  -158.269  -103.879   -35.859   -19.047   -36.648   -59.460   -80.770  -107.786
CT1660:020          138.913  106.854   67.999   42.156   38.050   31.357
   17.569    -1.140   -12.254   -15.403   -16.951   -11.710    3.616   14.332
   14.569   12.155    4.779   -22.431   -64.870   -92.330  -118.763  -146.920
  -147.481  -110.806   -56.776   -39.511   -48.328   -60.051   -69.109   -80.816
CT1660:015          138.668  104.759   69.823   48.694   48.038   41.388
   21.597    -7.334   -18.781   -13.729    -0.759    7.579   17.808   23.085
   21.278   15.904   10.228    0.021   -10.875   -28.025   -55.249   -91.718
  -105.353   -88.061   -60.796   -50.595   -53.744   -61.292   -69.902   -80.771
CT1660:010          130.857  112.566   97.792   83.808   74.956   61.417
   31.350   -29.430   -51.062   -22.048   30.827   43.429   31.925   30.151
   25.245   16.294    9.501   18.689   38.122   26.887    -6.068   -54.212
   -78.910   -80.810   -72.174   -70.308   -73.864   -79.780   -83.079   -87.334
CT1660:005          124.758  108.314   89.634   74.124   70.355   61.463
   28.844   -35.910   -56.881   -20.370   33.091   48.712   37.799   22.254
   19.191   38.130   48.811   52.757   71.482   58.923    6.781   -80.731
  -117.486  -111.270   -90.293   -83.208   -83.368   -86.216   -82.272   -73.098
CT1661:360          100.641   88.158   79.449   69.753   64.425   52.601
   24.477   -34.032   -43.855   16.684   85.853  104.337   83.248   44.422
   29.313   35.688   37.477   39.855   66.185   58.230    -9.739  -114.172
  -151.593  -138.546  -105.009   -93.023   -88.605   -84.857   -75.545   -64.019
