
filled_synop: 30 data points in equal steps of sine latitude from +14.5/15 to  -14.5/15

CT1766:360          -180.919  -140.433  -100.296   -59.866   -16.631    6.812
    7.249    5.824    7.890   13.681    7.462    8.812   26.576   42.912
   89.557  139.394  104.071   -85.533  -216.374  -218.714   -96.936   29.519
   68.951   48.670   30.458   40.846   83.919  124.243  150.335  174.507
CT1766:355          -170.355  -135.462   -97.049   -46.087    9.050   31.924
   14.443    -1.385    -1.667    1.176    4.632   35.425   84.258  110.923
  151.486  182.530  184.843  161.385  138.244  169.247  341.852  501.041
  480.146  242.649   40.264   11.612   52.896   98.919  131.241  154.254
CT1766:350          -173.476  -141.699  -107.662   -59.069   12.823   38.999
   13.117   -12.914   -11.950    -0.835    7.051   28.230   53.375   75.808
  132.319  178.611  204.388  231.265  241.616  302.251  474.825  582.445
  545.678  313.409   74.218   21.193   70.634  106.096  123.890  140.586
CT1766:345          -174.036  -141.708  -101.754   -45.547   15.174   36.118
    5.236   -18.206   -10.976   11.865   19.053   16.474    -2.658    5.295
   71.693  148.354  187.471  208.916  225.382  293.007  460.831  570.435
  520.357  280.271   68.738   19.283   51.433   95.138  126.526  150.149
CT1766:340          -170.836  -139.975  -109.681   -68.796   -15.936    3.034
   -29.107   -54.379   -31.019   45.745   63.988    7.301   -72.359   -80.544
   -42.961   21.789   67.704  112.730  158.266  216.369  303.492  344.017
  315.023  174.677   47.601   22.444   70.153  109.923  133.138  158.943
CT1766:335          -173.665  -131.245   -90.989   -58.272   -28.967   -15.038
   -25.977   -33.751   -21.580   29.687   33.249   -69.148  -240.699  -277.856
  -214.251  -150.219   -98.404   -14.780   55.115  101.223  145.044  176.214
  166.422  110.854   61.605   49.469   69.737   93.762  111.388  127.434
CT1766:330          -190.157  -144.065   -95.867   -55.184    -8.145   11.128
    -0.504   -10.862   -18.049   -28.467   -52.945  -104.231  -172.542  -191.394
  -168.967  -112.913   -79.605   -43.456    6.549   37.250   56.752   78.380
   83.731   81.807   81.609   80.352   85.391   90.701   98.668  107.858
CT1766:325          -174.264  -128.381   -84.940   -42.481    1.849   21.410
   14.059    4.443   -10.215   -32.153   -54.864   -90.381  -122.743  -134.290
  -139.820  -128.020  -103.379   -67.273   -29.250    -3.763   14.258   33.795
   41.527   43.853   47.988   56.528   73.004   87.476  102.511  119.699
CT1766:320          -166.919  -124.718   -83.506   -44.228    -4.716   13.425
   11.079    4.707   -13.432   -45.277   -68.547   -96.761  -133.258  -144.469
  -134.656  -130.119  -112.055   -76.414   -49.575   -30.385   -16.919    -6.467
    0.809    5.532   13.654   28.499   53.081   81.990  112.140  143.319
CT1766:315          -166.023  -122.413   -78.718   -44.119    -8.161    8.318
    0.572    -9.810   -26.165   -59.474   -79.552   -83.987   -84.762   -84.912
   -73.114   -54.252   -45.075   -35.345   -15.910    -8.234    -7.530    -0.023
    0.376   -19.915   -28.649    -6.769   38.564   83.342  122.774  165.860
CT1766:310          -159.436  -117.681   -78.752   -44.210   -11.333    4.290
    -2.514   -11.636   -21.959   -41.530   -49.966   -42.709   -23.864   -18.930
   -18.795   -14.831   -15.554   -25.421   -28.719   -23.402   -10.924    -0.408
    -1.104   -22.417   -32.935    -9.644   39.209   92.909  140.540  184.326
CT1766:305          -161.576  -121.932   -83.155   -51.660   -20.927    -3.814
    -1.747    -1.668    -8.747   -29.139   -33.524   -14.634   15.936   22.306
    5.694   -20.713   -27.606   -35.700   -48.820   -46.319   -28.310   -17.542
   -15.174   -25.700   -27.730    1.279   60.171  114.851  158.537  201.139
CT1766:300          -165.616  -127.567   -89.172   -56.977   -27.496   -10.702
    -8.197    -6.891    -7.725   -17.003   -15.762    7.668   41.249   50.298
   43.375   34.309   22.044    -3.323   -20.058   -24.660   -17.259    -9.059
    -6.060    -8.895    -6.130   17.376   58.634  102.180  143.327  183.500
CT1766:295          -180.485  -132.426   -81.854   -55.313   -35.654   -19.076
   -12.353    -6.109    -1.678    2.437   14.577   27.335   45.454   54.518
   61.852   60.197   45.902   11.732   -18.193   -27.652   -23.015   -17.907
   -14.841   -14.567   -10.111   12.935   50.702   87.038  123.096  162.177
CT1766:290          -161.782  -125.008   -90.900   -65.288   -42.968   -25.885
   -18.013   -10.700    -1.941    -1.351    5.153   28.946   59.214   69.741
   68.621   65.778   49.535    6.586   -32.953   -44.428   -36.248   -29.367
   -26.289   -23.842   -18.327    5.727   48.970   94.262  134.202  171.308
CT1766:285          -151.910  -124.302   -96.061   -71.942   -49.957   -30.409
   -12.249    7.123   22.408   33.378   47.898   62.939   83.897   93.811
   86.471   75.366   58.332   23.656    -9.113   -24.889   -25.448   -22.990
   -24.429   -26.709   -24.123    1.237   51.676   96.888  134.170  169.356
CT1766:280          -146.611  -118.672   -91.940   -70.074   -52.255   -33.167
    -9.374   17.716   43.703   73.096   99.245  117.072  130.218  135.351
  126.711  106.822   88.376   65.719   42.546   23.719    6.080    -9.272
   -18.977   -27.088   -29.735    -9.521   32.489   77.630  121.125  164.189
CT1766:275          -145.009  -111.121   -80.344   -63.674   -65.907   -50.574
   -16.088   21.782   55.964   98.221  132.939  163.590  191.737  197.211
  190.015  166.376  147.505  120.218   86.733   67.329   42.401   11.527
    -7.378   -25.925   -38.196   -19.884   24.503   68.380  114.849  165.702
CT1766:270          -177.220  -128.208   -87.051   -72.991   -70.544   -51.056
   -19.646   11.311   54.775  123.334  160.850  199.975  241.015  237.265
  202.972  162.927  151.328  151.027  143.880  131.628   94.831   51.839
   24.960   -17.396   -51.943   -38.114   13.867   70.568  122.723  173.625
CT1766:265          -204.604  -149.131   -90.227   -55.280   -20.965    5.686
    5.484   15.946   68.681  172.774  206.666  190.429  162.079  134.102
   65.542   27.278   34.920   96.015  154.734  156.493  126.773  101.597
   68.910    -7.263   -57.459   -40.703   27.920   89.214  137.192  184.853
CT1766:260          -181.638  -117.260   -63.756   -33.554   -17.151    4.230
   22.809   41.802   87.501  195.795  230.936  103.141  -126.324  -202.099
  -185.977  -173.761  -140.245   -39.872   34.045   61.739   78.033   73.428
   49.709   -13.390   -63.898   -50.815    8.771   75.179  131.372  178.492
CT1766:255          -176.201  -108.531   -51.623   -20.022    -9.970    6.601
   34.003   62.579   77.689   86.023   64.443   -30.516  -204.503  -275.519
  -249.934  -180.730  -138.852   -83.960   -22.407    9.827   37.586   56.313
   43.485    -6.069   -48.817   -35.043   23.149   74.602  119.057  165.027
CT1766:250          -189.853  -126.302   -58.772   -23.340   -10.634    4.613
   29.636   55.894   44.910    -9.328   -63.190  -106.294  -141.045  -157.675
  -155.891  -114.423   -80.990   -62.489   -36.534   -10.539   15.744   37.574
   33.066    -0.044   -25.477   -16.260   18.752   62.479  107.591  145.415
CT1766:245          -178.295  -112.594   -52.140   -21.705   -11.429    1.607
   17.574   29.483    2.051   -84.665  -147.260  -159.348  -134.542  -118.843
   -97.585   -72.133   -53.649   -42.408   -29.862   -12.796    6.336   24.157
   23.767    3.279   -12.331    -2.700   25.790   53.200   78.141  101.164
CT1766:240          -155.800  -103.830   -57.272   -28.743   -17.731    -9.465
    -7.043   -15.268   -35.801   -90.011  -131.552  -128.818   -97.999   -76.255
   -63.091   -57.124   -52.474   -39.297   -16.944    -0.570    7.463   12.220
   13.911    4.618    -6.728    2.757   32.235   63.025   90.090  110.808
CT1766:235          -161.260  -107.952   -58.153   -32.334   -25.291   -21.353
   -28.033   -43.852   -61.767   -87.203  -101.037   -86.237   -34.408    -0.729
    -2.508   -34.933   -43.750   -30.117    -7.478    5.154   15.303   23.369
   23.111    8.293    -7.351    1.117   30.408   60.819   90.241  121.262
CT1766:230          -172.812  -130.286   -82.783   -52.879   -41.333   -34.129
   -40.060   -54.070   -67.131   -91.736  -104.499   -73.835   11.438   54.669
   40.611    -7.334   -25.086   -18.140    -1.622    8.561   18.895   28.294
   27.665    6.348   -13.705    -4.231   23.756   56.386   91.718  128.508
CT1766:225          -173.576  -134.634   -96.934   -72.709   -58.030   -49.322
   -53.872   -62.316   -73.899  -108.592  -127.148   -91.983    -7.606   37.836
   33.120    -2.123   -16.239   -19.533   -20.656   -12.476    8.862   28.591
   30.208    5.982   -22.094   -10.939   30.307   73.975  114.487  151.565
CT1766:220          -189.122  -150.846  -115.008   -92.756   -75.409   -63.537
   -64.185   -68.090   -78.415  -107.345  -120.249   -98.567   -45.518   -15.474
    -4.320    -2.552    -6.224   -18.589   -32.441   -27.765    -2.316   24.308
   28.145    6.434   -15.862    -0.787   42.856   84.123  120.246  156.690
CT1766:215          -197.998  -166.195  -130.899  -106.607   -83.586   -68.367
   -63.531   -60.442   -61.921   -69.898   -70.700   -61.717   -43.002   -28.906
   -18.079    -5.663    -6.451   -21.613   -28.255   -23.516    -5.659   15.854
   22.292   14.763    9.446   24.177   53.704   86.152  119.340  153.756
CT1766:210          -194.373  -154.168  -120.044   -96.179   -75.947   -59.307
   -47.793   -39.779   -35.064   -34.671   -34.135   -28.835   -29.498   -28.885
   -25.879   -28.821   -29.174   -41.427   -47.303   -41.866   -20.784    3.722
    6.505    -0.269    -3.395   16.800   57.562   94.925  128.552  162.472
CT1766:205          -204.466  -149.517  -100.670   -76.400   -61.197   -46.162
   -27.739   -11.768    -7.532    -2.136    4.882    8.039   13.756   11.820
   -12.564   -29.779   -22.200   -15.407   -23.907   -11.650    -2.094   -12.412
   -17.572   -15.667   -11.995   11.630   54.435   97.762  134.156  166.284
CT1766:200          -206.779  -143.506   -78.137   -47.962   -31.633   -18.257
   -22.324   -30.072   -26.622   -22.194   -20.373    -4.339   17.704   16.039
   -31.116   -76.368   -41.672  121.197  236.838  222.295   97.342    -1.550
   -16.408    -5.727    4.119   27.663   66.251  102.917  131.766  159.140
CT1766:195          -180.142  -121.310   -71.355   -38.297   -13.286    -1.075
   -12.422   -23.143   -27.810   -37.432   -39.915   -28.029    -9.787   -10.324
   -48.481   -93.324   -58.519  142.855  324.122  291.986  111.822    -5.166
   -23.904   -11.104    8.464   34.075   62.736   90.492  120.142  151.128
CT1766:190          -158.065  -108.861   -68.374   -42.170   -23.508   -10.681
    -7.581    -8.194   -17.295   -40.696   -48.894   -44.127   -31.616   -29.567
   -41.859   -51.084   -42.356    -3.219   23.454    3.643   -81.220  -139.635
  -131.626   -64.873    3.834   41.939   65.489   89.879  118.811  150.284
CT1766:185          -164.121  -118.139   -73.175   -50.056   -36.530   -22.636
    -9.610    -0.731   -12.354   -50.551   -65.243   -60.308   -50.553   -46.342
   -34.674   -21.821   -35.801  -127.145  -221.828  -228.244  -236.557  -257.199
  -220.622   -96.519    -0.907   38.833   60.661   88.307  118.334  151.932
CT1766:180          -159.375  -121.681   -87.715   -71.514   -65.774   -52.964
   -28.847   -12.360   -19.708   -48.858   -61.061   -53.939   -37.362   -29.231
   -17.317    -6.311   -18.964   -66.993   -98.032  -122.812  -148.515  -141.863
  -118.197   -53.455   14.778   53.704   76.697   99.460  124.049  148.820
CT1766:175          -146.150  -117.166   -94.105   -84.969   -80.418   -64.838
   -35.427   -12.883   -16.283   -36.378   -43.320   -39.094   -26.255   -16.226
    -2.114    8.569    3.538    -7.177   -15.680   -35.145   -61.591   -70.309
   -51.304    -8.622   30.951   61.323   85.626  106.944  127.219  145.204
CT1766:170          -160.062  -136.189  -111.510   -96.448   -85.566   -67.615
   -31.956    -3.388    -9.409   -41.740   -52.116   -43.562   -27.425   -14.104
   12.976   32.698   30.051   14.682    -5.675   -20.454   -35.911   -44.091
   -28.274    6.973   38.343   67.071   96.671  120.986  135.025  142.491
CT1766:165          -176.162  -154.837  -130.571   -99.971   -63.825   -39.018
   -17.327    -2.331   -10.708   -49.576   -65.249   -49.317   -18.046    -1.604
   27.174   59.692   53.575    1.105   -48.336   -56.765   -50.720   -48.440
   -30.729    4.371   33.738   58.110   81.299  102.022  119.601  134.014
CT1766:160          -188.335  -162.552  -136.324   -97.976   -44.106   -15.945
    -6.972    -0.930    -8.544   -37.224   -47.484   -48.009   -46.699   -40.087
    -8.960   21.502   13.564   -29.119   -63.113   -66.991   -50.280   -33.878
   -19.586    1.320   24.015   43.844   59.861   78.481   99.565  123.518
CT1766:155          -187.911  -153.220  -119.058   -87.159   -56.176   -33.993
   -19.945   -10.279   -11.963   -24.507   -29.449   -30.469   -33.875   -35.206
   -41.768   -51.362   -59.276   -61.785   -59.497   -63.824   -63.051   -54.668
   -37.959   -15.438    5.848   26.929   48.029   69.001   90.015  111.322
CT1766:150          -194.781  -158.446  -119.622   -81.352   -43.750   -20.335
   -15.696   -15.291    -9.665    -0.137    6.912    7.705    9.914    7.235
   -26.808   -72.986   -87.364   -89.148   -94.870   -98.765   -84.338   -60.752
   -43.642   -20.430    6.256   29.668   53.065   76.358   97.202  116.240
CT1766:145          -189.261  -163.548  -138.861   -93.958   -31.612    -3.149
    3.549    9.076    9.606    1.815    4.261   24.128   50.113   54.086
   37.160   17.759    -1.052   -53.042  -103.601  -108.852   -99.056   -93.956
   -72.947   -23.341   16.150   41.149   64.557   86.323  103.215  118.392
CT1766:140          -198.944  -157.588  -113.312   -60.172    -5.508   17.041
    -2.537   -20.790   -17.350    -9.522    2.039   31.127   73.367   84.692
   89.945   93.448   81.736   52.595   30.123   15.311   -15.441   -33.366
   -25.740    5.442   35.874   52.382   63.044   74.782   90.470  108.424
CT1766:135          -209.965  -157.419  -103.656   -59.495   -12.711    6.940
   -21.689   -46.128   -40.742   -29.113   -20.030   14.865   61.441   65.124
   29.219   -12.975    -9.475   52.233   99.989   93.057   40.765    3.368
    -0.753    -8.609   -12.291    5.271   37.320   67.879   92.711  119.523
CT1766:130          -190.280  -152.912  -112.217   -70.211   -28.080   -11.344
   -31.493   -49.392   -39.724    -6.812   10.335    9.487    5.764    -4.678
   -47.178   -93.547   -89.610   -28.100   20.918   33.779   31.270   22.207
   17.125    3.336    -2.710    9.051   30.589   56.473   83.963  111.973
CT1766:125          -165.941  -143.425  -117.150   -80.248   -34.436   -14.125
   -27.634   -39.839   -24.784   18.403   35.952    5.187   -54.442   -81.882
  -103.619  -120.078  -117.318   -82.089   -47.636   -26.626    -5.015    6.184
   10.593    -0.949    -6.607    7.960   34.933   64.822   93.695  122.612
CT1766:120          -145.455  -131.461  -118.552   -88.641   -46.711   -26.509
   -22.311   -18.343    -6.312   25.431   36.490    -1.671   -67.936   -97.416
  -118.706  -146.065  -147.076  -107.262   -81.431   -59.703   -31.958   -13.385
    4.759    7.872   11.908   31.036   62.386   90.366  109.964  127.884
CT1766:115          -146.391  -121.737   -96.016   -67.934   -40.286   -24.959
   -28.232   -30.529   -21.380    1.697   10.480    -3.675   -31.800   -55.419
   -74.607   -86.616  -108.637  -135.949  -134.530  -120.979   -78.167   -20.569
   13.504   35.023   53.055   67.426   78.762   88.308   97.589  105.516
CT1766:110          -150.228  -117.503   -85.065   -58.063   -34.237   -21.633
   -33.876   -47.126   -39.616   -11.971    1.466    -3.813   -10.172   -28.302
   -69.267  -115.693  -165.710  -292.377  -385.954  -353.905  -195.621   -43.638
    9.391   31.048   49.491   64.646   74.149   82.499   91.054   99.141
CT1766:105          -150.749  -114.472   -80.280   -51.441   -24.792    -8.643
   -10.685   -14.783   -13.300    -9.749   -11.400   -19.859   -30.270   -45.829
   -93.123  -161.082  -201.223  -304.559  -395.360  -362.627  -198.870   -55.103
   -14.532    4.495   24.003   42.884   58.146   72.527   87.860  103.938
CT1766:100          -165.069  -129.560   -93.974   -55.924   -18.990    6.059
   20.722   27.830   20.884    -4.445   -20.614   -31.936   -39.008   -41.846
   -56.141   -90.173   -74.942    -6.652   19.316   20.991   -11.065   -51.390
   -53.153   -20.862   10.029   31.629   50.417   68.740   89.833  113.315
CT1766:095          -176.488  -146.786  -117.729   -73.597   -10.128   23.259
   41.977   54.406   40.691   -14.392   -43.801   -47.613   -44.048   -31.518
   35.177  141.307  199.299  374.838  560.995  490.353  162.258   -54.375
   -81.939   -35.892    4.442   25.292   42.987   64.577   90.920  121.664
CT1766:090          -173.943  -145.812  -115.716   -82.646   -47.613   -17.947
   18.106   44.287   35.373    -7.075   -32.237   -48.472   -67.573   -59.259
    -9.793   39.636  101.412  257.936  358.929  328.098  129.412   -51.769
   -91.551   -62.405   -31.716    -3.965   34.936   71.575  104.137  135.530
CT1766:085          -173.481  -144.164  -116.260   -95.350   -74.098   -50.866
   -16.383   14.249   10.121   -20.153   -37.799   -52.523   -67.699   -62.309
   -40.459   -17.524   21.933   92.424  124.121  110.492   27.623   -55.984
   -83.678   -71.642   -51.929   -20.966   32.668   85.705  128.224  163.839
CT1766:080          -182.326  -148.159  -109.916   -94.482   -93.690   -77.829
   -46.518   -20.007   -20.847   -42.854   -56.584   -58.953   -60.922   -57.986
   -43.542   -20.493    0.342   20.780   38.552   29.073   -18.760   -57.717
   -71.951   -66.282   -55.507   -23.431   42.667  102.525  141.099  173.728
CT1766:075          -162.487  -131.766  -103.276   -82.315   -62.518   -44.567
   -31.755   -19.294   -19.275   -26.898   -31.829   -39.007   -41.430   -43.020
   -48.794   -49.536   -39.011   -14.197   10.421    9.282    -8.901   -19.336
   -28.496   -42.238   -46.087   -22.799   20.950   66.985  110.947  153.966
CT1766:070          -155.525  -126.769   -97.886   -66.041   -34.534   -15.513
   -13.308   -16.036   -15.312   -17.360   -23.525   -30.408   -40.538   -50.758
   -63.946   -75.832   -73.305   -51.730   -29.547   -22.639   -21.353   -18.742
   -18.344   -32.064   -40.106   -21.761   15.502   56.004   96.356  139.006
CT1766:065          -167.633  -131.845   -97.293   -56.697    -2.543   23.686
   14.199    6.471    8.925   15.222   16.082    -3.794   -35.940   -55.778
   -73.851   -95.450  -101.562   -95.569   -91.161   -74.050   -39.479   -16.229
    -6.919   -17.538   -22.094    -3.451   28.597   63.572   98.962  140.378
CT1766:060          -165.631  -144.535  -117.405   -79.172   -36.104   -11.710
    -7.053    -6.043    1.787   15.378   15.688    6.304    -7.353   -28.074
   -65.041  -103.053  -119.545  -125.591  -120.729  -100.161   -49.946    -3.712
   16.253   14.318   14.437   28.864   49.957   71.570   94.804  120.186
CT1766:055          -158.825  -142.351  -124.762   -97.834   -63.475   -39.604
   -23.698   -11.471    -1.497   16.040   19.829    1.467   -19.483   -45.304
   -94.900  -139.564  -165.233  -194.304  -206.541  -174.906   -86.751   -15.722
   15.338   23.487   32.290   48.143   70.420   90.360  104.922  116.619
CT1766:050          -158.000  -144.713  -126.264   -99.686   -65.178   -39.824
   -19.624    0.897    8.570   10.483    8.621   -18.385   -60.079   -91.424
  -140.052  -185.434  -214.695  -244.502  -252.789  -219.978  -117.880   -25.571
    9.040    5.303    3.061   21.881   52.702   82.550  106.234  125.868
CT1766:045          -150.200  -140.393  -124.036   -96.845   -61.435   -36.465
   -18.689    -0.516    8.406    8.304    9.737   -10.474   -50.910   -80.487
  -116.727  -165.458  -200.382  -241.070  -265.222  -238.544  -130.883   -29.731
    4.165    -1.420    -3.639   15.658   47.135   78.103  104.362  129.087
CT1766:040          -128.456  -121.901  -116.051   -91.910   -54.460   -30.663
   -19.040    -5.782   10.095   22.078   32.597   55.785   85.712   77.831
   33.748   -23.346   -64.439  -140.087  -203.537  -191.674  -103.946   -32.373
    -8.254    -3.152    6.602   25.832   49.766   77.366  105.483  136.705
CT1766:035          -131.592  -107.940   -86.615   -62.215   -35.224   -14.734
    -9.641    -2.855   27.137   79.251  111.550  161.925  242.291  251.643
  193.182  113.504   72.424   10.568   -51.057   -62.858   -42.918   -23.616
    -9.569    4.892   19.771   38.975   63.056   87.020  110.325  134.011
CT1766:030          -148.294  -111.805   -76.709   -45.974   -17.776    3.386
    2.504    5.653   50.356  147.879  195.107  214.561  240.969  240.139
  208.847  181.292  167.214  138.678  107.461   81.547   33.116    -3.743
    -5.475   12.431   31.428   49.885   72.495   94.600  114.050  131.628
CT1766:025          -161.431  -119.224   -74.661   -48.705   -38.128   -18.429
    2.667   25.487   74.430  197.676  245.592  161.879    -4.878   -44.684
   34.749  132.418  158.195  166.392  151.968  129.790   59.407    -7.902
   -12.226   14.077   33.131   50.896   73.595   94.760  110.837  125.633
CT1766:020          -156.695  -118.333   -81.552   -50.482   -21.883    2.255
   14.633   28.813   64.494  149.147  163.996   19.071  -263.351  -331.863
  -192.038    -5.230   56.053  113.998  150.377  135.179   73.846   20.843
   14.075   26.678   38.619   56.192   72.846   86.962  103.056  120.265
CT1766:015          -170.236  -133.444   -95.505   -59.693   -17.531   11.179
   22.700   36.898   53.445   88.517   81.714   -36.121  -240.360  -285.663
  -180.617   -27.793   13.551   21.218   19.919    -0.300   -33.488   -53.003
   -43.517    -4.243   32.160   59.099   71.142   85.564  105.634  127.967
CT1766:010          -164.586  -135.919  -106.103   -75.220   -42.618   -17.569
    1.161   18.187   31.936   58.007   54.891   -17.098  -133.057  -158.725
   -94.202   13.460   28.060   -49.843  -130.743  -173.010  -210.177  -221.266
  -191.448   -94.083    -2.729   44.353   69.859   91.344  115.897  142.611
CT1766:005          -170.351  -147.239  -121.384   -89.310   -51.369   -24.705
   -12.103    -0.525    7.004   13.770    6.672   -16.572   -51.386   -52.817
    4.655   79.518   63.940   -94.960  -268.506  -342.750  -420.056  -450.682
  -407.451  -234.149   -57.682   20.316   57.011   92.743  131.872  170.657
CT1767:360          -178.711  -162.397  -146.251  -110.875   -58.810   -28.685
    -9.113    6.772    7.843    -7.058   -15.016    -7.858    5.987   21.075
   80.729  143.971  124.454   -11.860  -152.096  -247.326  -457.681  -608.917
  -559.370  -292.618   -67.485   10.439   50.791  103.773  155.956  208.527
