
filled_synop: 30 data points in equal steps of sine latitude from +14.5/15 to  -14.5/15

CT1759:360           -75.254   -67.469   -55.809   -36.503    -7.481    1.706
   -14.485   -45.925   -57.043   -43.030   -18.769    -9.221   -11.057   -16.437
   -11.619    7.699   24.427   16.572    -6.081   -24.711   -51.636   -91.916
   -96.202   -72.539   -42.410    9.942   87.102  141.436  184.666  226.775
CT1759:355           -88.564   -72.244   -51.908   -25.432    3.721   13.547
    -4.854   -36.443   -45.856   -37.475   -20.341   -13.445   -25.314   -46.059
   -37.484   16.206   59.508   51.840   10.360   -18.793   -46.270   -83.178
   -89.761   -73.177   -48.173    -2.055   67.574  123.938  166.673  204.679
CT1759:350           -89.161   -76.097   -60.816   -38.327    -6.588    3.518
   -12.563   -42.472   -50.957   -43.798   -25.107   -16.441   -20.732   -25.574
   -15.101   19.973   52.704   44.767    -0.762   -33.468   -52.510   -75.490
   -79.989   -68.837   -50.017    -9.343   51.443   99.591  137.580  179.332
CT1759:345           -90.254   -74.497   -57.695   -39.644   -19.367   -13.540
   -29.424   -59.670   -69.238   -61.137   -44.973   -36.288   -27.970   -16.119
    -4.996   14.167   27.473   21.194   -13.371   -44.467   -57.679   -74.715
   -77.693   -60.991   -38.659    1.795   62.843  106.137  132.457  164.041
CT1759:340           -73.302   -61.128   -48.551   -34.648   -19.256   -15.545
   -35.994   -68.132   -74.280   -64.059   -46.811   -37.306   -27.519   -15.597
    -9.304    -0.591   10.892    7.524    -2.081   -12.480   -31.279   -51.089
   -52.190   -38.047   -17.193   19.316   65.317  104.167  135.062  165.112
CT1759:335           -72.073   -65.943   -58.369   -46.316   -29.509   -24.924
   -37.118   -63.349   -65.516   -38.040    -0.882   10.757    2.549   -27.258
   -31.498    -9.518    6.691    3.588    -2.971   -13.451   -35.244   -65.166
   -65.358   -33.537    4.068   42.577   93.502  126.740  138.914  157.002
CT1759:330           -47.975   -45.768   -42.631   -38.478   -34.806   -33.937
   -38.914   -49.476   -42.004    1.135   66.041   88.851   64.609   30.323
   23.198   20.477   17.101    7.400   -10.281   -28.074   -55.146   -96.403
   -97.893   -54.384    -9.293   31.309   79.743  117.960  144.851  168.207
CT1759:325           -33.092   -32.785   -37.220   -41.857   -46.382   -47.240
   -45.076   -45.033   -35.359    -3.061   43.059   65.825   71.868   80.708
   81.501   61.886   46.472   31.344    3.730   -16.559   -41.629   -77.086
   -78.695   -43.855    -5.098   35.988   88.816  128.024  151.684  171.570
CT1759:320           -21.308   -30.799   -41.708   -55.112   -72.660   -77.835
   -64.808   -39.729   -23.453   -21.257   -39.545   -37.236    5.870   47.239
   56.194   55.592   47.583   36.440   12.239   -13.065   -21.639   -32.083
   -32.603   -25.454   -10.417   33.523  107.260  147.075  156.475  171.317
CT1759:315            -2.502   -21.337   -41.954   -67.743   -95.421  -104.130
   -84.776   -52.797   -37.696   -31.107   -25.007    -9.028   -13.465    2.134
   10.678   22.002   48.246   34.646   20.521   17.836    4.818   -10.026
   -13.708   -23.960   -25.285   16.772   91.317  142.046  166.269  183.093
CT1759:310           -13.594   -30.649   -47.543   -63.960   -80.917   -84.067
   -66.838   -37.126   -22.111   -23.987   -38.037   -12.318   28.743   12.495
    1.343   24.550   -26.071   -50.998   -35.721   -35.039   -22.650    -5.796
    -5.962   -21.006   -26.119   17.451  103.521  149.246  160.016  175.689
CT1759:305           -16.942   -28.471   -41.570   -56.700   -74.603   -78.322
   -59.876   -32.599   -17.605   -19.683   -37.840    6.111  219.385  428.638
  433.109  223.439   -22.026   -58.853   -24.691   -15.505    -4.644    2.031
    -3.094   -26.471   -38.734    3.325   83.811  135.194  163.459  187.588
CT1759:300           -24.534   -35.728   -46.168   -58.191   -72.089   -74.232
   -55.212   -26.532   -11.793    -7.196   -11.524   27.888  311.934  783.387
  822.798  356.088   51.673   13.174   39.548   70.476   61.786   30.417
   15.801   -16.066   -37.784    -2.100   75.811  133.288  170.549  200.884
CT1759:295           -34.961   -45.945   -53.679   -55.420   -53.854   -50.890
   -40.401   -24.903   -17.188   -17.432   -16.906   -19.575   -74.173  -180.846
  -211.620  -180.363  -193.458  -153.191    -5.003   75.747   74.700   42.176
   29.251    0.673   -22.598    9.301   78.213  126.651  163.186  201.936
CT1759:290           -43.050   -47.571   -50.543   -50.806   -50.381   -48.288
   -44.134   -40.045   -36.910   -41.147   -45.411   -84.371  -333.951  -721.444
  -774.708  -455.321  -198.092  -127.601   -35.676   19.442   36.552   43.320
   40.969    5.835   -22.521    9.784   80.921  135.673  175.641  209.940
CT1759:285           -42.030   -35.891   -33.734   -37.016   -46.523   -48.560
   -49.345   -50.882   -42.363   -29.121   -12.779   -36.525  -109.833  -149.126
  -149.722  -129.521   -28.807    -1.409   -19.975   -18.747    -5.075    7.151
   10.281    -3.809   -13.633   19.947   86.426  134.217  170.331  206.711
CT1759:280           -47.612   -40.133   -37.079   -41.622   -54.166   -56.775
   -52.884   -51.017   -39.923    3.630   64.607   60.877   24.503   -24.317
   -36.431   -23.749    1.787   12.519   -11.921   -22.425   -18.755   -13.588
   -10.731   -20.130   -26.448    7.662   71.169  119.637  160.108  201.430
CT1759:275           -44.692   -48.132   -52.287   -58.286   -64.760   -61.221
   -44.884   -24.003    -4.601   56.228  153.268  175.781  127.385   54.260
   33.102   22.630    1.980   -10.808   -47.973   -65.672   -55.074   -25.843
   -15.823   -24.438   -28.126    6.239   69.889  123.629  169.297  210.518
CT1759:270           -56.422   -60.426   -62.940   -66.984   -74.377   -68.570
   -32.475   25.428   47.780   52.405   57.262   61.610   50.751   41.750
   36.099    8.317   -22.664   -36.789   -67.678   -85.913   -66.924   -18.084
    -6.637   -31.590   -46.674    -8.945   68.538  123.594  164.969  208.036
CT1759:265           -71.623   -70.244   -68.707   -68.506   -69.909   -59.559
   -19.837   44.472   61.238    2.957  -109.395  -137.939   -75.187    2.188
   17.182    -0.131   -20.915   -27.314   -34.068   -37.940   -34.482   -24.456
   -26.573   -48.751   -63.200   -25.145   55.039  115.499  161.720  208.939
CT1759:260           -76.643   -71.309   -65.309   -58.466   -50.644   -36.363
    -7.254   32.113   33.243   -38.348  -153.725  -177.407  -113.264   -17.191
   12.577   17.261   19.309   29.901   60.692   74.358   55.566   18.335
    -4.436   -42.497   -72.334   -38.968   40.755  104.990  159.544  211.950
CT1759:255           -82.459   -74.651   -65.819   -55.243   -44.171   -31.955
   -10.157   19.406   23.349   -15.182   -75.660   -82.900   -48.585    7.682
   34.680   60.025   79.815   95.644  135.567  155.468  127.507   73.470
   42.648   -17.596   -65.839   -34.925   49.829  107.185  156.900  207.811
CT1759:250           -77.603   -65.006   -51.967   -38.123   -24.288   -11.939
    -1.883    5.891    8.166    6.383    2.243    9.811   33.954   65.826
   86.611  103.224  119.057  128.460  136.857  135.873  120.077   87.504
   59.003    8.078   -32.970   -10.818   51.988  106.805  158.707  207.780
CT1759:245           -70.948   -57.766   -44.842   -30.471   -16.139    -6.447
    -3.966    -4.994    2.617   22.813   47.531   62.436   72.748   80.452
   92.447  104.108  111.507  109.744   89.817   77.534   83.443   92.166
   76.845   32.475    -4.293   12.249   59.652  101.546  152.214  201.821
CT1759:240           -66.841   -53.177   -40.967   -29.907   -20.069   -12.174
   -13.209   -17.930    -7.416   21.772   52.695   65.659   67.221   64.708
   72.384   84.170   89.096   86.525   71.162   64.066   76.455   99.793
   91.691   48.235   12.021   16.768   42.906   82.611  139.917  195.037
CT1759:235           -76.908   -65.012   -53.931   -46.225   -41.476   -32.770
   -21.297   -10.415    4.599   32.410   63.667   74.978   67.195   56.130
   60.782   79.977  100.357  100.652   86.065   81.113   86.264  101.322
   93.090   50.255   15.078   18.406   40.490   76.270  130.220  188.725
CT1759:230           -88.342   -87.835   -83.506   -73.777   -58.777   -43.684
   -21.148    5.597   24.913   45.596   66.924   75.512   64.593   43.617
   45.764   65.622   75.572   86.157   98.839  100.483   98.447   88.075
   73.744   44.893   17.184   24.556   56.585   93.151  145.129  195.748
CT1759:225           -67.275   -71.897   -74.853   -76.007   -75.454   -63.350
   -28.884   19.648   44.797   51.973   50.932   51.477   49.423   49.226
   55.063   65.363   76.817   93.224  123.228  140.629  133.123  108.865
   88.636   47.565   10.041   14.867   47.451   87.156  140.630  195.499
CT1759:220           -66.031   -79.395   -87.231   -88.757   -87.919   -76.633
   -35.624   23.663   48.179   44.973   20.711   11.875   14.936   20.644
   23.419   30.047   43.925   65.219  113.244  148.666  142.932  113.794
   93.729   51.888   12.869   21.131   57.705   96.325  154.840  209.617
CT1759:215           -76.535   -76.413   -76.193   -75.431   -74.973   -63.260
   -29.495   16.901   35.861   30.299    5.789    -6.058   -14.463   -27.274
   -29.605   -22.701   -15.894    8.970   65.966  102.571  110.279  103.647
   90.624   41.658    -2.037   13.275   69.354  112.728  164.326  215.202
CT1759:210           -61.043   -58.195   -60.029   -64.911   -72.436   -63.968
   -30.166   17.679   36.901   25.843    3.280    -9.353   -31.849   -52.673
   -60.932   -75.618   -85.168   -56.281   21.458   73.749   90.660   92.565
   84.838   50.589   17.912   24.012   50.428   88.020  145.879  211.386
CT1759:205           -52.413   -53.617   -56.914   -63.025   -69.700   -61.899
   -33.076   10.137   27.688   13.463   -13.938   -30.408   -45.752   -57.912
   -69.017   -91.146  -104.236   -76.651    -1.373   51.352   79.710  102.004
  104.174   69.589   34.972   38.081   55.866   89.189  148.116  212.819
CT1759:200           -60.341   -54.556   -52.496   -58.490   -72.120   -69.272
   -43.675    -2.218   14.284    5.517   -13.536   -29.006   -44.589   -57.127
   -70.310   -88.463   -93.118   -71.436    -8.710   47.018   72.949  100.120
  111.229   81.540   51.857   58.903   70.904  102.074  165.982  225.832
CT1759:195           -69.006   -62.663   -57.886   -55.231   -50.704   -39.441
   -20.264    2.813   14.758   29.593   38.421   21.546   -17.706   -62.622
   -84.200  -100.566  -109.247   -94.001   -56.472   -22.866   15.968   63.402
   84.705   80.475   74.707   82.316   95.296  124.708  178.555  235.195
CT1759:190           -88.667   -72.281   -55.552   -36.992   -19.980    -3.818
   18.794   43.327   56.801   77.530  103.710   91.438   11.382   -70.321
   -95.645  -101.405  -106.275  -101.957   -94.908   -79.067   -40.902    4.092
   30.697   53.611   71.341   83.233   94.026  128.926  194.609  253.027
CT1759:185          -100.803   -79.930   -58.002   -31.896    -3.454   15.270
   31.105   45.568   48.451   40.507   25.678    7.250   -31.343   -72.934
   -88.205   -84.638   -79.704   -84.834   -96.918   -87.416   -58.049   -19.474
   10.152   42.881   69.404   78.303   75.434  109.991  181.495  245.176
CT1759:180          -100.363   -80.640   -59.834   -35.195    -8.200    5.208
    2.451    -5.408   -15.554   -51.780   -90.891   -99.632   -77.366   -62.273
   -67.884   -78.880   -86.007   -88.512   -90.851   -81.091   -55.795   -23.549
    5.052   37.752   64.293   73.905   71.427  101.189  160.710  224.322
CT1759:175           -92.494   -77.542   -57.574   -36.356   -13.538    -6.021
   -28.749   -61.028   -76.355   -95.583  -110.620  -107.722   -66.317   -32.645
   -37.529   -68.832   -90.452   -91.952   -83.985   -70.556   -49.137   -22.455
    3.596   34.722   59.406   69.942   72.034  104.270  166.792  224.367
CT1759:170           -91.289   -74.620   -58.089   -41.224   -24.071   -20.810
   -45.592   -79.643   -91.220   -85.963   -65.343   -55.845   -40.865   -23.129
   -26.999   -63.312   -91.149   -89.896   -75.674   -61.581   -41.864   -17.877
    6.348   34.435   56.629   69.284   72.130  100.360  158.008  219.965
CT1759:165           -77.281   -70.178   -62.566   -56.164   -47.151   -43.964
   -56.534   -73.798   -79.040   -72.169   -51.567   -45.444   -53.170   -61.306
   -64.965   -70.019   -80.559   -73.812   -54.866   -39.547   -24.798    -7.609
   12.097   35.785   56.434   67.029   67.246   93.362  152.382  215.795
CT1759:160           -75.177   -66.655   -62.140   -68.371   -83.280   -85.485
   -73.280   -50.405   -43.672   -54.605   -81.794   -96.796   -84.028   -74.714
   -78.015   -70.508   -59.980   -51.335   -43.411   -30.596   -20.724   -14.767
    0.649   22.606   46.419   60.741   56.763   86.001  158.187  227.113
CT1759:155           -83.778   -80.176   -76.928   -74.449   -69.666   -59.788
   -36.341    -1.909    8.304    1.321   -16.378   -32.609   -53.968   -79.735
   -95.488  -107.258  -102.276   -84.901   -47.390   -17.659   -13.595   -38.714
   -31.872   12.228   57.213   75.860   78.741  100.774  154.072  215.517
CT1759:150           -79.371   -79.059   -74.701   -64.731   -49.109   -34.707
    -9.230   31.595   45.550   37.681   31.929   16.745   -44.999  -110.491
  -138.782  -189.559  -224.570  -185.956   -52.416   30.439   29.088   -16.359
   -17.112   17.898   56.229   77.272   87.510  115.861  173.514  226.711
CT1759:145          -119.472  -104.311   -85.770   -62.583   -35.495   -15.727
    -3.391    9.417   11.009    -2.300   -22.600   -46.515   -94.286  -159.979
  -186.614  -202.383  -214.000  -168.584   -21.002   69.541   60.925    7.493
    3.990   32.709   68.634   87.088   90.018  109.443  155.028  208.503
CT1759:140          -136.417  -103.234   -71.134   -40.286    -8.917   10.087
    9.364    -7.668   -20.809   -35.533   -59.977   -82.366   -96.723  -106.007
  -113.198  -114.769   -97.817   -69.905    -5.845   35.233   26.140   -30.877
   -36.294   11.124   63.498   84.214   87.065  108.747  151.165  196.211
CT1759:135          -151.125  -111.568   -73.164   -34.135    8.296   31.707
   34.482   26.414   19.537    -1.210   -26.990   -42.535   -52.145   -49.822
   -54.239   -70.418   -73.408   -53.671    -5.095   24.915   14.339   -36.611
   -40.048    3.558   52.479   75.836   89.315  114.266  152.465  190.718
CT1759:130          -135.133   -96.491   -56.057   -10.323   36.465   61.820
   62.374   53.079   44.914   26.714    2.270    -8.971   -13.441   -20.616
   -23.341   -17.644   -11.184    -5.133    0.569    4.268    -3.864   -34.587
   -32.110    9.881   57.230   84.502  107.067  132.414  164.515  197.576
CT1759:125          -114.230   -79.707   -44.845    -5.685   38.219   60.388
   54.476   35.831   24.729   16.627    7.164    6.106   19.489   35.216
   36.784   19.488    2.504    3.527   15.199   20.984   14.251    2.293
   11.130   46.079   81.758  103.426  118.105  140.127  171.703  201.089
CT1759:120           -97.011   -63.928   -32.629    -4.039   22.742   38.050
   32.720   18.439    9.307    -4.661   -21.454   -17.115   24.362   73.507
   84.387   60.264   34.092   29.933   33.108   31.250   27.370   23.333
   33.772   69.269  101.659  120.099  128.461  145.581  174.493  201.656
CT1759:115           -82.538   -57.595   -36.568   -20.949    -6.496    5.064
   13.576   23.477   21.256    -7.074   -44.417   -40.312    9.838   71.401
   90.549   95.318   92.371   81.618   55.036   35.425   29.026   22.597
   30.214   65.534  100.107  117.862  127.210  143.082  169.340  196.111
CT1759:110           -86.058   -62.587   -41.242   -24.756   -10.681    2.147
   11.334   20.978   20.586    -3.192   -45.795   -45.685   11.263   79.510
   98.323  110.808  116.627  103.214   65.277   38.959   30.455   14.112
   15.842   34.467   54.140   74.069   88.568  114.363  157.429  198.851
CT1759:105          -113.386   -86.291   -58.113   -27.769    5.355   26.043
   30.478   28.756   26.262   14.948    0.550    8.413   52.825  106.373
  111.790   78.414   41.771   35.852   47.496   47.218   31.196    -3.601
    -5.597   17.862   43.723   66.471   89.721  116.050  147.303  182.331
CT1759:100          -132.151   -99.501   -67.015   -32.947    2.110   25.595
   34.242   39.954   43.753   36.911   31.078   36.805   64.739  103.022
   94.156   27.709   -37.499   -40.548    1.761   16.934    9.944   -22.045
   -19.092    6.991   34.205   60.017   86.711  117.784  152.448  186.152
CT1759:095          -136.263  -102.142   -70.092   -43.065   -16.695    5.195
   17.649   25.180   29.374   33.774   29.141   22.863   36.148   39.561
   12.558   -38.911   -98.395  -112.096   -76.748   -36.062   -40.980   -49.240
   -27.626    -6.313   18.436   47.178   74.353  107.499  145.791  185.237
CT1759:090          -141.677  -117.339   -90.691   -59.473   -24.596    1.048
   19.778   40.814   50.936   55.402   65.727   58.465   28.473    -7.195
   -60.375  -154.088  -211.977  -246.917  -300.588  -308.525  -229.786  -112.855
   -58.010   -19.113   19.712   53.222   87.096  122.980  158.530  194.440
CT1759:085          -159.497  -131.647   -97.371   -55.689    -8.416   23.498
   41.199   56.800   62.782   58.803   51.916   29.633   -12.607   -60.422
  -137.210  -335.818  -497.580  -501.503  -405.580  -326.403  -235.014   -99.470
   -31.383    -0.625   33.425   68.290   99.687  132.959  169.866  205.684
CT1759:080          -187.059  -141.262   -93.411   -44.737    6.570   41.380
   55.344   64.626   65.682   47.750   26.230    -2.352   -51.029  -100.689
  -166.292  -351.030  -514.822  -471.526  -260.346  -138.565   -92.577   -48.439
   -13.543   20.219   56.576   85.094  105.243  134.578  171.210  210.332
CT1759:075          -201.958  -155.729  -106.189   -52.138    4.149   40.896
   49.173   46.446   41.083   25.972    1.392   -27.150   -66.363  -116.825
  -143.315  -142.297  -122.702   -83.614   31.002  100.328   82.373    -4.224
   -19.999   19.928   65.935   96.334  120.571  147.836  179.977  214.586
CT1759:070          -197.120  -163.991  -124.308   -73.311   -10.254   27.022
   43.597   56.766   55.849   36.023   15.765    -3.885   -41.463   -80.282
   -80.724    1.943  100.295  141.768  213.654  260.059  193.485   12.794
   -32.125    3.351   43.148   83.846  147.057  184.784  202.735  222.599
CT1759:065          -182.944  -138.445   -89.541   -32.977   27.245   61.805
   60.635   48.221   38.117   13.361   -20.995   -43.499   -54.392   -59.857
   -49.936   -14.451   17.769   61.484  147.907  177.480  118.771   -18.087
   -55.454   -19.630   29.606   72.561  126.588  168.995  199.219  225.717
CT1759:060          -166.268  -123.475   -79.845   -33.738   16.157   42.961
   41.074   26.725   13.408    -7.392   -33.348   -51.697   -74.174   -97.275
   -91.567   -60.532   -32.614   -10.006   19.393   21.510   -11.375   -87.766
  -102.574   -51.707   10.004   55.950  110.336  155.754  190.731  223.570
CT1759:055          -173.108  -124.488   -77.596   -30.773   19.800   46.357
   40.157   17.156    1.345   -13.872   -28.226   -43.013   -76.615  -111.675
  -106.852   -58.491    -6.265    1.733   -16.323   -31.557   -55.293  -103.680
  -107.348   -54.428    6.276   49.517  101.559  142.413  167.594  193.914
CT1759:050          -149.259  -108.153   -67.721   -27.426   11.391   32.695
   34.279   30.373   20.733    -4.413   -34.339   -50.007   -68.133   -85.440
   -77.783   -32.728    8.602    4.686   -30.581   -52.614   -66.294   -73.630
   -62.945   -28.906   12.241   54.070  100.123  139.897  169.550  196.119
CT1759:045          -126.690  -101.770   -68.159   -30.850   10.853   31.668
   27.616   15.441    3.254   -21.698   -50.550   -57.264   -40.992   -17.991
    -5.631   10.228   17.913    -1.108   -49.615   -80.274   -83.678   -72.819
   -54.684   -20.567   14.800   56.405  102.237  139.635  165.193  190.931
CT1759:040          -114.968   -91.778   -63.566   -29.874    7.575   23.737
   13.169    -6.356   -18.282   -37.957   -56.498   -49.954    -2.010   45.212
   58.351   57.024   45.562    2.039   -82.082  -123.956  -121.260   -97.008
   -71.971   -30.256   11.161   55.161  105.735  143.761  166.661  189.073
CT1759:035          -101.392   -75.581   -51.224   -28.579    -3.564    6.800
    -5.663   -23.432   -27.796   -26.182   -17.743    -0.614   35.728   66.554
   82.160   96.056   86.933   21.188  -102.836  -160.415  -147.628  -112.080
   -85.998   -51.762   -14.307   34.694   95.433  137.775  165.016  189.735
CT1759:030           -88.028   -57.164   -40.359   -23.222    -4.688    0.138
   -17.105   -35.659   -35.671   -15.717    9.254   24.230   33.750   41.640
   54.937   91.998  100.090   41.192   -66.109  -118.658  -121.780  -105.830
   -89.077   -63.046   -28.834   25.347   92.437  136.668  161.248  185.853
CT1759:025           -84.167   -50.846   -31.135   -16.593    -3.860    -0.911
   -18.029   -39.516   -38.812   -13.238   17.720   28.495   16.403    3.577
    8.480   29.383   33.242    4.139   -45.026   -75.668   -91.184  -100.319
   -91.198   -68.610   -37.142   19.055   94.956  143.583  170.869  193.877
CT1759:020           -80.247   -58.321   -35.674   -14.599    3.369    8.259
    -8.274   -30.774   -30.944   -10.933   11.834   25.801   37.976   38.264
   29.179    5.189   -21.097   -32.640   -33.869   -46.179   -67.726   -93.894
   -93.206   -71.263   -39.061   14.750   86.524  135.072  160.714  189.312
CT1759:015          -104.641   -82.368   -58.686   -32.236    -3.287    6.572
    -8.275   -27.869   -27.472    -8.499   16.414   30.965   51.822   75.143
   65.049   17.691   -15.662   -28.939   -33.541   -42.191   -62.705   -90.758
   -91.114   -74.904   -49.964    5.515   85.242  138.146  171.522  202.112
CT1759:010          -129.930  -110.359   -84.167   -51.957   -18.832    -4.790
   -18.037   -36.831   -35.385   -24.223    -7.499    1.422    9.601   11.427
    1.557   -19.896   -28.503   -51.933   -80.252   -74.257   -86.202   -80.993
   -71.362   -66.747   -55.553    -8.503   66.857  130.351  179.281  221.045
CT1759:005          -141.500  -130.087  -111.066   -84.657   -46.875   -30.371
   -40.122   -65.866   -70.048   -47.117   -15.509    -6.542   -20.098   -42.254
   -50.150   -70.354  -108.459  -112.842  -162.687  -238.212  -168.236   -62.102
   -44.976   -56.002   -52.990    -8.543   64.625  122.554  171.710  222.569
CT1760:360          -129.437  -117.125   -97.436   -69.781   -37.772   -21.705
   -25.426   -32.050   -28.888   -21.531   -10.532    -7.145   -16.129   -24.871
   -22.994   -15.302   -11.060   15.210   85.898  119.766   46.858   -57.287
   -76.346   -57.953   -35.969    4.575   63.002  119.708  173.655  218.520
