
filled_synop: 30 data points in equal steps of sine latitude from +14.5/15 to  -14.5/15

CT1699:360          -100.074   -94.864   -89.781   -22.623  117.557   62.075
  -418.997  -836.341  -795.305  -458.694  -321.421  -332.014  -500.577  -497.699
  -234.907    -6.472   75.861  174.273  225.914  260.705  250.727  208.873
  205.354  210.739  201.792  170.498  109.446   48.268    -7.087   -63.055
CT1699:355           -94.927   -86.172   -67.508   -31.904    -5.901   -92.206
  -433.851  -697.971  -593.107  -142.302   74.207   70.339   35.109   37.080
   -12.489    0.634   63.569  200.395  327.902  403.334  556.829  664.096
  604.491  367.100  173.090  112.897   81.085   48.680   15.378   -19.834
CT1699:350           -87.222   -83.617   -80.347   -78.156   -65.275  -119.692
  -295.358  -376.934  -275.456   88.723  287.209  220.970   54.437   16.803
    -4.142   -18.864   26.823  148.422  277.536  339.800  404.637  433.446
  398.641  263.239  140.013   91.114   72.175   55.418   29.866    3.475
CT1699:345           -68.478   -87.540  -107.780  -130.116  -160.042  -216.958
  -413.531  -568.923  -432.505  -130.947   -24.728   65.107   68.833   43.646
   -38.156  -154.284  -123.599   26.840  108.878  143.943  100.392   30.283
   35.059   87.306  111.418   92.478   66.549   47.342   21.065    -8.379
CT1699:340           -56.136   -91.604  -125.504  -170.420  -226.420  -250.377
  -243.485  -189.895  -119.747   76.648  200.434  149.295   85.640   73.958
   67.159  114.934  133.103  186.220  295.607  285.858  163.843  107.378
  106.782  146.120  177.496  153.565   87.775   24.479   -15.118   -48.414
CT1699:335           -55.451   -95.734  -137.872  -198.773  -271.074  -272.960
  -143.677   -27.393   32.224   95.426  136.645  101.954   25.350   11.691
   26.528   27.788   41.860   84.659   99.886  118.494  136.794  139.386
  145.237  173.208  192.700  173.596  118.075   53.928    1.797   -39.268
CT1699:330           -64.867  -104.647  -138.234  -180.831  -242.514  -219.463
   -48.579   88.718   84.696   -38.383   -86.078   -57.996   -19.327    -8.123
    -5.728   -25.691   -29.443   -15.673   -19.719    -4.809   34.015   57.904
   77.637  118.447  144.891  138.469 -1109.181   59.541   32.322    9.899
CT1699:325           -70.386   -99.966  -131.397  -144.146  -154.086  -124.014
    8.197  114.447   58.187  -197.854  -288.906  -178.480   14.779   44.216
   19.290   -29.521   -59.617   -84.018  -124.140  -107.042   -63.106   -33.252
   -11.250    8.986   25.316   42.854  231.847   88.435  105.355  119.099
CT1699:320           -67.797  -102.161  -127.152  -127.853  -123.634   -91.711
    -4.873   65.410   32.934  -126.854  -167.955   -74.671  134.177  134.672
   29.602  -103.766  -175.247  -190.155  -207.203  -180.923  -169.282  -148.241
  -131.083  -158.333  -171.990  -117.099    6.858  123.917  142.923  241.976
CT1699:315           -65.641  -105.398  -132.132  -127.595  -110.535   -76.485
   -16.038   40.995   65.024   42.700   73.704  136.668  257.026  132.820
  -163.847  -413.799  -560.278  -571.605  -488.205  -380.060  -315.470  -251.364
  -216.299  -252.215  -261.869  -205.900   -84.926   61.187  151.577  304.589
CT1699:310           -44.777   -91.503  -142.735  -122.856   -77.075   -37.567
    -9.628   37.875  142.538  301.007  410.765  517.708  502.203  160.965
  -674.091 -1589.067 -1785.142 -1355.667  -823.539  -601.548  -468.729  -333.619
  -272.652  -292.380  -291.454  -223.069   -83.101   55.082  162.520  277.436
CT1699:305           -87.470  -132.073  -152.838  -115.602   -57.816   -14.617
    -5.289   31.839  249.533  665.396  870.359 1210.265 1624.146 1174.833
  -964.487 -3246.719 -3480.832 -2235.281 -1021.345  -620.964  -380.042  -185.338
  -148.209  -187.137  -190.479  -155.983   -98.180   -37.390   19.319  146.857
CT1699:300           -99.652  -136.216  -151.422  -109.763   -47.458    -1.277
    5.690   41.243  317.688 1019.182 1353.850 1489.882 1883.095 1445.258
-1101.318 -3625.748 -3705.346 -1998.344  -565.901  -127.459   -14.482   -44.426
   -84.782  -114.047  -125.975  -131.099  -121.208  -115.737  -112.006   16.732
CT1699:295           -79.668  -117.957  -159.958  -120.958   -45.539    0.601
    5.434   26.032  137.729  379.612  430.040  225.700  -160.823  -493.497
-1174.510 -1805.474 -1572.881   -55.048 1246.963 1326.271  584.708   40.523
   -74.943   -73.910   -72.193   -96.498  -113.936  -137.281  -168.893   -37.664
CT1699:290          -105.253  -137.626  -147.592  -101.825   -35.072   10.002
   59.975  117.409   26.003  -327.993  -562.006  -940.740 -1676.215 -1713.592
  -425.046  932.961 1295.264 1623.796 1841.940 1664.281  786.486   95.170
   -55.903   -26.382    -6.657   -15.083   -17.138   -27.107   -40.042   72.911
CT1699:285           -79.710  -107.111  -133.656   -94.084   -20.910   25.532
   77.157  126.846  100.055   25.240   -57.959  -410.940  -743.146  -569.655
  678.231 2228.477 2395.214 1549.857  791.922  596.259  344.988   91.751
   12.390   48.722   72.231   70.134   50.085   31.024   18.848   33.273
CT1699:280           -90.600  -105.037  -109.053   -76.468   -32.822    9.834
   62.754  119.247  236.115  453.798  474.183  287.474   -48.656    -9.527
  526.884 1047.648 1063.115  446.015  -239.134  -374.584  -182.656   -32.874
    -7.522   46.577   89.981  100.777   82.371   61.298   43.940   11.905
CT1699:275          -100.155  -104.039   -99.894   -70.049   -34.737    -2.512
   31.324   74.655  329.718  955.403 1205.383  913.740  328.656  197.583
  210.822  119.624    -8.099  -378.928  -740.938  -801.967  -519.569  -238.627
  -130.266   -25.281   67.672  104.315   88.933   73.268   68.709    6.971
CT1699:270          -103.635   -94.698   -85.793   -58.937   -22.724   -13.637
   -48.694   -34.032  124.287  606.839  871.887  735.801  586.413  529.895
  320.172  126.576   -70.348  -481.198  -724.451  -792.866  -634.588  -438.509
  -313.592  -108.823   56.168  104.499   70.614   46.170   32.102   -11.324
CT1699:265           -82.860   -75.183   -65.886   -42.592   -12.524   -63.068
  -358.886  -595.206  -601.405  -757.192  -784.803  -238.754  456.661  568.528
  394.434  199.042   39.394  -289.248  -580.410  -639.472  -560.934  -494.956
  -396.140  -138.177   82.624  146.599  113.515   69.901    5.229   -23.607
CT1699:260           -61.585   -60.183   -60.100   -59.132   -48.462   -89.521
  -275.646  -365.451  -325.297  -188.525   -29.776  174.288  447.154  498.029
  392.595  247.619  210.663  342.401  404.319  253.776  -143.000  -413.884
  -399.971  -140.317   77.152  134.952   88.126   50.157   15.629    -6.146
CT1699:255           -60.958   -60.084   -61.388   -77.103  -108.758  -140.774
  -211.370  -226.249    4.719  629.710  971.061  811.846  531.511  453.149
  374.827  309.576  334.770  663.115  923.346  737.732   67.014  -454.464
  -492.368  -226.199   10.381   90.191   84.048   46.740   31.967   23.116
CT1699:250           -68.487   -65.828   -72.656  -108.787  -158.510  -138.029
  -135.150   -78.168  191.787  782.063 1029.557  827.504  458.928  314.699
  230.300  169.803  194.679  477.384  644.643  494.019   -72.941  -538.061
  -567.965  -296.717   -51.724   34.529   45.734   38.665   50.102   65.305
CT1699:245           -87.360   -79.678   -65.961  -108.952  -215.946  -144.694
   72.144  273.184  472.110  687.492  714.360  562.507  284.192  113.724
   14.918   -29.338   -46.506   92.049  156.127   52.854  -298.068  -539.132
  -534.850  -303.236   -90.344   -19.419    -4.208   25.006   63.178   97.895
CT1699:240           -77.047   -79.546   -94.102  -143.463  -210.689   -61.573
  543.432 1109.447 1228.499 1051.218  893.901  720.850  268.947    -2.206
   -99.758  -218.398  -304.360  -295.820  -276.940  -312.234  -419.981  -485.216
  -435.386  -285.696  -148.698   -74.959   -29.698   21.773   68.802  111.567
CT1699:235           -97.779   -91.892   -72.587   -59.911  -107.140   79.564
  723.497 1290.536 1564.607 1949.297 2067.279 1535.439  775.517  431.572
   70.118  -256.698  -426.283  -616.495  -760.917  -704.271  -391.454   -90.003
    -6.452   -36.750   -58.236   -49.010   -15.370   24.437   58.314   94.056
CT1699:230          -100.521   -88.194   -79.911   -51.983   -13.136  135.202
  593.398 1015.142 1137.736 1190.412 1063.301  788.634  291.357   46.064
   -91.433  -235.669  -405.457  -789.631 -1125.622 -1008.079  -336.351  291.209
  432.269  233.297   40.402    9.321   17.964   31.415   41.022   46.778
CT1699:225           -98.400   -96.749   -82.409   -26.187   50.180  169.167
  393.935  560.788  373.078  -165.460  -467.629  -609.656  -492.892  -409.695
  -326.507  -223.999  -324.329  -767.634 -1141.083  -983.487  -169.293  538.518
  674.357  416.413  153.947   91.806   69.297   46.393   24.312    4.387
CT1699:220           -88.568   -89.528   -80.093   -12.442   98.006  163.958
  218.687  203.053  -243.311 -1447.875 -2013.329 -1644.324  -895.013  -618.754
  -364.929  -139.469  -187.851  -548.265  -847.632  -707.809   -28.947  487.584
  583.205  385.635  200.729  154.710  111.025   60.547   14.209   -29.488
CT1699:215           -77.712   -80.378   -83.268    -5.567  134.299  186.698
  239.715  237.986  -233.478 -1353.931 -1753.918 -1363.401  -526.833  -261.234
  -164.414   -51.092   -80.628  -229.993  -334.883  -313.354  -139.950   -13.519
   96.690  187.540  235.645  231.828  147.747   69.871    9.733   -53.081
CT1699:210           -79.517   -92.258   -76.558   24.262  162.254  221.359
  262.476  240.846   28.085  -382.566  -485.782  -318.840    -5.265  115.874
  155.390   91.867    3.335   -58.185  -106.857  -268.299  -596.286  -755.781
  -636.464  -222.587  141.043  237.837  172.171   83.345   21.116   -27.282
CT1699:205           -34.875   -61.057   -93.470    -2.879  161.956  220.468
  229.310  196.275  118.316   -47.509   -51.702  325.214  851.402  944.219
  643.879  235.036   43.888  -186.589  -441.915  -666.527 -1143.265 -1444.020
-1261.099  -519.374   56.749  191.639  101.678   48.192   30.122    7.528
CT1699:200           -78.465   -91.847   -69.984   54.352  211.967  261.810
  210.816  143.667  111.261   70.543  127.591  554.486 1283.170 1403.017
  865.401  342.201  135.368   -93.750  -326.703  -554.894 -1010.769 -1296.666
-1162.379  -535.708    4.572  164.290  132.658   78.911   52.907   39.668
CT1699:195           -35.502   -50.810   -75.521   40.082  257.638  307.872
  196.245   90.731   24.119  -105.194   -99.423   20.790  123.722  149.190
  144.250   43.373   -20.426  120.976  208.361   10.438  -488.858  -772.394
  -720.903  -352.375   -27.317   79.131   62.180   62.868   70.909   68.236
CT1699:190           -82.878   -87.564   -57.861   72.947  241.493  275.628
  152.139   30.297   -68.704  -257.590  -286.727  -211.233  -190.518  -187.738
   -98.150   -92.082  -109.962   87.217  220.705  121.347  -223.483  -490.978
  -465.212  -249.078   -61.958   21.306   38.415   53.481   71.704   86.950
CT1699:185           -88.049   -89.234   -65.741   38.757  200.708  235.678
  114.372    -2.549   -67.640  -197.212  -194.173   93.177  548.878  614.975
  295.283   -59.616  -137.834   -15.250   80.968   76.631    2.721   -78.544
   -57.386   -10.419   11.297   27.179   38.841   51.452   57.868   62.729
CT1699:180           -67.633   -66.585   -70.722    7.456  132.557  169.321
  127.153   83.348   82.803   86.161  148.101  616.002 1465.988 1528.838
  712.939   -17.113  -173.109  -172.867  -159.007   -73.173  195.842  379.363
  410.413  317.803  239.308  202.089  123.742   54.378    2.037   -47.005
CT1699:175           -87.141   -93.945   -78.328    -4.087  102.290  142.722
  127.062  104.475  137.723  247.859  322.782  433.052  584.260  533.553
  207.732  -186.470  -314.291  -356.825  -390.271  -270.382  128.925  439.675
  516.695  444.143  358.605  299.580  188.283   69.650   -24.263  -106.787
CT1699:170           -70.750   -83.914   -79.468   -17.597   77.285  106.253
   68.155   23.562   38.890  144.646  196.251   -41.438  -494.878  -650.869
  -475.868  -314.582  -373.543  -524.710  -611.549  -509.122  -193.768   77.477
  213.617  288.222  321.907  295.065  182.773   68.057   -22.427  -108.607
CT1699:165           -46.242   -68.736   -96.305   -44.541   66.254   85.176
    -9.724   -81.983  -105.691  -140.579  -184.739  -407.386  -751.203  -883.331
  -744.407  -543.927  -602.496  -772.138  -828.604  -734.386  -464.386  -220.428
   -43.386  145.915  260.786  260.586  157.826   61.042   -11.551   -84.041
CT1699:160           -70.203   -97.435  -103.781   -47.175   35.422   32.929
  -123.291  -236.650  -156.260    1.901    -6.666   -23.599  -256.508  -448.490
  -667.761  -896.486 -1005.032 -1121.549 -1172.571 -1074.679  -723.305  -374.461
  -218.390   -60.105   97.237  153.405  125.031   82.159   52.382   29.674
CT1699:155           -41.286   -80.914  -124.193  -103.780   -40.332   -47.045
  -202.239  -316.846   29.871 1222.060 1684.500 1116.830  391.992  127.628
  -451.173  -932.734 -1033.670 -1062.571 -1137.409 -1084.625  -938.533  -813.673
  -679.045  -371.284   -99.038    0.036   31.327   79.470  139.953  197.050
CT1699:150           -59.069   -94.508  -116.110   -99.094   -65.238   -87.445
  -228.309  -347.144  -183.816  388.958  603.016  253.410  -455.157  -610.410
  -409.502  -312.072  -314.486  -238.967  -141.636  -239.650  -625.633  -851.713
  -807.270  -626.025  -441.745  -302.328  -125.327   56.745  198.824  360.525
CT1699:145           -51.843   -88.908  -118.124  -112.448   -60.343   -86.916
  -214.252  -351.322  -596.435 -1274.763 -1683.815 -1304.125  -564.199  -252.479
   -38.898  217.770  272.027  260.347  259.392  184.112  -127.816  -375.468
  -452.461  -522.617  -531.705  -433.464  -184.550   64.260  240.909  372.387
CT1699:140           -39.093   -79.334  -115.698  -106.315   -59.404   -92.260
  -222.454  -374.333  -717.379 -1518.624 -1866.419 -1470.306  -498.167   -47.316
   83.553  128.545  177.933  209.180  211.232  233.385  244.336  239.214
  150.822  -143.838  -388.330  -371.873  -169.338   13.713  180.416  293.098
CT1699:135           -55.527  -106.087  -145.587  -145.332   -88.304  -119.166
  -255.484  -401.528  -692.417 -1328.641 -1579.682 -1241.762  -481.566  -161.761
   -86.362   -40.670   23.836   47.449   54.730  199.627  534.652  761.834
  704.323  332.516    -9.965   -90.331   -30.353   26.855   76.304  130.638
CT1699:130           -49.838  -102.835  -141.570  -140.253  -117.665  -143.259
  -258.014  -362.303  -472.275  -684.276  -743.263  -696.509  -596.300  -527.489
  -293.491   -78.364   -28.123   -64.426   -37.377  213.225  821.212 1238.568
 1204.694  742.185  310.945  140.333   90.187   44.304    -2.010   -38.928
CT1699:125           -34.531   -81.816  -131.124  -135.416  -119.909  -116.648
  -150.050  -143.744   -54.790  104.649  126.432   62.579  -134.135  -225.313
  -240.169  -201.951  -216.757  -260.398   -96.428  172.374  888.562 1434.716
 1400.557  822.782  342.802  167.159  107.849   30.761   -45.009  -115.766
CT1699:120           -37.141   -95.965  -136.599  -135.452  -125.153   -84.689
   -40.711   36.947  407.509 1250.368 1513.781 1157.510  449.508  165.383
  -152.541  -516.673  -607.192  -771.942  -900.969  -529.746  511.108 1205.175
 1206.956  697.782  241.401   69.755   20.651   -16.893   -85.363  -161.802
CT1699:115            0.884   -59.562  -126.807  -116.688   -91.453   -25.109
  119.672  236.798  640.981 1711.525 2103.960 1536.040  587.808  306.762
  178.509   92.707   54.500   -66.254  -105.032  112.046  651.867 1019.918
  990.597  680.757  435.635  276.839  130.781    -8.176  -142.867  -273.106
CT1699:110           -26.874   -87.326  -130.234  -109.748   -65.933    7.156
  228.700  458.539  519.996  457.204  407.348  390.627  258.328  205.500
  279.569  395.420  497.754  821.429 1156.911 1164.421  818.245  573.502
  551.250  573.158  533.982  394.817  206.664   13.048  -164.736  -332.293
CT1699:105           -44.714   -95.210  -129.411  -118.595   -59.684   -48.742
  -109.969  -227.200  -429.093  -983.258 -1228.064  -843.177  -190.228   26.370
  105.580  171.286  339.397  826.240 1203.505 1210.685  829.588  508.866
  449.137  494.273  509.690  398.014  196.983    2.574  -173.154  -188.327
CT1699:100           -29.637   -72.211  -112.596  -102.507   -44.233   -59.291
  -254.089  -501.598  -758.041 -1242.289 -1412.641 -1120.471  -396.341   -66.179
   -25.309   -43.522   56.707  294.733  473.996  545.970  524.436  468.901
  457.363  475.138  470.171  369.521  195.437   12.251  -147.891  -291.234
CT1699:095           -35.501   -82.395  -127.100  -124.688   -72.196   -86.623
  -231.350  -412.563  -546.922  -756.746  -802.497  -656.785  -294.173   -95.811
   -98.896  -149.977  -113.092   -54.620   25.246  125.364  289.162  442.115
  479.391  440.232  385.129  293.948  151.482   14.750  -114.869  -246.968
CT1699:090           -42.625  -100.773  -142.837  -135.478   -90.705   -63.172
   -33.506    -8.482   -57.119  -173.549  -231.831  -212.747  -139.546  -113.987
  -161.316  -231.588  -243.933  -245.166  -215.811  -102.108  144.454  386.591
  452.430  408.754  345.358  263.879  144.915   25.558   -90.445  -176.358
CT1699:085           -24.859   -92.265  -151.451  -146.204  -109.847   -57.269
   88.053  228.488  243.979  196.753  143.335   69.529   -44.429  -129.475
  -215.778  -312.583  -355.391  -392.774  -388.757  -272.434   16.399  308.185
  402.316  367.752  318.795  252.106  139.979   31.041   -72.413  -176.539
CT1699:080           -15.508   -88.014  -158.782  -152.125  -103.363   -26.844
  159.180  351.328  415.584  404.863  341.974  235.072   25.655  -120.878
  -225.925  -338.701  -390.053  -416.092  -432.353  -308.324    0.615  262.087
  357.110  352.339  330.451  269.405  150.565   36.215   -66.956  -168.252
CT1699:075           -25.884  -117.250  -176.776  -153.015   -90.213    9.264
  200.078  364.607  464.711  604.348  605.042  403.427   65.659  -107.746
  -208.663  -266.964  -311.427  -329.743  -298.813  -198.112   21.714  200.359
  292.998  326.208  332.551  284.921  164.139   48.096   -52.744  -152.213
CT1699:070           19.042   -74.007  -166.979  -143.405   -73.507   23.328
  238.699  421.760  498.735  637.771  658.217  388.421   15.769  -147.302
  -286.593  -431.742  -467.553  -359.532  -250.634  -187.826   -58.605   66.758
  164.062  239.756  287.651  276.580  172.049   63.249   -32.413  -128.481
CT1699:065           28.778   -40.147  -118.195  -105.544   -68.572   10.501
  233.216  424.039  368.177   39.936  -132.627  -154.164  -117.553  -171.967
  -258.607  -306.207  -381.708  -501.778  -591.947  -601.710  -530.269  -423.347
  -297.659   -27.050  201.331  250.943  157.522   77.469   21.455   -36.259
CT1699:060            -9.614   -79.685  -124.779  -111.455   -73.465   10.206
  211.238  383.517  322.453   -42.347  -248.301  -193.469   -88.796  -113.088
  -160.111  -194.048  -294.640  -477.728  -628.920  -734.349  -917.565  -976.327
  -816.569  -364.270   39.039  148.935  105.805   73.785   58.573   41.526
CT1699:055           -17.445   -82.219  -127.367  -113.844   -75.979    -5.280
  154.658  294.835  368.160  487.555  551.562  441.934  194.412   79.407
   72.323   -10.591  -151.328  -370.515  -576.203  -757.785 -1156.127 -1351.757
-1212.824  -658.902   -99.582   48.484   30.531   57.455   84.969  101.533
CT1699:050            5.784   -56.533  -130.849  -115.669   -65.767    -7.542
   94.916  177.677  308.822  669.790  865.333  900.653  979.789  946.685
  596.351  216.873   46.669  -109.288  -244.187  -440.349 -1062.119 -1531.696
-1317.764  -662.803  -247.045   -91.899    -2.634   51.487   24.733   -34.945
CT1699:045           -37.254  -108.285  -149.581  -115.610   -34.639   23.215
   63.836   90.446   81.917   47.972  113.573  388.162  945.047 1067.701
  688.345  236.206  106.663   94.688   51.432    -6.517   -28.876    -2.573
   96.849  492.345  902.554  862.902  452.591   87.630  -145.255  -355.825
CT1699:040           -26.256  -101.260  -148.529  -112.282   -20.925   29.493
   58.916   53.504  -172.514  -929.224 -1288.849  -772.259   52.166  266.360
  265.529  162.020  132.262  197.415  237.919  264.361  458.739  622.749
  742.926 1083.785 1351.723 1210.539  696.568  151.896  -253.238  -287.508
CT1699:035           22.312   -48.026  -133.757  -108.238   -24.091   22.725
  137.330  202.999   -57.279  -792.717 -1071.798  -887.558  -444.548  -261.249
   -83.221   74.985  111.648  134.890  145.865  200.543  317.849  351.640
  488.873  721.677  787.856  702.363  386.804   56.908  -214.399  -317.105
CT1699:030           -29.813  -114.193  -161.811  -113.530    -6.841   68.463
  236.087  352.477  144.659  -354.504  -569.155  -601.267  -418.273  -274.581
  -203.624  -134.732  -104.729   -87.710   -62.533   -51.340   -81.400   -92.462
   13.530  170.214  263.918  249.064  160.394   63.503   -49.636  -170.730
CT1699:025           -23.161   -97.518  -156.449  -119.089    -3.916   82.555
  217.390  308.897  110.419  -475.526  -835.739  -727.494  -425.765  -284.485
  -199.655  -156.417  -179.563  -349.532  -497.676  -482.189  -323.796  -123.158
   -29.867   27.937  102.132  114.564   82.338   67.722   38.377    0.920
CT1699:020           -28.098   -96.829  -156.392  -115.658    6.708   91.347
  186.038  245.742   69.628  -409.463  -677.870  -569.206  -199.690   -40.966
   -48.099   -72.709  -143.627  -451.931  -745.092  -733.521  -466.535  -203.901
   -90.100    3.583   93.512  114.275   85.231   71.008   60.116   47.540
CT1699:015           -57.453  -130.845  -165.651   -98.957   30.683  114.805
  203.968  248.420  115.160  -260.113  -451.718  -345.737   -89.384    0.249
   31.093    -3.527   -68.875  -272.664  -476.492  -471.327  -295.274  -144.196
   -64.194   24.191  105.692  132.735  104.257   77.490   62.001   50.255
CT1699:010           -10.615   -73.174  -155.890   -91.879   68.162  152.593
  266.751  344.197  228.368  -122.453  -280.171  -149.066  166.150  253.251
  150.743    7.576   -24.754   48.091  141.222   77.044   -96.240  -148.978
  -102.505   13.563  124.010  156.298  115.037   81.289   59.158   36.655
CT1699:005           -59.145  -124.389  -150.436   -56.503  115.043  207.740
  266.297  289.592  201.804   -32.941  -147.405   -89.601   85.038  138.259
   91.950   44.278   30.593   41.777   45.108    -5.008  -205.345  -346.398
  -284.803   -28.656  193.247  230.187  167.852  105.570   58.279   13.747
CT1700:360           -62.500  -117.391  -129.826   -27.559  155.015  223.593
  185.848  116.061   64.321   -13.157   -56.558   -86.558  -165.731  -197.045
  -119.750   -43.479   -31.790   -57.845   -93.735  -110.886  -262.007  -403.355
  -341.590   -48.702  197.060  227.161  166.339  108.595   60.840   14.835
