
filled_synop: 30 data points in equal steps of sine latitude from +14.5/15 to  -14.5/15

CT1708:360           -40.663   -16.543    8.376   33.268   48.485   43.639
   12.347   44.447  183.899  403.097  497.644  571.937  558.404  505.773
  496.647  385.361  329.948  401.296  395.082  317.559  118.872    -8.922
   11.446   59.867   80.611   67.805   39.978   44.870   64.448   85.886
CT1708:355           -52.647   -29.094    -3.141   20.897   49.815  100.480
  146.884  228.814  454.283  801.910  946.344  875.971  660.373  542.581
  388.831  170.957   64.381   94.018   87.335   33.097   -48.492   -90.111
   -32.983   53.595   99.705   85.908   45.528   46.922   68.940   94.525
CT1708:350           -55.347   -37.665   -15.978    -0.448   27.950  109.108
  228.565  331.680  551.945  911.008 1059.198 1012.961  835.022  705.185
  429.723   54.635  -135.710  -253.998  -343.817  -402.846  -387.403  -315.158
  -200.917   30.290  135.630   98.888   34.463   47.907   80.665  103.874
CT1708:345           -48.363   -41.768   -34.162   -30.302    -3.745   83.495
  206.839  282.512  378.589  489.648  570.603  696.077  846.747  802.064
  476.999  107.601  -118.215  -492.010  -770.534  -826.537  -800.599  -740.591
  -494.490   -48.117  127.467  102.417   36.470   32.792   52.824   88.762
CT1708:340           -56.751   -48.654   -38.258   -28.798    -3.183   62.797
  179.192  200.455   62.396  -188.441  -211.779   99.251  610.077  676.870
  298.552  -147.367  -339.896  -591.983  -809.197  -840.685  -814.926  -758.775
  -511.310   -64.273  113.026   87.513   30.054   36.936   66.086  100.252
CT1708:335           -71.302   -59.877   -44.069   -27.017    -1.232   38.509
  112.786   76.687  -204.187  -733.043  -840.909  -504.625  163.630  322.938
    -8.864  -396.532  -493.499  -377.801  -279.087  -323.871  -432.044  -424.276
  -293.716   -10.113  105.574   69.189    9.681   33.262   80.771  114.207
CT1708:330           -43.434   -33.219   -19.943    -4.892   16.080   68.245
  166.902  132.814  -238.753  -921.666 -1059.653  -733.141  -384.291  -333.417
  -204.751  -198.474  -195.762  101.805  395.584  339.558   30.233  -106.316
   -64.939   41.648   84.176   72.710   41.977   45.548   68.424   97.095
CT1708:325            -9.001    -5.293    2.045   14.344   11.884   21.866
   57.594   44.672   -37.306  -179.797   -78.445  553.060 1585.082 1755.031
  805.709  -229.031  -339.130   94.580  371.805  385.185  233.293  117.975
   83.281   45.929   27.971   36.432   45.116   55.853   73.143   87.827
CT1708:320           14.277   12.317   14.121   16.977    -1.351   -63.559
  -186.421  -226.992   -65.958  183.572  402.939 1058.518 1916.663 2014.646
 1052.593   33.773   -95.263  202.880  425.522  441.493  394.669  343.753
  227.708   55.211    -2.515   13.480   39.648   57.692   78.992   95.006
CT1708:315           40.604   16.986    -5.564   -19.243   -70.969  -207.007
  -402.090  -443.374  -137.006  399.988  664.074  827.892  872.634  844.489
  590.089  276.207  227.535  297.299  349.395  357.552  325.316  273.754
  186.302   50.297    0.801   22.597   53.738   66.293   76.249   86.893
CT1708:310           65.972   12.678   -44.437   -89.869  -162.658  -334.554
  -614.809  -705.827  -548.134  -177.428   -40.668  -413.008 -1096.001 -1139.456
  -384.599  230.000  340.727  304.508  245.959  243.728  210.525  165.778
  126.302   68.229   43.954   61.022   84.329   86.336   80.001   81.723
CT1708:305           96.494   29.687   -44.635  -108.928  -206.632  -425.301
  -701.262  -814.245  -969.924 -1156.568 -1244.680 -1423.082 -1512.116 -1363.149
  -636.646  152.177  332.677  222.507  136.281  147.632  149.265  145.172
  119.243   71.196   56.138   69.180   85.169   91.433   91.715   89.830
CT1708:300          106.557   31.484   -48.587  -125.286  -231.317  -455.357
  -754.417  -848.323  -944.056 -1184.680 -1354.931 -1364.170 -1382.998 -1310.593
  -753.283   -84.750   71.716   -26.535   -56.293   -12.679   43.875   92.573
   94.188   62.877   61.708   71.599   82.881   88.362   89.545   89.955
CT1708:295          103.405   18.993   -76.385  -172.263  -272.032  -437.485
  -691.804  -729.796  -353.093  345.424  438.635  -147.853  -910.026 -1062.143
  -865.737  -598.110  -498.266  -463.725  -352.355  -273.168  -115.038   14.881
   43.730   33.891   48.465   66.425   86.012   90.914   88.625   86.948
CT1708:290           95.944    9.887   -75.264  -161.982  -241.314  -306.962
  -385.542  -349.509  188.988 1174.975 1367.318  507.266  -546.443  -818.134
  -974.515 -1069.388 -1037.909 -1009.936 -1001.999  -764.607  -283.629   -59.313
   -19.958    -8.113   19.792   59.182  106.627  115.247   97.954   77.266
CT1708:285           96.369   11.995   -65.993  -153.240  -216.241  -200.048
  -122.266   -89.746  -182.185  -412.502  -502.119  -468.971  -558.400  -633.199
  -664.487  -698.084  -658.428  -405.743  -150.674   -96.218   -63.097    2.008
    9.954   -14.642    2.062   56.710  112.007  101.199   63.162   42.270
CT1708:280           82.030    2.541   -75.896  -157.993  -205.723  -175.840
  -108.216  -136.248  -488.729 -1082.399 -1172.970  -597.920  147.595  280.663
   86.511  -103.900   -84.608  147.989  355.362  280.612  100.578   74.206
   59.158   40.076   41.303   69.268  108.079  108.398   82.145   50.071
CT1708:275           83.339    4.463   -77.228  -165.262  -210.416  -178.415
  -111.361  -108.380  -260.732  -496.779  -463.425   -21.934  522.955  677.033
  683.829  669.161  565.631   99.489  -236.172  -135.520   65.191   99.450
  110.437   88.438   56.689   74.730  107.484   96.936   63.993   31.796
CT1708:270           90.962   13.758   -70.551  -183.757  -241.687  -208.927
  -137.598   -94.991   39.160  291.290  428.105  462.643  542.406  633.579
  751.159  828.769  744.723  304.090   20.149  163.891  602.649  715.884
  530.222  160.351   42.233   84.109  129.655   99.155   47.721   10.264
CT1708:265           49.278   -33.153  -124.457  -218.667  -252.488  -188.864
   -91.033   -35.251   73.789  183.710  228.004  205.307  129.882  173.262
  321.554  410.638  444.682  518.901  603.143  705.097 1071.520 1193.289
  805.515  187.409   18.005   58.254  118.358  114.521   84.901   38.999
CT1708:260           -20.397   -66.105  -107.769  -164.586  -176.481   -85.036
   72.617  132.301   77.230   -10.342   -18.374   -99.556  -117.260   -89.375
   -11.109  105.058  133.072  143.335  134.950  201.371  251.709  218.358
  197.644  107.880   59.738   92.740  131.259  116.370   83.655   57.804
CT1708:255           -37.662   -67.150   -91.024  -115.414  -108.428   -24.804
   92.655  128.768   13.669  -190.951  -203.680  -174.937  -138.052  -127.489
   -60.257   28.393    -4.365   -18.407   -15.934   -31.011   -82.446   -93.825
   -56.508   25.531   51.777   84.587  118.013  111.097   82.367   57.295
CT1708:250           -57.378   -69.243   -76.780   -87.730   -83.447   -30.987
   43.700   86.120   53.232   17.251  153.282  351.116  481.378  450.107
  242.765   -25.220  -165.124  -105.745   -73.145  -123.693  -196.978  -199.095
  -142.890   -34.094   23.457   67.891  110.177  115.655   94.431   71.313
CT1708:245           -70.914   -69.617   -66.755   -63.267   -59.698   -80.675
  -141.186  -115.133    -9.018  125.502  455.738 1415.295 2373.583 2326.689
 1152.041   99.689  -214.733  -183.560  -171.194  -217.585  -255.432  -246.929
  -170.784   -58.185    4.752   66.812  122.069  120.104   95.048   78.593
CT1708:240           -64.704   -63.424   -62.244   -60.893   -66.679  -111.998
  -185.000  -158.829   -53.779   68.372  502.715 2038.678 3518.094 3464.228
 1721.098  143.017  -232.927  -203.051  -244.204  -279.795  -241.098  -206.035
  -131.098   -25.579   39.005   89.853  134.642  136.758  107.510   71.661
CT1708:235           -58.246   -60.897   -63.471   -63.482   -66.096   -97.946
  -151.892  -140.366   -73.184   11.442  409.876 2005.963 3786.229 3789.542
 1922.673  459.124   81.329  -110.944  -280.427  -311.719  -227.233  -180.462
   -93.963   10.881   70.061  110.403  139.870  123.392   76.087   35.245
CT1708:230           -56.837   -58.380   -61.114   -66.029   -64.948   -52.867
   -35.994   -40.763   -89.799  -122.725   58.302  529.961  989.001 1108.515
  997.233  775.885  512.566   56.784  -239.477  -275.528  -153.968   -98.031
   -31.522   51.713  102.251  133.733  155.119  120.616   55.299    9.879
CT1708:225           -71.040   -59.658   -50.327   -41.958   -19.608   56.665
  160.992  115.078  -233.519  -656.839  -778.850 -1303.357 -1955.829 -1689.587
   -73.286 1048.330  931.106  252.871  -133.060  -192.271  -133.288   -99.869
   -11.421   89.286  139.106  159.283  165.469  140.675   84.288   23.151
CT1708:220           -90.338   -65.588   -43.813   -25.058    6.962   97.490
  222.063  141.664  -274.563  -806.177  -980.894 -1058.687 -1041.331  -761.606
   72.070  683.021  650.179  194.638   -91.020  -161.614  -153.764  -131.058
   -38.958   66.454  122.128  147.201  158.178  126.359   68.107   17.587
CT1708:215          -110.909   -79.354   -46.091    -9.798   32.332  117.141
  227.481  158.453   -89.567  -381.787  -445.156   -67.389  494.169  631.404
  439.250  388.806  328.328    4.914  -193.163  -230.626  -211.498  -179.024
   -83.190   28.193   93.066  144.031  177.046  145.532   80.907   24.845
CT1708:210          -119.570   -79.391   -36.969   10.771   56.528  132.053
  196.518   89.704  -143.645  -341.238  -417.659  -379.521  -208.960   -98.199
   -30.817   56.291   10.221  -213.094  -302.292  -310.916  -255.824  -198.798
  -117.564   -16.869   51.769  120.124  178.674  167.018  109.570   45.351
CT1708:205          -108.855   -62.893   -18.400   30.736   58.848  112.404
  203.404   71.219  -488.221 -1215.968 -1421.960 -1468.845 -1711.492 -1544.302
  -847.785  -444.307  -405.101  -467.264  -463.753  -420.271  -300.993  -226.207
  -144.891   -55.694   12.119   94.783  155.991  131.080   76.143   38.556
CT1708:200          -116.563   -61.376    -3.578   58.860   88.299   86.664
   67.438  -107.613  -637.938 -1198.555 -1352.027 -1219.605  -892.105  -768.105
  -701.630  -595.025  -476.915  -402.032  -397.936  -329.836  -223.143  -167.433
   -76.107   50.616  110.175  132.353  150.797  135.569   87.962   38.645
CT1708:195          -120.566   -70.200   -20.178   47.914   60.546   -20.365
  -123.130  -280.108  -600.731  -887.306  -951.857  -748.063  -476.535  -313.029
   -57.426  199.529  256.148  287.249  345.899  191.947   -59.122  -111.670
   -43.952   42.530   89.743  121.206  137.560  114.476   67.739   27.052
CT1708:190          -119.737   -64.680   -11.584   43.294   44.564   -75.746
  -218.807  -295.803  -400.272  -476.375  -486.932  -383.989  -287.404  -136.197
  153.133  333.298  421.966  456.336  426.041  291.796   27.852   -66.535
   -34.847   12.869   51.635  104.937  137.001  107.222   57.642   22.547
CT1708:185          -106.787   -58.458   -15.982   32.321   39.365   -63.393
  -182.157  -181.239    4.543  181.976  164.675   15.479  -128.062   -98.038
   32.206  117.523  194.193  256.759  247.169  143.705   -25.806   -88.865
   -55.275    -8.351   31.981   96.045  142.650  130.551   84.708   35.459
CT1708:180          -120.816   -72.367   -20.564   30.692   78.932  130.804
  187.905  282.118  571.528  816.301  733.739  283.005  -117.370  -185.271
  -103.700   -38.047   12.780   51.654   43.080   -34.461  -146.530  -181.789
  -118.066   -35.559   22.178   97.096  150.180  127.676   76.067   39.984
CT1708:175          -133.329   -84.487   -31.487   20.109   83.155  210.043
  344.826  470.276  753.087 1010.856  870.218  196.006  -385.674  -417.338
  -153.210   -17.738   27.251   23.603    -6.869  -126.080  -285.068  -319.168
  -242.732   -98.746    -2.467   93.978  160.694  147.392   97.808   63.585
CT1708:170          -132.879   -82.991   -27.297   25.686   78.876  155.887
  231.350  309.060  456.533  502.897  339.348   -40.832  -351.253  -404.736
  -195.521   -14.345   60.493   45.295    9.023  -171.198  -518.462  -594.463
  -389.864  -146.446   -37.138   78.098  175.521  193.483  156.100  108.411
CT1708:165          -123.278   -76.379   -22.113   42.103   81.602   81.245
   88.430  151.677  317.343  492.727  259.663  -551.539  -932.925  -995.147
  -519.698   -71.251   33.136   17.355    -5.792  -120.516  -314.459  -354.101
  -278.676  -166.857   -76.035   69.321  184.118  180.451  133.080  109.967
CT1708:160           -87.947   -39.848   10.566   54.284   56.601   -59.341
  -169.995  -100.269  215.448  453.168  202.232 -1175.408 -2622.575 -2426.702
  -863.476   -99.179   -60.934  -145.258  -154.435  -174.390  -138.051  -125.523
  -182.774  -237.130  -162.205   20.541  171.351  200.945  166.820  124.454
CT1708:155           -56.417   -27.866    -2.895   22.167    2.664  -150.921
  -300.162  -183.530  418.004 1008.023  965.797  366.858   -10.340  -159.343
  -218.228  -214.330  -271.526  -455.833  -533.607  -407.025  -182.651  -135.534
  -206.233  -279.557  -212.103   -10.559  153.783  184.304  148.265  110.054
CT1708:150           -49.953   -42.408   -35.755   -26.909   -34.273  -121.608
  -256.333  -194.785  277.165  687.073  793.054  863.927  913.735  720.008
  149.625  -151.932  -246.464  -387.457  -444.267  -360.852  -227.638  -212.507
  -275.864  -344.160  -276.878   -25.204  167.185  166.895  109.279   88.824
CT1708:145           -43.387   -40.871   -34.517   -24.694   -20.245   28.759
   70.580   36.991   -61.950   -68.672   71.853  501.439  805.084  732.870
  230.504   -63.047  -118.558   -87.123   -73.590   -82.172   -94.495  -140.963
  -284.137  -437.474  -381.767  -114.388  112.807  166.198  144.070  114.929
CT1708:140           -35.673   -35.285   -29.141   -19.739   -36.442   18.707
   64.575  -184.003 -1105.820 -1870.356 -1765.546  -909.507  -322.948  -133.939
   -74.151   -68.978   -17.249  143.674  191.571  194.453  186.941  105.781
  -151.865  -424.986  -400.068  -149.114   58.598  118.535  120.107  118.383
CT1708:135           -37.273   -40.127   -40.660   -22.013   -68.182  -164.121
  -269.473  -576.128 -1620.882 -2517.083 -2418.691 -1362.565  -518.704  -273.676
  -122.665    3.230   94.374  240.713  259.199  227.949  180.795   81.821
  -173.409  -421.296  -381.045  -158.894    7.918   53.794   71.759  109.254
CT1708:130            -9.376   -11.731   -15.434   -10.002   -97.502  -375.138
  -680.288  -914.970 -1225.952 -1387.973 -1273.044  -730.115  -214.281   -30.763
   52.314  153.881  213.418  285.975  243.323    3.986  -319.040  -442.639
  -448.506  -395.577  -318.759  -159.094   -12.883   53.357   83.516  112.287
CT1708:125            2.824    -4.117   -10.242   -10.899   -75.160  -268.426
  -463.591  -565.903  -535.931  -470.543  -371.518  -200.503   -54.331   36.667
   75.732  125.083  159.729  234.013  156.915  -338.509  -996.832 -1132.729
  -817.966  -424.490  -283.522  -132.576    -8.110   34.755   66.489  110.144
CT1708:120            -1.579    -9.569   -15.959   -22.665   -72.065  -162.325
  -247.406  -241.122  -111.604   -21.295   35.882   59.272   65.417   72.932
   16.257    -5.287   32.230  139.958  113.657  -347.648 -1055.865 -1135.465
  -688.043  -265.014  -154.933  -100.165   -26.337   29.810   74.940  114.244
CT1708:115           -14.267   -17.344   -16.941   -17.446   -19.723   -25.672
   -37.059    6.939  130.520  211.882  246.153  217.203  177.247  153.850
   70.224   23.024   28.429   41.359   49.453  142.805  215.619  237.896
  279.750  176.600  142.166  103.791   23.108    6.826   43.484   94.500
CT1708:110           -26.547   -23.517   -18.429   -15.350    -7.586   23.459
   57.208  117.347  256.146  356.293  378.994  324.875  275.695  253.383
  221.208  206.722  169.415   63.318   64.127  553.092 1431.235 1550.986
 1128.578  844.043  702.457  274.217   14.975   35.978   89.701  106.428
CT1708:105           -36.931   -26.863   -15.818    -7.871    -0.790    -5.405
    -9.810   57.697  259.654  409.998  413.855  285.841  212.260  208.867
  270.679  312.815  291.517  232.698  223.941  193.987   -31.178   -27.293
  317.687  421.366  375.101  234.608   72.185   32.409   56.001   88.019
CT1708:100           -47.162   -33.033   -18.523    -3.541    -6.106   -42.541
   -69.459    -7.762  178.679  312.723  290.393   51.331  -124.031   -61.082
  143.984  225.766  287.496  383.817  365.794   41.503  -398.650  -443.313
  -178.183  122.032  169.596   94.244   59.059   70.027   87.755   98.627
CT1708:095           -55.191   -31.120    -5.830   15.325   13.621   -48.350
  -109.167   -73.671   85.149  208.729  179.403   -11.961  -109.079   -67.847
   98.168  192.041  256.988  345.007  286.630   -35.934  -462.215  -534.625
  -301.935   -37.317   47.658   77.904   98.986   99.419  100.904   99.983
CT1708:090           -62.712   -38.700   -14.639   14.222    3.884   -71.414
  -128.220  -115.011   -16.221   69.395   64.765    -8.154   -35.183   12.498
  136.790  201.067  206.642  193.690  106.099  -123.711  -414.708  -463.638
  -294.243  -128.305   -39.809   44.791  112.421  123.966  104.253   83.873
CT1708:085           -62.648   -35.869    -8.691   15.401    9.164   -50.947
  -106.545  -110.026   -89.141   -62.920   -46.510   -13.831   17.203   52.671
  122.273  132.854   53.078   -54.342  -147.413  -286.574  -403.955  -409.818
  -324.221  -226.261  -116.749   37.832  135.853  116.585   72.680   59.463
CT1708:080           -67.136   -45.630   -19.777   12.323    6.549   -53.226
  -108.475  -127.317  -135.448  -131.103  -112.305   -55.279   -13.176    1.529
   30.954    6.255  -151.763  -378.392  -488.660  -544.411  -544.175  -515.747
  -416.198  -296.423  -164.769   20.557  148.024  147.303   99.561   66.384
CT1708:075           -68.163   -44.779   -16.402    9.797    0.456   -61.661
  -112.370  -128.064  -135.130  -131.130  -123.899   -99.669   -70.836   -64.459
   -33.092   -59.995  -260.497  -579.858  -713.574  -722.213  -679.902  -639.770
  -510.612  -362.538  -224.756   -14.360  142.513  164.665  122.421   76.154
CT1708:070           -75.485   -58.938   -35.679    -6.164    -7.343   -54.238
  -111.606  -117.576   -96.779   -85.492   -92.733  -136.677  -145.877  -119.019
   -33.306   -39.353  -199.686  -448.535  -565.875  -633.699  -671.689  -658.451
  -551.944  -437.349  -298.862   -33.144  139.683  126.662   71.869   59.660
CT1708:065           -62.419   -44.548   -23.463   -10.176   -10.683   -11.178
    1.448   13.237   19.880   53.197   39.554   -62.656   -87.808   -36.007
  121.962  159.046   53.925   -82.005  -172.011  -260.919  -311.358  -347.350
  -416.670  -429.653  -318.726   -77.211  102.853  146.786  129.262  108.800
CT1708:060           -34.495   -32.505   -31.254   -33.505   -54.560  -121.260
  -161.569   -64.575  167.622  304.372  321.309  207.552  168.264  229.154
  373.554  389.523  306.674  195.336  104.350   47.767    -7.178   -91.867
  -281.153  -410.615  -343.282  -118.024   37.625   92.611  119.111  147.015
CT1708:055           -24.599   -31.793   -44.328   -58.136   -88.067  -212.168
  -281.986   -89.051  515.909  953.838  990.918  786.577  750.945  773.431
  822.783  785.146  573.562  284.812  154.379  182.469  198.405  105.950
  -145.995  -336.085  -319.317  -157.649   -45.642   29.859  100.243  166.719
CT1708:050           -44.076   -42.290   -41.312   -45.098   -83.291  -216.635
  -278.796  -129.610  240.429  527.871  762.536 1016.707 1179.486 1252.693
 1306.173 1194.353  803.315  270.525   71.598  214.839  352.786  293.718
   47.501  -139.633  -170.842  -127.163   -66.761   10.078   91.628  170.264
CT1708:045           -67.608   -60.895   -48.195   -30.418   -19.234   -48.081
   -37.027    4.958   -84.668    -4.469  353.701  998.481 1340.463 1600.639
 1828.802 1681.756 1072.875  208.879   -75.111  159.742  439.283  438.585
  239.553   66.423    6.545   -31.406   -41.511   16.289   90.509  154.495
CT1708:040           -80.003   -67.301   -54.513   -48.755   -15.769   59.954
  134.550  194.077  119.928  101.810  507.989 1317.529 1705.841 1874.552
 2060.016 1913.859 1050.850  -129.916  -438.661   -65.280  380.865  453.084
  321.389  191.042  129.885   51.920   12.827   51.954   99.758  134.093
CT1708:035           -85.823   -78.239   -71.160   -53.388   19.579  149.328
  254.810  426.503  830.541 1103.700 1154.926 1163.240 1224.539 1275.161
 1329.601 1181.972  521.506  -475.366  -705.803  -277.513  187.367  301.832
  277.589  235.030  196.133   98.121   36.818   44.066   74.783  106.459
CT1708:030           -88.040   -66.962   -50.380   -41.734   31.213  209.246
  363.868  486.457  765.004  884.128  666.933   52.135  -170.886  -101.918
  250.675  286.582   -63.047  -500.244  -586.893  -384.183   -60.859   70.679
  148.076  200.530  191.723   90.095   42.506   59.981   86.179  101.492
CT1708:025           -94.218   -69.932   -45.941   -11.291   59.768  189.439
  290.116  296.590  246.718  117.027  -272.115 -1307.699 -1849.504 -1484.028
  -676.013  -465.982  -610.805  -797.401  -810.929  -631.263  -394.434  -249.403
   -40.243  128.433  157.201   75.973   26.594   24.352   44.937   71.763
CT1708:020          -106.854   -67.174   -24.599   21.144   65.846  134.896
  178.874  100.988   -82.082  -242.745  -571.681 -1080.364 -1215.734 -1255.679
-1085.095  -984.351  -856.225  -783.154  -769.963  -748.284  -703.453  -571.611
  -218.996   65.562  119.843   47.122   27.673   31.001   40.005   50.393
CT1708:015           -95.998   -51.800    -6.386   42.854   82.332  130.368
  151.663   30.378  -282.681  -513.307  -666.385  -795.493  -843.997  -772.880
  -535.972  -409.331  -337.487  -198.439  -218.449  -570.960  -874.533  -775.735
  -319.560   30.018  106.484   78.137   67.477   61.916   59.807   61.832
CT1708:010           -83.152   -40.229    5.215   51.228   80.605  114.186
  123.700   26.044  -214.000  -353.992  -394.204  -359.553  -336.198  -205.775
   34.195  127.429  146.185  164.407   94.071  -264.984  -608.586  -562.256
  -217.689   35.074   92.169   73.867   68.575   68.351   72.011   78.027
CT1708:005           -65.714   -30.788    4.664   41.399   63.274   85.752
  102.617   77.805   -13.045   -61.122    -4.485  177.364  265.448  271.978
  266.853  258.395  274.667  243.017  187.300   82.258   -38.029   -35.076
   30.149   77.452   98.115   78.901   74.901   78.711   82.550   88.234
CT1709:360           -69.440   -27.126   16.549   54.389   68.626   46.867
   47.443  109.483  253.470  343.148  409.132  473.797  467.961  441.244
  324.765  229.385  201.334  121.331   93.113  204.831  314.107  309.606
  185.327  113.598  111.127   81.753   64.145   72.863   88.732  103.218
