
filled_synop: 30 data points in equal steps of sine latitude from +14.5/15 to  -14.5/15

CT1718:360            2.098   -12.862   -27.556   -46.434   -70.560   -64.120
   -23.775   34.923   90.438  181.636  317.754  315.715  103.316   -30.102
   -56.803   53.629  155.055  348.417  950.144 1095.698  490.437   -86.114
  -153.681   -86.309   -49.786   -30.272   -13.898    6.887   29.201   50.668
CT1718:355            5.734    -9.475   -26.112   -46.587   -65.215   -63.514
   -67.893   -94.638   -69.335   10.488   41.867  131.287  423.057  573.828
  475.347  151.255   10.528   37.082  119.939  102.639   44.978  -106.908
  -144.338   -97.079   -64.129   -40.618   -18.869    2.078   24.271   49.237
CT1718:350            9.166    -6.671   -22.071   -40.251   -60.516   -53.749
    4.988   58.170   73.234   67.529   81.450  228.648  700.886 1026.569
  809.572   -34.432  -450.373  -423.009  -258.475  -227.158  -177.163  -151.418
  -151.050  -107.591   -72.489   -46.883   -23.450    1.441   28.715   54.925
CT1718:345           10.857    -1.206   -15.059   -34.015   -60.296   -58.008
   60.055  211.367  198.661    -0.301  -119.465   33.917  573.192 1011.803
  821.987  -192.682  -799.334  -612.384  -154.875   -61.676   -70.943  -108.609
  -114.921   -86.033   -65.317   -44.170   -20.678    3.427   29.870   55.533
CT1718:340           13.980    -2.596   -19.768   -37.018   -53.021   -69.649
   -59.702   -61.949  -171.988  -566.390  -909.137  -740.138   -12.337  459.833
  484.759  226.229   64.785   56.038  227.819  251.246   98.830   -63.663
   -85.779   -83.111   -75.045   -54.515   -31.848    -7.267   21.086   49.969
CT1718:335            8.899    -6.956   -24.302   -40.737   -53.126   -96.780
  -206.865  -331.537  -461.668  -787.320 -1075.357  -898.904   -60.415  562.859
  567.714  261.691  137.310    -1.893   17.279   55.690   -60.330  -118.320
  -102.196   -96.579   -85.660   -62.632   -37.756   -10.221   19.122   47.866
CT1718:330            3.300   -16.497   -38.078   -58.186   -68.583  -117.594
  -259.754  -417.289  -525.954  -649.107  -623.592  -483.618   -23.652  521.621
  459.423  -205.749  -623.498  -682.791  -855.842  -922.700  -577.686  -221.837
  -155.398  -129.584   -98.732   -68.852   -41.599   -12.141   17.254   46.813
CT1718:325            -4.838   -23.433   -42.549   -61.778   -76.017  -109.397
  -216.517  -350.329  -446.362  -648.450  -885.410  -815.405  -415.529  -225.097
  -176.033  -225.531  -315.783  -473.188  -805.181  -927.448  -599.664  -283.515
  -233.955  -193.602  -139.065   -92.158   -49.364   -12.825   15.398   43.635
CT1718:320           -26.960   -35.588   -43.671   -56.378   -73.591   -71.494
    -0.230  106.484   82.209  -167.293  -448.332  -413.677   -67.861  217.736
  262.023  241.879  259.979  313.659  707.985  811.853  225.247  -367.549
  -421.413  -261.248  -159.438  -108.652   -52.616   -14.832    7.880   36.843
CT1718:315           -48.987   -49.136   -49.215   -51.854   -54.226    -9.555
  174.710  374.839  385.543  262.921  182.431  220.284  421.815  702.328
  661.112  307.273  141.842  333.222  763.436  782.920  280.147  -379.110
  -466.683  -276.543  -157.186  -105.755   -54.981   -15.051   14.963   44.298
CT1718:310           -65.682   -55.796   -46.279   -43.079   -42.063   23.780
  240.561  472.638  497.739  327.076   90.244   86.550  309.726  453.635
  422.490  155.340   -24.562   97.955  402.993  414.071  123.687  -288.075
  -351.459  -228.985  -149.762  -108.621   -58.334   -19.535   11.918   43.738
CT1718:305           -80.005   -59.777   -39.135   -27.006   -27.150   30.475
  218.912  441.393  459.767  257.009   -58.081  -103.618   83.927  178.589
  158.045   14.502  -110.618  -135.448   -30.007   18.264   -63.110   -77.737
   -86.024  -141.975  -155.058  -118.294   -64.678   -27.995    5.517   41.212
CT1718:300           -96.126   -74.152   -53.422   -37.848   -22.744   31.955
  170.623  323.548  322.036  167.212   33.739    -1.012    -0.912   51.453
   25.857   -63.672  -138.936  -366.049  -828.676  -927.174  -510.842   11.585
   83.809   -55.553  -125.417  -102.224   -50.199   -13.156   17.264   42.282
CT1718:295          -103.895   -81.747   -57.968   -33.968    -9.321   25.773
   92.802  165.215  135.251   -64.386  -302.048  -344.980  -203.849   -78.648
   -78.820  -115.293  -159.860  -390.111  -893.054  -975.737  -513.777   64.525
  152.514    5.700   -91.103   -82.788   -33.399    -4.931   17.208   36.074
CT1718:290           -91.157   -77.027   -59.727   -35.850    -7.183   15.102
   28.742   41.247    1.197  -175.802  -399.647  -438.284  -280.365  -136.787
  -110.415  -106.731  -106.592  -173.058  -386.818  -414.656   -76.527  309.899
  322.662   77.221   -81.796   -72.729   -10.406    6.880   18.924   31.897
CT1718:285           -85.740   -72.175   -58.615   -44.841   -29.164   -15.179
    -0.953   13.466   -20.711  -134.072  -236.302  -253.680  -197.543  -115.989
   -83.619   -91.647   -73.110  140.866  666.084  873.707  735.882  558.135
  438.615  111.454   -93.156   -92.886   -25.289    6.874   29.211   43.102
CT1718:280           -66.007   -58.766   -54.087   -56.842   -64.619   -59.270
   -25.566   24.321    9.319   -85.599  -193.433  -206.641  -133.587   -60.831
   -35.411   -73.822   -65.581  206.719  851.993 1069.115  779.813  315.928
  174.119   25.633   -84.453   -70.878    1.928   22.120   28.620   40.383
CT1718:275           -41.702   -46.048   -52.494   -64.334   -77.541   -75.212
   -43.265    -3.722   -12.469   -71.087  -132.051  -133.292   -76.872   -21.028
   -12.998   -61.598   -67.528   38.019  226.260  286.687  210.952   45.547
   -25.711   -64.692   -89.893   -72.192   -16.408   13.174   31.236   46.839
CT1718:270           -24.234   -35.827   -49.299   -66.019   -82.592   -86.609
   -67.020   -39.266   -41.667   -84.306  -139.919  -135.817   -51.991   12.626
    -7.248   -98.995  -125.338  -184.224  -300.632  -304.846  -220.546  -128.314
  -121.299  -113.918   -96.058   -74.162   -21.750   13.927   38.298   54.834
CT1718:265            -8.678   -27.424   -45.893   -66.615   -89.728  -100.685
   -98.420   -88.348   -84.563   -93.345   -98.956   -83.931   -14.044   45.544
   -12.895  -272.496  -444.409  -480.357  -566.876  -570.866  -354.359  -114.819
   -81.655  -116.115  -132.939  -104.449   -22.695    9.467   25.978   47.043
CT1718:260           -14.765   -33.825   -53.046   -73.962   -94.270  -106.566
  -121.374  -137.463  -129.834   -90.608   -40.281   -15.990   28.020   64.320
    2.042  -264.756  -456.763  -383.731  -160.182   -33.702   86.699  263.675
  252.581    1.243  -151.723  -133.185   -47.035    -1.965   30.079   58.833
CT1718:255           -20.046   -38.100   -56.520   -75.801   -95.105  -107.030
  -119.749  -133.703  -116.531   -51.244   20.800   43.192   45.973   34.047
   12.597   -12.784    -3.956   30.418  172.146  292.627  384.036  494.728
  461.233  175.291   -42.512   -74.251   -31.465    -9.711   23.887   59.802
CT1718:250           -19.523   -34.379   -50.429   -69.136   -91.251  -101.773
  -102.154   -95.325   -67.885    3.418   90.944  109.647   56.850   -10.926
   -14.669   60.702  127.274  143.002  135.389  182.813  376.327  579.373
  567.678  308.763  107.363   41.851    -2.973   -11.138   34.539   63.773
CT1718:245           -18.397   -36.132   -54.170   -73.917   -93.776  -101.609
   -98.545   -92.451   -64.822   25.660  135.700  148.803   49.235   -48.868
   -61.622   -45.635   -43.989   -11.787    5.563   61.245  278.525  546.024
  569.920  414.273  274.534  154.866   13.633   -38.573    -9.627   32.981
CT1718:240           -28.536   -44.619   -59.389   -75.221   -93.242   -95.805
   -86.349   -74.767   -54.418    -3.831   47.517   49.366    -0.565   -50.199
   -59.113   -47.026   -38.907   -45.734   -66.778   -14.720  136.999  358.214
  401.254  281.168  160.962   82.009    -9.487   -33.100   14.584   45.202
CT1718:235           -24.416   -36.037   -51.392   -68.491   -83.353   -81.881
   -54.910   -13.627    7.163    -0.038   -14.754   -22.392   -38.286   -49.846
   -38.433   31.742   67.147    -6.223  -201.582  -221.085   -28.635  248.221
  308.540  239.454  170.190   82.285   -23.810   -52.269   -11.141   34.752
CT1718:230           -20.290   -31.391   -41.721   -55.581   -73.193   -69.038
   -28.748   21.125   34.630    7.294   -28.303   -36.130   -26.310   -14.754
   10.265  106.086  137.349   24.562  -296.317  -367.548  -114.951  184.569
  250.177  212.368  165.701   75.323   -34.556   -57.647   -15.561   37.095
CT1718:225           -33.550   -29.951   -36.791   -43.282   -47.320   -35.901
    3.884   47.675   58.243   40.802   22.261   18.394   35.516   41.915
   42.113   87.732  112.335   84.669   63.011  103.714  157.150  234.702
  248.990  206.071  155.100   68.061   -31.380   -38.438   18.661   55.684
CT1718:220           -51.146   -41.746   -30.952   -19.541    -8.927    5.561
   34.466   63.502   69.931   67.874   60.576   53.993   76.513   64.545
   -57.944  -371.016  -526.214  -347.299   31.452  224.458  255.487  250.666
  246.704  199.628  156.512   76.564   -28.237   -52.790   -13.534   34.869
CT1718:215           -76.002   -51.116   -25.856    4.245   37.446   58.007
   63.140   58.735   49.703   35.674   31.599   20.152   44.082   27.651
  -234.404  -913.779 -1176.327  -914.977  -226.237  110.902  183.215  191.187
  181.573  170.001  150.929   75.030   -23.560   -35.098    9.250   44.496
CT1718:210          -110.682   -69.828   -31.106   12.901   62.378   81.426
   53.095    1.435   -31.995   -69.656  -101.605  -112.583   -49.732   -19.261
  -289.015 -1235.155 -1800.803 -1261.863   -39.566  388.611  358.652  182.066
  121.786  132.740  133.448   73.144    -8.417   -22.081   11.156   40.028
CT1718:205          -141.813   -90.827   -36.430   25.994   86.368  101.652
   57.419    -5.799   -40.675   -97.269  -138.730  -137.910   -87.657   -44.632
  -111.453  -367.514  -392.526   -58.135  808.686 1164.042  753.767  184.179
   62.927  111.676  129.363   82.863    7.435   -25.146   -11.318   17.807
CT1718:200          -142.894   -91.914   -42.171   16.557   90.817  108.519
   44.707   -62.545  -105.539  -118.832  -125.198  -102.917   -47.180   18.703
  146.675  560.321  858.941  943.038  798.052  633.750  467.878  149.935
   43.503  100.081  133.120   89.219    7.434   -11.044   16.925   31.586
CT1718:195          -111.640   -84.502   -38.537   11.765   60.309   67.528
    7.277   -82.978  -115.158   -98.959   -63.857   -24.089   13.056   42.690
  246.706  926.112 1416.432 1351.942  821.804  527.924  313.627   96.304
   19.061   72.377  105.129   74.793   15.102   -11.244    -0.718   20.218
CT1718:190           -93.069   -64.068   -34.639    -0.892   37.508   43.134
    -3.332   -70.700   -89.526   -56.644    -6.638   33.845   84.456  122.414
  261.082  718.063 1045.830  962.606  521.435  291.024  172.310   39.684
    -5.733   46.250   85.055   63.337    9.347    -9.471    5.929   29.609
CT1718:185           -71.348   -47.024   -21.483    2.577   29.897   34.307
    4.166   -40.665   -49.245   -26.203   13.503   41.017  122.140  241.517
  285.057  271.525  278.133  272.145  193.148  137.614   69.910    -8.814
   -25.441   37.601   81.332   61.046    7.124    0.977   33.061   52.433
CT1718:180           -63.768   -42.046   -19.681    5.777   31.385   35.142
    1.666   -49.941   -62.406   -33.619   11.019   10.560   -31.212   -69.304
  -110.600  -349.282  -576.351  -484.832  -188.826   -85.878   -62.493   -30.778
    -9.928   37.490   74.096   61.491   17.377    0.218   12.997   34.811
CT1718:175           -55.991   -38.815   -22.355    -4.687   17.633   23.342
    -1.247   -32.393   -38.544   -21.923    5.387   -34.986  -220.747  -424.122
  -487.947  -480.668  -422.926  -409.582  -271.228  -143.072  -114.925   -49.641
    -7.614   29.995   60.881   48.517    9.934    3.318   14.078   28.083
CT1718:170           -53.372   -35.518   -19.761    -7.403    3.618   11.158
    9.347    3.509    7.999   32.901   54.310    3.860  -180.511  -351.104
  -400.571  -375.922  -349.090  -338.244  -395.861  -405.580  -248.889   -87.339
   -33.665    9.083   41.014   39.644   19.774   15.723   23.064   29.453
CT1718:165           -54.617   -39.625   -25.299   -12.842    -1.981    8.471
   22.332   35.328   53.865  120.216  186.730  153.601    9.901  -100.603
  -124.695   -74.626    -7.299   34.333  121.915  154.574   41.134   -41.291
   -50.502   -23.240    -2.172    6.621   11.242   15.966   21.120   26.626
CT1718:160           -54.963   -47.645   -38.167   -24.505    -7.306    9.237
   32.955   55.706   68.604   92.466  115.810  117.056   95.156   57.307
   45.978   32.455   43.175  191.874  409.183  434.031  232.993   -16.095
   -65.978   -41.633   -24.400    -8.721    8.970   16.524   19.655   24.190
CT1718:155           -60.937   -49.928   -37.217   -22.844    -8.469    4.969
   22.425   38.765   43.582   21.666    7.305   20.383   60.487   80.452
   80.107   51.506   64.621  190.109  396.935  428.122  232.159   44.297
    -6.520   -20.342   -27.895   -17.354    0.806   10.573   17.008   24.979
CT1718:150           -47.772   -20.401   -17.167   -15.137    -9.629    2.054
   20.743   40.594   40.657    3.166   -16.389    -0.575   58.577   91.160
   87.627   64.811   66.445  108.865  143.003  125.891   73.002   14.169
   -13.233   -17.003   -21.031   -10.964    1.533   11.431   20.631   28.263
CT1718:145            -7.934   -11.280   -12.347   -14.972   -13.270    -3.372
   17.436   39.179   51.253   49.720   56.695   71.484  105.977  124.153
  122.374  114.055  117.187  125.733  134.173  114.478   54.309    7.352
   -12.087   -15.678   -19.461   -14.769    -6.293    4.971   18.138   30.952
CT1718:140            0.028    2.590    3.565    1.243    -4.334    -0.095
   21.634   45.523   72.988  119.384  160.027  179.562  185.291  180.248
  167.557  142.243  133.664  143.299  152.485  129.565   63.158   14.226
    -6.774   -11.713   -18.002   -14.934    -9.191    3.590   22.257   39.266
CT1718:135            -4.410   21.854   12.417    1.022    -9.072    -3.230
   25.928   57.870   96.783  171.382  220.309  228.571  195.776  169.441
  152.419  127.870  122.095  134.691  150.586  141.078  102.232   66.092
   31.654   -12.072   -33.496   -28.337   -16.195    2.978   25.041   43.174
CT1718:130           20.607   13.912    7.652    -1.358   -14.610   -12.233
   14.096   43.663   82.319  172.561  242.274  239.138  144.094   80.750
   68.622   72.876   77.298   95.206  120.812  122.883  115.302  101.948
   63.457    -5.357   -42.125   -38.471   -21.390    -5.331   18.849   43.002
CT1718:125           20.250    6.826    -4.106   -11.101   -16.856   -15.071
    1.231   16.485   30.011   37.961   19.581   18.128   35.177   68.184
   60.468   54.363   60.101   73.008  109.949  125.108  141.632  151.265
  115.108   25.741   -31.276   -38.863   -30.641   -12.199   21.148   48.397
CT1718:120           17.207   10.096    -6.928   -19.801   -27.632   -33.698
   -31.783   -26.979   -24.761   -59.110   -80.964   -32.653   45.604  126.617
  138.460   95.939   55.013   60.668  129.094  161.838  176.676  178.672
  141.642   49.832   -19.871   -32.961   -29.674   -17.589   12.858   41.737
CT1718:115           33.723   12.460    -6.704   -24.610   -42.846   -61.409
   -81.960  -109.781  -125.934  -156.544  -162.068   -39.942  314.902  553.346
  554.592  298.802   49.171   53.857  183.379  225.707  217.314  174.924
  127.326   45.313   -14.916   -32.768   -42.061   -35.979    -3.471   38.197
CT1718:110           44.715   18.531    -8.637   -35.184   -59.233   -83.795
  -121.214  -170.095  -183.682  -211.637  -242.441  -106.567  523.405 1255.097
 1240.730  504.577   30.850   30.422  197.701  261.971  218.503  126.781
   77.013   31.163    -4.333   -24.895   -40.221   -27.272   19.349   55.917
CT1718:105           50.616   27.734    0.763   -29.673   -63.735   -97.786
  -145.312  -196.291  -196.402  -172.831  -127.650   -47.688  179.708  329.717
  282.761   93.394   -46.803   -24.722  111.294  181.871  152.981   55.702
   20.597    2.528   -11.218   -23.907   -32.898   -24.410   10.411   47.419
CT1718:100           64.644   31.264    -3.958   -41.921   -79.206  -109.397
  -157.401  -223.980  -218.730  -101.525  101.353  133.837  -103.508  -484.097
  -573.676  -401.862  -245.479  -177.994   -32.955   75.539   86.175   36.922
   26.212   10.640    -8.382   -21.996   -30.568   -25.176    0.778   34.845
CT1718:095           75.582   33.925    -7.748   -52.413  -104.399  -132.374
  -147.508  -162.599  -136.228    -6.987  195.941  174.938  -130.735  -442.814
  -548.582  -646.629  -595.908  -495.818  -253.631   -87.453    -5.274   85.973
  115.128   46.256   -14.362   -23.612   -23.540   -15.819   15.775   41.887
CT1718:090           69.345   27.747   -15.002   -61.935  -110.541  -128.794
  -101.895   -51.640    -7.154   89.482  233.965  191.570  -188.663  -712.056
  -856.883  -763.510  -715.016  -613.808  -370.194  -221.009   -92.113   78.078
  128.514   70.320    9.054   -10.792   -26.942   -25.156    0.426   31.171
CT1718:085           56.046   17.784   -20.775   -63.586  -112.133  -112.933
   -38.156   68.637  125.651  158.203  183.664  124.494  -109.965  -377.159
  -468.448  -439.816  -375.867  -346.298  -297.057  -227.571  -111.622   65.940
  122.739   72.013   15.054    -2.402   -24.374   -26.658    -4.110   27.047
CT1718:080           45.689   11.775   -24.734   -63.881  -118.196  -116.824
   -11.901  165.424  247.404  219.513  132.946   71.446    -3.874   -52.143
   -95.913   -89.775   -27.237   -59.703  -205.108  -248.943  -155.291   29.481
   87.485   55.963   25.976   16.031   -21.942   -22.538   13.751   41.605
CT1718:075           39.890   10.708   -21.424   -60.352  -104.551   -96.567
    3.270  146.056  224.065  266.789  234.422  184.255  160.669   73.578
   31.684   74.934   94.347   52.556   -90.597  -176.333  -173.221  -141.710
  -110.950   -25.901   41.379   38.593    -1.653   -12.138    4.517   27.809
CT1718:070           21.521    7.521   -18.986   -48.534   -84.039   -79.198
    -7.366   86.776  152.461  320.475  536.622  574.800  413.249  185.192
  132.006  147.065  141.748  115.046   54.557    -7.784  -110.770  -235.228
  -236.709   -98.666   21.238   33.570    -3.567    -9.604    4.957   24.994
CT1718:065            9.058   -11.242   -30.405   -50.590   -77.440   -72.562
   -22.478   51.572   84.854  187.784  438.612  534.583  369.227  268.709
  253.178  156.395   95.623   99.607  144.132  128.469   -23.682  -290.048
  -336.185  -153.252   16.946   33.063    -7.857    -7.512   14.134   31.337
CT1718:060           22.957    1.518   -20.422   -46.559   -77.964   -78.004
   -27.356   48.663   33.568  -201.096  -562.918  -625.608  -314.587   13.717
   73.226   16.232   -30.640   35.488  239.105  281.760   52.907  -325.109
  -396.743  -190.655    -4.097   25.808    1.574    1.596   14.285   31.400
CT1718:055           26.848    4.276   -21.317   -53.101   -86.123   -86.136
   -27.771   66.594   46.370  -264.250  -758.180  -861.320  -502.877   -97.324
   -11.777   -40.333   -55.279   26.813  270.386  350.714  126.068  -272.074
  -359.685  -189.806   -20.732   13.032    4.175    5.869   17.817   34.511
CT1718:050           20.285    -1.869   -23.942   -51.411   -89.302   -93.688
   -39.839   57.822   61.809   -44.081  -160.582  -159.542  -142.193   -28.442
   20.684    -2.543    -4.096   55.865  230.055  296.518  153.302  -139.130
  -214.844  -110.564    -2.165   14.387    -0.962    5.264   24.586   42.155
CT1718:045            -1.099   -18.141   -35.590   -55.141   -74.782   -71.372
   -26.185   41.155   64.068  106.820  173.022  187.017  116.683   34.343
   23.686    9.424   10.113   53.693  158.883  195.001  139.618   29.996
    -9.760    8.761   34.767   32.914    8.212    -0.595   11.072   28.948
CT1718:040           -34.137   -40.230   -44.664   -44.939   -44.873   -35.560
   -11.553   19.172   43.334   84.087  118.928  121.974   91.825   31.795
   12.882    0.644    1.246   28.346  120.540  171.745  147.503   89.141
   65.216   70.809   72.738   54.594   13.830    2.564   19.045   31.767
CT1718:035           -49.909   -47.530   -44.314   -39.389   -35.085   -25.883
    -9.809    4.588   23.907   49.278   70.755   90.405   89.600   78.053
   65.380   35.809   12.547   21.491   90.346  128.608  128.159  116.527
  104.486   93.155   78.322   56.900   22.320    8.123   17.298   30.974
CT1718:030           -58.874   -50.809   -43.148   -35.831   -29.978   -22.689
   -10.376    3.898   24.890   42.381   59.221  105.093  185.850  242.762
  235.335  167.198   63.159   43.698   86.038  105.618  119.591  136.548
  129.507  104.153   78.745   56.648   27.735   12.231   16.906   26.766
CT1718:025           -60.251   -49.813   -40.552   -32.607   -26.085   -21.130
   -21.070   -28.028   -12.127   23.666   55.519  114.492  337.158  617.015
  640.673  381.657  137.264   94.995  130.134  145.663  145.666  136.083
  121.817   92.862   59.065   42.468   31.120   23.261   28.403   31.252
CT1718:020           -80.678   -70.828   -60.306   -48.553   -36.418   -30.117
   -43.659   -75.801   -65.851   12.604  147.546  246.119  397.683  630.497
  652.387  391.277  158.065  114.340  152.236  168.654  164.805  153.882
  141.202   96.095   47.452   29.467   22.571   20.060   28.642   39.664
CT1718:015           -94.566   -90.602   -84.728   -76.199   -64.583   -54.884
   -59.473   -77.369   -66.455   -36.819    7.128   60.309   73.774   25.430
    3.993   78.575  110.210   68.851   42.507   57.028   71.868  124.811
  139.882   93.604   43.556   26.971   12.108   10.767   35.253   54.295
CT1718:010           -84.289   -83.402   -80.470   -77.272   -73.470   -64.564
   -49.456   -26.931    -9.401   -52.743  -142.941  -135.479   -52.747   35.890
   34.611    -5.814   -55.944  -107.181  -186.724  -230.587  -133.926   49.029
   99.346   79.247   53.795   34.281    4.200    -4.756   14.024   40.590
CT1718:005           -75.112   -75.300   -74.692   -73.573   -73.761   -59.354
   -19.790   30.879   59.778   36.346   -26.969    -4.034  166.938  382.885
  368.573  114.074  -119.809  -176.766  -198.883  -218.599  -129.740   25.036
   70.809   67.932   57.679   38.746    0.900    -8.201   12.210   41.013
CT1719:360           -67.197   -67.039   -66.854   -70.142   -82.250   -68.889
    -8.228   77.542  126.284  179.443  224.809  270.853  418.717  597.285
  561.526  221.570   -80.845  -119.910   50.306  188.124  138.885   66.645
   60.368   55.139   50.396   38.398    3.501    -0.508   30.451   53.883
