
filled_synop: 30 data points in equal steps of sine latitude from +14.5/15 to  -14.5/15

CT1696:360            -1.548    -0.525    3.330    6.925    5.700   -18.467
    -5.221   84.404  222.329  271.512  252.652  159.264   98.419   53.718
   -29.763  -176.699  -537.818  -766.186  -750.912  -469.177  -341.069  -487.770
  -824.557  -890.633  -645.100  -165.710   25.703   18.059   10.187   28.887
CT1696:355            6.874    2.306    -1.357    -5.098    -5.033   -19.916
   12.063  186.343  474.559  585.922  571.110  541.013  485.026  241.044
    6.028   62.836  728.603 1294.814 1007.858  127.676  -299.313  -443.371
  -566.469  -576.315  -434.094  -187.914   -45.196    -2.211   14.929   35.672
CT1696:350           34.773   16.530    -5.175   -22.357   -20.762   -22.203
   12.174  161.969  400.534  488.744  530.870  596.170  551.280  257.211
   20.519  162.890  930.115 1423.993 1158.620  161.910  -385.253  -406.798
  -267.086  -219.863  -165.950   -90.632   -62.783   -44.644   -12.218   24.861
CT1696:345           63.081   34.535    -2.061   -35.956   -26.884    1.031
   41.806   87.672  106.367  111.953   80.767   -70.592  -108.778   -26.070
   28.789  128.304  346.007  360.752  357.071   79.200  -141.500   -72.639
  197.398  257.297  148.928   -54.157  -109.325   -65.106   -19.028    5.072
CT1696:340           50.556    7.397   -37.332   -66.243   -54.201   -22.438
    6.460   35.374   70.679   79.743    -8.931  -110.138  -123.983   -63.971
    8.781   67.799  192.408  291.955  294.093  288.678  321.326  381.154
  557.031  596.716  420.533   84.084   -58.010   -60.622   -35.657   -18.633
CT1696:335           38.754    -3.286   -50.824   -86.036   -78.090   -44.139
   -23.029    -1.833   42.329   57.019   -16.198  -103.188  -106.454   -39.487
    8.467   32.098   76.770  116.719  150.944  198.651  261.983  414.040
  672.551  736.761  551.455  186.770    7.184   -37.761   -47.122   -55.989
CT1696:330           27.196   -13.205   -63.160  -106.074   -99.762   -59.654
   -42.293   -54.502   -87.778   -88.940   11.261  210.169  225.354   48.178
   -43.691   -44.452   -41.648   -32.238   -17.927   -37.477   18.870  265.587
  733.361  866.683  634.674  230.254   72.855   27.207   -21.294   -85.384
CT1696:325           25.640   -27.887   -80.589  -117.203  -113.192   -83.742
   -71.940  -100.600  -159.728  -170.271  -139.045  -127.958  -118.297   -72.608
   -57.117   -74.647  -146.359  -185.328  -176.284  -201.588  -145.377  103.544
  494.771  624.713  539.256  335.982  188.024   70.998   -28.138  -127.090
CT1696:320           33.242   -19.669   -78.957  -129.714  -136.381  -120.260
  -108.830  -100.883   -79.680   -75.912  -163.401  -250.696  -243.386  -124.803
   -17.731   -42.788  -169.421  -239.805  -202.143   -74.972   72.713  236.137
  493.993  614.832  534.864  381.905  256.141  112.317   -29.588  -165.340
CT1696:315           39.197   -23.136   -91.751  -149.014  -157.556  -142.523
  -118.322   -67.668    -1.687   11.003   -68.514  -164.210  -163.760   -53.032
   31.022    -5.083  -141.061  -224.318  -183.997   -73.245   45.494  248.441
  525.834  639.525  568.710  426.745  302.705  138.607   -30.067  -191.011
CT1696:310           46.850   -28.497  -108.598  -171.748  -170.687  -140.461
  -104.198   -18.664   93.189  135.598  153.098  160.532  152.701  116.741
   81.113   24.847  -102.144  -175.897  -153.866   -86.914   15.710  234.640
  541.577  659.182  597.051  451.512  313.353  133.620   -38.054  -194.180
CT1696:305           62.936   -29.324  -130.180  -200.436  -185.540  -130.882
   -80.398   21.092  157.017  210.237  215.935  234.564  222.642  143.615
   78.901   16.127  -112.373  -184.723  -162.418   -81.500   12.737  221.118
  525.033  639.063  563.458  402.881  283.609  143.650    -5.804  -154.802
CT1696:300           82.741   -18.155  -143.986  -245.464  -218.500  -120.698
   -63.916   -17.363   42.881   84.850   63.811   52.213   52.296   64.797
   62.793    7.545  -113.772  -197.247  -170.712   -65.646   29.413  185.128
  434.856  531.109  459.121  299.022  203.977   98.102    -7.896  -118.676
CT1696:295           58.230   -80.190  -213.853  -284.140  -227.733  -106.663
   -44.295   -78.564  -177.292  -119.970   36.029  100.192  115.594  151.370
  120.633   63.328   78.215   40.015   -23.655  -201.860  -263.268   -94.879
  192.880  307.334  290.266  221.864  176.219  101.152   17.201   -65.844
CT1696:290           64.737   -33.377  -164.835  -268.041  -211.877   -73.638
    -1.630   48.924   80.662  246.962  816.424 1311.196 1264.783  619.979
   72.120   -14.231  235.011  292.715  122.634  -257.700  -393.252  -319.599
  -198.689  -103.251    4.920  109.750  133.702   74.848   20.724   -29.266
CT1696:285           50.458   -69.995  -197.884  -266.462  -190.787   -52.849
   18.148  101.803  220.172  450.400 1227.577 2060.928 1959.254  821.326
   -26.814  -203.603   -69.782   -67.113  -224.501  -472.272  -531.087  -487.278
  -391.257  -268.891  -113.409   71.686  130.398   78.453   17.976   -34.880
CT1696:280           47.923   -74.884  -199.098  -260.861  -177.596   -25.234
    0.516  -106.716  -220.498   -91.880  595.934 1348.553 1275.634  456.586
  -164.268  -451.390  -699.579  -858.294  -970.897  -992.810  -904.672  -775.537
  -572.436  -386.800  -199.004   24.182  111.964   70.565   10.188   -42.929
CT1696:275           59.918   -36.900  -170.975  -272.366  -191.577   28.085
   44.109  -392.012 -1058.296 -1119.631  -845.191  -821.126  -724.497  -304.059
  -254.263  -696.321 -1642.294 -2094.893 -2014.201 -1622.278 -1372.960 -1035.030
  -578.472  -349.660  -189.869   10.237   78.501   21.096   -19.255   -42.751
CT1696:270           28.333   -98.188  -217.851  -261.131  -140.160   70.883
   74.631  -303.230  -772.943  -862.567  -785.445  -510.580  -475.348  -354.591
  -267.741  -726.891 -1966.936 -2618.994 -2251.910 -1226.858  -756.643  -570.568
  -396.376  -248.068  -132.028    -1.654   59.763   44.693   12.961   -13.402
CT1696:265           24.638   -66.707  -176.255  -246.813  -163.655   13.433
   72.689   -16.232  -117.208  -149.152  -196.487  -158.391  -153.139   -80.525
   -90.796  -360.426  -861.387 -1029.792  -867.842  -138.350  268.907  229.549
   10.305   -20.734    8.245   31.199   37.121   28.197   18.541   10.713
CT1696:260           13.426   -66.521  -162.752  -221.483  -151.914   -18.716
  113.753  327.808  567.395  632.026  510.216  373.466  329.917  358.249
  318.878  131.299  -175.049  -325.455  -126.588  362.842  565.441  473.840
  153.630   33.376    -2.190   -21.045   -15.286    2.344   15.600   27.701
CT1696:255            -5.404   -78.055  -157.779  -202.482  -131.680   -12.354
  141.502  510.865  970.111 1116.460 1025.524  879.490  794.194  691.801
  547.557  354.659    -3.795  -207.837   -46.967  322.557  447.007  286.774
   -42.151  -155.629  -135.399   -70.555   -39.584    -9.304   16.982   40.624
CT1696:250           -12.084   -62.774  -129.618  -175.217  -108.849   -18.194
  149.999  561.598 1045.939 1237.473 1227.284 1155.022 1045.469  797.814
  554.464  372.106  119.243   -14.183   88.091  305.012  345.315  181.982
   -81.129  -190.287  -160.236   -83.639   -57.063   -19.988   16.191   46.390
CT1696:245           -22.858   -83.667  -151.178  -180.647  -107.826    -4.708
  161.920  476.859  835.893 1038.740 1193.057 1287.828 1173.469  786.890
  470.336  365.866  338.670  328.583  432.851  602.028  597.485  376.652
    9.532  -159.429  -156.016   -95.165   -63.089   -22.351   11.985   42.856
CT1696:240           -15.427   -79.497  -149.761  -180.251  -109.872    -1.072
  157.787  367.076  578.788  793.273 1165.864 1425.094 1285.416  779.538
  427.615  385.561  527.012  594.987  736.544  954.421  944.974  622.030
  116.488   -88.241  -105.099   -74.403   -64.962   -31.952    1.051   33.507
CT1696:235           10.290   -40.077  -116.794  -163.883  -121.959   -77.995
   70.251  370.076  716.024  934.886 1177.753 1295.917 1159.674  722.814
  406.773  351.284  526.120  629.062  798.311 1056.189 1062.055  742.322
  208.699    -0.560   -45.005   -57.129   -63.530   -30.638    -4.452   19.714
CT1696:230            3.200   -69.770  -147.920  -183.537  -161.419  -122.939
   36.687  482.801  970.512 1193.274 1337.529 1312.323 1127.325  551.188
  110.107    -0.431   83.296  174.033  360.329  727.325  809.768  566.740
  161.423    -4.538   -49.582   -66.344   -65.669   -37.445   -10.360   16.566
CT1696:225           20.210   -31.900  -116.722  -166.581  -116.303   -63.820
   52.248  431.814  882.856 1073.253 1382.176 1688.906 1406.653  415.163
  -159.904  -355.795  -598.862  -674.138  -366.972  165.144  304.594  201.957
    6.577   -69.936   -75.192   -53.829   -38.815   -18.406    0.021   20.202
CT1696:220           -16.208   -78.887  -137.082  -137.337    0.945  182.234
  207.187   -12.499  -272.977  -272.448   -44.365  101.727   60.350   -91.850
  -210.652  -332.397  -528.574  -591.141  -443.808  -160.914   -75.516  -134.415
  -253.799  -262.522  -176.465   -54.090    -8.605    -1.550    -1.466    1.601
CT1696:215           -32.131   -55.267   -97.298  -115.697   16.407  249.292
  212.385  -292.451  -839.564  -981.517 -1082.000 -1173.433  -982.543  -391.163
  -103.355   -70.688   14.204   37.496  -103.716  -241.682  -258.912  -329.586
  -374.997  -321.726  -196.518   -56.399   -12.146   -20.971   -18.650   -12.507
CT1696:210           -38.413   -71.380  -104.163  -105.291   -19.744   95.557
   38.181  -263.199  -570.797  -700.618  -796.914  -757.872  -647.535  -299.853
   -74.333   -36.996   -43.188  -113.191  -304.127  -646.716  -720.272  -583.919
  -346.972  -226.504  -148.382   -60.509   -14.861    -8.921    -1.648    2.004
CT1696:205           -28.320   -70.773  -111.180  -124.799   -83.336   -23.574
   -72.809  -291.240  -526.638  -598.316  -568.738  -503.646  -397.020  -151.125
   -26.236   -65.308  -191.633  -304.575  -572.112 -1003.400 -1055.106  -779.158
  -384.368  -210.387  -111.149    -7.482   22.582    7.821    4.964    -1.722
CT1696:200            -6.427   -51.905  -110.732  -153.007  -146.111  -119.739
  -163.519  -279.950  -384.224  -409.028  -354.978  -275.556  -178.393   13.649
   54.272  -165.635  -598.228  -762.080  -839.288  -853.106  -740.770  -447.643
  -114.884   26.408   91.589  135.795  122.308   61.172   11.169   -39.075
CT1696:195            -9.955   -74.311  -134.959  -168.084  -148.658  -108.915
  -143.919  -268.294  -388.950  -392.424  -292.643  -193.843   -97.384   95.076
  109.436  -285.298 -1079.755 -1317.371 -1027.729  -370.041   -54.471  151.729
  348.238  440.528  377.908  282.596  218.100  118.939   11.012   -94.208
CT1696:190            -0.262   -70.977  -141.914  -181.249  -156.987  -114.666
  -147.238  -289.564  -429.329  -411.604  -257.718  -130.174   -34.762  148.030
  150.710  -349.893 -1432.973 -1753.665 -1120.502   14.867  426.489  579.696
  662.544  703.057  602.821  425.980  296.508  143.060   -17.913  -166.877
CT1696:185           10.979   -54.201  -144.662  -208.725  -180.187  -115.892
  -139.999  -288.290  -424.945  -395.898  -222.699   -74.294   13.360  168.191
  188.403  -158.270  -970.261 -1240.539  -712.350   86.175  361.450  610.583
  782.346  831.815  709.872  509.885  371.664  154.132   -49.421  -216.775
CT1696:180           -45.636  -112.680  -173.717  -200.779  -164.980  -116.425
  -128.606  -250.210  -339.281  -283.541   -99.628   63.475  106.546  119.342
  118.257  271.375  750.223  852.948  455.855   -11.043   -76.570   74.317
  363.754  473.902  426.055  400.665  347.750  192.097    8.349  -164.882
CT1696:175           -66.208  -110.316  -164.441  -199.787  -184.731  -152.773
  -135.516  -204.597  -238.872  -114.704  171.461  298.239  305.017  138.331
   20.242  210.173  714.822  692.929   30.871 -1028.275 -1280.793 -1261.163
-1242.502 -1023.860  -381.008  240.126  289.326  122.390    1.768  -110.884
CT1696:170           -75.634  -109.922  -148.809  -174.624  -185.720  -192.270
  -147.714   -61.367   36.405  238.657  749.408 1033.585  901.376  367.365
   64.082    2.630   -41.447  -261.000  -721.435 -1399.607 -1530.260 -1360.777
  -986.929  -700.790  -328.429   93.950  177.181   93.021   15.170   -71.380
CT1696:165           -88.624  -116.300  -141.293  -154.133  -175.254  -197.144
  -102.100  168.863  393.799  606.190 1132.728 1438.993 1226.328  637.458
  324.583   12.373  -433.343  -731.914 -1250.951 -1863.079 -1770.925  -865.663
  199.458  554.928  526.087  299.999  140.969   57.334    8.426   -47.129
CT1696:160           -88.363   -94.071  -105.293  -107.036  -111.491  -136.572
   -38.101  411.640  821.343  818.486  527.858  359.533  314.453  349.596
  295.216   -75.861  -680.213  -947.128 -1321.653 -1752.392 -1451.324  397.304
 2610.661 2842.189 1520.058  263.732   30.880   58.786   25.290   -23.284
CT1696:155           -96.632   -96.629  -104.144   -97.259   -59.417    -3.660
   81.941  307.437  474.841  280.353  -577.732 -1139.050  -971.625  -319.235
  -109.127  -275.521  -665.310  -780.710  -696.181  -549.242  -199.961  869.244
 1955.773 2083.895 1335.816  331.288    -6.698   -35.156   -30.816   -30.706
CT1696:150           -96.238  -103.054  -108.999   -92.547   -25.015   59.305
   82.026   73.688   15.583  -255.922 -1032.384 -1471.776 -1285.180  -554.967
  -229.198  -223.457  -334.858  -252.301  260.863 1005.109 1306.847 1318.083
 1238.001 1110.222  653.326  164.320    -1.818    2.207    -4.635   -24.269
CT1696:145           -77.291   -78.475   -96.933   -95.724   -13.531   94.267
   87.871   -61.653  -255.429  -459.430  -874.646 -1075.466  -953.076  -450.950
  -194.427  -100.064   -43.102  149.009  819.011 1698.178 1888.710 1240.504
  370.988  173.718  184.686  156.829   64.262   52.715   27.946   -13.943
CT1696:140           -89.837  -102.879  -114.826   -99.202   -22.214   62.887
   46.379   -66.569  -171.145  -281.642  -420.418  -454.197  -378.119  -140.266
   -45.424   -52.008  -170.778   -67.257  498.212 1132.914 1306.078  913.890
  360.903  176.329  117.865  118.184   72.015   47.924   19.421   -16.433
CT1696:135          -101.949  -113.043  -120.913  -111.288   -57.565    1.113
   -17.832  -139.226  -240.117  -257.482  -225.272  -203.735  -119.600   78.044
   27.297  -318.228  -775.814  -762.371  -354.656  365.858  690.867  665.733
  553.893  471.652  302.057  150.028   72.694   42.092   16.585   -13.317
CT1696:130          -110.050  -111.925  -112.746  -107.855   -86.062   -58.653
   -68.897  -165.663  -239.949  -193.618   -26.468   53.225   79.742  170.839
   -11.941 -1003.287 -2488.352 -2680.080 -1767.975  -268.140  252.939  403.374
  578.678  572.567  341.422  137.116   69.913   60.570   33.340    -0.708
CT1696:125          -119.678  -126.962  -129.634  -125.749  -115.493  -106.120
   -99.096  -104.594   -87.650    -8.845  197.988  314.826  259.099  173.336
   -54.525 -1171.687 -3123.059 -3468.487 -2264.628  -749.185  -231.870  139.171
  447.557  458.538  298.654  146.840   68.471   34.966   13.036   -13.325
CT1696:120          -123.302  -123.791  -120.809  -116.703  -120.595  -127.972
  -102.952   -47.271   22.440  119.752  303.158  385.322  320.596  157.036
   -22.402  -639.435 -1759.750 -1895.218  -927.681    7.401  288.107  418.485
  410.365  336.350  236.936  146.978   81.786   48.231    8.752   -28.768
CT1696:115          -117.577  -110.977  -105.769  -104.272  -119.817  -136.216
  -104.923   -29.573   60.998  180.212  389.273  488.263  412.203  154.473
   76.853  649.099 1912.862 2359.914 2169.867 2197.130 2121.121 1342.269
  542.670  303.160  207.926  124.333   61.768   33.050    4.325   -26.441
CT1696:110          -108.536  -101.377   -95.413   -89.007   -96.803  -110.884
   -79.262   -33.896   39.857  189.401  488.338  639.820  531.286  175.036
  128.209  832.659 1984.361 2351.043 2433.573 2258.304 2037.888 1350.780
  544.771  264.698  183.631  114.041   65.927   44.753   13.397   -19.011
CT1696:105           -95.434   -93.583   -96.953   -93.339   -77.560   -58.112
   -11.208   23.901   87.769  238.662  567.340  718.377  579.283  190.914
   97.859  370.764  686.891  820.032 1063.240 1116.476 1020.126  725.417
  374.013  227.234  176.362  124.303   81.039   55.757   25.948    -4.355
CT1696:100           -94.123   -99.281  -104.197   -92.241   -66.624   -36.457
   40.416  168.260  292.912  429.838  690.072  786.637  614.570  202.049
   27.556   -34.517   -91.761   -50.646   19.268  106.334  123.447  142.768
  172.077  138.063  128.962  124.004   97.538   63.918   30.142    -1.701
CT1696:095           -87.411   -87.691   -96.150   -87.304   -38.642   21.257
  134.821  386.539  612.510  651.391  585.178  506.458  352.999  109.644
   -30.026  -162.357  -312.310  -334.495  -298.696  -199.712  -154.905   -98.765
    -9.873   13.802   49.510   89.805   90.650   58.529   31.726    9.309
CT1696:090           -83.500   -86.377   -97.270   -82.880   -16.491   73.016
  210.997  491.310  713.256  651.675  264.428   -23.144   -92.086   -41.300
   -61.008  -157.677  -266.929  -302.583  -285.745  -222.327  -194.943  -192.441
  -167.872  -125.058   -41.162   34.999   55.496   54.007   46.163   31.673
CT1696:085           -86.502   -92.985  -101.251   -76.823   12.350  130.023
  252.113  491.220  693.700  569.444   77.621  -256.800  -293.098  -114.860
   -53.956   -72.942  -125.138  -169.263  -198.986  -239.019  -243.457  -259.437
  -264.774  -218.656  -116.868   -10.734   23.780   28.688   40.236   45.444
CT1696:080           -84.822   -71.339   -68.974   -47.493   42.660  165.849
  292.216  508.520  658.153  538.461  128.262  -164.475  -199.472   -81.554
   -38.425    -8.028   32.932    -5.515  -149.261  -288.558  -312.591  -292.505
  -250.500  -194.497  -105.509   -25.515    0.679    8.919   20.968   32.681
CT1696:075           -89.882   -81.946   -78.204   -40.768   80.514  236.809
  343.252  498.113  600.099  480.915  138.785   -93.792  -149.278   -89.971
   -67.110   -95.461  -181.468  -243.232  -306.535  -386.166  -378.628  -304.917
  -197.809  -131.061   -74.491   -16.349    3.163    6.762   16.919   27.953
CT1696:070           -87.673   -96.035   -89.767   -17.777  167.285  338.707
  386.854  376.060  342.272  229.929    5.042  -124.796  -148.285  -102.190
  -104.864  -166.699  -238.238  -299.249  -430.742  -515.124  -471.434  -285.437
   -86.242    -6.951   17.561   26.221   19.193    9.277    5.410    -0.017
CT1696:065           -51.142   -47.305   -78.930   -47.961  195.349  443.893
  436.422  160.847   -37.509  -103.325  -158.341  -205.074  -180.338  -101.844
  -110.922  -216.161  -352.683  -404.820  -473.146  -554.709  -455.094   -89.915
  195.281  241.793  140.119   67.799   46.685   29.858    9.353   -12.410
CT1696:060           -68.720   -89.565   -86.908   -17.759  173.477  335.172
  295.208    5.307  -195.852  -229.346  -157.258  -120.403  -114.904   -81.926
  -100.599  -189.665  -298.730  -330.494  -276.556  -187.554   -86.155  138.972
  340.732  378.881  252.346  127.948   76.399   40.356    3.993   -30.645
CT1696:055           -32.255   -39.543   -55.843   -36.421   71.624  171.673
  115.506  -140.405  -299.397  -255.355   -42.592   55.035   44.240    2.596
   -50.294  -141.811  -233.419  -257.803  -161.301   -26.360   80.777  242.806
  378.400  397.921  260.026  138.250   84.458   44.874    1.660   -38.338
CT1696:050           -19.319   -33.040   -51.655   -54.673   -18.673   24.143
    -1.765  -138.161  -201.283   -88.011  212.169  342.179  298.065  165.506
   55.916  -122.377  -336.561  -403.977  -362.291  -311.464  -190.864   86.116
  310.391  349.054  228.700  130.826   82.287   42.682    3.506   -35.201
CT1696:045           -14.523   -35.856   -54.758   -70.211   -98.586  -120.424
  -112.844   -92.156   -53.996  105.507  430.591  550.691  476.098  276.725
  147.551   -59.473  -311.136  -417.259  -513.546  -567.577  -462.438  -162.071
   92.592  162.116  149.210  122.026   83.506   44.631    8.109   -28.533
CT1696:040            -8.903   -31.860   -53.188   -85.541  -153.006  -206.915
  -172.071   -16.788   77.737  136.982  236.647  291.130  203.713  111.153
   72.803   -33.854  -144.672  -204.010  -353.918  -473.054  -393.741  -113.442
  133.413  185.007  145.393  119.863   87.040   50.466   16.478   -20.080
CT1696:035            0.713   -11.340   -24.858   -54.956  -137.484  -210.884
  -171.753   14.125  107.299   -27.666  -356.152  -447.270  -376.582  -225.453
  -164.746   -92.751   -22.701    2.379    -9.040   -39.638   27.049  189.978
  295.722  294.869  197.936  116.109   79.488   52.811   19.426   -14.848
CT1696:030           11.307    8.300    -2.519   -45.364  -135.205  -211.796
  -232.923  -160.640  -106.460  -254.223  -616.563  -724.376  -525.373  -267.437
  -180.236   -40.698   58.545  124.424  276.311  387.537  419.359  411.578
  413.710  365.612  222.533  111.034   65.326   39.484   14.078   -10.755
CT1696:025            5.276    1.821    9.910   -14.617  -107.765  -191.431
  -262.233  -445.483  -556.176  -470.332  -216.604   -99.213   -91.238   -16.393
   22.277   74.710  181.961  227.832  257.127  285.354  336.906  298.139
  218.101  193.553  143.273   86.373   53.604   34.935   14.274    -1.666
CT1696:020            2.867   12.097   11.287   -27.218  -121.821  -207.866
  -263.422  -333.465  -347.830  -261.804   -47.070   43.486   75.545   91.556
   44.779  -170.261  -390.331  -367.452   -75.455  221.307  299.200  250.350
  211.777  187.020  116.268   55.757   29.424   21.718   17.543   11.869
CT1696:015           -32.786   -29.239   -15.759   -25.105   -85.723  -145.795
  -156.151  -112.150   -59.890   -35.194   10.354   40.288   66.603   88.093
   -21.263  -540.944 -1142.730 -1144.477  -601.916  -141.263    -2.021  105.083
  181.111  182.335   95.638   39.491   30.783   27.169   19.965   13.352
CT1696:010           -28.883   -34.726   -40.735   -55.739   -80.368  -100.069
   -90.841   -47.445   -15.059    3.105    -0.049    -1.655   16.094   36.730
   -77.438  -503.525  -938.143  -985.508  -741.351  -454.667  -314.035  -130.494
   11.784   50.968   41.716   34.989   37.282   31.069   27.016   26.349
CT1696:005           -28.168   -38.414   -47.732   -51.467   -53.531   -54.427
   -35.065    -0.907   29.083   43.177   50.498   48.489   28.199    7.421
   -74.562  -227.107  -343.314  -405.331  -483.339  -471.001  -442.395  -388.344
  -312.324  -251.202  -123.326    -3.391   36.783   31.520   35.902   39.347
CT1697:360           -27.197   -32.577   -41.585   -45.979   -40.980   -30.349
    7.663   78.927  127.016  146.974  155.084  141.523   92.033   24.664
   -23.020   -21.284   -13.544   -42.601  -150.065  -265.181  -344.486  -529.938
  -657.087  -596.026  -279.133   -36.384   28.621   29.915   39.549   47.481
