
filled_synop: 30 data points in equal steps of sine latitude from +14.5/15 to  -14.5/15

CT1671:360           93.328   67.825   47.789    -2.044   -72.960  -140.103
  -223.531  -328.842  -317.182  -166.330   -38.540    -2.566   -28.516   -46.349
   -42.294   -16.183    -9.201   -19.696   -35.751   -61.072  -135.876  -241.043
  -254.920  -177.365   -35.226   18.921    4.273   -29.711   -56.787   -86.908
CT1671:355          103.483   92.336   80.249   43.450   -14.890   -63.088
   -92.138   -98.570   -65.340    2.091   45.885   72.931   46.897    9.837
    -7.090    -9.566   -16.115   -17.475   -10.248   -32.004  -115.514  -236.785
  -252.543  -166.985   -18.259   32.339   11.683   -24.381   -51.310   -86.856
CT1671:350          103.305  104.811   99.519   71.040   24.555    -7.403
   -19.997   -44.457    2.512  242.719  429.219  397.983  188.489   69.515
   31.806    -0.243   -20.036   -22.827   -10.508   -19.925   -66.315  -125.335
  -128.581   -75.433    7.844   38.742   20.924   -14.846   -48.823   -84.151
CT1671:345           92.060  106.389  124.374  103.633   47.490   15.333
   28.193   60.577   83.342  170.338  240.864  208.004   63.979    -9.668
   -23.321   -20.987   -27.124   -52.846  -111.112  -132.677   -85.438   -25.934
    -4.637   23.740   57.738   63.465   19.703   -38.520   -75.154  -109.143
CT1671:340          114.859  140.741  149.307  119.924   59.790   24.443
   26.421   35.966   13.349   -85.362  -183.781  -183.353  -142.844  -125.910
   -94.709   -41.021   -26.637   -37.017   -55.648   -67.906   -52.790   -29.543
   -12.227   26.765   68.261   76.326   36.598   -24.272   -74.193  -117.960
CT1671:335           91.839  123.631  151.399  129.409   69.259   26.637
   21.163   26.029   -40.270  -265.334  -437.852  -415.717  -235.949  -117.484
   -72.874   -21.997    -6.144   -13.106   -15.099   -31.926   -64.700   -95.163
   -83.205   -31.173   40.514   66.876   29.972   -27.810   -71.153  -112.626
CT1671:330           89.887  127.385  169.259  145.950   72.677   21.163
    -0.868    -9.762   -82.829  -329.337  -494.546  -440.980  -190.505   -41.334
    5.826   42.100   42.547   -21.022   -94.862  -135.605  -207.946  -268.756
  -250.683  -146.277    1.653   46.280    9.265   -44.629   -79.269  -113.890
CT1671:325          132.248  170.137  183.890  143.197   53.776    -9.388
   -60.146  -108.271  -162.192  -282.163  -354.579  -289.470   -63.295   72.903
   97.973   88.444   61.326   -79.048  -314.037  -399.024  -401.183  -366.171
  -318.683  -201.470   -16.310   52.104   15.714   -38.343   -76.634  -114.304
CT1671:320          107.295  147.481  175.223  131.671   36.055   -31.234
  -100.541  -166.801  -182.773  -157.395  -112.314   -60.423   65.405  139.705
  142.893  107.681   72.849   -50.475  -272.061  -349.974  -324.865  -275.093
  -236.411  -137.522   23.693   66.311   27.962   -26.018   -71.243  -115.359
CT1671:315           80.920  123.158  179.238  141.395   19.355   -40.653
   -90.685  -150.404  -132.667   -22.480   51.516   88.779  149.051  172.526
  157.299  115.582   96.120   90.111   96.882   90.301   43.813   -33.920
   -43.021   17.120   83.116   82.497   36.550   -17.763   -65.983  -120.137
CT1671:310          125.278  159.584  165.698   82.074   -68.261  -110.091
   10.301  183.394  253.261  293.110  313.606  281.047  185.066  126.511
  100.529   72.306   71.978  191.635  410.386  476.676  468.172  468.839
  447.043  328.286  155.642   78.543   30.464   -22.708   -75.705  -126.788
CT1671:305          103.951  124.156  155.231   88.195  -110.166  -144.824
  101.602  451.302  549.454  500.392  434.303  362.011  184.226   70.954
   44.613   52.423   59.771   97.672  125.978  156.086  282.764  399.461
  397.998  306.284  161.803   91.004   37.078   -22.163   -79.564  -135.499
CT1671:300          142.260  162.476  153.603   53.654  -137.059  -159.633
   79.164  397.677  512.022  542.514  532.054  426.901  197.724   66.387
   34.391   46.229   46.493   35.497   11.670   20.350   61.435  104.766
  114.797  127.114  132.621  102.029   47.092   -12.628   -67.428  -120.244
CT1671:295          129.905  150.527  147.276   57.319  -125.373  -137.468
   88.026  382.800  483.248  493.973  470.675  364.880  173.799   59.578
   25.288   38.649   33.313   10.890   -17.248   -23.253   -46.552   -70.072
   -61.967    -7.501   78.439   91.257   46.041   -12.425   -62.566  -110.472
CT1671:290           97.597  118.896  150.437  100.631   -81.066   -82.621
  186.957  506.632  582.488  490.080  381.581  276.559  135.151   37.741
    0.638   12.449    3.743    3.044    7.851    -0.653   -49.480  -115.165
  -115.369   -43.862   52.150   65.486   23.625   -27.283   -64.321  -100.729
CT1671:285          122.153  133.042  130.867  119.258   87.734  147.564
  429.375  780.637  845.390  609.183  395.851  284.111  142.092   28.093
   -14.665    -0.600    -8.887    7.871   42.970   35.635    0.725   -46.240
   -52.572   -17.789   29.100   43.067   18.285   -19.583   -49.578   -78.568
CT1671:280          139.707  142.988  130.059  149.337  162.110  232.912
  502.672  778.486  864.300  773.579  634.496  499.186  227.503   44.133
    -7.130    4.540   -12.064   -10.231   19.294    1.133   -55.579   -84.694
   -81.867   -58.671    -8.692   24.106   12.877   -17.612   -39.236   -60.938
CT1671:275          126.685  115.136   98.257  107.042  172.475  251.676
  433.309  635.754  763.542  939.087 1014.628  814.846  319.538   77.664
   15.844   10.895   -18.462   -83.937  -158.329  -212.789  -338.563  -469.085
  -467.922  -299.294   -69.879    2.354    -4.268   -21.723   -34.010   -57.250
CT1671:270          173.322  137.583   77.765  -105.090  -420.793  -488.286
  -177.493  203.456  357.192  545.555  661.876  545.323  197.512   26.865
    -2.441   13.432    2.804   -71.556  -217.341  -286.197  -343.981  -464.123
  -480.411  -329.421   -99.559   -15.642   -16.168   -32.876   -41.980   -51.158
CT1671:265          167.573  122.590   86.460  -142.409  -618.685  -807.574
  -668.232  -441.274  -358.911  -319.695  -279.810  -191.930   -60.522   -13.049
    -1.555   18.098   47.124  204.595  478.208  493.947  252.446    2.601
   -64.671   -71.169   -55.778   -41.996   -45.903   -55.932   -55.690   -53.126
CT1671:260          169.046  116.657   46.776  -139.470  -397.771  -554.353
  -695.931  -797.949  -773.846  -645.572  -499.014  -351.799  -113.412    6.705
   30.274   41.742   80.686  243.284  459.499  463.893  289.266   23.041
   -70.025   -68.782   -59.582   -50.579   -47.205   -49.473   -47.502   -43.506
CT1671:255          180.436  133.818   69.491   -25.633  -138.163  -265.645
  -580.329  -917.608  -900.298  -602.686  -374.485  -222.150   -46.745   46.673
   68.622   65.445   82.852  152.987  247.210  218.834   56.180  -118.377
  -167.234  -134.933   -69.410   -43.916   -49.232   -57.869   -57.847   -56.657
CT1671:250          153.488   98.500   39.024   -13.201   -24.686  -114.788
  -371.057  -615.697  -587.901  -254.373   44.445   85.665   37.046   67.027
   92.182  102.145  101.915   19.527  -105.065  -160.180  -228.298  -294.342
  -299.267  -201.687   -58.620   -21.057   -36.685   -58.757   -72.617   -85.142
CT1671:245          135.721   84.879   33.297    -8.306   -46.378  -131.495
  -303.952  -480.209  -463.744  -272.902  -116.443   -29.005   19.125   60.505
   97.418  126.368  126.714   28.792  -129.244  -171.685  -165.337  -167.244
  -159.939   -91.496    6.402   26.790    -3.716   -39.632   -62.663   -84.470
CT1671:240          114.729   70.345   22.489   -29.861   -79.545  -154.799
  -309.391  -470.875  -472.510  -420.101  -379.050  -230.550   21.629  125.403
  121.768   97.295  108.184  195.003  336.466  369.716  322.045  259.541
  231.682  187.061  112.264   58.513   19.486   -17.678   -52.229   -82.720
CT1671:235          125.345   70.110   17.555   -43.112  -117.385  -170.692
  -205.191  -222.531  -189.329   -96.823    5.668   51.510   99.188  127.891
   96.394   30.487   30.564  149.032  332.193  395.165  416.877  426.952
  402.213  289.160  127.319   55.712   22.892    -8.243   -45.727   -82.424
CT1671:230          155.995   88.830   17.252   -56.407  -143.061  -159.377
   -75.786   31.061  114.607  243.341  333.864  306.710  167.035   89.857
   51.150    -0.514    -6.814   55.680  127.158  179.691  304.868  418.839
  417.663  310.238  150.556   70.091   23.751   -16.986   -59.215  -100.071
CT1671:225          176.447  100.953   22.169   -44.336  -142.606  -140.625
   23.221  203.054  301.542  435.501  487.835  415.422  201.689   91.854
   53.185   27.666   15.699   19.790   27.337   69.460  195.794  325.720
  340.606  264.614  152.803   90.005   35.832   -18.011   -67.715  -112.819
CT1671:220          159.704   82.108    8.285   -61.106  -152.102  -137.892
   77.681  325.133  420.595  481.653  502.386  415.131  213.421  104.960
   72.318   59.366   37.331   10.988    -8.063   12.113   87.586  178.397
  206.542  186.268  141.084   98.537   45.063    -7.748   -54.620   -99.540
CT1671:215          152.725   78.850    2.409   -68.423  -148.162  -118.074
  110.196  360.388  422.354  366.660  313.227  251.235  165.202  112.840
   78.632   49.817   13.764   -37.963   -86.130   -88.461   -37.905   41.675
   83.322  100.701  110.365  103.947   58.931    2.170   -49.450  -100.039
CT1671:210          147.567   74.134    -2.110   -50.635  -119.026   -91.130
  139.302  393.569  402.423  179.271   30.269   30.759   96.341   96.474
   68.122   30.810   -15.960  -119.649  -247.278  -270.907  -205.454  -111.803
   -57.523   20.194  112.471  127.030   72.427    9.807   -44.308  -106.381
CT1671:205          125.354   48.433   -16.954   -58.702   -88.492   -46.924
  136.404  317.419  303.606   86.548   -52.570   -53.520   45.809   74.067
   54.708   30.842   -11.782  -130.354  -271.609  -313.902  -317.999  -319.315
  -262.032   -88.728  101.231  151.277  109.500   44.767   -13.368   -71.875
CT1671:200          141.861   63.613   -17.068   -27.752    -9.928   33.429
  180.573  324.445  295.559   81.402   -34.653   -56.541    7.421   26.606
   18.479    8.680   -22.477   -81.095  -144.283  -179.665  -186.381  -189.163
  -147.247   -19.892   98.756  137.785  100.063   47.798    5.727   -45.778
CT1671:195          123.702   60.584    0.843    8.094   51.565  101.012
  206.939  312.140  285.866   78.882   -44.028   -57.574    -8.947    -6.474
   -10.247   11.671    -5.509   -31.727   -61.969  -105.852  -105.199  -100.214
   -77.001    4.512   87.297  128.045   95.090   27.226   -21.026   -61.395
CT1671:190           97.544   49.154   12.533   26.237   73.560  106.549
  152.117  201.865  237.644  204.467  187.675  156.881   87.082   16.006
   -12.529   17.556    -0.619   -20.897   -47.429  -127.281  -245.350  -367.755
  -363.609  -214.533    -9.575   95.128   54.145    -7.971   -35.301   -66.403
CT1671:185          107.566   60.916   19.696   34.353   79.778   91.821
   46.250   18.170  179.693  584.599  810.010  711.504  303.603   69.418
    5.746   22.459   -13.523   -18.373   -19.742  -165.608  -574.220  -936.813
  -945.550  -596.451   -86.345   89.643   69.794   12.639   -18.211   -49.744
CT1671:180           93.186   51.768   22.498   37.469   89.173   86.351
   -60.576  -225.659   64.591 1117.247 1765.076 1532.888  621.076  137.271
   28.299   44.011    -5.665   -81.467  -180.682  -364.829 -1009.845 -1755.339
-1755.620 -1078.526  -235.438   36.270   21.507    -9.683   -15.984   -35.965
CT1671:175          109.568   67.621   30.263   38.135   80.618   42.631
  -182.716  -423.277  -103.747 1052.214 1834.320 1619.125  642.942  126.747
   19.799   40.184    -2.524   -91.650  -221.353  -303.205  -443.074  -544.243
  -528.178  -325.591   -27.070   34.933    7.596   -14.733   -30.093   -50.290
CT1671:170          111.263   75.002   41.416   31.907   73.029   -26.862
  -445.454  -842.484  -632.941  297.927  950.753  906.688  358.606   67.835
    7.113   29.779    4.647   -36.780   -79.785    8.342  412.569  842.541
  903.757  594.805  118.213    -6.907    -4.627   -16.900   -41.623   -61.395
CT1671:165          105.470   84.390   69.980   76.039   91.757   -89.826
  -753.572 -1392.777 -1261.214  -367.074  227.887  283.832  107.788   37.101
   17.312   19.371    3.506   -26.311   -42.678  136.313  879.648 1686.903
 1717.192 1047.225  247.587   -21.445   -55.003   -50.166   -57.613   -65.469
CT1671:160          113.801   86.731   58.836   39.919  103.265   -52.603
  -762.755 -1429.097 -1376.509  -795.143  -403.781  -182.386   32.128  110.658
   71.088    -2.341   -24.973   -76.807  -122.735   30.030  523.598  937.297
  965.928  613.161  126.086   -42.127   -40.759   -26.273   -44.126   -53.159
CT1671:155          114.678   95.857   79.835   60.955   42.116  -147.846
  -683.966 -1175.249 -1164.742  -725.723  -379.204  -183.608   37.939  145.819
   95.262    2.146   -21.856   -73.896  -129.501   -43.706  219.742  489.206
  524.618  347.424  111.040   -13.727   -34.554   -25.520   -34.432   -47.578
CT1671:150          118.686   97.564   74.877   42.355   12.803  -124.401
  -516.423  -893.853  -881.149  -536.894  -282.548  -166.396   -68.503    9.301
   12.786   15.186   17.373   -36.593   -95.796   -55.532   80.907  236.119
  263.687  161.302   42.945    -4.039   -15.516   -19.891   -38.027   -60.909
CT1671:145          116.013   84.119   55.666   10.504   -25.122  -128.501
  -357.645  -567.606  -560.753  -349.001  -195.885  -201.483  -330.388  -323.603
  -167.025    9.450   44.065    2.943   -36.464   -33.861   -25.426    9.020
   32.446   45.087   63.038   46.402    9.885   -24.085   -54.426   -84.577
CT1671:140          117.816   91.245   60.168   15.374   -38.882  -128.625
  -269.824  -403.865  -408.538  -327.595  -272.559  -243.108  -270.294  -243.541
  -127.836   25.544   52.120   -11.716   -85.364  -107.716  -132.265  -137.211
  -106.633   -19.414   79.719   89.000   41.660   -13.680   -58.842  -100.904
CT1671:135          112.175   90.088   63.196   13.506   -48.835  -117.118
  -204.759  -286.460  -284.066  -231.765  -187.627  -117.880   -18.753   38.145
   39.353   36.262   20.083   -58.052  -155.516  -187.556  -191.358  -188.151
  -154.272   -48.494   67.282   89.768   40.571   -20.613   -69.692  -115.672
CT1671:130          103.882   84.252   66.182   15.843   -50.983  -111.110
  -170.144  -211.997  -199.117  -123.787   -39.741   20.534  129.930  181.972
  120.579   32.626    -6.191   -59.600  -123.932  -158.836  -181.646  -193.763
  -165.161   -57.107   58.145   79.307   22.443   -39.430   -83.848  -130.200
CT1671:125          139.706  115.045   78.001   10.696   -74.166  -134.304
  -212.307  -267.876  -220.851  -103.602   -25.909   48.391  109.696  115.222
   88.696   37.922    -2.990    -5.832    9.391   -38.940  -166.247  -269.538
  -250.437  -113.466   38.651   78.501   36.160   -25.614   -74.812  -121.117
CT1671:120          144.824  107.962   72.895   -10.937  -136.591  -184.121
  -216.861  -238.019  -132.398  126.575  253.442  291.883  253.376  209.073
  155.960   63.544    -0.928   -35.645   -78.766  -137.201  -259.316  -382.265
  -356.170  -163.903   26.250   69.162   18.678   -39.001   -74.151  -108.881
CT1671:115          164.534  116.130   59.124   -40.467  -179.125  -209.384
   -88.972   45.593  159.518  379.097  509.337  511.692  486.391  455.084
  287.203   73.020   -21.580   -75.347  -121.104  -176.296  -261.558  -331.183
  -307.432  -163.454    -8.233   37.753    5.766   -40.793   -69.096   -91.470
CT1671:110          185.392  127.277   56.276   -52.956  -192.146  -197.309
   35.344  264.680  311.594  297.729  313.202  309.922  319.880  307.161
  192.745   17.551   -67.876  -142.396  -199.477  -246.189  -283.212  -295.740
  -276.498  -182.235   -75.994   -33.451   -36.544   -46.751   -43.984   -36.374
CT1671:105          190.798  133.593   75.585   -23.942  -186.496  -203.238
   33.314  255.319  192.218  -194.082  -389.020  -259.002    3.088   65.452
   17.967   -69.928  -115.653  -191.561  -269.387  -310.087  -329.435  -330.862
  -334.594  -294.816  -230.875  -179.100  -123.381   -64.571   -12.120   36.931
CT1671:100          183.706  122.606   48.077   -60.936  -177.046  -189.227
   -55.575   59.445   -40.617  -426.878  -616.865  -516.736  -220.539  -108.454
   -91.408   -85.520   -67.687   -41.151   -28.731   -68.735  -223.308  -395.524
  -437.989  -391.957  -329.002  -274.824  -187.052   -81.752   12.337   97.397
CT1671:095          164.188  102.206   41.473   -29.278  -138.727  -153.060
   -21.481   99.696   12.678  -270.749  -397.031  -361.103  -196.112  -120.926
   -84.961   -50.386   15.844  232.942  452.629  422.514  142.745  -121.564
  -211.887  -268.145  -297.525  -269.245  -168.375   -61.453   24.355  108.581
CT1671:090          141.521   72.474   13.392   -18.339   -39.343   -21.249
   92.072  197.699  146.023   -57.595  -177.465  -176.718  -105.695   -68.475
   -39.935    -9.817   57.432  288.365  522.200  520.390  314.644   77.943
   -24.391  -116.131  -196.017  -196.024  -131.467   -56.124   10.804   74.985
CT1671:085          149.345   60.889    -6.278    -7.862   10.701   61.373
  212.332  331.864  318.740  195.078  102.391   52.851    5.896   -15.602
    -8.673    7.285   45.480  185.690  319.504  332.512  262.886  159.443
   96.484   -14.189  -131.411  -151.955  -102.782   -48.073    -4.666   37.796
CT1671:080          196.081   97.326   -18.842   42.337  209.939  295.267
  391.095  466.691  474.964  412.455  344.616  249.006   86.448   11.290
    2.674   -11.953   -30.699   -63.147  -108.430   -77.414   72.824  188.409
  177.029   51.429   -73.674   -96.286   -65.793   -37.208   -18.113    1.943
CT1671:075          136.515   46.781   -11.846   22.185   87.075  158.774
  319.227  451.954  485.072  461.621  410.517  314.899  157.646   74.624
   23.570   -24.904   -95.633  -277.220  -446.105  -421.497  -184.858   50.806
  104.664   59.482    -6.720   -30.258   -32.196   -29.915   -28.224   -26.852
CT1671:070          140.479   48.423   -24.964   -26.424   16.743   69.909
  201.947  331.809  354.264  317.288  285.301  205.932  101.248   45.136
    -3.645   -51.071  -145.416  -407.236  -657.705  -636.911  -338.589   -31.802
   63.733   45.002    5.481    -7.110   -19.472   -30.912   -41.249   -51.183
CT1671:065          173.699   70.190   -28.007  -115.688  -255.123  -257.175
   -47.661  145.783  136.020   14.910   -40.665   -47.153   -23.319   -37.958
   -53.434   -76.016  -170.733  -436.385  -663.959  -641.500  -342.389   -36.592
   51.904   21.518   -13.122   -14.001   -22.448   -33.581   -48.138   -64.402
CT1671:060          155.913   45.622   -59.957  -167.415  -256.948  -261.273
  -188.848  -132.103  -151.787  -247.540  -289.815  -225.501   -69.422   -38.648
   -50.016   -59.741  -134.647  -340.527  -540.948  -543.920  -356.168  -156.607
   -73.942   -24.520   24.873   35.682    -0.336   -43.082   -74.577  -100.704
CT1671:055          162.878   64.087   -42.043   -23.395   64.712  106.013
  106.443  126.647  121.120   84.019   69.409   54.834   49.456   20.903
    3.277   -10.104   -67.384  -163.434  -256.697  -290.333  -339.242  -369.652
  -299.046  -120.604   37.700   56.841    -5.196   -61.449   -97.558  -132.455
CT1671:050          113.965   27.328   -25.670   59.626  219.357  299.419
  306.622  299.771  344.480  434.876  445.956  345.742  164.876   69.648
   28.236    -6.013   -57.497   -88.648  -106.741  -135.538  -218.819  -250.029
  -201.283   -95.719   22.883   44.482    6.803   -37.086   -76.976  -116.584
CT1671:045          114.953   28.274   -24.688   52.498  199.899  319.209
  448.622  548.953  632.363  740.915  729.821  556.697  236.433   87.996
   41.460   10.143   -53.056  -145.457  -191.317  -192.206  -156.869   -71.908
    -7.399   37.197   64.415   40.939    2.378   -34.829   -74.675  -115.926
CT1671:040          164.677   73.364   -26.279    -8.717   19.793  123.049
  491.760  787.177  853.037  885.898  853.236  596.235  201.704   51.207
   30.155   28.092   -57.022  -406.324  -750.265  -640.764   -66.901  393.284
  451.336  288.637  129.610   58.205    7.221   -40.714   -87.249  -130.170
CT1671:035          112.294   15.323   -51.149   -43.120    0.176  111.743
  434.232  714.165  707.866  448.205  271.093  190.164   69.702    -1.528
    -1.800   14.100   -25.490  -250.056  -466.645  -336.346  239.978  747.734
  789.771  484.170  156.114   35.592    -3.674   -36.239   -79.033  -123.147
CT1671:030          107.835   26.532   -41.190   -40.906    -1.568   51.757
  205.348  328.687  277.470   18.198  -134.885  -121.262   -38.022   -16.060
   -11.367    -9.199   17.465  103.587  205.974  333.224  614.625  852.087
  833.627  515.828  164.722   26.389    -5.289   -31.400   -72.589  -114.421
CT1671:025           95.881   29.449   -33.072   -41.356   -18.156   -20.487
   -46.278   -66.726  -118.562  -232.966  -264.164  -201.350   -66.739   -13.672
    -7.083    -8.698   58.582  340.799  674.063  763.431  771.105  792.093
  728.907  437.940  148.247   30.860    1.964   -26.335   -67.736  -107.158
CT1671:020          108.026   28.699   -34.748   -51.274   -44.074  -121.267
  -397.915  -637.087  -624.067  -420.553  -290.939  -205.775   -92.782   -29.956
   -17.214    -9.422   53.956  187.554  295.896  411.145  563.703  618.351
  575.947  384.855  170.893   59.727    5.897   -42.042   -99.757  -159.343
CT1671:015          135.801   46.651   -45.117   -81.701   -69.288  -156.684
  -478.807  -736.397  -686.261  -394.511  -230.048  -155.596   -95.696   -49.515
   -33.510   -23.710   12.006   34.687   68.562  160.267  376.580  550.560
  528.918  362.135  209.133  117.099   40.694   -38.208  -119.204  -201.295
CT1671:010          115.068   27.473   -44.161   -74.869   -87.358  -179.365
  -404.871  -579.339  -537.891  -296.543  -128.484   -78.095   -69.261   -42.043
   -28.809   -17.885    -0.916    -2.610   14.305   71.952  194.209  302.606
  310.439  248.570  166.865   96.130   28.970   -40.909  -110.468  -178.385
CT1671:005          127.179   29.218   -53.184   -87.055  -103.261  -187.873
  -384.068  -530.779  -472.602  -240.537   -90.391   -33.611   -28.646   -16.160
   -18.146   -20.833   -16.442   -21.524   -15.657   13.116   70.039  129.696
  143.833  131.248  115.930   84.043   24.053   -38.482   -97.639  -157.470
CT1672:360          151.617   46.545   -63.237  -103.516   -91.679  -162.459
  -427.049  -624.108  -515.021  -161.729   13.318   52.507   22.470   15.559
    -4.763   -27.696   -33.746   -33.207   -29.896   -31.329   -62.667   -79.069
   -54.233   26.501   92.974   80.355   22.266   -34.599   -88.015  -145.753
