
filled_synop: 30 data points in equal steps of sine latitude from +14.5/15 to  -14.5/15

CT1692:360           -70.046   -91.896  -109.874  -132.774  -158.079  -131.288
   -20.384  103.152   94.809   -61.777  -174.403  -161.130   -28.226   68.506
   64.868    -5.822   -42.853   -66.602   -81.752   -89.718   -86.333   -68.137
   -30.789   44.265   76.555   70.176   60.733   34.180   -14.621   -58.794
CT1692:355           -76.756   -86.396   -99.618  -120.680  -138.063  -126.624
   -84.979   -39.258   -23.619    -7.466    4.875   23.129   80.857  125.791
  112.070   31.167   -34.228  -114.654  -240.381  -290.660  -338.323  -403.815
  -350.322  -120.859   41.659   65.070   59.712   39.909    -8.174   -57.923
CT1692:350           -85.277   -81.427   -80.791   -88.615  -103.073   -99.093
   -91.628   -78.528   -59.992   -21.577   14.021   43.089  120.940  181.828
  154.244   87.829   38.584   -90.796  -343.289  -467.896  -488.020  -432.702
  -325.494  -131.014    8.915   49.952   63.363   36.153   -23.233   -66.363
CT1692:345           -96.699   -90.102   -85.812   -82.338   -78.896   -70.349
   -61.149   -44.722   -28.001   -30.518   -18.065   10.095   65.871   87.603
   57.183   12.059   -20.555  -121.942  -335.624  -457.241  -433.664  -250.731
  -124.936    -9.844   45.677   61.720   54.015   30.387   -13.110   -56.822
CT1692:340          -113.952  -101.070   -91.298   -83.879   -77.972   -61.030
   -37.290   -11.578   10.561   11.510   26.965   43.235   50.645   13.022
   -32.622   -77.980  -137.725  -230.520  -403.351  -490.687  -322.779   -25.905
   93.779   89.471   53.354   56.982   47.041   11.716   -35.780   -71.288
CT1692:335          -131.921  -115.878  -102.477   -91.379   -81.114   -53.065
    -7.908   43.125   91.017  148.057  205.388  207.811  163.620  120.150
   73.998   12.843   -70.444  -185.757  -192.097  -125.377  -121.658  -139.452
   -68.074   39.288   63.973   78.140   61.616   17.887   -30.449   -72.870
CT1692:330          -143.038  -121.465  -101.105   -82.275   -67.211   -31.259
   37.989  116.369  197.079  329.507  408.894  373.997  256.390  166.632
  133.795  115.948   42.681   -76.189  -143.967  -185.235  -261.940  -268.599
  -169.133    -5.247   64.418   84.006   76.396   42.918    -6.115   -55.576
CT1692:325          -137.530  -114.650   -92.988   -73.808   -56.721    -7.046
   96.073  206.477  290.027  424.467  512.023  474.346  299.930  182.067
  136.471   72.172   -28.508   -74.134  -205.076  -353.383  -483.142  -504.951
  -361.517  -105.661   23.811   76.798   82.713   44.082   -12.950   -57.475
CT1692:320          -135.782  -111.808   -86.093   -63.748   -47.188    4.709
  126.892  278.688  351.146  366.531  332.125  271.879  162.299   90.395
   62.549  105.556  126.721   57.629  -133.322  -290.857  -459.851  -423.417
  -270.626   -97.510   16.688   71.284   78.030   53.908    1.574   -48.442
CT1692:315          -123.221  -105.105   -81.091   -57.863   -38.107   11.083
  110.889  225.064  286.596  254.386  170.437   88.225   43.142   13.323
   -29.428   -92.829  -154.470  -239.587  -392.987  -433.054  -266.792   -98.753
   -53.292   -11.783   11.468   48.816   77.843   59.436   19.093   -21.596
CT1692:310           -88.981   -86.387   -73.806   -49.230   -18.503   25.719
  111.644  214.992  300.194  301.097  231.266  131.460    2.988   -92.023
  -159.713  -207.990  -234.267  -276.770  -299.622  -229.721   -68.015   53.968
   -18.481  -279.451  -249.695    -0.942  100.998   60.857    8.898   -20.683
CT1692:305           24.394   -29.123   33.722   80.245  109.343  116.512
  127.774  130.490   79.999   -68.093  -156.618  -153.818   -92.104   -94.844
  -129.623  -164.936  -212.027  -283.059  -360.059  -352.723  -335.637  -305.684
  -209.828   -69.153    0.037   45.256   67.788   11.483   -66.416  -123.049
CT1692:300           -72.333   -39.627    -1.908   39.559   73.674   75.629
   56.460   41.961    8.094   -57.915  -100.711  -113.710  -101.858  -101.071
  -110.088   -98.645  -108.816   -64.812   -22.609   -42.453  -186.363  -283.877
  -210.597   -69.953   12.588   61.210   89.774   40.373   -42.918  -113.886
CT1692:295           -79.573   -51.892   -20.142   12.294   50.120   60.221
    3.269   -60.532   -68.266   -10.767   46.029   43.469   -17.508   -68.189
   -90.463   -95.831  -133.511  -169.259  -209.476  -242.310  -273.045  -280.121
  -200.667   -51.106   28.091   70.208  102.474   65.494   -15.469   -94.085
CT1692:290           -82.104   -67.013   -37.894   11.662   64.293   53.306
   -72.658  -206.496  -208.462   -42.477  103.862  124.836   70.519   26.904
   -44.015  -211.203  -310.003  -350.571  -389.757  -383.277  -277.163  -134.120
   -56.070   24.427   89.432   98.383   74.240   30.889   -32.831   -86.945
CT1692:285           -86.351   -72.313   -57.201   -23.272   52.165   43.456
  -101.222  -281.934  -307.834  -173.115   -29.755   10.424    5.018    -8.471
   -63.276  -156.394  -221.618  -317.563  -464.989  -477.283  -355.129  -182.117
   -92.526   32.495  114.308  107.493   59.650   30.923   -16.241   -70.230
CT1692:280           -60.339   -35.211    -9.655   14.362   35.898    1.170
  -157.523  -349.495  -384.808  -335.543  -246.970  -190.158   -97.181    -6.505
   -59.937  -206.682  -311.552  -338.076  -318.932  -291.759  -263.176  -237.576
  -197.277   -68.456   35.427   49.974   32.764    7.222   -33.534   -69.827
CT1692:275           -26.363    -8.543    -0.127    3.450   18.883   -28.505
  -211.074  -423.968  -456.860  -376.531  -217.010  -110.737   -18.415   91.841
    -2.513  -289.819  -464.915  -392.275    -0.924  212.861  103.016  -147.485
  -173.360   -83.775    -0.392   11.765   12.125    1.093   -34.624   -72.002
CT1692:270            -1.758    2.314    1.489    -2.921    -5.888   -41.743
  -178.506  -385.860  -387.107  -187.960   98.894  275.491  399.213  408.245
  263.097  -187.088  -602.505  -479.782  216.255  545.610  447.283  119.381
   26.168    3.774    -6.424    -5.023   22.223   18.683   -28.539   -85.523
CT1692:265           11.060    -1.042   -14.330   -27.505   -44.370   -79.024
  -177.904  -334.407  -265.850  123.585  661.639  895.665 1064.871 1110.494
  929.467  292.858  -365.979  -380.422  155.984  477.160  375.533  181.165
  126.310   79.685   34.770   28.413   40.126   14.582   -54.427  -110.532
CT1692:260           20.467   -10.571   -39.090   -65.738   -99.047  -123.912
  -156.171  -220.884  -106.471  350.108 1009.099 1237.018 1282.314 1406.702
 1252.426  521.148   -45.975  -196.699  -306.895  -348.174  -203.899   58.059
  151.613  141.369  110.623   91.842   64.962   32.070   -25.392   -96.171
CT1692:255           31.209   -12.176   -57.588  -107.184  -154.018  -142.673
   -66.763   24.890  196.432  528.824  956.697 1030.190  768.630  252.797
    3.184   -64.812  -152.108  -246.855  -436.857  -551.815  -378.124   -14.065
  114.615  131.974  137.767  139.187  101.435   50.296   -24.972  -107.102
CT1692:250           43.733    -7.913   -56.011  -110.379  -196.168  -184.038
   -33.231  194.093  406.905  712.781 1169.105 1219.006  576.920  -418.222
  -739.406  -446.884  -147.106  -161.340  -219.213  -215.674  -194.699  -123.146
   -55.316   42.489  146.801  154.898   99.098   51.387   -38.990  -119.829
CT1692:245           57.396    -1.705   -68.750  -155.283  -244.960  -217.798
    -6.207  287.847  510.392  827.687 1207.636 1181.224  642.563  -109.492
  -393.197  -394.267  -275.867  -233.862   -91.941    -7.710  -101.208  -381.738
  -405.459  -161.060   75.396  121.897  111.320   75.369    -3.248   -92.690
CT1692:240           66.302    4.944   -54.217  -124.127  -240.240  -210.378
   78.290  489.861  755.749  994.240 1277.164 1236.601  737.586   83.806
  -202.052  -379.715  -486.644  -398.237   -44.015  120.317   -20.224  -405.722
  -473.032  -253.383    6.030   71.671   75.926   66.592    8.612   -71.218
CT1692:235           66.251    7.981   -56.018  -137.182  -230.058  -189.203
   82.649  486.822  703.905  836.181  938.779  845.303  472.243    1.901
  -257.262  -509.711  -679.663  -530.650   58.513  386.681  212.445  -214.175
  -308.789  -157.067    5.424   31.092   57.728   47.823   -26.873   -86.418
CT1692:230           55.252    7.890   -39.073   -98.793  -179.795  -142.176
   80.113  402.770  522.632  405.697  196.443   55.347  -110.956  -335.389
  -537.389  -755.542  -906.772  -752.449  -251.536   54.599  153.775   53.083
   28.664    9.719   -33.726   -12.367   50.040   53.013    5.941   -55.485
CT1692:225           36.604    2.011   -32.672   -71.708  -132.126   -96.820
   94.262  318.174  379.486  198.316   -40.540  -177.075  -294.082  -351.183
  -534.318  -840.941 -1005.915  -962.636  -739.847  -455.487    -3.890  619.388
  720.152  351.425   35.619    -8.954   21.504   17.864   -12.404   -50.157
CT1692:220           14.145    -6.510   -27.628   -54.740   -91.879   -62.186
   89.464  281.102  347.649  264.550  157.755  106.771   61.155   16.621
  -190.281  -572.485  -808.105  -868.001  -922.856  -857.893  -217.384  579.153
  680.576  298.187   18.662   -11.219   17.787    9.642   -21.608   -51.897
CT1692:215            -8.171   -15.911   -23.715   -35.842   -68.139   -46.711
   42.859  144.006  261.957  439.431  602.121  648.716  637.484  551.434
  363.522   -23.970  -328.866  -300.435   -50.325   72.235  115.066  209.356
  256.028  123.257   21.172    4.866   27.677   14.828   -11.811   -43.172
CT1692:210           -35.420   -34.111   -37.098   -46.805   -61.939   -57.561
   -42.598    -8.315  164.852  613.224 1058.969 1199.065 1225.013 1127.731
  948.866  647.320  389.739  249.244  103.579   42.551   -26.812  -104.499
   -87.753   -26.414   14.929   18.774   27.776   12.941   -18.740   -44.353
CT1692:205           -36.877   -42.334   -46.015   -45.458   -42.604   -38.705
  -111.297  -229.228   -71.637  519.725 1153.141 1355.782 1370.909 1311.310
 1034.037  448.853   89.257   -10.635  -234.262  -361.889  -414.142  -277.450
  -173.017   -26.455   45.152   38.570   29.074   15.950   -10.011   -34.987
CT1692:200           -28.231   -19.002   -32.206   -40.087   -45.480   -46.838
  -104.280  -194.460   -16.854  562.497 1092.752 1161.995  950.824  621.427
  291.156  -115.599  -231.271  -334.886  -683.523  -802.331  -463.233    -6.557
  113.887   71.900   59.254   54.394   39.655   17.672    -5.223   -26.712
CT1692:195           -20.504   -12.996   -20.784   -26.860   -32.934   -34.942
   -30.307   -47.497   56.220  557.847 1253.606 1374.366  719.503  -357.464
  -768.896  -821.196  -784.487  -605.882  -232.592   -22.294  272.009  513.726
  504.888  308.368  113.233   51.846   43.450   23.278    4.064   -16.944
CT1692:190           -21.461   -25.567   -34.933   -40.581   -44.535   -34.171
   29.419  128.946  187.394  373.180  876.879 1052.113  474.548  -141.919
  -336.062  -581.447  -700.398  -440.201  577.097 1301.631 1305.075 1048.771
  913.687  537.251  152.553   42.548   39.379   24.923    4.275   -18.200
CT1692:185           -13.292   -19.096   -25.299   -33.996   -45.471   -41.383
    -9.656   47.459   10.227  -389.080 -1271.959 -1600.326  -940.723  -109.020
   22.426  -205.655  -342.883  -138.722  472.611  852.052  988.988  968.359
  876.667  530.292  138.382   47.952   77.923   52.108   18.145   -14.166
CT1692:180            -4.768   -11.103   -21.008   -40.133   -60.837   -58.849
   -16.485   57.264   -31.996  -545.209 -1247.570 -1371.182  -940.484  -267.455
   -93.572   -92.791  -101.906    -1.384  123.019  209.326  383.365  589.781
  578.878  355.327  125.933   46.828   50.363   43.542   19.016   -12.365
CT1692:175           -21.512   -32.273   -27.658   -29.600   -33.199   -17.332
   43.641  123.873   56.623  -242.256  -514.301  -519.088  -367.521  -124.043
   -29.076   -15.078   -13.957    3.634   -14.973   12.156   79.218  142.301
  147.129  108.822   60.181   45.641   64.470   46.835    3.218   -38.624
CT1692:170           -84.860   -57.674   -33.307   -16.026    -3.481   24.188
   83.298  146.804  122.531   -10.552  -150.834  -162.444   -59.686   39.954
   63.872   59.017   51.007   35.930    1.432    -2.323   -14.533   -31.022
   -31.189   -20.879    1.113   19.551   56.909   51.845    -0.171   -52.786
CT1692:165          -107.855   -73.708   -40.120    -5.818   27.508   61.419
  110.968  169.481  209.770  255.790  289.718  313.424  314.329  265.388
  211.438  136.747   44.156    4.905   -13.097   -31.722   -52.320   -87.544
   -88.357   -75.624   -54.813   -17.328   53.792   61.809    7.554   -55.591
CT1692:160          -123.555   -89.754   -45.973    -0.737   42.398   80.380
  108.249  130.273  196.627  414.989  650.910  724.202  737.767  601.089
  454.246  201.619   -44.844  -112.697   -99.236   -95.316   -80.509   -93.156
   -79.776   -55.048   -24.975    9.300   61.005   57.249   -15.186   -73.779
CT1692:155          -152.354  -101.793   -51.210    1.094   56.894   99.731
  101.420   78.314  119.469  362.161  749.984  867.079  823.356  809.938
  641.120   86.891  -346.797  -425.174  -304.161  -194.710  -160.010  -141.865
   -92.113   -41.253    7.938   43.346   74.306   71.810   16.962   -56.992
CT1692:150          -163.438  -106.075   -47.041   15.366   79.215  133.371
  165.410  160.203  136.810  107.236   42.276   25.389  105.676  226.475
   66.913  -457.693  -925.558  -977.361  -725.262  -495.747  -377.319  -234.081
  -132.666   -52.993   34.794   76.762   96.323   86.309   18.329   -61.669
CT1692:145          -156.925  -101.980   -45.831   13.099   74.098  128.812
  242.773  442.062  470.740  118.538  -534.090  -747.450  -487.583  -194.756
  -335.867  -909.723 -1466.361 -1456.298  -987.609  -689.863  -474.922  -305.917
  -222.738   -94.917   47.003   89.243  108.000   95.511    2.404   -78.786
CT1692:140          -165.425  -109.638   -53.564    3.166   59.701  107.722
  184.796  306.890  304.168  117.103  -125.953  -193.715   -96.920   95.584
   -67.802  -950.311 -1759.809 -1560.126  -323.629  450.144  373.672   -94.371
  -194.497  -102.715   10.810   55.975  101.175  105.724   44.365   -42.545
CT1692:135          -188.648  -125.937   -57.183   10.113   89.297  131.359
   58.388  -121.977  -224.072  -140.392   62.934   95.795   76.600  175.632
   63.807  -655.155 -1256.920  -990.137  320.328 1130.939  885.606   74.727
  -164.193  -117.469   -32.898    4.365   87.241   99.159   12.451   -62.170
CT1692:130          -240.707  -159.948   -77.211   13.142  117.887  164.402
   95.473   -19.704   -94.771  -166.243  -267.169  -344.477  -350.094  -422.779
  -480.040  -496.856  -474.882  -257.293  322.818  639.472  527.728   57.656
  -143.244  -162.409  -132.430   -79.331   41.880   81.029   26.800   -43.795
CT1692:125          -289.588  -188.910   -81.598   37.484  156.852  221.342
  230.863  243.300  192.051   -41.790  -347.837  -458.826  -516.305  -553.251
  -524.863  -264.317   21.329  191.269  420.174  556.149  440.056   69.953
  -101.871  -153.998  -162.479  -132.162    -4.115   62.886   37.324   -25.405
CT1692:120          -313.385  -198.884   -85.408   39.079  181.012  255.954
  286.789  315.283  266.094    2.049  -432.210  -585.708  -476.947  -248.009
  -150.003   -33.668  120.828  281.971  519.585  633.198  535.917  213.700
   44.328   -80.602  -188.843  -174.780   -16.007   29.597   -34.348   -77.217
CT1692:115          -277.057  -173.037   -62.784   59.248  179.910  249.410
  248.967  203.483  151.385   62.315   -81.491  -158.295  -161.848  -158.097
  -122.763    -2.526  116.582  272.028  588.387  777.673  698.875  494.776
  349.522   77.834  -167.993  -180.255   -53.940   13.598    1.490   -33.576
CT1692:110          -197.847  -125.662   -54.622   22.397  109.787  165.451
  168.478  147.121  154.328  248.361  433.021  452.035  236.389    5.517
   -34.080   -27.220    1.500  128.658  403.827  548.057  560.708  512.117
  409.482  155.901   -95.441  -123.113   -23.997   11.059    6.403    -7.434
CT1692:105          -112.064   -76.997   -41.625    -7.969   21.104   53.886
   81.120   98.077  145.735  284.876  471.417  475.081  308.455   37.259
   -50.844   -55.022   -43.685   29.320  198.178  291.665  333.787  348.821
  297.300  137.161   -25.030   -54.843   -14.639    -1.530    0.379    1.429
CT1692:100           -69.011   -59.433   -49.446   -42.381   -38.673   -13.129
   39.073   99.968  167.912  296.131  434.499  427.178  278.393   65.686
   -18.627   -41.434   -41.257    -7.703   87.178  158.292  178.371  181.400
  157.722   85.956    6.738   -23.414   -21.781   -19.411   -11.812    -4.134
CT1692:095           -32.027   -42.822   -57.386   -74.982   -95.030   -74.635
   13.827  128.164  209.695  329.033  468.611  472.752  303.634   72.465
   -12.608   -29.773   -40.107   -52.838   -54.932   -40.262    -3.832   62.348
   81.146   41.105    -6.952   -23.190   -25.174   -19.908    -6.804    3.454
CT1692:090           11.173   -26.067   -58.164   -91.597  -135.951  -127.434
   -20.980  138.211  217.327  298.987  410.862  426.039  269.062   71.567
    2.871   -25.944   -53.511  -106.205  -214.850  -270.161  -208.264   -59.123
    3.372    -1.234   -18.009   -22.705   -36.241   -35.238   -19.618    -5.590
CT1692:085           31.839   -15.053   -63.001  -115.319  -165.537  -166.399
   -72.733   79.749  135.262  105.373   55.779   43.470   25.135    6.164
   -12.704   -22.532   -47.501  -139.850  -352.695  -481.232  -398.199  -183.746
   -84.096   -40.966   -22.195    -7.321   -19.963   -23.592   -16.805    -5.108
CT1692:080           45.294    -4.333   -54.028  -107.516  -171.947  -190.600
  -150.777   -76.874   -61.454  -163.944  -297.151  -298.976  -229.793   -57.829
   -22.980   -18.877   -41.082  -171.495  -450.470  -565.292  -540.750  -309.443
  -170.974  -104.059   -28.267    3.268   -12.273    -7.919    -3.947    -0.301
CT1692:075           78.217   24.813   -33.491  -105.584  -179.396  -207.892
  -201.627  -183.653  -182.075  -346.482  -655.055  -716.762  -405.848   -36.092
   21.796   24.457    -3.594  -197.909  -756.958 -1068.036  -964.714  -650.003
  -486.698  -267.532   -69.252   -18.109   -21.843   -16.438   -10.577    -3.081
CT1692:070          100.213   41.720   -20.844   -93.002  -184.373  -222.568
  -205.223  -177.511  -122.743   -49.684   95.883  169.901  128.484  137.978
  120.612  124.538  115.838   -74.840  -654.413  -981.849  -849.898  -484.263
  -325.152  -203.270   -69.019   -38.529   -38.689   -28.961   -19.731    -8.747
CT1692:065           91.985   47.775   -31.573  -116.315  -208.909  -231.533
  -175.195  -106.808   60.265  483.430  968.477 1047.091  700.031  288.686
  161.237  171.206  165.483  151.571  182.298  221.853  154.761  109.266
   80.787   36.430    -5.303   -25.220   -28.466   -23.900   -15.585   -10.604
CT1692:060          132.433   42.041   -48.038  -146.763  -265.178  -285.212
  -191.345   -63.311  223.726  974.619 1773.563 1821.204 1091.051  275.328
   56.727   87.544  117.162  330.859  850.375 1056.063  954.971  641.293
  484.193  260.776   66.267   15.760    -0.010   -20.515   -21.999   -18.119
CT1692:055           96.844   72.149   -47.406  -170.651  -298.055  -312.740
  -204.470   -55.806  206.605  945.220 1686.832 1620.487  708.493  -144.136
  -329.805  -207.378  -101.280  132.886  664.005  955.154  880.409  621.868
  507.861  281.044   75.788   10.252   -12.100   -22.271   -15.626   -14.347
CT1692:050          148.168   37.748   -80.426  -207.720  -348.030  -361.478
  -215.962   -35.986  134.726  460.455  757.060  645.489    4.513  -525.420
  -632.992  -509.722  -461.963  -415.798  -294.090  -179.863   53.955  347.250
  406.952  230.404   54.636    1.896    -9.218   -18.802   -19.750   -23.753
CT1692:045          131.104    9.103  -112.887  -246.738  -383.179  -399.654
  -196.886  118.309  229.265   10.369  -365.017  -547.362  -616.094  -601.517
  -613.877  -487.527  -412.081  -616.438 -1161.567 -1315.669  -871.318   -48.948
  214.969  104.071   -18.163   -26.460   -22.267   -20.850   -27.876   -36.888
CT1692:040          105.092    -0.098  -104.463  -224.213  -366.127  -399.355
  -269.159   -46.714   24.469  -129.372  -374.821  -445.397  -364.996  -231.084
  -249.498  -295.322  -343.746  -617.888 -1413.700 -1735.629 -1344.838  -363.468
    -9.026   -50.332   -84.920   -55.975   -33.193   -23.013   -42.827   -55.985
CT1692:035           64.553   -26.490  -123.686  -229.820  -345.652  -377.677
  -312.748  -216.686  -156.450   -96.313   -12.610    6.501   -20.894   -54.745
  -102.320  -212.737  -335.798  -557.547 -1154.372 -1427.374 -1172.004  -585.402
  -343.245  -206.421   -91.062   -52.903   -30.568   -16.948   -26.910   -41.364
CT1692:030           14.022   -58.919  -142.991  -244.214  -348.858  -389.449
  -378.276  -353.373  -291.047   -40.971  346.843  445.987  268.751   61.847
   19.136   -44.420  -148.440  -203.817  -390.882  -548.617  -535.907  -442.252
  -400.972  -278.133  -117.914   -69.396   -41.877   -23.021   -24.270   -31.408
CT1692:025           -59.419  -106.007  -158.245  -220.690  -296.050  -323.732
  -346.503  -384.269  -345.029  -112.345  264.123  376.471  233.232   21.621
   30.668  220.363  429.514  547.371  812.397  925.197  583.795  -220.374
  -462.954  -269.409   -71.602   -59.397   -53.841   -42.353   -38.128   -32.388
CT1692:020           -88.163  -133.467  -177.819  -220.471  -260.135  -265.604
  -217.566  -136.517   -90.109  -145.117  -272.700  -294.776  -172.758   -85.560
    2.430  225.892  474.600  772.587 1539.038 1923.768 1472.784  513.867
  160.612   13.590   -77.422   -91.274   -53.202   -39.152   -33.783   -31.271
CT1692:015          -106.653  -138.886  -169.044  -199.196  -234.375  -216.449
   -96.090   65.670  102.950   -32.356  -217.192  -245.963  -181.947   -84.312
   -10.579   36.885   90.499  372.182 1009.817 1276.563 1105.435  662.355
  388.768  160.918   -36.031   -81.737   -40.672   -32.247   -33.159   -34.251
CT1692:010          -125.065  -138.163  -152.527  -175.681  -214.559  -186.860
   -41.294  141.111  186.827   75.007  -100.329  -138.756   -73.093   21.713
   63.896   40.014   61.008  202.361  482.093  617.727  625.050  528.182
  395.929  181.830   -31.002   -74.435   -23.205   -15.563   -20.746   -27.186
CT1692:005          -136.280  -146.379  -163.012  -187.690  -209.502  -174.556
   -42.601  129.556  183.135  128.963   18.238    -7.539   25.993   70.654
   83.256   48.083   31.298   97.054  282.347  401.666  393.566  390.021
  340.340  137.456   -54.667   -78.581   -37.409   -16.324   -16.731   -23.780
CT1693:360          -147.713  -166.133  -178.733  -192.317  -215.153  -187.841
   -73.138   92.692  152.440  131.266   77.119   67.234   70.643   77.941
   71.770   33.751    -5.515    -6.947   11.222    9.250   11.042   23.059
   15.947   -34.136   -65.802   -57.597   -16.674    -4.953   -20.891   -31.430
