
filled_synop: 30 data points in equal steps of sine latitude from +14.5/15 to  -14.5/15

CT1659:360          130.476  108.038   71.953   -13.202  -107.973  -127.391
   -89.228   -48.213   -13.542   14.887   30.495   22.725   11.773    7.091
    6.208   13.202   19.532   34.310   40.782   15.283   -39.474   -88.883
  -113.533  -112.646   -99.509   -90.138   -87.438   -86.488   -81.786   -76.467
CT1659:355          145.250  116.084   68.555   -29.733  -136.169  -147.532
   -81.479   -18.246   70.999  164.552  136.024  105.839   31.017    2.700
   10.486   25.579   34.688   56.192   64.124   36.325   -41.760  -108.801
  -130.813  -120.853  -105.638   -99.048   -95.683   -92.587   -86.294   -76.990
CT1659:350          124.916   99.929   61.955   -32.963  -127.243  -129.519
   -60.872    7.198  124.265  341.395  415.379  235.913   60.328   12.446
   13.696   23.230   34.786   58.334   72.735   49.373   -16.829   -66.216
   -91.164   -98.406   -95.206   -89.115   -79.093   -71.160   -65.249   -59.730
CT1659:345          122.863   90.911   42.233   -48.394  -128.927  -122.043
   -42.065   35.794   58.816   37.388   14.023    3.618    -8.627   -17.684
    -7.517    -1.507    5.537   19.802   35.804   49.647   55.293   38.543
    6.162   -35.622   -61.651   -70.407   -67.249   -61.839   -59.753   -58.976
CT1659:340           96.686   72.184   50.313   -27.658  -143.473  -136.815
   -16.140   78.197   68.794   -75.081  -164.313  -113.660   -16.649    -6.300
   -13.274   -17.117   -12.285    0.356   21.208   52.124  122.080  158.251
  129.877   30.893   -46.709   -67.308   -60.535   -59.922   -65.532   -70.278
CT1659:335          113.925   82.051   37.470   -37.670  -111.847   -65.955
  151.192  328.921  332.255  226.710  143.477   32.109   -12.754   -16.653
   -17.027   -21.970   -21.192   -17.908    -4.661   36.126  119.958  176.835
  162.743   90.285   16.090   -25.587   -50.735   -67.490   -82.318   -96.843
CT1659:330          124.958   86.132   48.205    -7.607   -83.225   -12.649
  297.132  572.925  587.460  378.641  194.418   81.860   19.163    -7.101
   -15.976   -20.141   -21.961   -20.530   -10.736   20.525   88.403  162.167
  173.558  117.830   32.383   -13.801   -41.959   -65.054   -88.351  -109.936
CT1659:325          116.648   85.123   52.056    3.112   -51.741   32.718
  455.237  767.801  744.760  469.044  271.115  146.077   31.640   -18.155
   -17.599   -10.315   -12.622   -18.426   -20.690    3.380   70.399  130.881
  141.365  108.008   55.330   12.247   -22.538   -51.294   -79.310  -104.961
CT1659:320          110.268   79.916   53.038   35.933   11.206   10.871
  128.043  319.980  468.009  437.006  293.391  142.759   10.687   -24.540
   -11.985    0.260    -0.555    -7.678   -14.398    0.155   39.162   81.273
  100.033   92.839   67.723   35.402    -3.377   -39.980   -78.333  -118.871
CT1659:315          108.750   80.073   42.488   32.752   42.981  -104.663
  -720.604 -1039.200  -626.261   37.655  244.243  156.452   26.732    3.318
    3.343    4.938    3.916    -2.272    -6.620   11.663   58.117  101.678
  116.816  114.562  102.343   70.386   21.756   -28.228   -78.376  -129.419
CT1659:310          123.506   78.906   32.402   16.438    1.244  -245.033
  -890.863 -1247.614  -949.493  -258.939   28.186   44.922   16.991   13.813
    7.727    1.436    1.285    2.440    5.235   23.631   60.629   96.077
  116.282  126.490  114.611   75.695   14.663   -41.464   -95.191  -149.333
CT1659:305          119.117   79.616   42.029   24.919    9.156  -140.739
  -516.247  -725.622  -627.757  -263.249   -23.500   29.747   35.521   37.029
   15.826    -1.734    -0.288   11.800   24.632   40.882   67.899   97.633
  114.607  122.595  113.756   76.742   10.019   -55.366  -113.246  -170.095
CT1659:300          117.353   75.235   39.427   24.800    8.093   -53.266
  -174.587  -255.533  -224.317   -83.620   12.722   35.206   26.240   27.644
    -1.997   -30.047   -24.538    6.757   34.458   53.193   72.496   90.297
  104.496  120.783  125.221   91.241   20.936   -56.229  -126.963  -193.766
CT1659:295          125.348   82.096   42.360   25.054    9.151   -23.389
   -52.476   -84.885   -64.953   -21.833    5.647    9.889    -2.402    -6.671
   -26.159   -48.911   -43.615    -7.682   24.185   39.277   50.372   66.969
   89.954  129.074  153.596  118.482   28.519   -60.963  -135.596  -208.964
CT1659:290          119.313   81.530   49.206   33.741   23.545    9.696
    3.921    -4.623    -1.995    -4.778    -3.721    -0.875    -5.756   -12.501
   -30.754   -47.074   -44.023   -20.105    4.772   15.804   21.607   38.822
   66.558  117.481  149.387  119.003   34.159   -55.594  -133.718  -208.352
CT1659:285          120.223   88.275   57.731   48.005   44.968   34.256
   31.013   23.886   17.183    -6.078   -15.028    -3.876    8.548    3.155
   -19.662   -37.298   -38.597   -34.014   -29.296   -18.666    -9.661    3.908
   32.563   96.402  136.265  108.446   28.332   -51.374  -124.337  -198.032
CT1659:280          127.135   99.349   73.789   60.464   50.286   35.895
   17.469    6.867    8.681   15.108   17.889   10.217    2.424    -5.682
   -12.677   -12.589    -9.316    -6.818    -3.977    0.103    -1.104    6.281
   28.685   79.881  114.680   92.045   25.526   -44.435  -107.831  -171.179
CT1659:275          141.337  114.709   86.977   64.593   42.682   24.913
   -10.888   -28.910    -9.545   40.040   55.739   22.044   -21.972   -39.586
   -29.500   -13.201    -4.633   13.888   26.672   31.445   26.960   26.974
   38.968   67.825   84.497   61.571    2.701   -52.387  -102.137  -151.517
CT1659:270          133.830  101.960   72.537   44.219   11.632    -6.940
   -22.292   -15.417   33.635  109.522  114.986   66.228   -14.158   -48.334
   -42.310   -26.171   -17.800    7.744   26.172   30.924   26.458   25.382
   35.121   55.948   68.824   49.631    1.643   -48.126   -93.436  -138.068
CT1659:265          135.618  104.488   73.438   40.771    5.129    -3.114
   13.441   57.318  157.062  317.724  347.225  220.864   26.102   -43.884
   -34.821    -9.212    -6.034    4.317   11.199   11.719    2.511    -0.336
   11.955   44.191   66.207   48.554    -1.589   -51.141   -96.909  -143.954
CT1659:260          137.407  109.476   82.749   53.562   13.202   17.756
   63.497  129.976  244.683  495.418  573.115  370.372   78.224   -14.900
   -10.483   14.487    7.524    -1.968    -8.758   -13.683   -31.324   -40.166
   -21.323   33.244   67.490   49.283    -6.249   -59.630  -107.320  -155.092
CT1659:255          137.916  105.611   74.125   43.175    7.945   21.523
   88.412  152.911  268.056  437.303  447.076  344.273  120.326   20.794
    1.701    -5.198   -21.595   -34.226   -47.756   -51.480   -45.904   -36.436
   -20.330   15.652   40.972   27.034   -19.697   -65.323  -104.429  -142.817
CT1659:250          144.389  116.554   88.847   71.133   48.466   62.306
  149.249  233.557  344.736  632.022  730.326  492.147  148.731   50.448
   30.043   19.457    -2.564   -32.434   -59.222   -65.920   -53.908   -42.399
   -27.758    5.721   28.568   15.966   -26.491   -67.097  -105.801  -146.366
CT1659:245          134.479  111.485   88.754   68.402   45.490   46.372
   76.772  107.000  149.830  253.598  296.466  212.170   72.554   28.050
   29.945   32.344   16.168   -13.010   -41.339   -59.008   -74.841   -80.960
   -63.222   -14.735   23.299   16.168   -25.991   -68.005  -106.209  -144.432
CT1659:240          131.261  108.842   86.710   65.218   45.772   19.193
   -34.636   -85.165  -155.282  -314.941  -374.042  -243.980   -50.128    2.258
   27.157   46.627   37.492    6.381   -29.828   -60.643  -115.767  -150.048
  -130.324   -52.735   10.684    8.312   -38.253   -79.085  -112.326  -145.311
CT1659:235          128.650  104.969   80.637   58.863   46.706   14.816
   -65.928  -141.134  -271.398  -598.168  -720.812  -487.608  -107.102    0.830
   27.999   49.577   40.501    3.811   -29.808   -67.422  -157.098  -214.103
  -186.487   -84.351    -5.590    -2.698   -40.995   -77.636  -108.781  -138.569
CT1659:230          135.631  116.166   95.320   67.610   36.697    6.780
   -14.013   -40.790  -139.208  -328.512  -396.658  -297.357   -75.973    4.279
   17.054   14.460    -7.424   -68.780  -112.472  -133.690  -156.443  -160.197
  -128.727   -55.564    5.660    3.657   -39.463   -76.733  -106.001  -132.479
CT1659:225          141.302  121.397  101.991   78.958   59.908   50.750
   62.015   60.902   12.181   -72.060   -93.078   -87.033   -11.114   14.956
    -9.049   -43.567   -82.967  -194.307  -285.938  -272.815  -151.959   -57.927
   -20.704    5.979   23.148   13.765   -28.967   -70.925  -104.381  -134.517
CT1659:220          147.404  131.459  115.821  106.505   93.084   95.094
  125.742  146.479  140.640   56.360   -23.761    6.519    -4.386   -29.756
   -43.279   -54.716  -101.838  -241.589  -355.151  -321.340  -125.561    8.439
   46.880   56.695   59.709   45.108   -10.459   -62.353  -101.244  -136.904
CT1659:215          127.741  113.600  104.549  105.957  113.387  126.311
  175.742  208.994  271.618  460.903  501.237  312.031    1.430   -73.391
   -45.583   -37.298   -73.110  -129.635  -154.502  -161.812  -109.378   -52.651
   -10.729   32.840   61.928   55.042    3.161   -45.700   -83.028  -117.851
CT1659:210          122.718  112.732  105.149  117.932  143.539  159.714
  165.325  148.689  188.627  346.733  384.294  242.359  120.973  108.560
   49.340    -1.684   -36.430   -61.298   -89.279  -133.908  -238.227  -304.031
  -253.014   -95.048   28.292   51.546   10.474   -26.872   -57.000   -87.642
CT1659:205          112.818  105.274   97.956  117.271  162.103  164.776
  138.991   87.357   -87.868  -535.219  -769.867  -508.195   -83.419   88.316
  123.402   60.443    5.285   -15.086   -30.455  -111.891  -318.716  -448.984
  -400.402  -158.215   21.662   53.502   24.046    -9.791   -38.565   -62.307
CT1659:200           96.451   94.877   97.352  121.321  169.453  163.376
  117.258   41.150  -244.126  -901.675 -1149.756  -792.408   15.497  331.527
  261.532  101.788   37.262   23.655   14.374   -65.658  -268.985  -410.754
  -373.455  -172.520    -4.325   33.156   13.492    -2.759   -24.272   -53.010
CT1659:195           90.246   91.219   93.538  102.577  131.755  133.260
   86.753   17.059  -107.191  -424.608  -540.905  -178.088  490.715  761.784
  575.697  204.855   50.024   35.108   34.726    1.503   -49.709   -85.597
   -89.085   -49.578    -2.265    7.739    -2.918   -17.702   -37.175   -38.696
CT1659:190           96.953   93.320   92.198   98.604  119.215  107.504
   28.797   -89.129  -121.515   -21.138  132.059  418.324  952.678 1136.402
  825.041  257.250   35.555   36.213   66.688   56.083   51.975   33.674
   17.838    -9.640   -23.840   -23.137   -21.630   -23.500   -26.602   -29.467
CT1659:185          105.134   98.100   86.165   82.380  107.439   98.687
    1.759  -147.782  -164.137   -79.453   30.674  257.345  656.570  792.372
  596.047  191.472   22.394   16.851   46.566   50.135   84.113  103.634
   89.065   37.216   -12.927   -30.818   -33.162   -34.467   -36.042   -34.841
CT1659:180          105.633   93.111   85.047   86.395  102.354   80.663
   -35.780  -168.141  -165.729   -60.233   56.085  127.231  160.836  175.007
  144.418   82.106   28.344   16.515   34.949   57.564  121.624  173.651
  163.731   85.986    6.473   -22.270   -30.222   -40.363   -52.602   -63.427
CT1659:175          116.787  102.027   88.347   82.045   96.693   79.415
   -11.500  -128.811  -110.812   46.080  170.176  172.863   99.932   70.917
   45.112   39.442   27.156   20.572   24.512   47.949  124.431  201.965
  199.318  128.223   52.123    8.545   -23.416   -53.309   -79.710  -102.489
CT1659:170          120.978  108.288   95.149   85.840   73.630   44.713
   -35.933  -116.417   -67.169  137.887  279.738  260.009  128.840   63.047
   37.852   31.099   23.339   23.604   31.309   59.965  139.541  217.654
  220.037  149.938   70.008   22.479   -20.113   -57.513   -86.330  -112.787
CT1659:165          117.881  108.759   95.341   78.375   52.918   21.493
   -45.500   -98.019   -39.897  158.454  277.012  247.728  140.704   80.762
   52.752   36.165   26.626   30.525   40.057   67.258  136.146  195.849
  197.991  149.014   88.773   40.043    -9.797   -58.014  -100.960  -143.237
CT1659:160          104.191  103.958  103.003   77.127   36.752   31.789
   39.129   45.700  106.262  223.909  268.185  234.479  151.016   96.930
   59.246   32.844   22.668   36.625   54.764   73.038  108.174  136.626
  141.987  121.997   89.806   51.917    -2.379   -59.412  -116.258  -174.435
CT1659:155          104.352  108.008  109.071   68.434    -5.003    7.895
  174.288  340.429  384.178  379.050  360.676  275.124  138.266   75.492
   45.559   22.878   13.853   25.928   34.015   43.278   60.999   78.180
   90.351  119.407  131.295   92.415   14.515   -61.287  -127.867  -192.861
CT1659:150          132.860  130.725  119.299   72.389   -19.036    -6.629
  174.156  346.192  396.873  389.528  357.788  258.235  100.406   35.338
   33.879   44.573   35.177   19.264    3.621    -1.671    -6.472    -3.309
   14.959   64.257   98.255   74.651    8.415   -56.720  -117.264  -180.227
CT1659:145          124.665  128.415  116.471   60.808   -17.893   -15.320
  109.873  223.908  269.861  292.562  274.661  193.224   65.380   14.738
   18.147   32.292   24.483    9.413    -7.973   -23.738   -57.622   -78.086
   -59.708    9.884   63.573   52.319    -4.175   -65.730  -121.445  -173.083
CT1659:140          101.507  110.550  124.927   83.500    -7.386   -21.050
   68.038  159.081  172.467  153.744  140.061   97.218   33.398    6.639
    0.435    2.221    -3.158    -0.234    1.053   -24.477   -86.490  -121.225
  -103.334   -24.847   33.705   22.870   -42.036   -94.592  -133.114  -168.619
CT1659:135          124.065  114.850   96.151   42.858   -25.539   -51.671
   -48.997   -41.549   -28.049   -11.363    -8.074   -11.134   -17.155   -20.899
   -14.078    -7.268   -11.018   -21.480   -38.633   -62.450  -107.729  -135.857
  -119.994   -44.074   22.401   21.776   -27.246   -80.030  -122.702  -160.045
CT1659:130          140.578  118.981   93.816   28.051   -73.915  -122.642
  -145.949  -153.879  -150.449  -131.617  -115.443   -88.547   -42.202   -23.340
    -7.283   14.735   14.159   -10.024   -40.880   -70.735  -133.518  -174.342
  -155.909   -57.952   27.629   32.950   -19.328   -65.382  -102.848  -141.517
CT1659:125          142.569  114.326   77.915    5.266   -91.555  -138.036
  -154.712  -156.471  -156.734  -143.707  -124.780  -100.645   -44.388   -16.822
    -2.575   11.194   15.383   20.578   22.018   -14.582  -123.116  -205.960
  -187.237   -63.474   41.812   49.139    -5.326   -63.921  -113.020  -160.033
CT1659:120          139.763  104.100   66.336    -1.381  -100.324  -126.667
   -70.956   -28.049   -35.226   -91.672  -121.550  -102.544   -30.240    -3.599
    -7.327   -14.030    -8.982   26.748   46.673   14.509   -87.542  -193.847
  -172.806   -46.578   37.626   41.834   -16.143   -71.652  -116.861  -164.670
CT1659:115          140.686   96.377   53.017   -13.401  -107.072  -102.830
   95.489  261.918  244.965   34.370   -81.770   -50.681    -6.416    -6.989
   -19.670   -35.756   -33.373   28.355   59.889   20.361   -23.428   -29.759
   -39.736   -12.565   39.223   48.861    -7.357   -69.410  -115.553  -156.773
CT1659:110          143.864   80.338   25.086   -19.222   -77.601   -67.503
  155.935  363.045  367.141  226.892  145.702   94.739   23.449    -0.763
    -5.308    -7.291   -23.585   -17.374   -19.647  -119.238  -378.819  -541.586
  -480.692  -226.368    2.121   49.731   -15.677   -72.492  -112.602  -154.096
CT1659:105          143.508   79.260   18.096   -17.909   -47.736   -59.543
   32.226  139.650  174.399  173.613  179.539  136.510   40.492   12.641
    8.313    6.375   -34.085  -132.344  -217.467  -361.574  -792.046 -1036.290
  -936.750  -442.741   -23.520   45.756   -13.034   -71.990  -119.894  -166.913
CT1659:100          142.626   76.428    8.257   -24.909   -15.376   -76.009
  -314.297  -502.679  -415.898   -49.676  134.267  116.026   29.008   13.602
   17.226   21.521   -28.879  -239.697  -462.595  -524.119  -733.710  -919.493
  -789.435  -318.875    -3.904   17.592   -52.188  -101.527  -140.143  -180.931
CT1659:095          134.368   81.203   36.110   15.471    9.133  -106.654
  -590.575 -1025.025  -907.058  -323.706   -42.741    -0.136   -22.833   -12.878
   21.513   57.901   45.678   -13.354    -4.546  108.199  598.422 1042.384
  961.654  447.331   68.221   -28.898   -52.305   -80.753  -114.090  -145.730
CT1659:090          139.362   84.626   30.910    1.895    1.593   -76.709
  -340.072  -549.401  -505.484  -225.609   -62.002   -23.948   -28.586    -8.797
   16.710   39.309   52.565   31.126   23.030  243.888  946.495 1400.097
 1313.567  657.434   96.172   -53.107   -51.871   -67.765  -102.275  -132.430
CT1659:085          134.662   88.807   48.110   29.747   27.293   -20.562
  -109.198  -177.416  -173.617  -110.412   -49.522   -23.246   -17.191    0.891
   13.512   20.484   32.803   15.680   29.061  184.283  542.087  754.377
  726.882  413.281   89.358   -44.104   -67.847   -79.476  -106.472  -139.508
CT1659:080          138.531   99.349   62.221   40.809   28.770    6.861
   -12.060   -42.908   -56.194   -81.043   -86.006   -51.602    -5.997   14.823
   19.923   20.367   25.758    3.812    2.571   80.013  231.432  360.576
  343.602  195.365   63.522   -10.577   -36.961   -68.207  -107.624  -146.421
CT1659:075          133.736  104.070   76.048   54.281   31.924   24.823
   51.625   60.031   42.845   -33.186   -76.118   -48.037    6.960   22.922
   20.658   12.920   13.185    1.443    2.081   37.961   98.621  157.009
  155.792  108.844   63.971   13.041   -25.500   -63.814  -104.867  -145.886
CT1659:070          122.442   89.548   60.114   33.965    2.217    -0.827
   92.290  192.304  174.520   59.429    4.748    6.949   30.475   34.912
   14.517    -9.245   -12.633    -5.570    8.460   29.026   59.178   93.637
   91.859   64.574   36.536    1.467   -32.891   -66.720  -100.690  -134.982
CT1659:065          109.928   84.642   59.905   38.207   12.130    2.247
   28.839   61.816   74.626   71.543   55.527   46.826   33.788   20.777
    -3.017   -31.047   -37.722   -27.347   -13.026    3.944   32.150   57.845
   56.659   34.613   13.610   -10.198   -36.483   -64.364   -92.945  -121.790
CT1659:060           95.997   78.689   62.138   41.561   20.820    5.949
   -53.665  -112.591   -83.310   37.051  100.651   87.160   42.743   18.732
    -5.139   -32.271   -42.034   -35.482   -27.226   -16.443   11.759   35.726
   34.478   13.556    -6.147   -24.627   -45.176   -64.596   -84.557  -105.354
CT1659:055           92.260   76.606   61.617   49.170   45.954   22.204
   -82.988  -187.696  -149.373   33.341  117.355  101.133   49.283   25.687
   10.004   -10.460   -21.868   -22.933   -24.608   -24.200    -9.217    4.074
    1.048   -18.095   -36.661   -48.702   -59.893   -71.309   -82.709   -93.078
CT1659:050          109.079   84.862   66.167   66.659   75.893   75.163
   68.258   62.082   59.429   71.010   81.427   70.854   52.413   42.209
   28.693   19.009    6.688   -13.421   -34.168   -45.613   -50.499   -51.615
   -53.321   -59.096   -62.878   -66.156   -74.704   -82.445   -89.586   -96.611
CT1659:045          129.634  100.776   64.763   64.943   92.323   97.923
  138.468  180.809  148.624   28.044   -25.731   -17.874    -0.229    2.876
   14.856   25.623   12.175   -25.791   -59.698   -79.805  -102.926  -118.467
  -113.063   -83.918   -61.936   -61.959   -79.619   -92.746  -100.206  -105.429
CT1659:040          125.725   98.770   74.958   71.459   77.344   74.965
   69.785   46.480   14.118   -63.636  -109.608   -86.897   -25.689    -5.776
    -2.184    -3.553   -18.825   -56.536   -98.541  -123.827  -151.520  -169.234
  -157.938   -98.011   -44.167   -37.001   -58.281   -80.770   -94.234  -103.131
CT1659:035          133.360  109.800   87.856   87.096  106.408   95.925
   40.479   -21.300   -52.825   -89.670  -107.059   -79.685   -10.283   13.947
    5.421   -12.737   -30.988   -55.096   -76.902  -114.052  -187.991  -232.103
  -214.569  -128.191   -53.262   -37.768   -51.128   -66.062   -78.654   -90.764
CT1659:030          121.511  107.054   94.833   96.342  108.645   95.172
   40.876   -19.036   -44.078   -52.444   -50.522   -36.593    -4.905   10.929
   16.919   25.112    5.419   -60.752  -120.428  -155.651  -202.318  -227.070
  -211.291  -146.823   -88.479   -70.509   -67.392   -63.919   -60.432   -58.890
CT1659:025          109.516  100.580   90.767   85.740   86.002   70.252
   22.848   -33.710   -49.525   -29.034   -12.512    -6.518    -7.789    -2.210
   14.544   29.761   11.014   -75.025  -174.895  -200.091  -161.443  -127.743
  -118.870  -114.006  -114.044  -103.759   -84.337   -65.869   -51.696   -39.610
CT1659:020           98.605   88.609   80.127   69.651   59.587   39.196
   -10.459   -64.413   -72.675   -33.154    -3.622    4.075    0.642    5.625
   21.664   41.804   31.948   -19.496   -74.607   -87.149   -36.301   10.848
    -1.507   -63.765  -118.780  -118.340   -94.661   -71.440   -51.807   -31.850
CT1659:015          100.142   88.770   77.805   63.065   49.432   26.872
   -27.277   -84.563   -89.125   -40.757    -4.166    5.883    7.849   14.247
   26.223   41.750   41.713   32.377   26.703    6.707   -18.818   -44.248
   -66.436   -97.580  -125.023  -120.643  -101.690   -82.938   -61.115   -35.785
CT1659:010          108.123   93.150   80.779   69.690   58.381   35.787
   -21.329   -81.409   -84.367   -39.817    -6.913    2.884   11.826   18.124
   18.129   20.755   22.799   29.225   24.371    -5.988   -88.004  -174.630
  -202.409  -172.981  -137.409  -118.879   -99.001   -78.785   -55.578   -30.855
CT1659:005          124.307  102.829   78.589   63.226   60.291   43.147
    2.120   -36.241   -39.023   -23.433    -7.674    2.115   15.567   18.746
    8.309    -6.228    0.531   62.453  114.977   67.721  -123.075  -295.610
  -318.433  -233.720  -164.740  -137.777  -106.601   -75.836   -45.723   -15.816
CT1660:360          114.625  100.753   82.442   57.253   29.811   13.760
   10.112   16.147   31.530   47.915   44.313   56.001   41.971   23.910
   12.235    4.317   11.055   70.875  127.665   92.982   -36.976  -150.560
  -192.433  -201.046  -194.257  -172.411  -129.009   -80.107   -35.676    5.753
