
filled_synop: 30 data points in equal steps of sine latitude from +14.5/15 to  -14.5/15

CT1680:360          165.566   57.060   -46.656  -170.228  -298.449  -291.329
   -63.303  198.938  164.850  -240.688  -614.922  -742.755  -775.900  -727.182
  -639.389  -402.513  -293.480  -383.032  -595.550  -589.386  -181.033  426.124
  548.475  262.112   21.674   -30.950   -63.250   -94.060  -110.620  -124.302
CT1680:355           70.483    3.374   -61.863  -154.395  -226.877  -218.294
   -88.239   60.353   -59.290  -601.458 -1164.601 -1288.847 -1009.843  -671.766
  -553.663  -371.327  -264.295  -498.877 -1127.872 -1321.028 -1020.164  -415.109
  -191.408   -98.223   -10.151    -1.890   -56.729   -85.931  -105.352  -124.316
CT1680:350           -92.887   -65.707   -42.920   -44.318   -81.431   -62.928
   67.117  130.905   -13.369  -472.730 -1048.810 -1173.558  -843.409  -443.429
  -342.992  -290.602  -258.127  -470.357 -1139.794 -1453.597 -1324.998 -1111.957
  -947.937  -451.685   -27.284   16.151   -68.580   -88.463  -111.755  -132.086
CT1680:345          -134.097   -84.903    -8.999  103.822  198.896  268.556
  428.397  602.037  541.766   72.385  -425.640  -513.186  -370.357  -224.757
  -172.264  -184.909  -208.125  -180.593   -37.153   -25.545  -376.144  -916.593
  -947.355  -465.901   -60.094   17.927   -30.958   -64.360   -94.336  -114.607
CT1680:340           -19.617   -33.947   -37.251    -9.409   16.148   21.013
   61.970  132.167  136.552   42.011    -2.470   12.208   32.518   82.268
   95.370   -12.806   -49.998  143.407  749.258  900.751  424.750  -309.435
  -472.023  -295.579   -79.170    -9.513   -52.694   -57.148   -81.952  -101.276
CT1680:335          136.733   44.090   -47.680  -160.212  -282.161  -353.370
  -486.454  -665.413  -657.305  -355.759   -26.718   58.160   64.173   53.965
   62.992   38.030   56.149  276.972  845.760  913.405  355.213  -613.968
  -835.536  -452.653   -98.709    6.308    3.629    -6.074   -40.640   -80.639
CT1680:330          288.441  109.381   -88.509  -316.022  -505.306  -603.629
  -740.551  -843.558  -756.350  -378.837   56.917  157.901   75.733   -12.275
   -10.497   56.408  112.592  260.056  689.033  694.183    3.952 -1009.330
-1194.289  -690.422  -162.607    -7.088    -1.928    -5.807   -48.303   -91.347
CT1680:325          360.837  150.628   -69.859  -377.783  -707.866  -811.022
  -728.664  -550.348  -385.193  -103.325  218.643  289.714  178.538   40.685
    3.969   83.891  143.171  146.521  291.502  253.638  -578.970 -1769.016
-1889.669 -1019.616  -186.922   -44.915   -49.143   -20.696   -64.891   -96.443
CT1680:320          242.646   87.411   -83.544  -287.184  -459.152  -456.745
  -247.443   21.785  242.550  561.949  861.892  876.674  569.311  244.479
  120.008  127.209  109.234   -55.005  -549.963  -873.671 -1061.990 -1709.685
-1704.358  -780.084  -112.876   -36.040   -12.701    -7.488   -53.181   -94.791
CT1680:315           69.678    0.347   -55.602  -123.632  -210.363  -136.575
  180.692  558.569  824.730 1146.728 1457.937 1430.187  955.459  488.230
  269.905  131.197   -10.115   -19.366  311.400  681.300 1101.536 2205.555
 2385.520 1285.775  426.841  254.724  104.267   -31.085   -49.069   -91.101
CT1680:310           -19.626   -45.826   -66.650   -90.609  -111.586    -5.623
  277.790  566.771  835.963 1258.553 1553.710 1493.985 1017.299  476.033
  226.848   86.629   -62.867  -177.375  -431.250  -338.068  977.618 2909.252
 3222.273 2215.561 1221.495  775.413  242.426   -65.229  -125.818  -159.685
CT1680:305           -50.715   -59.628   -61.913   -71.359   -80.558   21.158
  257.388  493.868  756.515 1318.789 1790.224 1723.577 1054.940  392.591
  136.257   24.082  -102.639  -404.122 -1249.933 -1367.424  106.597 2272.074
 2754.101 2123.966 1472.724 1018.893  338.070   -70.711  -176.571  -215.977
CT1680:300           -47.699   -57.086   -55.695   -62.317   -80.051    4.727
  237.343  496.218  695.689 1127.654 1586.878 1532.625  843.832  216.889
    -3.489   -74.993  -157.568  -441.913 -1168.234 -1257.834  -423.884  763.580
 1148.521 1281.823 1205.831  868.957  234.375   -57.316   -59.496  -125.881
CT1680:295           -47.579   -46.327   -47.431   -57.766   -60.047    7.347
  158.442  302.436  379.689  405.514  387.782  314.609  110.815   -95.930
  -196.567  -213.191  -272.863  -365.843  -408.137  -262.962  -150.543  115.950
  355.232  561.586  655.613  475.477  155.091   -62.394  -155.487  -190.058
CT1680:290           -45.713   -39.317   -35.255   -38.777   -45.168   -25.818
   59.999  134.526   74.927  -295.672  -688.148  -729.693  -445.739  -238.854
  -241.374  -279.681  -301.403  -330.149  -341.939  -307.960  -285.978  -236.395
   -93.708  155.107  359.898  279.828   62.998   -51.477  -102.189  -133.827
CT1680:285           -40.861   -38.853   -37.999   -36.850   -37.654   -52.252
   -38.067   -10.742  -109.184  -532.461  -930.815  -939.370  -553.754  -188.773
  -143.543  -301.940  -412.345  -370.683  -338.810  -364.667  -382.234  -461.412
  -384.582   -46.294  221.763  183.053   36.214   -33.692   -59.710   -93.465
CT1680:280           -25.590   -30.860   -38.000   -36.754   -34.015   -93.515
  -256.796  -428.489  -556.391  -750.294  -856.784  -780.394  -462.032  -143.763
   -21.207   25.659   80.734  151.745  266.483  259.747    -5.637  -361.718
  -367.445   -73.024  153.741  138.461   36.160   -28.197   -77.063  -111.713
CT1680:275           -23.965   -32.185   -40.087   -34.010   -37.234  -160.964
  -455.049  -717.157  -818.572  -855.918  -848.141  -731.684  -439.451  -195.705
   -19.398  236.236  424.584  535.180  718.302  746.467  395.598   -56.369
  -120.906   32.485  150.858  120.864   26.883   -34.661   -79.076  -115.556
CT1680:270           -30.043   -49.889   -66.545   -54.221   -36.795  -168.821
  -588.735 -1022.173 -1103.151  -890.892  -647.893  -500.125  -309.289  -133.348
    -1.963  166.102  275.776  391.970  547.382  555.646  388.950   96.503
   33.032  116.207  172.839  127.833   21.927   -37.204   -78.457  -122.103
CT1680:265            -3.653   -28.676   -47.447   -44.959   -53.965  -208.945
  -603.876  -942.161  -949.278  -621.766  -288.069  -144.407   -77.314   -26.012
    9.406    8.029   22.697   21.869   33.959   63.923  118.417  162.353
  160.923  141.792  125.536   95.843   43.434    -7.566   -58.161  -108.787
CT1680:260           27.045    -8.432   -31.547   -40.574   -64.347  -204.486
  -562.315  -864.075  -838.917  -450.809   -78.310   50.630   61.806   64.258
   24.086  -137.117  -214.772  -270.157  -344.045  -322.149  -132.733  100.730
  149.277  126.475  109.174   84.725   45.325    0.058   -59.962  -119.554
CT1680:255           63.159   20.239   -29.508   -73.403  -115.769  -225.485
  -486.413  -736.108  -712.546  -362.026   -16.980   85.409   59.447   29.034
   -34.494  -282.931  -438.940  -414.480  -393.272  -367.635  -201.462   29.095
   80.398   83.106   85.573   74.334   56.610   10.338   -73.750  -148.653
CT1680:250           26.100    -1.607   -28.507   -48.325   -76.600  -145.688
  -285.301  -405.877  -369.285  -143.076   55.135  102.958   19.951   -67.443
   -96.209  -123.201   -96.611   -22.744  114.035  157.815   73.679   -38.810
   -44.200   53.980  126.856  117.298   77.225   24.844   -51.868  -130.483
CT1680:245           11.557    -7.602   -23.508   -29.164   -38.286   -69.278
  -107.034  -134.602  -105.259   -20.537   52.476   68.533   -12.299   -98.979
  -108.429   -93.616   -41.650  181.660  658.072  789.221  443.753   -67.580
  -142.477   51.869  186.473  164.483   92.081   31.626   -55.757  -136.360
CT1680:240           -12.336   -17.029   -16.767    -7.403    -5.680   -27.000
   -78.734  -123.772   -98.482    -5.216   74.916   79.480    5.578   -47.217
   -63.911   -86.652   -33.006  261.948  836.948  978.578  560.959   -41.282
  -134.789   79.972  224.465  205.206  126.810   49.732   -40.476  -131.229
CT1680:235           -10.972   -14.982   -17.810   -14.531   -14.807   -41.942
  -131.947  -206.349  -182.077   -57.007   42.862   45.417    -8.960   -58.432
   -92.486  -145.992  -127.868   72.461  416.630  494.334  310.723   46.670
    7.985  128.149  213.076  185.520  105.763   37.823   -45.461  -127.281
CT1680:230            8.009    -4.450   -15.458   -27.509   -40.679   -58.066
  -117.492  -151.924  -109.917   27.519  143.706  127.595   13.111   -76.446
  -132.283  -195.824  -207.819  -139.229   -19.601   15.250   -17.662   -52.286
   -12.485  129.227  222.562  191.507   95.994   23.414   -58.956  -135.848
CT1680:225           43.260   14.221   -18.344   -58.082   -87.043   -76.682
   -42.179    6.936   72.513  202.893  304.450  264.433   86.954   -51.380
  -111.707  -134.143  -153.209  -203.738  -294.884  -325.248  -294.338  -233.836
  -133.630   96.890  256.164  235.393  124.338   30.407   -57.895  -133.876
CT1680:220           64.855   29.057    -5.259   -64.575  -124.473   -86.973
   65.049  200.619  278.843  371.995  424.865  369.995  173.517   16.761
   -47.788   -44.898   -61.508  -134.802  -236.888  -277.785  -338.522  -391.923
  -263.618  132.791  392.317  335.768  132.898   33.414   -40.044  -119.288
CT1680:215           69.978   31.107   -15.936   -79.962  -118.256   -40.774
  217.093  457.268  544.309  511.508  473.806  413.889  252.390  131.490
   53.625   30.594    -9.343   -80.011  -162.106  -219.379  -291.155  -323.654
  -169.478  296.088  619.016  555.007  254.537   49.130   -61.292  -136.503
CT1680:210           51.804   28.999   11.234   -28.472   -69.166    -4.928
  206.849  411.223  521.225  558.925  560.621  532.372  398.721  243.668
  159.169  120.195   44.385   -27.384   -85.761  -152.410  -306.754  -486.577
  -326.183  370.352  812.584  658.203  177.075   11.845   -21.628   -90.299
CT1680:205            4.104    6.247    6.234    1.613    7.231   60.809
  136.523  227.238  372.054  635.573  858.465  871.544  738.730  602.983
  462.826  266.264  114.620   30.643   -22.116   -95.486  -296.003  -498.747
  -342.750  262.560  670.494  582.221  237.153   24.665   -80.574  -144.985
CT1680:200           -33.167   -12.794    8.958   28.749   43.028   64.276
   27.477   42.936  248.837  755.314 1178.067 1218.375 1058.983  915.823
  703.159  358.827  144.102   55.572    -3.415   -65.924  -228.859  -403.980
  -258.203  267.373  591.329  480.580  187.338   33.529   -63.720  -143.299
CT1680:195           -38.316   -13.043    8.402   17.437   23.127   53.892
    -7.187   -11.169  237.282  862.046 1320.120 1339.526 1036.771  729.538
  520.578  307.147  143.006   65.602   -11.991   -40.276   30.930  145.715
  234.702  376.883  457.178  372.118  194.818   80.316   -21.742  -123.847
CT1680:190           -27.270   -11.743    4.047   16.840   26.651   59.966
   52.976  107.986  406.953 1173.666 1738.699 1638.980  888.339  323.420
  165.506  218.770  189.259  102.633   -12.462    -2.864  241.044  524.196
  575.669  428.965  310.882  246.103  168.291   80.585   -18.495  -112.167
CT1680:185            -9.357    -0.136   13.201   27.053   35.605   91.134
  153.918  229.131  568.326 1411.272 1951.176 1772.699  789.418  115.363
   -25.024  141.907  165.044   82.256   -65.080   -39.921  316.896  719.072
  751.620  488.545  299.489  224.541  162.719   86.131    -2.458   -95.158
CT1680:180           26.727   24.063   26.551   34.437   26.058   64.481
  227.587  473.083  779.492 1363.608 1857.644 1720.553  749.052   89.465
   -45.841  134.337  176.642   70.302   -99.214   -78.795  228.794  586.825
  631.062  426.936  279.435  221.292  172.669   96.641    -0.205   -93.883
CT1680:175           37.326   27.142   20.582   27.419   25.795    -6.867
  -150.774  -179.639   83.408  732.467 1251.234 1225.854  650.163  227.750
   88.063  114.458   73.661   -10.540  -112.818   -92.192  100.967  317.703
  370.194  331.008  277.501  216.537  154.342   84.734    0.306   -88.159
CT1680:170           61.007   44.689   26.417   24.449   -13.629  -237.609
  -868.509 -1247.891  -982.806   26.100  796.680  929.400  709.257  457.568
  285.682   95.593   -49.770   -94.661  -120.649  -102.362   19.297  154.620
  201.112  210.756  206.588  172.403  129.340   81.757   14.269   -69.887
CT1680:165           84.074   65.161   24.532    6.040   -11.920  -229.935
-1100.937 -1812.834 -1543.141   -89.997 1020.561 1185.548  922.294  796.504
  537.189  147.342   -33.706   -84.793  -101.908   -95.733   -13.247   94.648
  124.374   89.469   67.568   66.583   83.863   50.066   -25.727   -90.295
CT1680:160           81.602   60.624   40.406   40.465    -2.655  -186.981
  -570.365  -737.859  -486.482  415.717 1243.927 1294.422  587.871  170.620
   69.381  103.644   63.372   -32.784  -102.930  -123.811   -50.462   33.551
   54.659   17.999    -1.622    2.283   26.224   15.619   -34.345   -84.070
CT1680:155           65.968   47.796   37.562   46.893   23.360   -67.113
  -237.752  -349.679  -219.310  149.781  483.424  633.437  369.956   62.120
   81.851  188.278   81.917   -62.037  -129.501  -161.592  -119.382   -47.795
   -16.545   -34.026   -40.016   -34.727   -12.593    -9.430   -30.705   -62.007
CT1680:150           70.013   44.916   26.226   45.809   45.634   -26.820
  -163.239  -271.300  -252.247  -351.399  -338.367   87.673 1065.599 1512.067
 1367.941  638.778  131.624  -142.702  -360.625  -437.222  -311.941  -120.834
   -61.224   -81.467   -91.235   -77.450   -59.286   -57.911   -65.645   -71.303
CT1680:145          118.076   80.070   42.907    7.897   -45.715  -158.983
  -392.173  -604.314  -640.565  -725.614  -723.933   -53.617 2005.196 3305.096
 2799.827 1007.319  183.821  -219.180  -684.832  -817.366  -497.134  -110.031
   -25.942   -18.323    7.134    1.976   -19.008   -31.684   -53.307   -77.300
CT1680:140          177.283  107.023   23.396   -70.728  -160.669  -286.764
  -505.557  -716.139  -772.782  -678.837  -454.250   -80.652  844.601 1436.382
 1287.143  405.732   -57.055  -226.322  -416.851  -492.149  -375.177  -221.617
  -150.699   -43.699   31.402   30.795    9.032   -15.773   -67.320  -110.438
CT1680:135          222.113  123.657   20.122   -89.251  -195.282  -287.039
  -290.754  -356.502  -587.573 -1124.178 -1439.312 -1297.633 -1008.549  -879.984
  -585.973  -244.777  -149.883   -69.832  159.219  198.062   -25.187  -224.934
  -189.101   -19.553   60.387   57.728   48.579   19.751   -39.388   -97.329
CT1680:130          216.181  126.270   35.212   -46.336  -120.562  -180.871
   -95.279  -127.821  -506.992 -1444.212 -1983.753 -1977.604 -1709.142 -1408.776
-1077.043  -527.277  -251.747   -90.190  110.625  201.567  233.038  232.503
  200.460   72.185   17.437   29.938   52.285   27.947   -28.654   -89.757
CT1680:125          187.577  124.909   55.005    0.060   -65.604  -223.831
  -447.821  -658.643  -973.126 -1618.831 -2004.044 -1868.607 -1264.730  -824.420
  -639.287  -395.893  -211.692  -223.386  -280.690  -164.414  242.531  595.473
  551.804  190.629   -14.656    -6.382   40.626   21.502   -35.170   -93.325
CT1680:120          176.140  135.056   88.580   56.059   -17.098  -314.667
-1002.158 -1476.457 -1590.487 -1363.305 -1165.655 -1102.028 -1055.644  -957.733
  -671.634  -240.440   -40.417  -140.645  -395.508  -361.108   61.546  446.799
  402.864   80.799   -69.912   -50.274   11.887   12.826   -35.697   -92.421
CT1680:115          173.111  139.578   85.740   69.368   36.300  -249.901
-1108.632 -1802.943 -1759.108  -886.893  -353.320  -375.521  -740.897  -837.300
  -616.622  -114.058  140.892  100.584   -40.280   -58.097  -165.775  -325.050
  -299.515  -128.722   -62.018   -38.846   16.395    4.457   -58.256  -108.986
CT1680:110          155.297  124.249  100.586   86.054   31.308   -87.177
  -204.896  -216.532  -216.633  -117.119   -34.596  -118.857  -526.515  -702.272
  -518.405  -137.598   44.586  168.690  277.336  262.068    8.412  -209.857
  -238.108  -155.333   -92.380   -47.345   11.029   16.789   -28.579   -83.937
CT1680:105          148.090  111.616   79.232   60.351   28.909    5.444
   58.534   62.615   67.637   55.268    1.627   -38.064  -184.269  -233.967
  -171.466   -27.195   79.090  188.498  293.994  281.198  134.111   -21.869
   -74.525   -79.170   -73.387   -41.757    1.220    -3.548   -56.487   -98.160
CT1680:100          122.971   96.044   68.906   44.383   14.983   -14.082
   -43.268   -92.073   -86.576   -64.356   -83.969   -77.553   -62.246   -41.337
    -7.385   37.306   97.440  184.466  270.216  254.742  146.723   18.177
   -44.014   -84.292   -98.637   -52.354   12.729   20.506   -23.359   -76.364
CT1680:095           94.787   75.063   53.857   36.592   11.659   -44.668
  -146.182  -217.928  -213.206  -147.633   -99.112   -68.732   -30.547    -5.150
   24.311   43.698   79.746  162.904  263.345  238.041   75.411   -92.793
  -150.488  -154.176  -137.294   -72.366    2.853   20.681   -15.784   -68.414
CT1680:090           59.690   45.318   31.323   29.493   18.265   -47.543
  -217.825  -334.322  -321.492  -192.773  -100.681   -58.586   -22.878    0.567
   25.796   40.586   65.968  142.044  248.008  203.573   -45.548  -275.963
  -320.523  -240.520  -177.333  -105.386    -5.798    7.086   -50.248   -87.520
CT1680:085           61.104   49.153   38.743   42.781   34.566   -40.530
  -209.284  -317.133  -293.468  -147.694   -51.196    -9.459   15.412   35.666
   42.832   41.157   58.959  118.415  206.205  134.888  -221.040  -543.568
  -570.215  -393.544  -267.771  -149.709    2.218   42.186    -4.636   -63.888
CT1680:080           72.916   60.513   50.372   45.765   28.113   -23.240
  -123.078  -186.570  -169.441   -69.410    9.198   31.241   23.515   31.656
   25.390    0.787    6.798   60.368  130.225   67.677  -249.266  -571.744
  -582.019  -399.337  -287.505  -173.312   -10.277   44.888    2.507   -61.119
CT1680:075           80.698   69.932   53.838   37.327   12.916   -22.824
   -74.544  -109.909  -105.110   -78.768   -52.464   -25.263   -10.328    -2.120
   -11.408   -49.191   -56.311   22.118  146.596  124.585   -22.366  -155.025
  -200.606  -217.435  -204.221  -119.958    -2.032    7.302   -64.245  -108.966
CT1680:070           69.689   55.939   41.910   29.682    8.353   -32.604
  -104.570  -150.304  -142.298  -107.826   -75.687   -39.592    3.829   29.069
   12.416   -10.364   -13.038    7.196   61.863   54.980   77.098  107.847
   52.215   -55.621   -89.219   -62.014   -30.344   -20.975   -50.772   -93.226
CT1680:065           56.988   38.442   18.883    6.132   -10.034   -63.745
  -176.031  -241.274  -207.624   -83.589   16.044   56.341   82.698   97.221
   74.750   27.167    -6.529   -46.577   -93.440  -122.363  -144.721  -204.556
  -214.983  -196.865  -188.659  -138.356   -77.079   -52.921   -65.370   -89.295
CT1680:060           44.699   23.585    5.323   -10.158   -29.811   -72.934
  -180.113  -233.515  -179.613   -34.200   79.652  172.131  283.384  318.581
  251.973  125.308   50.888   -22.096   -84.895  -131.162  -203.870  -256.361
  -307.388  -338.749  -329.596  -240.010   -93.138   -58.993   -88.372   -99.037
CT1680:055           37.972   18.483    -0.580   -16.932   -35.549   -69.230
  -136.987  -155.321   -76.513   91.506  215.869  355.300  583.019  660.973
  510.149  247.210  131.870   68.887   18.332    -9.469   -30.708   -87.596
  -198.626  -394.230  -453.766  -322.333  -103.258   -36.260   -43.507   -74.716
CT1680:050           31.739   20.227    1.584   -19.638   -29.922   -14.405
   15.530   56.266  124.871  240.206  319.223  401.281  529.353  551.089
  452.272  242.004  145.449  122.324  101.009  139.122  285.360  339.838
  178.198  -216.808  -376.283  -251.164   -60.867   -31.338   -83.525  -113.188
CT1680:045           42.128   21.219    7.042   -17.174   -35.246   11.614
  136.575  228.535  291.033  353.595  371.778  324.654  264.770  240.832
  179.060  106.282   79.695  102.840  132.095  209.837  460.729  565.437
  375.875  -121.878  -322.607  -226.153   -43.062   -22.499   -80.607  -127.343
CT1680:040           45.713   24.724    7.009   -15.219   -18.377   60.958
  217.008  323.181  375.727  396.208  375.752  186.966  -162.269  -287.527
  -217.457   -66.616   -53.043   -43.599   -19.015   54.584  295.256  419.837
  310.828   16.991  -101.777   -72.817   -15.273   -19.492   -55.894  -109.372
CT1680:035           12.768   21.787   20.294    5.978    -2.024   67.401
  213.633  311.624  382.279  460.447  433.496  170.392  -158.154  -265.533
  -196.388   -78.237  -102.885  -232.604  -344.121  -297.006  -101.244   28.239
   63.428   25.136    -1.616   -19.588   -26.639   -44.411   -68.002   -84.639
CT1680:030            -9.155    9.717   25.292   34.988   45.743  102.264
  183.483  257.644  370.612  516.654  543.373  407.488  205.000   91.951
   44.609   23.274   -76.801  -311.354  -484.097  -563.951  -618.477  -584.222
  -369.452   -37.651   56.780    1.807   -47.270   -54.118   -61.312   -69.415
CT1680:025           -27.135    -6.103    9.953   22.488   37.038   82.546
  143.679  222.413  380.178  580.543  628.573  549.785  426.660  330.624
  231.734  106.690   -44.694  -300.365  -476.120  -568.880  -651.679  -624.654
  -388.869   -81.544    3.015   -26.425   -45.300   -51.728   -60.924   -65.165
CT1680:020           -36.819   -26.130    -4.332   19.690   41.557   82.917
  104.004  164.613  355.346  627.685  704.928  632.417  490.200  380.579
  253.776  110.469   -23.778  -245.581  -417.757  -488.890  -532.583  -492.559
  -308.914   -80.689    -8.816   -32.292   -48.232   -65.511   -78.936   -83.806
CT1680:015           -10.209    -3.448    7.729   16.148   25.433   65.822
  131.067  229.283  489.292  833.388  889.360  680.874  327.108  170.113
   96.499   20.898   -68.607  -173.980  -265.831  -300.777  -330.241  -312.226
  -207.452   -81.601   -28.511   -33.715   -42.090   -58.841   -85.788  -110.458
CT1680:010           41.777   27.207   15.318    3.955    -4.591    2.916
    7.446   37.165  191.094  487.196  529.034  272.250   -84.252  -197.613
  -173.157  -138.206  -178.574  -238.221  -283.144  -286.075  -261.225  -217.769
  -133.914   -33.383    9.324   -21.978   -61.373   -76.315   -88.074  -104.527
CT1680:005           71.875   37.706    2.422   -34.497   -59.255   -74.092
   -98.535  -116.745  -158.751  -223.929  -287.428  -375.983  -459.885  -477.878
  -388.549  -259.998  -279.129  -431.208  -546.736  -513.405  -348.743  -220.729
  -109.243    8.325   49.133    -8.046   -76.477  -101.756  -113.121  -119.662
CT1681:360          101.309   47.725    -2.419   -59.588  -107.284  -120.779
   -87.368  -107.121  -327.128  -722.700  -865.619  -823.991  -626.591  -527.482
  -408.137  -250.141  -270.345  -518.169  -716.584  -664.032  -379.514  -175.126
   -55.255   80.005  122.261   29.792  -101.497  -138.929  -134.639  -126.513
