
filled_synop: 30 data points in equal steps of sine latitude from +14.5/15 to  -14.5/15

CT1712:360           -69.376   -77.063   -86.391   -38.974   66.914   65.100
   -21.325  -130.126  -417.997 -1091.088 -1271.444  -926.930  -114.069  196.477
  138.435   15.549  215.107 1647.138 3266.809 3150.489 1586.808  317.023
   76.235   -24.852  -113.238  -110.962   -39.369   25.761   83.533  145.476
CT1712:355           -74.283   -73.602   -61.813    -3.062   78.096   68.909
   -44.730  -194.681  -434.341  -913.553 -1078.700  -817.857  -250.924   33.317
   85.858   48.263  178.706  621.935  758.721  753.209  629.483  164.141
   -24.340   -69.295   -93.571   -86.913   -31.681   32.154   91.922  149.174
CT1712:350           -81.047   -74.881   -61.884   -17.258   72.645   78.223
   -30.335  -162.320  -296.375  -535.000  -613.746  -439.928   -80.995  161.194
  333.853  506.402  501.365   -35.717  -705.211  -854.978  -572.622  -218.462
  -148.917  -126.331   -95.838   -68.065    -9.381   50.857  100.336  148.354
CT1712:345           -76.439   -57.053   -32.068   13.266   73.720   91.475
   24.600   -66.849   -79.020   -38.745   10.689  118.226  251.427  399.839
  728.137 1191.705 1139.344  173.883  -992.840 -1269.493  -850.650  -225.621
   -55.425   -45.126   -59.418   -45.308    -4.864   48.855   96.208  137.231
CT1712:340           -75.517   -54.532   -30.997    7.138   58.892   90.979
   95.602   78.184  135.128  367.320  517.984  553.438  499.082  550.723
  891.455 1394.870 1328.703  433.385  -841.924 -1130.920  -654.097   77.275
  275.517  170.173    4.854   -16.881   21.451   57.294   83.867  114.849
CT1712:335           -78.025   -58.471   -38.836    -6.482   34.123   74.451
  134.108  194.034  249.807  376.516  443.688  441.278  357.957  349.119
  510.842  800.657  778.227  396.378  -133.191  -294.144  -125.036  221.975
  314.291  195.783   27.854    -6.286   12.430   37.101   59.431   82.753
CT1712:330           -79.066   -65.066   -48.185   -21.541    6.754   54.123
  159.006  271.602  294.472  246.056  183.848  123.199   -10.281   -54.599
   -44.988    -7.664   14.591   -42.799  -139.381  -156.383   -41.879   80.893
  106.182   73.681   15.594    -1.272   21.614   44.162   56.029   67.650
CT1712:325           -69.343   -59.126   -47.671   -28.157    -6.604   39.819
  156.809  291.809  270.676   74.763   -78.878  -179.863  -305.017  -334.679
  -341.440  -330.806  -264.864  -111.430   44.911   96.718  107.427   77.638
   49.432   40.483   33.509   15.716   28.582   43.407   50.471   56.983
CT1712:320           -65.446   -55.387   -48.805   -32.980    -8.760   37.383
  157.256  276.810  213.285   -44.081  -215.573  -259.368  -263.395  -248.250
  -118.666   74.604  200.855  421.638  568.656  630.289  600.505  425.842
  312.880  180.413   66.688   26.950   29.925   34.996   36.217   39.630
CT1712:315           -71.478   -62.968   -48.974   -25.435    4.921   59.464
  174.315  259.155  177.456   -91.044  -247.898  -109.944  112.532  168.774
  322.357  369.263  421.600  775.354 1225.394 1289.125  980.615  656.041
  526.189  326.463  120.181   50.894   53.939   48.239   36.555   29.927
CT1712:310           -69.566   -66.964   -58.962   -30.198   15.089   66.105
  177.235  240.789  130.295   -99.717  -192.353   47.596  733.317  862.604
  287.527  -344.452  -403.605   -45.696  263.366  422.146  453.247  386.163
  370.610  237.426   90.845   47.067   41.862   40.448   37.810   35.274
CT1712:305           -59.578   -64.911   -74.218   -35.670   30.097   76.922
  179.675  213.941    4.057  -507.667  -719.736  -601.002  -273.310  -325.571
  -776.358 -1299.974 -1407.670 -1214.608  -890.614  -627.819  -251.257   50.511
  155.058   94.899   36.010   27.718   27.994   31.427   37.985   49.355
CT1712:300           -82.972   -76.945   -61.558   -17.711   49.233  112.606
  274.106  357.245    4.541  -975.686 -1444.534 -1232.410  -776.689  -863.682
-1575.825 -2470.575 -2678.844 -2352.033 -1775.124 -1443.613  -899.864  -278.043
   -48.571   -16.192    2.729   22.856   29.561   40.932   53.271   66.762
CT1712:295           -90.278   -74.416   -50.260    3.685   77.947  149.629
  339.259  441.308  170.194  -538.062  -834.307  -671.409  -178.141  -255.624
-1273.885 -2442.515 -2752.406 -2806.763 -2648.132 -2306.763 -1377.632  -439.498
  -163.865   -97.538   -20.088   31.703   43.737   56.868   72.020   85.968
CT1712:290           -80.866   -66.721   -52.933    0.986   77.233  126.346
  289.743  400.125  259.901  -128.500  -263.277   -43.559  379.416  321.792
  -485.966 -1492.340 -1698.033 -1828.517 -2106.730 -1843.624 -1004.812  -409.971
  -287.392  -161.282   -18.040   34.856   48.996   65.149   81.970   94.706
CT1712:285          -110.415   -87.130   -52.886    6.349   77.404   82.827
   -22.664  -138.998  -107.890   73.782  213.040  438.096  751.339  815.443
  813.074  819.284  916.704 1462.501 2101.609 1963.867  819.794  -135.008
  -309.552  -150.579    -9.233   14.772   34.691   53.010   72.235   93.792
CT1712:280          -118.420   -85.405   -51.961    -7.016   65.244   39.613
  -194.901  -392.561  -366.820  -191.432   -39.524  297.767  834.133 1017.009
  904.061  833.990 1156.316 2501.201 3710.185 3529.496 1951.741  605.741
  230.719   97.588    -8.436   -49.228    2.067   44.621   78.421  118.373
CT1712:275          -103.647   -68.825   -31.395   20.659   86.208   49.949
  -160.280  -333.487  -405.565  -472.172  -390.928  -167.745  213.794  361.485
   74.044  -361.461   -81.579 1203.324 2240.469 2294.104 1646.316  889.563
  510.781  213.640   -38.609  -106.173   -37.005   37.740   93.314  145.614
CT1712:270           -97.651   -63.582   -29.926   10.983   64.329   44.963
  -104.085  -232.115  -384.207  -810.107  -962.338  -649.367  -284.574  -171.420
  -236.899  -495.904  -312.108  407.379  941.240 1039.702  928.967  689.211
  449.235  184.614   -37.207   -97.460   -30.877   41.745   95.030  145.967
CT1712:265          -106.193   -67.844   -27.204    -5.086   11.291   19.311
    -3.598   -18.527   -52.941   -96.885    -2.804  102.427  485.586  636.930
  585.666  668.865  742.438  784.324  914.840  877.914  576.757  323.351
  181.713   78.577   -27.507   -65.207    -4.383   51.959   90.180  131.091
CT1712:260           -83.907   -62.250   -40.813   -25.835   -13.431   45.568
  165.834  284.186  385.770  456.610  504.572  618.777  742.918  739.806
  796.458  965.983  944.458  712.250  619.892  574.006  416.247  277.272
  170.754   60.826   -34.105   -60.203    -9.072   53.461  100.696  142.614
CT1712:255           -61.017   -48.518   -36.900    -8.538    -0.400   97.481
  355.423  571.205  890.345 1306.793 1384.400 1282.115  867.595  623.309
  179.125  -411.092  -435.628   -40.100  146.939  181.433  289.429  348.704
  262.871   96.137   -26.612   -46.605    8.040   57.765   97.809  141.668
CT1712:250           -61.661   -37.521   -11.745   14.782   15.891  112.855
  431.534  754.634 1232.451 2230.156 2689.042 2030.679  815.879  403.196
  210.184   16.650   -19.253  162.307  327.448  334.842  296.483  244.818
  173.443   72.391   -20.776   -40.548    1.803   50.358   91.632  132.100
CT1712:245           -54.664   -18.747    8.787   24.477    3.362   -37.857
    -1.217  155.896  607.138 1674.431 2235.985 1708.765  710.166  389.906
  534.784  886.327  884.686  738.246  694.430  621.025  392.054  196.928
  112.362   43.500   -17.457   -28.465    9.539   50.932   86.423  123.058
CT1712:240           -66.018   -28.466    9.907    -2.777    2.714  -159.145
-1000.780 -1517.114 -1037.321   -11.397  389.359  644.294  477.985  318.085
  472.375  695.772  698.957  679.682  615.012  537.906  340.060  166.151
   98.596   50.736   10.011    1.416   30.474   59.642   86.225  116.199
CT1712:235           -41.082    9.524   33.887    -3.459   -78.435  -386.026
-1599.873 -2495.261 -1729.996  580.448 1652.554 1479.942  706.587  374.647
  282.338  233.920  206.834  253.187  245.038  225.030  209.423  174.820
  135.108   81.985   35.510   27.515   50.881   75.707   96.117  115.022
CT1712:230           -32.409    3.666   15.497   -42.604  -144.812  -427.439
-1368.740 -2002.785 -1026.249 1853.599 3194.082 2559.166  960.138  399.694
  169.127   10.381   -45.507   -22.489    -8.778    4.126   71.685  132.547
  135.043   88.123   42.132   38.282   57.916   76.791   90.333  101.968
CT1712:225           -67.784   -45.999   -21.056   -90.747  -177.093  -382.856
-1067.220 -1516.956  -671.485 2032.963 3211.568 2181.258  407.728   -40.522
  -119.882  -131.514  -158.479  -192.145  -205.196  -176.040   -45.431   79.548
  107.012   76.420   51.543   49.972   54.409   59.356   66.804   76.408
CT1712:220           -36.962   -14.850    -7.961   -37.481  -101.402  -304.446
  -721.622  -984.912 -1022.419 -1015.102  -932.946  -839.916  -792.906  -733.433
  -497.428  -172.002  -129.748  -316.588  -460.670  -414.630  -212.141   -37.758
   18.967   41.694   59.977   71.152   76.480   80.757   84.347   87.595
CT1712:215           -55.542   -55.664   -55.126   -88.943   -79.082  -271.183
  -888.182 -1411.711 -1863.533 -3205.941 -3781.474 -2762.420 -1494.518 -1125.938
  -654.829  -231.686  -139.826  -247.685  -346.173  -309.990  -181.239   -80.144
   -28.929   15.850   50.771   69.302   75.644   82.174   90.304   98.188
CT1712:210           -39.957   -21.253   -19.427   -59.172  -114.180  -305.465
  -732.233 -1124.405 -1289.607 -1160.554  -958.800  -925.365  -587.052  -339.372
  -254.828  -135.808   -61.683   -45.765   -15.681   -15.372   -38.513   -29.879
    -0.348   25.557   48.216   64.210   67.084   68.595   74.521   82.368
CT1712:205           -44.160   -18.860   -13.194   -57.922  -119.713  -248.588
  -500.111  -765.070  -728.144  -147.079  184.068   -21.468  -189.460   -83.358
   -62.604   -78.651   -43.127   -32.191   -31.227   -28.512   -39.161   -44.422
   -26.847    -5.219   20.972   42.151   47.919   54.790   66.584   78.866
CT1712:200           -68.418   -46.840   -19.697   -60.755  -113.243  -219.685
  -332.660  -451.119  -657.383 -1082.685 -1220.838  -841.246  -368.689  -171.898
   -93.741  -109.584   -92.964   -97.718   -93.796  -103.273  -142.500  -147.460
  -126.740   -79.733   -22.345    8.800   30.934   53.180   71.519   87.532
CT1712:195           -37.888   -12.300    -8.931   -57.837  -124.830  -234.054
  -400.055  -587.077  -947.296 -1871.687 -2228.220 -1524.989  -427.790   -98.670
  -114.448  -194.835  -192.023  -201.295  -265.115  -240.432  -233.870  -274.818
  -227.946  -114.238   -17.143   17.206   31.874   49.360   67.889   86.181
CT1712:190           -35.394    -6.194    -1.172   -57.785  -133.468  -230.991
  -392.002  -550.716  -757.057 -1116.324 -1187.205  -894.192  -307.938  -106.778
  -144.534  -238.808  -260.573  -196.085   -85.643   -77.437  -128.095  -109.427
   -33.785    -3.440    6.991   20.135   36.111   55.370   73.931   91.440
CT1712:185           -70.219   -33.149    9.458   -44.899  -135.528  -214.158
  -336.639  -439.346  -462.406  -360.842  -283.136  -337.754  -371.182  -349.816
  -236.504   -60.204  -200.953  -730.014  -886.796  -815.901  -343.707  173.835
  274.935  121.037   14.222   20.803   52.354   77.347   91.332  101.506
CT1712:180           -24.369    -4.064    -8.072   -72.726  -163.027  -212.679
  -251.819  -263.619  -165.337   88.217  169.249    1.932  -322.040  -447.836
  -531.469  -675.238  -821.626 -1584.814 -2414.408 -2103.817  -790.038   83.960
  200.169  110.354   36.022   28.882   39.827   56.231   72.817   89.148
CT1712:175           -16.796   -18.696   -22.701   -75.157  -172.188  -172.692
   -96.980    3.522  210.884  552.769  620.461  506.156  166.950   -11.457
  -172.234  -265.636  -129.668  572.812 1254.139 1157.962  462.939   31.627
   -37.266    -2.966   13.834   17.933   41.052   59.724   71.423   80.315
CT1712:170           -23.166   -26.335   -37.465   -86.664  -162.172  -141.489
    -8.993  143.373  447.161 1092.682 1332.967 1006.167  417.068  196.346
   73.575    1.420  313.763 1747.419 3039.519 2879.538 1378.219  159.193
   -99.006   -35.641   14.951   24.388   47.465   63.561   75.577   84.127
CT1712:165           -16.278   -23.056   -38.328   -82.336  -155.895  -128.504
   27.590  187.819  443.509 1033.732 1266.339  948.216  434.812  254.840
   98.472    -4.651  282.556 1457.036 2438.266 2319.646 1185.287  149.736
  -111.569   -55.777    -4.061   19.251   39.757   53.269   68.971   85.365
CT1712:160           -26.374   -37.692   -50.307   -77.058  -126.084   -97.023
   22.457  137.618  182.497  136.767   88.013  105.966   72.227   18.020
  -154.919  -332.534  -159.092  337.148  521.391  543.598  328.287    1.570
  -146.065   -88.683   -22.205   17.908   29.381   40.938   67.156   99.143
CT1712:155           -45.861   -74.619   -98.006  -112.559  -117.811   -82.792
   24.607  123.350    3.315  -492.933  -717.250  -536.682  -203.090  -120.420
  -128.454  -131.281   -66.400   55.243  114.808    6.988  -316.581  -545.542
  -599.018  -343.167   -62.322   28.673   43.411   54.831   77.412  104.445
CT1712:150           -52.278   -97.762  -126.038  -118.409   -89.372   -27.343
  120.623  236.957  156.071  -119.437  -210.976  -161.322    7.199   62.690
  203.153  342.885  322.055  295.963  265.924   80.745  -671.642 -1276.589
-1232.066  -658.891  -132.013   14.161   32.116   54.579   81.940  106.433
CT1712:145           -28.122   -86.217  -150.079  -115.740   -38.278   31.750
  184.402  292.151  297.115  218.080  212.890  453.327  722.904  676.408
  438.455   74.342   -90.630   -46.713  125.857   83.076  -368.846  -652.824
  -565.804  -269.967   -48.103    6.392   36.481   67.625   89.284  106.614
CT1712:140           -67.084  -109.944  -134.809   -82.922   11.442   84.493
  185.474  252.490  252.108  243.394  276.085  571.781 1259.266 1186.007
  -111.611 -1591.970 -1947.392 -1710.364 -1356.308  -946.730   -34.127  704.614
  759.970  330.323    -2.039   -35.826    6.829   46.186   78.745  110.990
CT1712:135           -80.085  -109.870  -121.401   -72.644   26.530   90.290
  145.570  167.020   45.065  -334.553  -509.896  -278.068  158.583   -30.252
-1368.624 -3190.166 -3578.168 -2854.173 -1801.873 -1100.094   27.402  964.003
 1095.373  589.685   62.456   -60.567   -12.043   39.699   80.130  117.420
CT1712:130           -63.691   -92.610  -109.318   -63.225   35.158   77.285
   87.639   60.765  -104.722  -493.679  -699.379  -617.543  -379.764  -549.618
-1536.703 -2826.416 -2964.583 -1978.309  -801.019  -262.642  221.734  638.668
  702.223  347.323    -0.154   -78.658    -6.707   59.638  100.962  128.210
CT1712:125           -59.203   -88.418  -109.236   -55.647   39.758   63.911
   28.439   -38.809  -170.900  -349.358  -399.048  -403.607  -293.687  -321.406
  -534.149  -635.555  -597.266  -413.700   -48.696  151.558  235.223  355.125
  318.103  111.242   -41.826   -93.539   -33.398   45.951   98.953  139.354
CT1712:120           -69.272  -104.319  -131.783   -81.384   34.930   46.123
   -42.856  -141.102  -271.645  -520.418  -639.231  -566.697  -472.929  -366.040
   17.222  405.939  584.917  534.343  315.697  424.439  437.295  287.708
  191.849   83.265   -42.988   -98.694   -21.160   43.482   87.722  135.185
CT1712:115           -67.139   -94.350   -95.920   -32.970   53.151   49.723
   -50.953  -149.677  -234.389  -369.620  -431.798  -433.322  -414.185  -223.378
  380.000 1007.559 1330.120 1723.755 2037.338 1971.585 1575.555 1269.860
  988.503  473.793   33.947  -102.943   -44.039   36.166   89.004  133.138
CT1712:110           -22.455   -39.433   -61.201   -31.810   34.631   28.693
   -48.505  -117.101  -143.830  -129.890  -120.000  -200.091  -308.576  -138.802
  408.802  985.749 1324.181 1771.679 2045.567 2074.533 1907.638 1650.112
 1320.156  634.782   83.155   -59.157   21.659   69.617   89.724  118.186
CT1712:105           -17.770   -31.090   -38.572   -34.831   -34.623   -52.588
  -103.879  -160.450  -148.338   -96.265   -78.439  -106.126  -173.421   -51.317
  250.348  564.036  838.039 1264.162 1562.675 1600.961 1514.389 1333.888
 1070.588  565.093  103.076   -46.259    -2.529   53.896   85.621  105.621
CT1712:100            -4.946   -25.180   -43.170   -59.359   -78.640   -91.911
   -76.107   -76.492   -44.597   -14.227   10.154   33.691   16.731   94.143
  221.301  355.622  505.438  706.653  863.099  876.640  832.966  751.510
  586.298  291.907   40.935   -20.855   24.572   60.890   77.070   89.525
CT1712:095           11.017   -13.075   -38.114   -62.453  -101.725  -118.517
    -8.913  129.908  143.063  120.448  182.729  249.959  325.938  390.090
  354.693  318.187  349.154  311.575  229.438  195.578  119.798   16.165
   -34.380   30.672   66.143   54.464   58.885   61.924   63.761   65.992
CT1712:090            9.876    -6.528   -26.811   -50.587   -76.726  -134.880
  -335.456  -473.822  -336.420   -27.687  155.208  305.061  457.981  532.690
  530.714  535.299  506.741  402.228  317.878  179.661  -115.907  -321.514
  -337.583  -118.724   75.244  108.650   91.381   71.436   62.289   58.177
CT1712:085           12.647    -4.443   -28.586   -64.558  -116.087  -242.654
  -628.477  -858.626  -638.118   -80.549  217.915  375.384  519.709  587.096
  554.802  551.413  493.950  434.155  371.777  196.934  -192.405  -474.373
  -474.698  -216.645   14.922   87.265   85.501   75.366   80.598   82.000
CT1712:080           13.463   -14.506   -42.981  -102.296  -162.405  -275.132
  -729.384 -1039.381  -749.961   65.424  509.883  568.057  553.439  576.364
  514.882  434.788  326.543  319.054  281.310  102.391  -256.580  -492.769
  -483.887  -243.294   -37.214   34.738   50.630   75.034  115.341  155.319
CT1712:075           12.309   -13.443   -49.539  -124.840  -231.723  -301.228
  -358.544  -332.331  -155.579  165.529  513.669  929.197 1261.224 1286.206
 1000.828  512.759  191.537   -28.593  -192.233  -338.957  -442.834  -503.236
  -478.856  -376.531  -271.423  -174.395   -64.004   49.275  152.552  249.604
CT1712:070           -12.532   -41.914   -69.892  -124.439  -213.133  -230.675
  -166.220   -89.374  105.324  328.995  668.526 1814.335 3376.034 3536.509
 2252.821  677.743  118.454  -342.286  -754.100  -857.398  -608.367  -412.959
  -377.192  -401.478  -386.708  -290.156  -130.355   24.367  156.110  286.226
CT1712:065            -0.463   -29.094   -61.336  -104.059  -158.664  -163.223
  -109.070   -50.290  143.567  427.965  750.843 1872.504 3700.761 4001.014
 2666.135 1076.596  452.585  -254.787  -831.993  -917.741  -601.003  -344.835
  -288.920  -302.077  -292.222  -215.849   -93.755   38.169  160.154  275.869
CT1712:060            9.082   -16.551   -44.588   -78.895  -122.294  -122.434
   -56.502    -9.159   72.249  242.018  405.723  932.627 1811.234 1985.108
 1329.673  600.700  288.700  -125.294  -434.034  -488.462  -361.325  -258.917
  -230.740  -229.185  -218.948  -153.381   -41.422   68.882  165.836  257.590
CT1712:055           23.065    2.638   -20.157   -54.959  -104.963  -113.333
   -25.098   20.773  -134.628  -442.118  -617.512 -1213.457 -2133.826 -2176.210
-1370.387  -646.854  -432.500  -135.947   97.653   87.268   -64.400  -162.685
  -166.941  -138.749  -109.364   -59.127   18.074   89.943  160.249  225.979
CT1712:050            -2.645   -24.792   -49.161   -83.207  -119.596  -116.873
    4.656   67.656  -340.568 -1324.144 -1926.171 -2708.997 -3898.001 -3956.424
-2582.307 -1123.465  -617.543   -83.219  309.662  340.487  105.952   -88.653
  -123.230   -97.280   -69.279   -31.865   15.022   59.542  108.483  160.099
CT1712:045           -31.670   -50.992   -74.311  -109.565  -135.004  -115.513
   46.570  137.570  -257.966 -1230.357 -1816.760 -2185.018 -2423.249 -2284.094
-1537.669  -494.427   -92.483  165.668  362.654  351.607   90.896  -105.521
  -137.655  -101.888   -71.617   -41.773    -2.183   38.999   85.044  135.594
CT1712:040           -52.214   -66.211   -76.223   -99.411  -142.867  -122.863
   85.998  212.189   -15.945  -474.589  -731.329  -986.874 -1038.193  -921.799
  -475.343  145.063  335.621  226.015  136.538  125.586   15.615   -82.319
  -107.310  -101.586   -90.192   -60.452   -16.334   28.815   78.889  135.380
CT1712:035           -55.308   -73.710   -90.107  -101.396  -103.705   -56.202
   99.537  219.008  183.469   24.518   -80.074   -84.543  -115.797  -124.324
    4.117   22.618   32.393   14.460   -63.259   -71.282   -76.734   -92.036
   -83.236   -81.420   -73.334   -42.141    3.411   49.595   94.224  137.544
CT1712:030           -55.109   -70.350   -85.807   -85.767   -95.686   -48.015
   53.243  160.802  321.848  558.740  648.880  810.425  963.427  848.620
  430.057    7.463  -196.437  -316.197  -331.601  -327.764  -253.173  -166.971
   -95.101   -81.483   -71.899   -30.138   30.381   81.986  122.718  156.345
CT1712:025           -66.663   -83.194   -96.180   -95.622   -94.908   -44.283
   42.340  151.750  450.091 1080.050 1373.449 1376.794 1313.502 1087.707
  356.451  -440.563  -757.960  -961.621 -1063.370  -977.980  -550.830  -173.140
   -59.766   -90.531  -105.263   -61.378    3.331   66.385  121.615  171.134
CT1712:020           -76.482   -87.512   -90.384   -82.251   -79.739   -33.593
   50.567  155.460  471.007 1145.037 1454.502 1333.420  965.195  649.175
   48.445  -667.178 -1041.962 -1523.769 -1846.107 -1702.559  -957.122  -314.635
  -147.656  -149.549  -131.733   -75.975   -11.023   56.450  120.069  175.505
CT1712:015           -67.159   -71.043   -77.459   -60.628   -41.955    -1.635
   69.397  152.061  336.258  704.250  867.460  794.935  591.347  374.700
   -89.891  -560.337  -860.952 -1483.195 -2000.871 -1813.429 -1024.250  -511.062
  -371.597  -268.221  -177.552  -106.040   -30.124   47.195  120.267  192.479
CT1712:010           -79.277   -76.725   -68.863   -41.229    -4.732   21.303
   34.152   53.262   72.145   39.749   55.642  122.594  219.260  172.135
   -58.091  -287.048  -328.722  -108.241  110.972   84.988  -161.272  -351.568
  -354.624  -263.546  -170.559  -104.849   -33.767   38.601  110.396  183.396
CT1712:005           -93.274   -79.072   -59.590   -28.496   15.188    9.408
   -60.248  -131.263  -225.440  -438.192  -472.152  -307.716    -9.439   77.605
   15.956   -35.385  102.971  839.406 1496.481 1374.371  578.298   -70.065
  -208.887  -188.688  -160.340  -116.716   -45.411   25.965   97.712  168.742
CT1713:360           -98.703   -78.099   -57.423   -26.224   34.315   12.283
  -174.477  -338.555  -443.086  -659.893  -675.350  -456.984   -44.928   96.135
  101.168  120.458  306.277 1082.549 1671.369 1496.774  673.199   57.358
   -91.491  -141.718  -177.717  -144.077   -58.796   18.984   95.697  176.120
