
filled_synop: 30 data points in equal steps of sine latitude from +14.5/15 to  -14.5/15

CT1770:360          -123.548  -104.203   -84.091   -63.167   -40.977    -5.617
   34.235   38.199   17.046    -4.045   -14.407    -6.312    3.309   17.685
   27.029   58.626  304.064  731.264  743.173  275.591   -61.827  -101.849
   -68.429   -48.004   -22.256    6.746   51.255  119.558  184.828  253.716
CT1770:355          -131.866  -106.297   -78.403   -47.219   -17.553   14.630
   47.583   51.377   18.966   -15.110   -28.646   -31.025   -35.267   -42.387
   -73.034   -60.681   38.130  109.267  101.932   28.445   -93.988  -123.308
  -102.621   -82.013   -44.013    8.671   59.715  122.397  187.194  250.078
CT1770:350          -137.885  -109.940   -80.053   -48.594   -21.034    5.808
   32.316   36.236   13.142   -14.214   -34.023   -60.441   -80.130   -93.257
  -109.885  -100.630   -92.063   -80.969   -82.107   -98.242  -118.676  -131.598
  -127.422  -111.295   -67.198    0.702   61.768  127.451  193.379  256.144
CT1770:345          -130.658  -105.639   -78.729   -48.994   -23.387    -1.202
   20.667   25.865   16.118    1.871   -21.052   -74.386  -111.623  -119.937
  -127.480  -129.840  -122.775  -113.873  -111.257  -105.278   -92.916  -103.929
  -130.516  -130.386   -82.100    -1.297   60.487  128.699  192.821  258.026
CT1770:340          -122.135   -95.845   -69.500   -43.306   -19.641    3.010
   24.849   30.863   22.877   14.201    -4.284   -48.760   -74.396   -73.288
   -48.555   -35.838   -40.062   -34.836   -32.548   -38.078   -38.041   -51.912
   -95.896  -108.777   -71.558    -4.077   55.803  119.810  184.138  245.620
CT1770:335          -121.897  -101.037   -82.308   -65.245   -46.939   -21.522
    9.491   18.089    2.569   -18.209   -21.206   -12.366    -6.929    0.620
   22.456   33.036   18.922    -8.040   -12.202    4.803   15.353    1.191
   -44.878   -64.258   -37.652   13.194   59.238  120.106  178.901  238.026
CT1770:330          -117.033  -100.291   -85.172   -68.086   -50.617   -33.277
   -14.478    -7.854   -16.061   -21.507   -17.149    3.700   21.717   27.091
   27.239   26.636   23.491    7.341    6.769   33.937   52.440   35.415
   -23.633   -55.164   -36.846    2.400   43.663   98.479  156.176  213.458
CT1770:325          -132.908  -113.759   -93.530   -71.295   -53.335   -46.221
   -41.135   -36.135   -39.383   -41.857   -30.794    2.302   24.792   33.892
   36.860   37.478   40.709   47.552   52.845   65.383   77.269   60.084
    -3.325   -39.230   -28.236    5.709   41.071   90.890  144.233  197.148
CT1770:320          -156.880  -139.557  -120.460   -95.503   -75.868   -62.309
   -51.351   -43.378   -41.366   -41.409   -27.846    8.176   34.376   41.414
   43.978   47.260   40.140   31.681   34.694   59.376   82.726   71.149
   12.999   -21.028   -14.706    2.672   28.940   88.228  146.211  194.541
CT1770:315          -134.377  -117.673   -98.374   -76.175   -57.518   -41.247
   -20.547    -9.108   -10.510    -6.494    4.989   22.170   37.304   39.603
   25.270   15.940   13.003    3.865    5.792   31.478   54.734   58.174
   51.756   44.307   32.240   10.324   21.799   73.831  132.005  183.868
CT1770:310           -99.167   -86.805   -74.320   -58.915   -44.732   -34.098
   -22.902   -12.729    -3.369    6.355   19.901   39.773   53.138   57.239
   49.345   40.329   25.929    1.944    -0.407   22.728   54.108   67.129
   83.981   90.713   72.998   29.815   23.801   65.924  121.220  174.642
CT1770:305           -72.005   -60.616   -51.151   -44.620   -36.642   -27.802
   -24.178   -16.236    6.196   28.713   44.649   69.123   94.091  100.247
  106.060  109.588   77.134   23.352   10.461   20.811   33.144   53.931
  114.221  144.771  118.761   44.768   30.890   79.169  128.049  164.483
CT1770:300           -86.090   -67.706   -49.221   -30.548   -15.467    -4.297
    8.989   19.073   15.657   12.761   25.162   49.480   64.803   77.079
   88.894   88.461   78.557   57.511   47.667   33.902   21.743   40.173
  107.326  145.101  122.413   55.725   34.724   66.343  106.300  140.886
CT1770:295           -96.464   -76.207   -55.213   -32.115   -14.546    -3.899
    4.489   11.337    9.199    3.592   13.198   41.180   62.513   66.938
   62.965   60.160   66.509   80.045   79.663   53.139   27.130   36.643
   74.554   96.040   83.614   45.697   39.370   62.602   92.523  124.813
CT1770:290          -106.315   -83.683   -61.711   -39.076   -20.495    -7.563
    3.126   12.303   16.467   21.388   27.699   38.676   48.632   45.669
   28.869   20.482   32.687   53.105   59.228   55.294   45.366   48.697
   58.518   65.279   61.167   48.122   49.504   72.946  102.392  133.956
CT1770:285          -125.205   -98.087   -71.348   -44.763   -24.014   -14.402
    -7.972    2.168   15.852   30.198   34.377   30.337   21.121   12.100
    -4.007    -8.069    -2.381   21.474   37.459   55.879   75.621   80.730
   62.343   49.513   47.636   40.131   45.335   75.873  116.458  155.337
CT1770:280          -138.812  -109.281   -79.808   -45.607   -19.558   -14.801
   -23.562   -17.173   10.124   43.290   46.664   28.486   10.813    -5.722
   -42.962   -64.776   -53.895   -26.905    -6.922   25.429   63.909   77.195
   72.965   69.517   62.694   42.500   47.817   88.859  132.637  166.346
CT1770:275          -133.746  -105.303   -74.682   -42.016   -17.828    -8.604
    -4.184    5.010   17.944   32.384   31.278   17.942    7.233   -10.306
   -42.975   -59.124   -66.816   -80.895   -72.523   -16.840   44.287   64.826
   69.608   72.228   68.913   51.093   52.048   80.551  117.648  152.316
CT1770:270          -122.964   -98.527   -73.688   -46.254   -22.618    -6.204
    9.167   18.682   14.531    5.900    0.859    -7.370   -20.647   -27.460
   -32.380   -39.458   -48.383   -59.082   -50.791   -19.755   20.987   44.066
   63.776   76.854   75.710   58.722   60.867   84.054  112.160  138.761
CT1770:265          -112.991   -88.053   -67.659   -52.655   -36.596   -15.207
   11.716   23.868   14.565    2.112    -3.758    -5.426    -0.778    -6.021
   -12.894   -17.398   -25.400   -39.633   -36.982   -16.502    7.886   27.525
   49.175   65.904   76.319   84.616   93.560  105.539  118.014  133.090
CT1770:260          -115.419   -95.302   -79.222   -65.494   -47.487   -24.250
    0.937   12.106   10.134    1.259    -5.610   -14.048   -16.599   -17.165
    -8.237    -4.647   -13.519   -30.766   -29.230   -12.039   20.215   37.179
   41.251   49.319   64.920   85.664  103.210  116.277  128.178  141.454
CT1770:255          -130.355  -109.901   -88.909   -67.509   -44.771   -18.566
   18.252   34.980   27.612   16.002    9.076   -19.039   -45.445   -42.439
    -7.772    6.406    -8.345   -53.034   -65.904   -32.436    6.815   22.259
   27.616   36.442   54.768   78.659   98.552  116.278  133.776  147.580
CT1770:250          -167.099  -133.607   -98.088   -58.395   -23.331    5.100
   34.362   50.685   45.961   34.067   28.355   11.952    -4.416    -7.148
   10.762   19.839    7.967   -14.644   -19.800   -10.584    0.520   10.462
   19.370   30.223   49.313   78.304  102.585  121.348  137.626  152.379
CT1770:245          -205.730  -157.712  -106.242   -53.060   -10.396   16.591
   38.153   56.711   59.433   53.042   52.891   64.526   69.205   56.096
   23.010    -0.969    3.388   32.534   43.965   28.245    7.651   11.073
   18.732   26.093   45.320   71.401   95.037  120.573  148.330  174.445
CT1770:240          -222.940  -174.110  -121.759   -56.889    -2.676   15.813
   14.694   27.721   62.218   94.489  102.300  115.532  113.780   93.906
   32.865   -13.055    -9.078   17.240   24.455   25.190   21.883   28.035
   39.316   53.624   69.085   90.329  112.531  140.400  168.688  191.088
CT1770:235          -213.983  -168.155  -120.258   -70.724   -29.373    -0.450
   24.127   45.495   87.801  153.601  168.283  132.958  107.711   86.663
   36.656    9.954    -8.062   -25.223   -26.269    -6.865   22.242   34.554
   34.420   36.778   54.120   75.073   95.896  124.390  155.349  183.292
CT1770:230          -201.454  -161.103  -121.207   -76.760   -36.184    -3.759
   33.123   51.600   41.943   16.880   10.584   10.573    -4.030    -9.484
   -15.689   -30.637   -42.610   -67.902   -73.695   -44.819    -7.910    9.744
   27.569   43.037   56.136   66.932   83.996  112.316  142.716  172.910
CT1770:225          -194.361  -153.007  -112.649   -70.805   -36.857   -12.396
   17.161   19.482   -39.403  -122.247  -136.402   -94.552   -60.092   -48.872
   -24.317   -10.871   -23.028   -48.323   -51.483   -33.304    -4.245   11.837
   26.203   41.142   52.742   61.506   77.895  103.921  133.815  167.074
CT1770:220          -190.909  -143.924   -99.686   -49.087    -8.388    0.427
    -2.555   -13.178   -68.529  -130.162  -136.516   -88.502   -27.059   -12.309
    -6.351    3.740    3.691    5.857   11.307    9.257   12.377   19.508
   24.596   31.958   42.961   53.135   70.184  107.283  147.722  181.106
CT1770:215          -184.421  -138.590   -92.202   -41.504    -7.358   -13.084
   -36.633   -49.898   -72.709   -96.913   -93.796   -57.245   -20.471    -5.773
    -8.607   -10.819    0.891   15.873   21.691   23.621   20.992   22.802
   20.132   21.202   29.710   35.856   53.763   98.262  144.128  178.809
CT1770:210          -169.149  -134.536   -99.946   -52.622   -17.433   -20.823
   -40.678   -52.259   -69.145   -82.090   -76.098   -43.775   -13.039    -0.035
    3.661    5.992    9.225   11.191   14.243   21.210   24.652   28.768
   30.704   32.408   34.939   32.245   44.364   77.493  117.876  157.396
CT1770:205          -147.780  -114.054   -80.022   -42.752   -16.332   -19.375
   -33.164   -38.622   -48.715   -59.519   -54.450   -24.019    1.135    7.424
   12.350   16.569   12.315    7.929   11.568   18.985   27.034   32.992
   39.866   46.052   49.367   41.577   50.004   80.189  108.054  134.406
CT1770:200          -128.294   -96.229   -66.603   -33.998    -6.836    -5.330
   -16.927   -17.621    -0.998   23.542   25.557    6.499    -5.317    -5.834
    -9.123   -11.813   -15.194   -26.234   -24.759    -5.540   14.765   22.816
   24.703   28.193   39.279   52.688   63.183   77.631   92.816  108.313
CT1770:195          -129.539   -87.955   -45.346    0.428   32.638   32.109
    8.807    6.611   35.103   62.500   54.001    6.457   -31.460   -31.218
   -11.901    -3.906    -8.897   -16.697   -14.942    -4.285    7.743   13.899
   16.591   20.955   30.901   43.780   62.907   90.585  112.640  133.074
CT1770:190          -119.999   -80.960   -37.000   11.836   52.320   51.421
   22.945   12.531   43.592   73.967   64.409    7.260   -39.966   -38.977
   -16.551    -4.805    -4.613    -9.953   -12.070   -13.520   -12.725    -6.802
    1.091    9.000   13.841   15.569   33.181   63.407   94.392  119.894
CT1770:185          -114.385   -94.727   -36.774   29.972   74.146   70.517
   21.000    -0.994    -6.933   -18.612   -28.214   -39.044   -47.087   -41.913
   -17.606    -6.988    -2.458    -0.466    -3.170   -19.612   -33.383   -24.675
    -3.219    8.994   10.100    9.223   23.131   46.172   75.723  111.296
CT1770:180          -123.251  -106.930   -89.038   -66.996   -48.788   -40.889
   -39.441   -47.518   -67.400   -76.495   -66.875   -45.322   -39.014   -38.033
   -36.126   -24.133   -10.868    -9.176   -15.605   -32.219   -47.998   -47.771
   -23.486   12.239   36.196   50.286   68.300  103.544  139.610  172.341
CT1770:175          -107.377   -94.163   -80.481   -65.773   -55.609   -53.070
   -55.689   -57.853   -55.027   -45.399   -36.120   -27.828   -18.848   -27.882
   -41.559   -47.780   -41.748   -29.490   -34.842   -42.943   -51.992   -50.527
   -26.663    1.855   22.948   41.133   66.895  101.493  135.671  168.176
CT1770:170          -100.635   -89.832   -79.283   -68.609   -58.406   -50.415
   -48.936   -48.318   -41.428   -27.845   -14.678    -4.777    6.458    -9.131
   -44.554   -47.331   -24.898   -24.259   -35.343   -39.066   -45.309   -41.227
   -16.744   10.726   26.479   39.848   63.542   93.926  126.176  159.578
CT1770:165           -76.992   -49.764   -33.134   -23.842   -18.414   -17.406
   -17.349   -17.000   -18.645   -22.657   -13.443   17.255   41.947   48.578
   46.755   41.066   30.763   11.419    -5.280   -34.485   -66.394   -49.571
   15.366   60.286   61.941   39.858   39.733   52.956   72.126   96.866
CT1770:160           -65.837   -42.928   -26.269   -15.974    -9.610   -13.066
   -26.509   -31.394   -27.801   -22.216   -14.297    7.244   29.344   37.340
   40.420   37.053   25.410    5.117   -12.953   -41.974   -76.045   -63.357
   10.422   59.049   59.887   29.563   34.110   54.801   75.725   96.590
CT1770:155           -64.274   -42.128   -23.698   -10.683    -2.956    -4.024
   -22.802   -29.606   -17.175    4.931   14.648   16.392   14.989   13.660
   16.836   19.058    7.293   -14.439   -31.427   -53.926   -75.794   -70.247
   -35.944    -2.034   15.940   29.544   42.649   59.044   79.764  101.747
CT1770:150           -78.004   -69.816   -47.529   -19.403    2.659    6.178
    -7.571   -11.271    1.842   23.588   26.559    8.186   -13.659   -19.321
   -19.772   -22.482   -31.023   -46.839   -57.284   -60.522   -62.872   -56.412
   -37.744   -17.706    0.285   20.978   43.435   62.439   82.253  103.245
CT1770:145           -91.884   -75.999   -55.885   -30.500    -8.548    -4.291
   -14.734   -17.029    -1.766   21.741   24.687    -1.224   -35.249   -41.863
   -25.382   -10.775   -19.186   -38.888   -48.567   -53.365   -59.608   -56.549
   -48.942   -38.694   -13.268   33.116   67.630   86.097  102.713  123.753
CT1770:140           -73.346   -68.249   -57.826   -40.087   -23.878   -20.798
   -29.462   -31.083   -26.777   -20.959   -21.757   -32.495   -44.079   -46.951
   -35.021   -24.763   -31.537   -48.283   -58.584   -59.533   -58.525   -52.989
   -43.619   -31.791    -7.155   30.721   63.093   88.830  111.036  131.564
CT1770:135           -80.861   -74.827   -68.107   -60.000   -51.536   -47.457
   -44.628   -40.402   -38.065   -34.624   -31.422   -33.717   -37.115   -41.771
   -47.542   -51.371   -58.849   -63.763   -65.702   -68.951   -71.781   -66.281
   -50.227   -31.098    -5.052   31.009   62.273   94.442  124.884  155.840
CT1770:130           -91.504   -85.105   -79.657   -72.817   -64.300   -60.525
   -56.949   -51.198   -41.076   -23.323   -13.934    -9.184    -4.917   -10.338
   -38.068   -68.004   -76.664   -74.427   -73.289   -77.317   -79.358   -73.612
   -56.362   -34.285    -8.429   25.812   59.177   94.313  134.741  179.666
CT1770:125           -98.027   -87.953   -76.802   -62.961   -51.057   -47.804
   -52.533   -51.071   -38.982   -15.898    -2.519    4.478   16.094   15.076
    -6.929   -30.536   -40.756   -55.316   -67.670   -68.906   -68.804   -65.398
   -53.707   -38.442   -13.440   21.720   57.974  106.899  160.110  205.273
CT1770:120          -104.055   -87.707   -69.532   -45.559   -26.016   -22.981
   -34.085   -37.059   -27.866   -19.424   -15.684    -5.458    0.916    0.515
    2.041    9.922    2.533   -18.195   -26.681   -32.890   -41.963   -43.445
   -38.472   -31.198    -9.029   30.274   69.126  120.335  174.085  221.677
CT1770:115           -97.181   -77.439   -56.803   -33.077   -15.846   -14.029
   -24.083   -21.831   -13.373    5.408   16.802    9.271   -11.605   -15.730
   -10.482   -13.632   -11.440    -1.456    -1.829    -6.180   -16.809   -22.852
   -22.178   -20.137    -5.074   24.573   58.509  108.086  167.390  225.497
CT1770:110           -82.689   -63.175   -50.151   -43.716   -38.535   -39.448
   -57.964   -67.086   -47.797    -1.570   16.757    9.914    -5.173    -4.879
    1.007   12.146   18.283   27.390   30.212   24.186    6.023    -5.062
   -14.154   -21.632   -11.339    3.196   29.334   93.131  168.102  233.739
CT1770:105           -85.647   -73.244   -65.326   -60.237   -54.586   -51.479
   -48.261   -43.207   -37.725   -27.540   -21.943   -17.041   -15.809   -12.036
    1.761   16.473   24.355   41.377   54.434   45.321   20.429    5.483
   -17.618   -47.698   -40.836    -9.302   28.911   87.959  161.788  234.583
CT1770:100           -96.952   -81.661   -69.654   -60.290   -50.507   -39.255
   -21.051   -11.640   -20.212   -42.809   -48.763   -38.432   -17.623    -8.100
    -5.199    -7.765    -2.194   15.489   23.910   24.663   21.385   13.193
   -18.987   -62.256   -57.897   -21.553   23.060   84.867  161.370  235.638
CT1770:095          -111.148   -87.645   -65.615   -41.581   -18.751    -7.575
    -4.057    -2.367   -16.003   -53.279   -67.202   -51.741   -14.532    -0.010
    -2.449    -4.891    -4.737    -8.609    -8.938    -1.865   14.795   16.142
   -11.717   -58.720   -53.385   -15.714   25.497   90.479  168.972  235.079
CT1770:090          -123.371   -96.402   -69.090   -40.094   -15.646    -2.728
    5.604    6.397    -9.571   -47.969   -64.297   -56.341   -33.299   -23.167
   -13.986    -0.386    -6.113   -39.352   -54.563   -40.219   10.233   33.180
   18.640    -5.786    4.759   35.302   69.652  114.078  165.908  215.156
CT1770:085          -134.516  -111.576   -84.598   -44.560    -8.525    3.566
    1.680    -3.626   -11.483   -25.518   -31.807   -36.287   -39.158   -37.605
   -26.755   -24.316   -37.500   -85.787  -126.428  -107.850   -44.874   -15.004
    6.044   26.197   47.626   74.631  103.736  137.993  173.434  209.192
CT1770:080          -131.316  -103.124   -70.158   -29.902    3.208   13.526
    8.782    6.671    0.124   -14.576   -20.480   -21.555   -22.155   -19.816
    -6.514   12.974    -2.681   -63.731  -101.369   -94.579   -53.439   -27.974
   -10.394    5.404   27.077   53.923   80.289  116.802  158.010  197.459
CT1770:075          -113.379   -88.262   -61.231   -27.704    -0.318    5.833
    -5.800   -11.723    -8.606    -4.232    2.171    6.147   15.630   22.647
   22.102   25.467    7.808   -38.393   -73.884   -75.628   -57.335   -43.196
   -26.812    -9.907   11.555   38.861   68.727  106.148  147.642  188.186
CT1770:070           -88.589   -67.484   -48.642   -29.441   -14.505   -10.248
   -16.978   -13.998    -7.847    -2.837   15.683   26.396   40.904   51.095
   45.727   49.041   23.170   -26.079   -64.265   -70.840   -55.005   -43.827
   -28.586   -15.697    5.214   33.322   64.714  100.955  143.084  184.100
CT1770:065           -74.894   -61.927   -50.676   -39.367   -29.631   -30.206
   -51.980   -60.220   -39.928    -8.270   34.648   78.186  117.919  123.496
  118.695   96.811   43.380   -32.023   -78.634   -89.791   -60.176   -39.407
   -27.702   -15.248    5.081   28.420   55.338   91.060  131.884  172.939
CT1770:060           -66.961   -59.647   -53.213   -48.218   -43.899   -40.713
   -47.229   -40.525   -13.262   13.328   73.858  227.622  440.294  477.994
  355.296  162.011   58.080   -45.994  -130.436  -136.444   -82.111   -57.370
   -36.272   -14.629    6.576   28.195   52.845   86.509  120.400  150.792
CT1770:055           -67.567   -60.584   -55.645   -54.682   -52.650   -43.233
   -35.507   -17.843   32.278   91.060  180.657  429.325  841.358  939.267
  642.480  268.444  127.535   20.803   -71.546   -94.260   -67.530   -56.585
   -38.513   -12.724    8.229   28.564   48.159   69.519   91.012  114.246
CT1770:050           -75.317   -67.869   -61.844   -58.605   -55.047   -43.350
   -34.311   -13.803   51.806  157.584  269.995  456.763  726.480  776.457
  606.361  327.026  201.201  123.159   62.250   15.064   -42.685   -66.803
   -49.847   -11.007    9.075   21.571   34.959   53.106   71.592   89.319
CT1770:045           -74.349   -69.422   -63.228   -56.687   -49.177   -37.313
   -32.737   -16.701   37.291  123.172  217.831  339.872  509.858  517.069
  411.543  219.718  129.348   86.232   70.752   40.194   -48.147   -94.305
   -74.265   -31.932   -13.765    4.049   22.237   38.690   57.555   69.797
CT1770:040           -70.223   -65.366   -61.469   -59.374   -54.542   -41.748
   -25.191    -6.849   20.424   37.376   70.683  188.944  425.056  468.193
  182.144  -197.331  -264.258   -80.847   62.831   59.979   -16.249   -50.632
   -51.459   -40.526   -25.431    2.638   31.585   50.429   63.544   71.820
CT1770:035           -74.416   -66.436   -58.437   -54.299   -48.771   -32.204
    -0.086   21.308    8.830   -36.343   -38.921    0.641   83.398   52.442
  -189.145  -496.604  -511.007  -205.850   39.498   65.057    5.690   -17.078
   -26.073   -34.643   -24.878    2.858   28.570   41.997   51.482   66.086
CT1770:030           -76.616   -72.520   -64.316   -53.408   -40.157   -25.211
    5.018   17.472   -25.313  -126.411  -177.672  -212.780  -269.689  -332.052
  -425.452  -500.488  -471.894  -262.017   -77.004   -26.615   -20.405    -6.980
    -9.376   -22.039   -16.641    -6.462    8.265   32.606   59.152   84.171
CT1770:025           -81.918   -70.333   -58.587   -49.129   -39.468   -27.746
    -4.022    0.907   -52.859  -169.705  -236.131  -273.300  -279.112  -296.116
  -332.165  -328.919  -327.830  -352.287  -327.207  -247.207   -94.025    -3.441
    4.113    -6.334    1.369    5.720   12.556   36.752   70.601  105.083
CT1770:020           -82.371   -67.956   -55.000   -43.575   -31.029   -18.693
    2.665    7.670   -39.497  -143.368  -207.436  -217.782  -194.067  -192.679
  -211.242  -232.376  -241.682  -334.279  -413.011  -340.644  -118.564    -7.329
    1.181    0.016    7.585    8.433   16.091   49.923   93.508  132.758
CT1770:015           -79.191   -69.342   -60.476   -53.425   -45.246   -27.259
   14.764   32.218    0.283   -82.444  -130.942  -134.275  -102.427   -83.559
   -85.761  -114.755   -95.688   -31.127   -38.313   -20.553    -6.230   -21.569
   -23.537   -10.110    0.307    6.875   17.004   54.761  107.898  158.229
CT1770:010           -83.174   -74.749   -67.769   -63.388   -55.913   -35.849
   17.997   51.149   28.398   -53.742  -104.349   -98.083   -63.538   -42.456
    7.203   89.432  151.247  330.754  567.236  491.965  129.175   -39.774
   -43.564   -15.986    -3.415    7.307   19.663   59.304  119.113  182.595
CT1770:005           -97.627   -81.786   -67.267   -54.358   -40.121   -26.493
    -4.570    8.403    -2.042   -35.210   -56.664   -58.082   -49.659   -39.049
    1.259   50.082   92.934  191.939  239.684  214.443   57.653   -53.048
   -55.617   -22.175    -6.335    9.980   27.972   81.748  151.166  207.218
CT1771:360          -110.886   -94.042   -75.291   -52.735   -31.121   -20.515
   -23.226   -30.750   -33.790   -31.848   -35.717   -42.397   -51.682   -50.526
   -45.240   -48.339   -28.633   15.546   34.121   22.226   -27.333   -65.294
   -64.140   -29.283    -6.451   26.544   61.390  102.925  151.987  197.559
