
filled_synop: 30 data points in equal steps of sine latitude from +14.5/15 to  -14.5/15

CT1721:360            -7.933   -33.859   -59.420   -87.962  -102.059   -78.058
    -8.310   35.395   35.005    8.102   11.384   32.749  102.701   62.892
  -171.791  -623.754  -831.293  -830.211  -792.716  -660.631  -257.413   92.317
  182.320  141.528  113.185   48.652   -38.843   -49.597    7.573   78.916
CT1721:355           -10.646   -32.361   -50.612   -78.903   -96.496   -69.336
   26.317   81.949   26.239  -186.366  -305.698  -292.067  -176.399  -192.181
  -390.891  -731.880  -883.516  -863.084  -688.895  -520.519  -194.503  129.466
  234.392  184.255  147.108   68.267   -45.050   -40.762   47.633  112.352
CT1721:350           -24.129   -39.982   -56.120   -76.883   -83.985   -55.349
   23.209   55.240   -13.153  -222.946  -322.838  -295.766  -125.538   -91.695
  -274.762  -596.284  -761.571  -841.311  -923.079  -777.264  -200.734  281.521
  370.926  232.251  162.898   94.408    -3.658   -28.970   13.035   68.019
CT1721:345           -45.592   -51.531   -54.820   -61.757   -63.988   -42.801
    8.538   32.351    0.183  -124.227  -160.900   -95.491  130.937  200.276
   60.297  -169.879  -326.038  -501.325  -624.017  -537.320  -173.313  180.773
  281.765  208.888  173.814  117.918   29.961   18.476   56.611   80.802
CT1721:340           -31.895   -41.922   -52.052   -67.319   -75.296   -53.687
    -2.484   34.496   27.961   -46.740   -40.560   58.493  290.986  342.854
  220.255   44.226  -121.715  -383.683  -609.936  -568.097  -275.949   11.645
  132.528  165.022  174.915  126.320   51.301   29.201   46.231   62.856
CT1721:335           -31.768   -45.423   -60.524   -80.988   -94.897   -81.966
   -56.830    -8.425   48.692   79.153  164.212  288.168  521.153  532.734
  340.411   59.785  -161.604  -516.183  -860.781  -839.210  -467.641  -125.260
    7.931   84.604  133.091  109.707   53.109   36.379   41.895   51.724
CT1721:330           -49.355   -56.839   -65.344   -79.380   -90.860   -85.712
  -137.077  -115.370   69.372  326.654  431.442  658.053  963.551  915.708
  498.184  -253.331  -633.810  -845.642 -1171.247 -1139.639  -598.517  -199.851
   -76.291   32.187  102.540   93.008   56.314   52.834   57.707   58.668
CT1721:325           -68.764   -71.636   -72.567   -68.785   -75.893   -84.871
  -150.290  -107.872  292.462 1186.192 1672.566 1748.421 1535.323 1289.264
  705.382  -258.661  -638.598  -552.495  -239.002  -177.962  -250.711  -223.137
  -145.671   -43.065   20.640   31.515   24.599   26.499   32.454   45.514
CT1721:320           -84.481   -79.877   -69.712   -52.305   -69.300  -126.947
  -251.787  -222.971  262.425 1627.173 2497.486 2314.952 1629.582 1239.562
  741.658  -153.837  -462.431  -291.814   -23.312   20.059   -43.076  -120.641
  -113.347   -52.648   -17.827    -6.481    2.026   15.113   28.622   40.994
CT1721:315           -89.852   -88.553   -87.892   -55.420   -47.327  -167.343
  -568.512  -725.446  -533.918  -137.079   12.290  342.201 1064.585 1340.183
  720.604  -135.759  -313.465    8.199  397.727  434.160  224.667   24.528
   -29.973   -59.287   -74.791   -56.635   -28.404    -8.455   11.734   33.918
CT1721:310           -62.782   -62.771   -60.512   -51.408   -73.786  -235.162
  -606.626  -773.041  -848.757 -1047.963 -1159.483 -1089.930 -1164.509 -1308.230
  -890.496  -213.869   51.341  359.691  696.718  706.851  401.714  141.784
   32.189   -84.143  -131.522   -90.575   -26.951    5.284   24.465   40.905
CT1721:305           -28.407   -46.829   -68.706   -84.773  -100.546  -156.207
  -284.059  -379.847  -349.828   41.162  258.005  -213.152 -1378.668 -1767.959
-1205.009  -169.285  251.105  503.152  658.219  622.787  317.425   38.731
   -68.902  -124.591  -141.200   -81.525   -13.950   16.366   30.767   46.100
CT1721:300           -25.863   -55.107   -86.279  -123.480  -156.765  -108.776
    -4.737  111.863  435.213  754.976  791.737  123.320 -1023.587 -1160.614
  -706.029   -49.019  276.082  452.051  522.165  394.530   87.952  -183.153
  -243.718  -190.034  -116.392   -51.630    3.299   24.621   32.050   41.526
CT1721:295            0.108   -41.908   -82.140  -122.918  -141.717   -53.824
  225.304  382.566  345.305  323.799  152.049  -279.302  -738.134  -798.032
  -537.642  -160.437   44.762  184.312  253.253  148.811  -220.356  -473.461
  -441.572  -239.227  -116.997   -34.700   25.979   58.823   63.110   61.532
CT1721:290           -11.959   -41.979   -73.147  -103.200  -130.071  -168.660
  -210.080  -319.248  -661.059 -1679.955 -2292.121 -1886.669  -901.342  -532.897
  -445.481  -368.811  -279.146  -185.645   -93.112  -174.114  -471.069  -635.034
  -564.778  -292.917  -131.029   -45.172   15.941   49.611   41.978   49.319
CT1721:285            -4.976   -30.357   -54.496   -73.986  -101.350  -184.107
  -290.476  -420.454  -845.770 -1655.977 -1922.728 -1612.179  -776.069  -429.632
  -410.042  -492.599  -487.238  -447.000  -408.730  -508.171  -797.766  -947.007
  -795.601  -386.469  -163.544   -63.768    7.767   52.645   61.352   73.572
CT1721:280            5.745   -25.461   -61.159   -82.130  -118.418  -235.229
  -394.646  -552.700  -820.923 -1148.459 -1188.346  -947.726  -429.042  -207.816
  -291.526  -461.991  -516.607  -562.277  -583.906  -693.173  -964.212 -1085.198
  -889.639  -431.137  -189.314   -86.222    -8.282   44.420   63.406   80.571
CT1721:275           17.486   -21.772   -61.069   -98.491  -158.999  -285.308
  -475.486  -612.392  -691.348  -743.002  -719.947  -515.956  -223.416  -113.536
  -194.599  -352.051  -404.561  -442.359  -478.181  -575.065  -804.004  -900.833
  -753.564  -389.055  -194.906  -100.173   -21.580   19.391   35.573   62.861
CT1721:270           10.270   -29.577   -78.198  -117.477  -171.756  -305.677
  -505.239  -607.609  -550.424  -361.690  -263.607  -170.827   -97.343   -62.024
   -80.555  -124.800  -131.943  -146.984  -150.702  -194.066  -370.724  -484.255
  -435.294  -291.911  -201.887  -126.605   -49.130    1.028   31.741   66.362
CT1721:265           -25.089   -52.052   -80.436  -106.362  -145.264  -234.749
  -414.694  -509.699  -397.958  -100.817   32.418   26.127   -43.389   -45.200
   -38.119   -37.796    0.279  100.976  183.704  212.322  180.204  116.528
   39.601  -106.281  -177.805  -140.841   -60.420    -7.553   40.978   82.247
CT1721:260           -69.993   -79.927   -85.717   -75.921   -81.903  -107.985
  -133.268  -137.139  -123.558   -93.766   -77.229   -60.894  -108.943  -126.095
   -80.820   -49.618   20.093  236.010  435.241  529.798  649.649  685.308
  495.468   51.977  -129.086  -111.856   -51.090   -15.425   38.891   87.662
CT1721:255           -83.361   -71.810   -56.453   -41.161   -38.444   -36.090
   -28.919   -37.715   -59.854  -119.610  -138.215  -119.545   -71.302   -61.950
   -95.468  -139.883   -68.458  185.726  463.446  615.992  768.036  809.649
  621.641  140.014   -98.601  -125.702   -83.848   -44.509   26.727   94.533
CT1721:250           -63.212   -51.082   -40.242   -29.190   -22.940   -23.910
   -32.353   -47.936   -89.375  -186.497  -230.961  -188.041   -79.891  -101.528
  -271.735  -512.487  -492.653  -226.858   66.682  309.262  702.467  910.756
  754.253  276.810   50.507   -12.050   -42.316   -24.778   67.305  131.197
CT1721:245           -88.991   -75.738   -66.250   -56.701   -50.310   -47.852
   -46.819   -53.431   -89.653  -155.955  -183.330  -154.797   -69.598  -127.611
  -423.607  -826.886  -849.172  -521.810  -156.657  130.268  599.631  883.998
  782.459  411.206  208.308   69.777   -54.644   -62.467   23.142  103.249
CT1721:240          -107.569   -97.881   -88.821   -79.668   -69.345   -59.747
   -48.900   -39.934   -39.403   -38.331   -45.299   -56.657   -37.981  -145.249
  -526.488  -993.616 -1050.497  -759.386  -404.164  -102.314  399.298  731.140
  715.457  464.479  318.637  148.765   -39.053   -84.520   -10.896   84.446
CT1721:235          -118.794  -117.192  -112.528  -104.372   -93.911   -77.482
   -50.277   -26.324   13.346   75.799   69.088   24.427   -51.578  -200.472
  -565.545 -1000.194 -1093.155  -921.407  -673.671  -398.944  105.852  452.830
  550.911  518.143  457.895  219.287   -69.311   -76.552   57.575  131.994
CT1721:230          -123.932  -118.182  -106.599   -86.760   -68.711   -56.532
   -47.977   -26.627   53.044  214.877  253.765  130.326   -84.342  -260.199
  -543.853  -882.528 -1012.961 -1024.367  -962.419  -740.306  -241.676  141.075
  332.500  492.680  510.344  281.064   -20.929   -96.492   -24.493   77.867
CT1721:225          -119.390  -107.272   -92.606   -74.687   -60.222   -53.201
   -50.174   -37.410   18.034  140.256  173.372   69.107   -87.459  -211.665
  -384.259  -557.975  -716.453 -1014.697 -1081.474  -970.654  -555.723  -122.584
  113.868  381.953  473.016  262.682   -17.958   -74.108    1.540   93.487
CT1721:220          -112.906   -96.936   -82.222   -66.488   -52.092   -45.905
   -44.162   -44.197   -59.180  -102.610  -123.413  -103.980   -55.114   -91.262
  -210.333  -345.313  -525.242 -1249.997 -1989.292 -1796.803  -937.193  -436.253
  -148.514  286.814  419.829  220.152   -35.582   -37.103   75.920  138.772
CT1721:215          -116.461   -96.049   -76.634   -57.985   -43.425   -37.142
   -32.785   -37.411   -94.785  -216.925  -227.149  -128.238   39.472   84.066
   65.731   44.203   13.426   -95.943  -220.122  -201.199  -152.539  -110.120
   31.249  306.789  373.193  219.655    7.298   -50.626    0.982   86.017
CT1721:210          -121.063   -98.588   -79.334   -61.483   -47.011   -39.214
   -31.639   -28.769   -66.378  -161.059  -125.676   57.855  320.208  417.897
  399.485  308.424  422.028 1252.541 2087.019 1899.497  949.790  493.875
  425.952  388.637  323.377  179.472   10.372    2.080   79.018  118.913
CT1721:205          -113.794   -96.784   -78.981   -60.976   -47.321   -43.238
   -50.350   -52.993   -50.876   -71.403   11.534  319.760  740.811  872.992
  742.562  502.361  569.932 1056.533 1347.498 1330.460  970.739  665.643
  547.308  431.997  326.540  189.768   34.242    -6.876   37.540   84.391
CT1721:200          -106.658   -97.036   -84.258   -67.033   -52.151   -43.157
   -40.728   -30.855    1.725   34.219  154.715  550.666 1087.029 1230.618
  976.989  661.010  626.387  589.295  505.607  543.694  598.616  550.879
  484.367  418.674  326.003  179.403   35.750    -1.758   29.756   67.495
CT1721:195           -90.626   -82.521   -73.127   -62.545   -52.149   -37.819
   -21.161   -10.407   10.109   15.498  105.048  436.140  800.030  878.772
  689.768  426.917  372.331  324.931  308.711  338.432  427.331  473.735
  452.220  421.219  342.198  183.539   30.231   13.872   56.684   73.523
CT1721:190           -66.013   -64.218   -63.548   -69.655   -69.371   -44.729
    -2.718    4.582   -30.558   -88.038   -86.188    -8.397   86.778  107.587
   34.211   -49.306   -14.037  127.725  248.750  326.108  408.364  455.278
  456.704  445.174  375.627  193.206   17.637   -23.457    8.401   49.561
CT1721:185           -55.316   -59.050   -65.456   -74.048   -76.888   -59.954
   -19.377   -31.291  -129.279  -253.800  -321.826  -492.910  -656.668  -667.978
  -571.628  -441.966  -320.430   -45.646  163.410  276.370  372.412  429.137
  429.765  391.773  314.915  145.772    -4.771   -17.298   32.865   64.110
CT1721:180           -57.970   -58.778   -62.436   -69.754   -72.144   -64.827
   -44.325   -66.359  -191.970  -356.030  -452.701  -636.693  -798.821  -807.272
  -646.770  -471.926  -379.108  -216.264   -76.719   64.928  260.763  376.150
  384.344  346.419  287.070  126.297   -11.431   -14.155   37.213   66.557
CT1721:175           -69.786   -69.726   -70.198   -72.473   -70.867   -65.467
   -58.790   -72.226  -150.339  -249.684  -303.032  -318.161  -307.319  -307.565
  -257.353  -231.125  -275.559  -422.181  -465.813  -305.184   19.275  216.515
  290.570  330.162  302.112  138.603   -10.055   -37.018    0.884   51.201
CT1721:170           -74.421   -78.245   -80.061   -81.054   -76.841   -63.294
   -48.416   -31.401    8.898   50.902   47.564   80.102  115.381   80.428
   29.007   -40.471  -218.749  -707.032  -919.173  -737.656  -234.184   82.466
  213.117  316.717  302.720  147.056   10.505    4.207   45.325   65.570
CT1721:165           -70.576   -77.909   -83.152   -91.254   -93.575   -71.307
   -40.921    9.693  170.422  373.494  395.742  233.159   11.505   -84.142
   -77.690   -88.918  -271.220  -920.173 -1295.160  -975.734  -202.610  201.096
  296.676  321.598  287.267  147.832   27.653    4.016   30.662   57.761
CT1721:160           -59.842   -75.041   -90.586  -106.655  -115.812  -112.398
   -89.881   -20.837  153.470  460.973  533.466  227.766  -216.507  -390.408
  -336.752  -326.726  -400.522  -612.076  -703.515  -368.240  318.029  636.709
  588.735  371.472  257.403  135.695   27.758    3.159   35.348   66.737
CT1721:155           -48.016   -69.027   -90.596  -116.085  -129.595  -166.590
  -271.744  -266.147  -109.708   71.458   92.032  101.125   73.590   -86.963
  -483.075  -550.685  -551.439  -300.607  208.865  444.507  812.413 1027.358
  819.609  335.191  162.479   94.711   34.464   28.114   69.319   87.295
CT1721:150           -57.906   -79.692  -103.946  -127.941  -134.913  -121.023
   -86.188   -21.547   47.864  173.823  234.115  227.690  260.232   95.797
  -942.273 -2285.916 -2094.338  -607.876  125.250  412.525  739.421  827.245
  656.249  286.627  120.333   46.936    2.048    -5.347   32.315   71.577
CT1721:145           -77.828   -86.064   -96.290  -120.753  -120.605   -68.843
    4.999   88.427  175.536  247.758  299.781  340.551  328.284  351.649
  878.665 1642.504 1559.342  906.155  686.680  676.764  631.954  606.449
  477.299  213.733   94.099   36.722    -5.382    2.868   52.494   82.650
CT1721:140           -88.195   -95.682  -103.738  -113.846  -101.049   -47.305
   19.005  117.809  305.685  516.109  612.121  620.003  527.886  588.510
 1362.219 2122.899 1931.165  887.887  242.456  246.210  402.868  458.073
  381.753  205.880  114.694   50.453    1.342    0.349   37.443   72.058
CT1721:135          -101.557  -100.915  -100.947  -104.590   -82.507   -16.744
   57.119  175.715  492.088  893.905 1034.405  993.379  853.223  788.212
  775.529  600.910  362.355  -207.680  -615.261  -492.356    7.546  263.617
  269.461  172.747  137.247   70.178    4.968    -4.620   23.422   58.971
CT1721:130          -111.437   -95.444   -80.391   -77.728   -49.492   29.387
  123.822  226.093  533.841 1012.545 1176.028 1103.246 1065.509  880.018
    5.340  -845.128 -1126.110 -1355.261 -1460.006 -1226.631  -408.915   32.767
  112.378  159.618  179.047   85.866    -0.070    4.278   40.013   59.019
CT1721:125          -124.091   -95.686   -68.320   -42.290    -1.095   75.434
  166.070  212.323  195.062  140.383  168.083  309.553  433.906  284.712
  -423.109 -1096.186 -1342.077 -1583.738 -1685.720 -1406.266  -690.378  -329.357
  -122.739   88.869  141.972   78.342   16.638    6.360   23.436   43.754
CT1721:120          -147.203  -103.992   -61.383   -19.846   20.459   75.154
  148.601  111.565  -192.317  -660.304  -727.540  -349.492   -16.355   15.174
   -85.126  -213.916  -310.394  -472.009  -533.238  -396.357   -96.647   44.454
   93.215  125.739  110.333   54.682    7.111    -2.395   12.310   32.054
CT1721:115          -173.501  -119.472   -63.747    1.209   46.839   72.925
  105.029   28.645  -251.498  -574.072  -595.782  -300.301  207.718  385.698
  464.529  603.816  688.328  888.196 1061.478  956.507  701.975  601.479
  417.495  160.965   74.035   35.776    -4.915    -4.204   20.226   35.974
CT1721:110          -181.777  -115.861   -47.496   26.584   76.894  104.730
  133.581   34.239  -333.004  -791.107  -859.672  -565.629  -181.063   48.682
  364.900  628.110  839.727 1196.954 1350.875 1221.607  775.625  522.395
  373.076  173.639   75.177   38.469    5.979    0.439   18.995   39.202
CT1721:105          -197.415  -124.712   -49.146   33.941   77.163   75.941
   73.417   -38.824  -415.690  -892.556  -990.503  -806.198  -605.388  -394.998
    9.122  347.023  557.080  859.191 1015.626  899.610  551.528  345.370
  228.010  106.543   37.901   22.206   10.002   18.953   41.016   57.156
CT1721:100          -226.509  -150.105   -72.734   26.823   71.653   30.981
   -34.178  -136.679  -383.807  -686.446  -758.132  -683.551  -555.481  -403.271
  -193.796   -46.160  143.277  380.520  448.811  430.491  336.952  237.359
  131.461   50.029    5.441    5.494   10.082   22.997   44.519   60.756
CT1721:095          -204.992  -120.755   -30.574   61.508   91.821   10.274
  -110.586  -177.645  -213.327  -218.412  -225.151  -239.741  -205.732  -117.697
   63.866  268.964  336.651  321.511  332.501  278.923  158.886   77.514
    -4.266   -73.010   -94.402   -42.073   19.275   42.862   57.045   68.382
CT1721:090          -198.686  -130.164   -56.675   43.110   82.698    2.828
  -127.868  -158.083   -99.582   -18.351    -6.686   -32.275   -75.882   -54.850
   42.662  116.505  197.317  318.748  375.304  326.619  158.746   75.341
   15.268   -51.593   -68.265   -10.084   42.885   55.389   62.637   72.828
CT1721:085          -173.799  -114.708   -49.443   19.192   45.546    -3.552
   -77.068   -57.550   86.227  236.133  247.922  149.150    0.299   -81.167
  -180.391  -208.323  -143.413   99.263  289.384  290.937  250.306  230.750
  150.293   54.242   19.672   24.853   36.437   45.758   57.440   68.178
CT1721:080          -143.256  -101.671   -60.560   -12.586   17.014   10.856
    -8.720   51.767  309.856  652.732  687.292  412.569  136.957   -40.467
  -464.776  -785.360  -691.051  -372.581  -229.824   -11.350  273.903  342.355
  265.560  156.080  107.890   72.137   43.414   44.929   57.050   64.736
CT1721:075          -114.159   -79.252   -48.790   -21.765    -2.683    -6.095
   -19.052   43.446  258.871  486.150  504.201  339.483  132.943   -12.668
  -271.529  -433.613  -371.494   -74.597  144.329  220.283  287.051  312.658
  248.134  145.005   95.658   68.983   46.888   45.116   55.328   62.734
CT1721:070           -96.575   -68.504   -46.799   -28.075   -10.559    -8.258
   -13.005   32.811  169.620  307.843  327.137  259.006  157.091   78.640
   -20.407   -68.683   -33.092  136.303  265.822  298.378  298.917  294.142
  228.807  132.097   86.275   62.577   43.608   43.125   54.980   65.162
CT1721:065          -102.747   -73.451   -47.220   -23.339    -0.290   18.559
   36.394   68.311  122.736  191.348  211.001  195.428  180.000  144.916
   76.404   35.022   54.313  107.076  139.218  198.362  263.563  268.404
  198.872  112.847   75.029   51.764   33.547   40.254   58.128   70.020
CT1721:060          -123.002   -96.707   -67.091   -35.933    -6.661   27.218
   60.420   75.605   45.419   11.212   25.937   85.511  146.065  143.473
   81.405   39.854   59.976  118.033  151.098  183.644  212.017  198.716
  140.699   61.484   25.672   21.050   24.263   34.260   52.697   70.590
CT1721:055          -143.825  -123.098   -94.270   -56.758   -26.602    8.819
   51.608   60.424   -23.866  -127.944  -108.530   26.112  145.830  172.020
  140.795  112.990  136.888  229.277  282.706  265.569  254.403  228.396
  132.131   18.295   -15.403    4.025   19.871   38.527   63.965   85.872
CT1721:050          -143.008  -116.782   -86.008   -52.473   -26.776   -13.840
    -5.972    0.083   -22.988   -37.439    6.848  134.313  263.638  302.038
  298.345  297.995  283.133  241.467  210.367  207.220  200.538  164.357
   89.813    7.135   -22.680    -2.857   22.970   42.790   64.822   86.969
CT1721:045          -132.891  -105.032   -77.201   -46.228   -27.451   -37.588
   -54.192   -35.862   20.340   91.634  159.123  272.107  389.772  430.195
  434.627  443.129  397.788  296.059  241.972  206.549  167.974  118.944
   41.355   -43.441   -67.695   -22.987   18.702   49.165   75.342   94.168
CT1721:040          -119.026   -92.554   -64.921   -37.318   -20.160   -35.504
   -64.863   -34.575   65.097  172.477  247.007  314.821  351.750  399.848
  440.989  414.994  387.264  309.509  243.996  231.986  239.397  190.569
   52.432  -101.293  -136.096   -60.621    7.169   37.458   62.913   90.254
CT1721:035          -103.265   -81.334   -64.576   -54.473   -44.930   -40.106
   -35.294    5.918  109.472  215.524  285.539  369.475  441.177  482.106
  555.480  578.933  490.374  289.564  193.608  244.703  349.108  319.506
   88.207  -172.340  -216.662  -119.395   -19.466   27.869   60.513   87.535
CT1721:030           -88.418   -79.588   -72.412   -65.380   -49.078   -16.985
   20.377   63.318  128.286  193.760  239.476  301.977  349.677  346.415
  364.724  349.617  263.785   71.784   24.017  137.744  329.160  332.878
   98.099  -173.092  -220.253  -105.071   -20.056   14.837   46.497   81.638
CT1721:025           -76.280   -73.824   -66.972   -59.105   -42.539    -2.557
   43.713   79.925  111.253  141.330  159.099  149.102  105.396    5.262
  -186.304  -298.658  -339.395  -329.930  -257.341   -57.892  215.896  254.482
   76.831  -132.574  -172.707  -101.107   -29.960   11.196   41.558   68.551
CT1721:020           -74.086   -69.501   -60.372   -48.380   -30.187    6.959
   46.907   74.704   95.353  117.813  135.957  185.486  193.980    -9.706
  -545.313  -809.572  -743.758  -490.273  -341.821   -99.104  235.303  290.423
   97.988   -76.960  -101.214   -48.926   -20.490    0.299   27.081   55.836
CT1721:015           -60.351   -45.711   -34.368   -32.562   -22.726    2.300
   27.649   50.772   75.164  100.126  131.097  221.322  236.547   31.745
  -417.759  -602.091  -474.592  -118.799   62.755  172.478  287.125  296.665
  146.345    0.771   -33.778   -26.236   -15.643    6.841   27.610   48.464
CT1721:010           -61.158   -46.529   -36.887   -35.354   -27.388    -4.422
   19.872   35.588   46.706   61.540   92.609  174.428  198.310   82.782
  -185.009  -299.363  -138.936  165.704  251.708  199.553   93.876   66.163
   29.977    -4.151    -8.713   -15.081   -11.806    6.010   26.388   45.964
CT1721:005           -41.375   -37.526   -34.053   -29.396   -21.666    -0.706
   25.375   33.191   11.504    -3.934   20.381  102.115  133.103  102.483
   92.364   78.013   76.083  114.818  112.945    3.040  -140.366  -148.077
   -76.056   -19.786    -9.293   -18.846   -14.950    2.124   19.402   36.792
CT1722:360           -48.359   -47.009   -42.968   -35.953   -26.307    -0.605
   28.672   25.622   -26.987   -61.276   -48.880    1.636   26.861   13.618
    -8.898   -65.419  -181.565  -395.927  -472.630  -468.794  -446.012  -392.297
  -242.024   -96.544   -55.517   -38.744   -20.146    -1.804   20.603   41.994
