
filled_synop: 30 data points in equal steps of sine latitude from +14.5/15 to  -14.5/15

CT1743:360           -81.521   -76.064   -71.267   -65.788   -51.209   -17.767
    3.883   -22.718   -64.963   -89.787   -82.346   -65.187   -43.424    -3.827
   19.279    2.726   -16.965   22.698   42.040   13.119   -50.377   -35.945
   30.618   77.256   99.470  107.579   96.992   89.280   87.361   82.903
CT1743:355           -96.597   -85.721   -70.056   -56.180   -38.813    -9.089
    9.194   -10.668   -41.113   -61.597   -57.565   -26.879   14.327   45.897
   63.655   70.414   54.238    3.616   -50.830   -90.774   -76.282   -33.457
   13.773   56.190   90.841   96.541   88.066   84.719   87.002   89.173
CT1743:350          -121.190   -97.227   -73.015   -50.552   -30.614    2.552
   17.861    -2.593   -32.088   -48.645   -48.668    -5.003   87.088  154.070
  160.775  127.442   86.943   15.872    -3.352   21.216   49.844   18.670
   12.438   51.136   95.224   95.423   81.857   82.683   94.826  102.567
CT1743:345          -134.600   -96.993   -59.223   -26.673    -5.054    9.050
    9.702   -10.201   -32.495   -44.381   -34.126   19.332  105.626  144.060
  102.190   35.007    -8.658   -43.611   10.077   92.079  131.416   75.092
   45.662   70.962   98.968   92.466   81.833   87.607   99.399  103.374
CT1743:340          -147.800  -110.962   -68.648   -24.047    3.875    9.509
    -9.685   -42.528   -68.031   -69.972   -52.759   -34.902    -5.970   -17.957
  -115.669  -212.524  -244.322  -203.877   -94.767   12.183   84.965   85.217
   73.778   88.026  106.775  103.528   88.337   83.868   92.327  100.511
CT1743:335          -156.476  -115.238   -66.820   -19.583    1.035    -4.257
   -24.942   -54.894   -81.339   -89.151   -84.214  -106.891  -161.701  -219.402
  -314.246  -434.814  -497.069  -428.054  -310.838  -201.761   -75.798   30.023
   86.089  112.662  124.519  111.053   95.851   93.610   97.300   99.628
CT1743:330          -154.625  -112.426   -67.913   -26.704    -9.920   -18.857
   -34.864   -54.325   -74.802   -92.674  -107.378  -140.192  -195.301  -255.032
  -402.411  -636.005  -786.789  -650.392  -355.902  -150.616   -35.511   40.874
   86.350  111.848  124.292  115.171   98.729   94.157   97.115   96.451
CT1743:325          -154.638  -112.866   -70.358   -31.664   -15.012   -19.906
   -27.789   -37.419   -52.645   -75.676   -89.506  -102.771  -108.174  -147.701
  -330.221  -645.263  -780.988  -565.883  -223.551   31.299  123.014  103.396
   85.371  100.812  113.192  106.176   92.530   86.507   87.679   94.617
CT1743:320          -154.939  -118.059   -81.265   -47.696   -29.849   -26.131
   -31.079   -39.203   -49.535   -64.081   -66.712   -57.451   -61.802   -91.487
  -102.061  -131.827  -213.573  -262.705  -174.523    -5.696   80.468   80.076
   78.716   95.438   98.564   86.228   79.383   85.901   94.782  102.183
CT1743:315          -153.666  -123.000   -90.863   -59.848   -42.068   -37.287
   -43.087   -50.315   -46.827   -30.815   -22.596   -27.689   -53.145   -67.631
   56.708  292.197  260.230   -60.383  -277.389  -258.505  -146.431   -36.049
   42.213   84.583   92.777   85.811   79.436   84.857   96.650  110.658
CT1743:310          -152.938  -128.679   -99.860   -68.287   -45.075   -32.473
   -35.119   -42.435   -39.383   -15.335    1.125    -1.523   -28.190   -23.840
   42.580   78.327    -7.411  -200.563  -429.335  -453.061  -300.836  -119.328
    9.587   75.820  104.861  103.695   91.710   92.993  108.256  122.691
CT1743:305           -92.349   -55.898   -28.372    -9.418    0.640    -5.690
   -22.868   -26.881   -22.091   -11.884    7.514   46.172   61.499   54.874
   43.944    0.654  -132.155  -278.384  -300.334  -237.599  -162.677   -93.581
    -8.665   42.604   63.452   80.069   76.643   58.071   39.611   16.642
CT1743:300           -75.725   -44.818   -20.101    -1.643    9.593    -2.761
   -29.347   -33.173   -20.793    -3.788   15.137   46.221   68.989   71.935
   77.520   36.214   -97.661  -234.954  -267.216  -216.817  -162.276  -120.337
   -40.586   11.465   46.456   80.710   84.872   68.995   50.334   36.336
CT1743:295           -75.875   -51.974   -27.955    -3.085   11.847    1.473
   -26.391   -19.734   15.567   53.498   75.927   94.620  111.430  114.353
  117.409   97.293    -4.384  -127.864  -173.040  -196.118  -186.900  -153.659
   -71.979   -14.818   24.537   65.677   72.156   52.437   45.427   43.762
CT1743:290           -95.341   -68.933   -44.953   -14.546    7.450    -0.261
   -21.978    -6.321   45.749  103.280  143.132  176.363  190.501  192.633
  178.868  166.404  139.196   51.104   28.411   37.002    -4.588   -28.872
   -17.308   -15.518    8.377   60.862   74.915   66.707   61.417   62.518
CT1743:285          -111.934   -79.730   -47.477   -14.328    4.618    -4.542
   -22.263    3.050   86.332  161.296  206.639  271.670  306.160  286.281
  210.542  196.017  396.072  704.599  729.043  475.676  233.201  171.541
   60.849    -8.320    6.265   56.328   76.402   80.267   84.199   90.452
CT1743:280          -125.587   -92.555   -61.226   -22.499    4.513    -0.939
   -23.791    5.536  102.624  194.839  235.981  265.579  268.117  235.814
  152.932  117.449  240.828  411.217  469.905  529.820  544.121  475.741
  211.736   44.750   35.420   73.765   87.386   96.885  106.414  120.214
CT1743:275          -133.713  -100.415   -64.971   -28.323    -6.858   -17.277
   -34.647    -6.497   87.952  187.246  209.109  179.234  152.628   95.635
   18.423   -48.793  -244.265  -431.428  -380.834    -1.230  418.338  423.697
  195.812   71.350   62.478   82.526   93.295  121.937  144.550  156.124
CT1743:270          -136.034  -109.175   -80.434   -41.120   -14.145   -24.212
   -42.155   -17.155   64.723  148.260  144.919   62.606    4.371   -38.432
   -86.484  -128.278  -453.438 -1035.698 -1045.165  -397.960  196.699  260.816
  123.427   51.065   46.127   75.345  101.504  131.905  154.324  169.157
CT1743:265          -133.785  -103.196   -73.939   -45.010   -23.499   -15.980
   -15.605    7.951   58.212  107.917   98.166   21.245   -35.575   -46.118
   -40.753    -9.168   51.061   12.601   24.973  182.156  195.334  141.251
   59.960   16.401   28.323   85.912  108.876  128.673  148.219  167.916
CT1743:260          -136.031  -101.722   -71.982   -45.578   -21.306    0.161
   21.063   43.201   75.463  102.384   94.348   47.288   13.677    8.684
    1.163   57.745  498.375 1391.766 1558.626  857.862  250.672  137.669
   82.182   25.978   20.487   56.745   81.229  112.762  141.549  167.333
CT1743:255          -146.247  -113.438   -80.393   -47.454   -14.737   23.134
   61.662   84.734   98.911  102.262   95.479   72.171   47.440   30.695
   -30.414    -7.406  245.915  575.897  654.445  576.706  405.304  322.027
  177.234   77.143   51.850   63.749   70.856   95.850  130.317  163.795
CT1743:250          -156.293  -124.622   -88.459   -46.101   -12.001   29.474
   73.073   95.015  108.632  116.640  107.732   78.002   54.133   30.784
   -24.304   -13.500    9.656   -22.212   26.289  270.365  465.004  428.516
  251.265  141.498  105.282   77.698   68.441  102.281  134.500  161.604
CT1743:245          -158.395  -121.759   -83.904   -44.908    -9.753   22.339
   51.488   66.235   75.120   76.754   64.180   27.802    -1.485   -12.934
   -32.885   -25.639   -42.134   -76.366   -20.671  173.014  364.738  378.413
  302.246  236.999  178.103  100.614   69.604   88.192  121.287  150.184
CT1743:240          -158.076  -118.404   -82.082   -43.891   -11.416    9.617
   30.300   33.167    9.418   -19.093   -35.170   -55.054   -72.739   -67.526
   -50.936   -36.435    -5.298   63.377  124.815  180.750  260.040  298.622
  317.146  307.744  244.398  137.953   90.887  110.935  131.295  138.384
CT1743:235          -163.158  -121.269   -79.965   -38.298    -9.530    8.408
   25.537   10.243   -58.314  -128.120  -145.527  -124.229  -107.023   -94.459
   -62.884   -38.045   -12.764    8.940   45.822   94.650  132.361  190.279
  285.248  330.020  279.790  164.553  115.580  114.498  117.680  111.016
CT1743:230          -171.155  -129.333   -83.719   -20.515   24.916   34.143
   34.771    9.457   -82.005  -170.358  -191.198  -163.348  -138.864  -121.473
   -92.885   -74.123   -61.787   -56.920   -31.533    -0.802   35.771  104.895
  238.467  310.211  278.143  181.548  124.199   99.519   82.822   72.738
CT1743:225          -165.588  -116.438   -62.217    -2.946   32.880   36.335
   30.303    4.286   -79.468  -165.993  -183.351  -148.768  -121.184  -117.635
  -121.036  -120.885  -125.133  -137.169  -118.084   -73.777   -24.615   42.938
  144.814  200.645  190.231  143.940  118.232   93.799   72.847   58.834
CT1743:220          -144.458  -103.115   -62.953   -12.616   21.621   25.207
   21.462    -4.744   -71.778  -132.705  -144.545  -109.711   -89.148   -98.773
  -127.166  -150.152  -180.769  -216.516  -199.714  -121.562   -38.589   26.003
  105.395  160.778  153.469  118.126   98.500   87.987   78.101   64.199
CT1743:215          -116.426   -78.789   -42.399    -3.808   21.731   25.184
   19.482    -5.434   -66.213  -119.461  -128.552   -85.642   -64.236   -86.698
  -133.474  -174.613  -233.902  -297.250  -282.471  -182.280   -76.322    -6.196
   69.786  123.577  124.370   95.797   85.598   79.864   73.875   64.960
CT1743:210           -90.924   -56.409   -29.142    -3.878   13.591   15.619
   15.849    -3.605   -64.075  -125.702  -134.497  -100.615   -95.000  -118.092
  -158.908  -201.938  -293.316  -408.911  -397.339  -271.522  -137.912   -49.867
   40.012   96.440  100.781   87.416   83.442   75.637   68.273   60.888
CT1743:205           -75.908   -47.882   -25.402    -5.301    7.090    2.219
   -14.156   -36.885   -79.824  -119.473  -129.387  -110.254  -108.523  -143.396
  -197.517  -247.704  -334.136  -431.049  -415.843  -289.619  -169.116   -86.489
    9.684   72.522   79.486   71.323   67.875   62.528   59.812   56.543
CT1743:200           -70.736   -50.927   -31.142   -12.434    -1.337    -9.342
   -26.879   -40.105   -52.424   -61.948   -75.180   -85.278  -104.775  -155.179
  -226.205  -280.130  -349.304  -406.234  -380.050  -261.968  -154.226   -84.598
   -13.245   35.655   45.407   46.111   51.275   50.977   51.506   51.161
CT1743:195           -81.912   -61.065   -41.453   -23.818   -12.398   -22.868
   -45.839   -59.121   -59.410   -56.302   -65.332   -73.718   -97.150  -162.185
  -278.335  -336.932  -375.407  -398.136  -370.427  -257.562  -148.281   -85.709
   -25.930   18.697   41.315   54.606   56.872   52.789   52.560   59.009
CT1743:190           -56.727   -36.971   -21.233    -5.699    0.747   -20.885
   -65.733   -82.703   -67.562   -40.237   -42.724   -55.241   -81.141  -155.585
  -317.373  -406.814  -427.098  -430.011  -400.306  -283.673  -155.042   -87.520
   -36.031    8.877   37.374   52.546   66.057   74.776   89.711  109.228
CT1743:185           -58.954   -37.620   -25.153   -12.192    -4.276   -32.220
   -87.044  -105.845   -87.869   -54.656   -58.397   -66.051   -73.224  -121.478
  -214.456  -258.675  -279.372  -285.434  -273.543  -230.439  -176.000  -127.779
   -63.624   -11.387   19.410   36.774   65.660   93.636  120.639  148.849
CT1743:180           -70.157   -49.396   -30.692   -11.122    -3.832   -31.508
   -78.123   -97.160   -83.389   -55.387   -67.595  -153.657  -235.606  -249.333
  -205.834  -184.875  -183.886  -167.021  -161.010  -177.243  -196.097  -178.547
  -116.434   -60.128   -19.425   18.215   55.616  104.990  149.262  182.680
CT1743:175           -83.955   -68.317   -51.944   -20.607    0.000   -17.925
   -62.396   -83.701   -91.760  -100.553  -114.051  -171.436  -207.335  -196.334
  -128.418   -73.703   -70.138   -63.426   -77.113  -137.640  -202.764  -203.899
  -147.439   -85.107   -40.652    1.062   44.305   92.989  143.413  190.035
CT1743:170           -89.944   -64.342   -36.962    -5.854    9.690    -5.500
   -35.246   -45.029   -64.302   -88.239   -75.950   -42.322    -8.256   38.208
  100.913  119.642  115.167   92.492   39.905   -68.281  -195.011  -220.787
  -155.559   -93.965   -55.409   -12.315   32.090   82.629  134.588  187.869
CT1743:165           -86.071   -60.982   -40.797   -17.852    -2.321   -15.864
   -54.209   -62.440   -54.764   -41.540   22.414  191.169  337.270  396.161
  421.137  396.542  369.924  283.948  188.850   47.482  -145.566  -208.149
  -151.378   -94.873   -64.584   -29.644   11.103   65.241  126.362  189.576
CT1743:160           -68.820   -56.114   -54.876   -57.613   -59.324   -62.294
   -76.246   -61.730    -5.604   57.054  135.139  342.094  524.305  552.675
  514.130  505.502  460.798  392.284  326.023  170.065   -61.288  -143.088
  -123.344   -96.439   -69.328   -34.046    4.182   61.185  127.069  190.329
CT1743:155           -81.860   -77.071   -72.235   -62.949   -56.318   -61.286
   -75.422   -44.040   73.602  213.629  274.015  348.299  401.556  386.827
  263.427  182.052  227.791  371.419  392.807  250.584   34.800   -45.195
   -65.365   -78.059   -65.118   -27.281   12.720   73.878  137.793  197.130
CT1743:150          -101.345   -85.552   -69.264   -54.762   -42.664   -35.438
   -42.770    -9.720  132.280  352.873  399.854  241.634   62.602   27.127
    1.717   -16.262   53.054  227.024  280.831  222.859  123.676   69.981
    6.011   -47.176   -51.028   -19.746   16.098   72.180  137.994  200.687
CT1743:145          -118.159   -91.895   -66.638   -40.578   -16.938    -3.381
    -9.119   15.893  107.902  241.258  248.183   53.671  -154.684  -179.972
   -79.025    9.116   46.338   97.558  121.047  154.177  178.357  152.175
   55.902   -35.526   -40.910    -2.464   28.555   88.031  152.732  204.129
CT1743:140          -117.615   -97.434   -78.174   -61.853   -44.373   -17.439
   14.856   50.394   77.570   80.262   49.638   -62.262  -201.618  -209.416
   -48.131   75.299   80.734   46.124   55.145  116.524  226.021  226.366
  109.858    7.131   -10.684    -3.274   18.057   70.789  135.257  194.620
CT1743:135          -114.236  -100.098   -82.172   -64.293   -42.065    -3.054
   47.035   91.163  138.820  198.356  183.366   46.254   -77.675   -95.473
    -6.436   59.950   37.722   -60.352   -80.043    4.368  143.389  164.913
  100.085   38.041   16.808    5.933   14.096   69.096  131.488  185.236
CT1743:130          -103.185   -90.830   -74.267   -54.989   -31.069    4.318
   46.588   87.141  174.752  295.773  297.361  154.218    5.055   -29.097
    -0.955    7.565   -24.646  -126.556  -152.124  -102.462   -36.519    -6.022
   32.957   52.528   31.603    -9.753   -13.300   41.401  108.199  166.419
CT1743:125          -100.362   -82.430   -63.022   -46.016   -27.032    5.221
   47.069   84.520  160.429  249.261  250.965  166.093   59.849   22.198
    0.862   -14.419   -33.047   -81.021   -79.200   -17.836   73.942  109.298
  106.987   94.509   60.809    -2.360   -22.490   28.157   93.788  154.590
CT1743:120          -105.312   -80.393   -58.402   -36.574   -13.944   11.685
   43.128   63.874   91.847  145.573  149.694   72.019    1.701   -17.957
   -27.560   -37.927   -29.361    -8.260   37.381  151.576  319.129  348.772
  231.380   99.147   45.987    -7.679   -25.207   27.288   97.581  159.769
CT1743:115          -109.828   -77.194   -48.948   -23.272    0.618   15.021
   27.353   28.044   -31.060  -132.377  -165.956  -126.612   -48.822   -42.952
   -70.440   -71.261   -47.427    -8.585   44.973  181.430  397.868  433.642
  271.694  100.820   39.231    0.229   -11.528   43.921  112.908  167.441
CT1743:110          -124.643   -88.040   -54.115   -21.701    4.327   10.285
    3.655    -4.585   -80.443  -220.180  -257.477  -203.307  -156.699  -145.309
   -97.632   -70.346   -49.170   -23.424   15.408  119.542  261.143  280.792
  178.218   61.903   23.260    1.088    -3.044   40.129  101.992  160.194
CT1743:105          -152.125  -115.081   -78.181   -31.688    6.600   14.960
    0.209    2.807    7.856   42.444   67.396   75.209  121.108  110.229
   15.688   -45.114   -26.501   46.635   99.210  131.233  147.942  143.820
  107.542   64.603   39.603   26.368   27.208   68.096  119.615  160.303
CT1743:100          -154.587  -117.029   -77.811   -35.327    -1.640    9.535
    2.880   21.699   74.637  153.114  177.541  199.576  227.241  193.872
   54.473   -49.964   -22.318  100.490  166.611  168.918  146.628  131.943
   89.955   45.307   24.516   10.486   10.370   52.920  109.242  159.724
CT1743:095          -157.582  -120.430   -81.223   -38.688    -2.622   16.594
   10.058   44.755  149.254  290.835  319.735  285.660  213.430  155.921
   58.266   -11.861    9.553  119.891  177.228  165.843  120.982   99.355
   73.695   45.464   30.193    9.818    8.423   49.627  106.973  159.309
CT1743:090          -169.725  -131.285   -89.225   -35.972   10.595   37.860
   33.635   86.715  245.560  527.183  589.904  387.415   80.289   -12.670
    4.693   27.343   36.355   88.584  119.578  103.919   89.121   79.230
   38.520    1.105    1.016   11.554   22.430   68.995  124.011  160.501
CT1743:085          -159.347  -119.651   -79.409   -41.452    -7.739   19.556
   22.734   79.589  285.779  634.068  701.050  412.770    -6.223  -111.922
   -27.333   50.986   49.731   16.246    -7.521   -29.714   -46.618   -53.330
   -32.338    0.728   11.308   15.935   28.568   64.079  108.855  150.805
CT1743:080          -154.412  -117.771   -81.066   -44.862    -5.022   36.624
   58.332  114.123  284.334  564.369  609.423  361.784   10.484   -72.680
   21.717  129.245  120.622   18.396   -54.192   -93.849  -148.169  -166.524
  -100.015   -14.727   10.462   19.227   34.484   69.028  108.115  144.500
CT1743:075          -168.173  -137.223   -99.310   -58.674   -13.337   53.846
  146.820  219.574  299.083  417.966  428.348  260.086    2.797   -46.345
   92.450  218.592  225.775  147.687   68.839   10.277  -111.003  -161.798
  -101.497   -12.960    6.220   19.216   37.179   72.898  108.742  145.348
CT1743:070          -147.179  -117.163   -85.227   -55.026   -16.731   67.046
  214.049  287.299  260.720  150.919  106.889  119.673  131.821  143.475
  196.002  249.939  301.538  437.034  497.444  345.837   61.317   -40.802
   -47.930   -37.451   -32.504   -26.065   -12.198   32.226   92.466  151.667
CT1743:065          -128.024   -95.560   -63.997   -34.075    -7.672   35.756
  125.328  158.195   90.164   -75.452  -119.946   -10.375  186.293  239.660
  164.647  115.412  174.569  349.856  425.802  346.709  156.748   73.653
   29.774    -6.534   -17.450   -19.531   -10.910   44.399  111.861  165.931
CT1743:060          -132.381   -95.457   -56.266    -7.442   26.188   12.368
   -42.935   -80.677  -139.630  -240.464  -255.799  -179.107   -79.146   -36.640
   -11.703    -2.970   50.023  160.542  205.388  202.866  152.945  111.112
   64.915   19.389    -1.290   -18.073   -16.143   31.608   96.998  156.391
CT1743:055          -128.090   -94.297   -61.725   -12.662    6.088   -83.120
  -275.219  -372.979  -372.546  -313.860  -270.304  -231.056  -182.165  -148.660
  -110.267   -71.255   -36.233   28.614   83.801  104.995  121.615  121.720
   89.740   46.436   25.487    1.039    -9.900   25.555   83.582  139.972
CT1743:050          -117.060   -96.681   -84.050   -46.575   -36.741  -152.132
  -440.954  -579.350  -522.641  -322.644  -233.068  -182.239  -131.386  -106.140
  -131.664  -141.120  -125.350   -95.215   -56.329    0.285   95.395  136.947
  133.765  118.240   97.200   44.731   18.339   52.407   98.757  134.970
CT1743:045           -95.367   -85.251   -77.152   -50.874   -54.005  -178.707
  -446.221  -564.282  -477.130  -226.798  -111.925   -95.707  -107.328  -107.014
  -135.011  -161.978  -171.031  -182.974  -175.704   -88.153   61.361  135.037
  155.549  148.011  128.288   65.543   23.747   43.812   87.221  127.806
CT1743:040           -76.072   -82.368   -88.392   -84.115  -101.556  -195.143
  -395.208  -477.999  -380.067  -129.942   -14.795   -21.955   -81.109  -100.041
  -106.686  -145.990  -186.260  -240.893  -273.604  -173.699   25.222  136.381
  180.677  185.267  171.058   90.195   33.809   50.147   94.682  135.364
CT1743:035           -58.564   -82.351  -111.035  -135.787  -164.091  -218.959
  -336.531  -385.276  -301.765   -93.828    3.158   14.930   -19.318   -46.296
   -30.882   -56.163  -155.087  -362.852  -472.579  -363.944   -82.950   88.120
  169.928  209.725  211.911   97.430   28.673   64.543  120.452  153.617
CT1743:030           -34.656   -79.913  -126.793  -175.874  -215.884  -227.677
  -212.920  -194.986  -159.155  -104.394   -68.390    0.726   96.848   58.956
   -71.141  -154.217  -371.801  -927.373 -1143.731  -960.047  -398.792   -81.502
   68.584  181.076  212.333  114.719   39.064   47.881   93.694  144.573
CT1743:025           -28.031   -69.964  -109.992  -165.071  -208.040  -194.064
  -112.923   -64.458   -60.395   -84.209   -82.637   -38.872   61.833    -8.897
  -492.594 -1107.390 -1331.284 -1700.233 -1954.670 -1609.289  -679.156  -253.938
   -56.255  146.510  200.598   88.295   25.989   64.004  119.914  155.267
CT1743:020           -18.061   -64.469  -111.184  -161.320  -191.146  -166.409
   -77.942   -32.797   -46.049  -107.239  -125.711  -113.481   -93.570  -160.137
  -442.487  -785.430  -889.697 -1037.021 -1172.002  -953.819  -497.599  -273.776
   -83.316  131.992  184.940  106.624   47.754   59.393   99.023  141.881
CT1743:015           -26.938   -56.297   -86.531  -126.348  -157.054  -134.909
   -66.002   -33.692   -61.028  -141.738  -171.585  -149.235  -107.507   -96.883
   -16.685  167.611  272.539  732.716 1193.189  859.258  109.504   -91.743
    -4.984  108.686  126.949   81.487   51.060   69.611  101.286  128.989
CT1743:010           -23.805   -44.969   -69.589  -102.875  -125.238  -108.461
   -52.692   -26.909   -54.935  -124.579  -145.304  -124.275   -89.309   -34.377
  110.375  230.568  505.373 1260.012 1587.889 1298.275  456.229   98.960
   73.043   81.806   76.261   73.877   69.457   81.706  100.243  116.643
CT1743:005           -16.541   -35.798   -54.187   -85.309  -112.248   -98.623
   -46.281   -21.839   -39.290   -88.803  -100.789   -78.334   -42.615   16.704
  103.616  198.721  403.559  801.493  944.427  775.489  318.609  115.525
   80.425   73.366   64.223   67.768   66.017   75.611   91.307  106.380
CT1744:360           -16.573   -42.317   -64.824   -86.072   -98.414   -83.414
   -41.886   -22.628   -31.797   -62.020   -62.046   -40.891   -15.579   25.956
   67.327  111.531  182.046  291.678  331.588  253.907   89.215    5.932
   33.153   77.724   77.025   64.424   58.138   71.682   88.102  103.368
