
filled_synop: 30 data points in equal steps of sine latitude from +14.5/15 to  -14.5/15

CT1682:360           79.550   64.955   51.068   38.518   36.384   68.510
   91.684   11.381  -275.200  -482.431  -535.139  -476.766  -419.361  -373.211
  -226.421  -182.490  -255.160  -376.997  -448.441  -481.403  -427.094  -372.156
  -286.938  -154.448   -83.184   -63.722   -43.543   -47.270   -56.467   -57.479
CT1682:355          105.744   82.497   55.110   26.980   13.607   16.968
   12.761   -74.099  -328.131  -484.953  -492.389  -355.309  -264.689  -222.999
  -125.333  -126.137  -238.963  -390.528  -452.626  -452.460  -382.185  -311.778
  -211.055  -104.887   -54.012   -44.638   -31.694   -36.113   -48.868   -61.625
CT1682:350          115.153   80.981   44.906   10.609   -22.320   -56.965
   -73.968  -100.147  -214.939  -250.157  -227.853   -96.213   -24.816   -22.721
    0.917   -51.103  -239.259  -507.757  -572.969  -505.816  -321.734  -228.071
  -151.960   -45.709   -20.619   -21.884   -25.905   -43.143   -62.325   -78.087
CT1682:345          110.151   75.887   41.777    7.602   -29.738  -118.274
  -176.437  -109.265   43.776   73.800  157.692  273.150  243.351  189.905
  121.132   19.185  -232.187  -652.725  -720.138  -560.569  -478.477  -366.668
   -95.856   37.013   23.206    -4.726   -33.454   -55.968   -75.258   -97.826
CT1682:340          103.971   77.309   53.584   20.381   -34.104  -178.844
  -263.972   -32.489  803.231 1412.220 1319.987  744.767  476.389  321.035
  159.679   43.658  -125.791  -389.429  -345.361  213.595  859.767  951.549
  621.208  300.126  176.601   46.313   -48.065   -72.846   -83.766  -101.031
CT1682:335          111.243   82.783   56.299   15.624   -56.331  -221.699
  -307.954   -80.737  658.751 1107.556 1016.935  368.935   -19.085   -30.902
   84.408   61.377   -10.904   -86.990   20.621  715.469 1577.339 1610.305
  884.918  276.005  129.166   24.709   -63.031   -80.068   -78.880   -84.932
CT1682:330          121.953   81.921   45.763   10.661   -49.962  -221.457
  -333.581  -226.181  159.830  429.089  404.972  127.382   -25.650   -24.472
   68.885   48.483   -57.880  -213.559  -222.741   21.703  275.083  310.020
  179.291   36.609    1.039   -38.797   -66.426   -65.605   -63.608   -63.186
CT1682:325          114.852   70.653   29.463   -14.016   -88.145  -240.759
  -342.475  -329.027  -275.739  -195.277   -99.945  152.072  298.819  226.054
  116.386   35.858  -123.656  -357.124  -494.858  -720.074  -970.664  -933.735
  -553.796  -245.488  -168.885  -113.606   -75.453   -67.205   -65.002   -54.633
CT1682:320          127.706   76.384   24.508   -27.395   -77.894  -165.076
  -227.070  -294.788  -538.806  -649.976  -476.458   41.430  268.746  232.813
  116.810   19.054  -127.647  -298.136  -497.563 -1027.820 -1552.193 -1538.764
-1019.315  -539.569  -362.895  -232.304  -113.055   -67.861   -55.235   -41.356
CT1682:315          158.487   86.639    4.585   -83.600  -111.631   -82.537
   -32.858   -58.969  -277.710  -373.639  -272.233   42.858  168.802  133.055
   50.085   -39.065  -124.694  -190.603  -380.914  -956.009 -1500.266 -1522.018
-1116.114  -725.345  -545.501  -306.677  -127.197   -94.152   -77.362   -37.708
CT1682:310          177.294   70.309   -59.448  -189.341  -165.695   13.164
  157.569  286.076  587.750  782.069  671.004  326.604  162.331   70.533
    5.053   -69.812  -116.198  -133.982  -263.276  -589.984  -902.024  -940.959
  -853.171  -738.627  -579.295  -324.455  -152.435  -103.512   -74.861   -42.676
CT1682:305          170.422   55.682   -80.151  -208.601  -129.486  190.921
  471.796  654.068  925.399 1066.560  910.143  416.085  132.168   48.558
    4.196   -78.490  -133.122  -169.946  -242.868  -309.725  -348.117  -343.506
  -274.207  -182.671  -146.338  -149.186  -139.159  -117.714   -77.961   -37.745
CT1682:300          155.388   45.673   -83.610  -217.241  -104.807  325.336
  677.864  844.285  954.310  974.117  881.872  628.189  431.995  272.599
   78.579   -60.069  -143.263  -211.003  -234.826  -152.772   -59.289   17.299
  171.485  264.513  201.101   -33.266  -151.765  -127.524   -79.252   -48.232
CT1682:295          139.018   12.267  -130.241  -233.036   -76.540  428.637
  814.697  928.140  850.266  789.367  810.867  898.144  843.599  595.644
  187.764   -12.448  -125.589  -222.387  -216.095   -67.660   77.791  206.514
  432.510  525.740  417.397   91.352  -125.278  -151.216  -112.124   -72.908
CT1682:290          137.445   49.939   -69.486  -214.188   -95.071  373.698
  729.568  817.010  700.506  599.824  687.231  949.312  974.150  706.241
  200.254    -1.948   -74.999  -138.792  -105.439   96.726  298.458  422.376
  654.945  767.519  591.876  109.622  -139.479  -125.246   -78.679   -73.341
CT1682:285          121.996    -0.702  -135.279  -218.351  -104.491  259.730
  507.971  555.605  506.546  446.309  456.428  536.932  539.684  391.854
   98.645   11.559   25.121   31.105   80.573  237.546  380.335  472.761
  625.975  691.949  534.072  143.281  -113.561  -164.387  -135.622  -103.494
CT1682:280          120.432   43.515   -56.996  -171.674  -128.152  126.630
  278.500  224.830   96.470   32.127  -104.654  -231.324  -207.179  -153.889
   -54.616   28.149  125.572  228.679  285.078  297.005  335.377  392.450
  476.951  521.355  390.394   90.529   -78.724   -94.058   -81.521  -101.147
CT1682:275           96.831    8.223   -86.223  -149.638  -141.853   -26.094
    2.252  -280.375 -1027.088 -1466.591 -1571.477 -1610.887 -1554.341 -1065.079
  -268.867   36.205  106.855  150.251  192.400   94.183    6.995   88.308
  237.927  298.421  236.146   88.121   -42.833  -109.182  -117.111  -121.461
CT1682:270           93.645   15.863   -66.116  -145.958  -202.668  -190.605
  -229.412  -533.178 -1295.514 -1730.475 -1722.213 -1477.940 -1285.151  -912.027
  -312.324   -56.971   -52.302  -123.113   -66.864   40.798  171.499  322.985
  667.325  869.283  712.045  269.650   25.171   -36.880   -72.235  -138.646
CT1682:265           92.494    7.284   -78.365  -153.678  -211.757  -233.772
  -294.265  -462.818  -710.067  -823.034  -844.310  -717.795  -554.342  -405.960
  -195.493   -63.303   -90.274  -165.486   -95.177   99.581  309.108  507.652
  896.359 1108.183  923.955  399.961   69.252   -36.229   -91.628  -165.164
CT1682:260          101.169   13.257   -75.778  -161.004  -229.564  -279.865
  -336.429  -370.163  -351.722  -338.448  -304.324  -232.080  -155.543  -107.823
   -97.890   -53.945   -64.315   -92.498   -20.232  154.809  352.090  552.165
  942.360 1151.746  971.225  452.538  104.066   -40.681  -121.143  -196.302
CT1682:255          109.348   22.625   -65.772  -154.252  -232.041  -324.519
  -395.204  -379.535  -270.732  -218.771  -143.523   -71.211   -32.777   -17.830
   -58.280   -46.346   -22.953   10.279   68.540  103.609  155.613  351.790
  793.912 1007.707  855.286  412.562  156.193   34.784   -78.408  -205.491
CT1682:250          101.233   17.627   -65.840  -151.543  -239.475  -352.164
  -420.919  -390.482  -276.259  -201.443  -121.850   -35.439    3.865   -10.351
   -64.504   -64.846   -30.193    9.223   60.808   98.393  156.962  292.319
  546.286  684.541  614.880  410.377  223.198   62.393   -81.693  -222.979
CT1682:245           97.267   13.556   -68.336  -151.945  -240.846  -365.927
  -438.867  -397.060  -270.196  -179.620  -102.891   -24.585    8.215   -11.401
   -61.665   -68.144   -47.691   -21.345   35.088  132.409  228.346  310.607
  409.453  469.112  424.676  325.426  228.762   85.284   -73.901  -227.508
CT1682:240          101.466   14.651   -68.432  -151.150  -238.943  -382.350
  -460.926  -398.826  -209.090   -82.170   -25.516   28.727   57.913   18.514
   -38.817   -53.482   -55.330   -43.142   15.972  165.619  291.549  334.493
  297.609  276.424  272.394  281.449  228.994   79.198   -79.703  -224.299
CT1682:235          101.103   22.719   -57.838  -143.550  -234.492  -369.553
  -423.929  -336.504  -123.860   19.841   52.564   67.473   80.967   27.836
   -10.940   -39.603   -66.589   -77.042   -29.660  147.623  293.282  309.116
  220.116  181.031  198.429  252.041  242.296  119.955   -47.760  -212.468
CT1682:230           96.362   22.940   -52.145  -130.416  -196.618  -312.518
  -339.521  -223.891   -10.188  136.049  195.937  160.845  124.098   85.092
   49.107   -23.155   -86.297  -120.436  -114.499   -16.822   65.847   85.294
   68.305   79.151  129.153  236.764  245.331   88.109   -88.046  -227.120
CT1682:225          103.421   24.246   -58.511  -143.560  -209.631  -305.281
  -320.288  -111.961  298.716  535.430  651.665  619.513  539.648  431.131
  194.131   36.688   -66.244  -142.878  -182.492  -190.089  -191.094  -169.592
  -126.921   -79.120    8.887  177.016  231.423  125.733   -37.975  -195.167
CT1682:220          105.846   32.308   -47.180  -133.549  -187.823  -259.507
  -261.589   32.775  607.435  940.392 1239.376 1509.248 1525.953 1090.119
  384.006  114.068    -9.078  -108.517  -185.326  -273.606  -334.303  -329.683
  -270.702  -193.721   -78.664  126.255  191.067   72.266   -68.253  -185.120
CT1682:215          106.192   25.522   -56.885  -133.241  -176.557  -221.125
  -236.657   -50.284  477.482  878.882 1232.093 1965.828 2181.649 1434.217
  450.652  163.305   77.592   14.684   -79.277  -231.031  -336.922  -340.330
  -298.771  -244.390  -130.212   85.084  169.265   91.447   -37.465  -163.511
CT1682:210          120.134   36.350   -58.438  -151.444  -193.805  -194.318
  -190.932  -344.570  -870.446  -973.158  -335.903  783.304 1089.624  789.463
  351.364  197.599  142.952   96.761   19.168   -90.279  -170.101  -180.086
  -164.250  -132.742   -52.504   98.898  137.202   34.327   -77.946  -167.274
CT1682:205           88.239    5.389   -78.567  -140.588  -172.355  -179.818
  -189.334  -437.969 -1093.212 -1277.213 -1050.090  -804.084  -735.996  -222.670
  256.675  285.566  205.602  123.592   73.738   58.674   41.030   42.618
   75.334  102.927  120.473  124.559  111.088   44.017   -48.806  -140.450
CT1682:200           59.827    4.722   -64.152  -125.665  -106.894   -63.639
    5.550  117.513  361.613  519.181  358.725  283.993  317.747  258.373
  389.750  384.234  257.880  143.530   93.701   81.531   70.277   91.775
  171.750  211.493  201.017  133.525   89.681   23.504   -49.375  -121.651
CT1682:195           46.571    0.343   -63.409  -123.818   -57.605   87.698
  286.686  742.242 1547.005 1827.240 1503.104  782.651  475.275  405.025
  316.929  230.811  179.105  111.728   40.082   -58.726  -123.902   -83.348
   63.582  142.376  155.509  124.546   87.898   17.721   -56.262  -124.654
CT1682:190           12.927   -41.110  -101.586  -117.108   48.960  310.665
  597.885 1233.281 2296.770 2609.630 2197.621 1302.917  892.931  574.349
  254.608  113.710   87.833   38.521   -57.858  -245.360  -387.812  -329.107
  -135.334   -32.206   22.207   74.209   92.188   34.788   -47.485  -123.691
CT1682:185            -4.115   -13.457   -56.407   -99.685  125.620  588.041
  936.124 1440.821 2336.067 2608.990 2047.532 1099.482  739.411  479.685
  305.780  178.690   67.399   -52.270  -142.967  -206.709  -269.506  -281.976
  -283.705  -240.114  -120.216   59.586  117.707   29.553   -60.912  -127.979
CT1682:180            -9.413   -61.485  -114.833   -93.793  156.350  624.825
  880.605  854.454  623.222  515.795  365.488   45.874   -96.705   59.454
  216.148  158.101   68.124   -25.410  -141.580  -222.438  -252.012  -303.489
  -356.394  -292.732  -144.912   49.674  140.965   86.350   -17.268  -119.213
CT1682:175            3.538    -5.508   -42.098   -69.965   82.571  476.834
  636.543  287.632  -569.607  -835.761  -580.878   -76.974   43.108   85.654
   89.706   24.734   -19.027  -123.701  -342.210  -789.216 -1015.702  -948.545
  -590.331  -322.428  -142.411   69.394  154.138   48.328   -57.548  -136.166
CT1682:170            6.797   -25.195   -61.470   -46.473   92.236  358.092
  420.439    9.704  -830.790 -1060.425  -509.420  520.250  781.464  463.331
  103.999   -21.545   -54.336  -126.595  -472.149 -1414.272 -1897.179 -1633.795
  -759.607  -267.070   -82.935   97.096  176.798   91.728   -26.297  -140.131
CT1682:165           28.827    -1.378   -37.883   -41.718   47.319  247.567
  296.609   64.979  -376.400  -466.690  -127.975  485.514  648.605  450.239
  245.102   81.887  -167.009  -308.749  -597.399 -1410.177 -1767.731 -1412.374
  -485.617   -19.416   95.018  195.630  192.672   71.720   -55.054  -171.259
CT1682:160           51.373   31.479    -0.400   -23.833   22.561  153.444
  196.710  125.019    -5.815    -1.182   14.844   25.071   50.257  117.697
   93.356   -77.876  -535.110  -898.452  -817.616  -467.606  -265.624   -30.279
  276.275  371.266  323.127  255.746  180.411   47.954   -86.886  -207.367
CT1682:155           39.715    9.613   -21.440   -32.448    1.500   61.826
  105.436  154.886  162.756  183.952  301.358  331.723  334.689  438.293
  435.162  248.577  -368.915  -798.659  -257.821 1740.155 2894.847 2589.801
 1359.914  811.445  602.835  359.853  177.079   50.975   -82.114  -213.789
CT1682:150           31.942   22.960    7.509    -9.060   16.389   65.580
  116.227  318.641  688.231  822.593  937.407 1116.461 1146.940  957.335
  800.166  620.454    -7.460  -333.450  116.955 1606.511 2424.824 2252.355
 1303.985  832.723  608.469  362.703  179.903   54.411   -78.923  -217.061
CT1682:145           27.741   22.793   16.210   10.244   20.965   26.326
   43.225  219.813  534.651  615.000  540.730  419.584  403.978  358.149
  272.397  181.310  -196.291  -436.241  -184.499  429.244  750.895  848.915
  750.683  613.821  487.554  378.678  241.197   91.359   -62.293  -210.875
CT1682:140           31.845   24.648   17.656    1.924   -26.932   -48.086
  -100.277  -172.996  -196.769  -271.066  -573.127  -893.406  -888.586  -611.930
  -357.948  -282.783  -331.488  -352.172  -271.135  -206.917  -117.083   35.334
  287.967  383.524  348.807  314.820  248.474  112.726   -44.840  -198.227
CT1682:135           53.019   30.061   14.634    -3.488   -71.213  -137.482
  -239.882  -646.554 -1319.197 -1603.725 -1791.545 -2014.565 -1933.387 -1257.217
  -579.862  -378.060  -244.131  -106.202  -106.199  -270.593  -274.891  -184.457
   50.098  174.719  218.807  290.914  257.407  101.361   -52.656  -186.436
CT1682:130           59.554   29.426    0.281   -36.842  -147.072  -303.274
  -447.059  -768.404 -1268.232 -1506.034 -1575.739 -1593.198 -1479.980  -987.414
  -464.960  -256.198   -93.024   38.548   42.668   -82.257  -113.107  -105.511
   -73.241   -22.690   62.557  199.801  217.632  111.061   -22.417  -152.138
CT1682:125           57.517   17.058   -26.886   -66.998  -124.450  -223.623
  -313.410  -257.555   19.422   49.487  -287.284  -466.963  -436.796  -387.158
  -215.383   -99.700   -16.512   45.582   81.672   68.513   55.438   30.384
   -26.891   -23.715   50.368  176.938  183.765   74.903   -34.891  -131.390
CT1682:120           52.883    7.236   -42.107   -87.130   -71.132   14.213
   33.859   24.887   -17.429   -51.335  -157.790  -330.426  -346.476  -245.103
  -162.058   -99.846   20.262   96.271  141.571  170.793  169.723  131.195
   36.177   12.359   69.967  167.095  171.944   78.430   -27.200  -123.565
CT1682:115           62.306   11.430   -40.965   -84.476   -45.225   63.802
  104.513   96.235  -112.042  -130.576  147.537   26.413    -6.908   99.701
   -44.303   -73.366   64.049  149.660  179.785  202.250  201.090  177.587
   85.664   62.368  115.287  187.989  183.072   96.812   -13.587  -119.342
CT1682:110           81.262   32.486   -14.430   -65.315   -98.831  -124.945
  -145.797   76.444  649.184  959.658 1367.788 2235.954 2265.748 1022.321
   64.663   -68.466   10.445   70.307   45.360   56.826  107.160   96.319
  107.624  139.364  166.069  194.124  174.990   71.148   -32.731  -118.885
CT1682:105           85.144   36.616    -6.730   -62.465  -191.005  -405.201
  -516.870  -549.132  -674.114  -589.429  192.204 1073.177 1174.214  567.954
   56.772   -67.926  -233.263  -334.149  -359.056  -383.975  -367.504  -258.170
   -51.924   37.076   87.044  150.153  149.792   74.839   -14.339   -97.283
CT1682:100           90.603   43.643    0.097   -78.480  -275.710  -539.778
  -723.544 -1033.789 -1437.759 -1465.303 -1083.553  -614.259  -440.487  -209.942
    -2.615   -42.613  -359.391  -540.995  -541.710  -512.863  -459.168  -367.379
  -147.385   -48.056    9.846  110.943  132.102   73.590    0.111   -71.485
CT1682:095           91.878   32.019    -4.526   -58.281  -282.702  -653.849
  -878.987 -1227.930 -1729.039 -1841.329 -1973.889 -2418.953 -2211.776  -903.635
   -45.221   22.553  -257.155  -422.211  -322.959  -235.217  -255.544  -172.863
  -148.114  -166.931   -82.001   88.494  114.961   55.808    -1.173   -52.924
CT1682:090          114.482   73.565   27.212   -67.637  -266.023  -524.011
  -669.444  -681.187  -549.849  -518.271  -668.158  -562.072  -440.280  -301.267
   -27.607  135.331  344.196  545.650  703.692 1198.595 1436.701  999.368
  178.762   -84.145   -52.109   59.537   81.347   51.815    2.933   -46.247
CT1682:085          126.093   44.567   -13.479   -89.487  -257.595  -530.916
  -633.796  -449.350  -138.895   -46.100   -46.403   -78.281   -23.684   10.976
   58.641  151.316  208.075  253.874  450.599  770.863  823.287  700.421
  350.958  176.162  118.178   87.929   59.046   32.562    -0.446   -35.179
CT1682:080          143.252   33.830   -70.021  -187.411  -359.236  -587.052
  -653.349  -472.816  -203.376   -98.076   -80.696  -119.586   -81.646    -8.508
   45.461   82.463   52.928   60.513  137.698  217.770  222.627  223.962
  185.643  122.557   97.889   86.528   60.909   29.114    -7.551   -40.972
CT1682:075          174.308   38.730  -102.309  -244.136  -409.251  -605.386
  -633.097  -469.944  -227.302  -113.224   -79.603   -84.351   -55.135    4.304
   39.879   48.958   26.268   28.930   30.909   43.137   51.642   28.523
   24.570   13.012   16.601   44.927   50.131   26.542    -7.428   -38.714
CT1682:070          196.830   36.088  -144.297  -304.524  -425.880  -587.724
  -587.305  -336.319   17.719  151.056  175.229  165.777  170.326  166.008
  152.410  134.972   97.366   73.549   49.680   38.684   22.520   -44.867
  -141.308  -164.448  -102.040    -4.240   18.362    -2.406   -19.290   -30.847
CT1682:065          190.381   22.550  -150.565  -295.358  -372.554  -419.084
  -363.796   -71.184  322.287  464.888  446.814  391.614  373.592  328.996
  285.314  241.231  153.112   90.996   61.252   45.238   12.471   -78.846
  -215.671  -245.823  -168.270   -34.734   12.416    -0.700   -19.044   -31.629
CT1682:060          176.739   30.412  -119.849  -235.986  -267.023  -276.194
  -213.792   79.024  436.917  548.632  478.950  388.209  359.499  320.108
  293.776  240.360  139.899   73.479   40.029    6.738   -36.983  -122.953
  -251.981  -277.299  -186.907   -46.104    5.086    -4.899   -24.745   -39.357
CT1682:055          171.817   73.137   -42.189  -146.404  -144.811  -102.278
   -48.150  109.112  318.363  387.286  272.466  156.584  133.690  119.865
   94.746   72.277   60.526   33.809    4.147   -40.463   -86.576  -138.129
  -220.084  -232.049  -153.580   -36.699    -0.757   -23.003   -38.811   -43.537
CT1682:050          139.085   47.587   -45.647  -117.569  -127.385  -108.947
   -89.436  -126.473  -184.352  -156.149  -110.348   -67.105   -69.566   -74.479
   -98.800  -117.541   -74.734   -69.256   -78.795   -63.397   -72.946  -115.215
  -189.455  -192.740  -136.175   -51.202   -11.706   -13.652   -29.187   -42.582
CT1682:045          121.395   55.095   -16.074   -82.459  -154.641  -261.295
  -265.904  -260.542  -286.605  -218.397   47.396  253.309  225.530   89.505
   -25.768  -127.746  -237.996  -293.557  -306.594  -216.211  -172.509  -206.600
  -256.907  -234.070  -148.115   -50.079   -18.418   -29.715   -38.860   -47.555
CT1682:040          128.889   81.143   25.010   -43.717  -158.251  -312.922
  -292.890   -16.763  363.476  513.081  582.670  636.722  553.089  295.819
   92.885   -82.893  -386.692  -567.391  -570.593  -523.749  -497.544  -397.301
  -238.389  -160.778  -106.121   -46.874   -16.247   -15.954   -20.785   -25.123
CT1682:035          122.849   77.372   32.555   -20.738  -129.019  -291.929
  -217.653  321.312 1004.620 1191.790 1041.975  848.282  699.883  397.560
  147.091   -28.900  -264.566  -408.348  -482.376  -576.266  -589.633  -440.825
  -199.783  -104.376   -62.975   -32.529   -14.607   -17.608   -21.484   -22.848
CT1682:030          131.353   95.664   61.109   23.621   -48.668  -197.380
  -117.859  433.465 1158.847 1318.515 1062.490  809.726  635.432  296.738
   35.573   -47.468   -25.018   -50.901  -134.187  -247.593  -279.957  -228.653
  -121.601   -69.422   -48.111   -36.982   -22.412   -28.594   -32.804   -30.061
CT1682:025          117.144  100.270   75.801   39.944   -10.284   -75.226
    -4.775  207.560  412.277  481.283  485.519  413.569  284.968   83.477
   -59.306   -52.660  132.245  189.849  132.093   28.758   -25.242   -68.714
  -137.763  -138.018   -97.608   -62.934   -41.234   -33.353   -25.219   -12.819
CT1682:020          106.289   87.478   68.331   46.284   17.734   -17.247
   29.017  123.144  121.685  125.600  114.383   -40.281  -119.731  -144.838
  -187.598  -140.646   54.272  112.898   66.538   -32.284   -90.071  -131.702
  -194.500  -190.385  -133.491   -74.253   -37.868   -22.540   -13.275    -2.434
CT1682:015          109.234   87.703   62.895   40.925   29.665    1.560
   40.561  409.897  963.404  956.827  367.990   35.352   -74.268  -173.761
  -188.134  -170.243   -83.862   -70.978  -121.871  -234.934  -289.677  -282.967
  -252.173  -213.111  -133.774   -45.425    -7.215   -10.261    -8.899    0.020
CT1682:010          100.004   80.095   59.726   42.428   28.442   14.382
    -1.524   15.043   35.072    -4.280  -159.078  -312.869  -313.250  -238.157
  -206.960  -204.439  -181.122  -201.576  -312.223  -492.451  -553.013  -499.406
  -381.107  -301.077  -192.835   -73.835   -11.589    5.819   11.417   18.516
CT1682:005           94.381   79.134   64.150   50.087   36.051   40.995
   -38.378  -476.201 -1022.469 -1054.928  -526.874  -108.003   -90.257  -173.529
  -190.265  -194.644  -182.114  -221.960  -377.217  -635.273  -716.795  -624.852
  -464.997  -367.677  -235.282   -93.749   -29.301   -19.637    -2.455   22.524
CT1683:360           88.796   65.769   44.282   34.162   62.986  118.539
   38.693  -325.320  -665.524  -697.562  -452.980  -210.788  -143.382  -115.568
  -105.145  -118.687  -121.574  -173.577  -335.573  -572.041  -647.742  -593.581
  -458.499  -361.270  -249.416  -130.917   -59.587   -23.802    8.010   41.019
