
filled_synop: 30 data points in equal steps of sine latitude from +14.5/15 to  -14.5/15

CT1658:360          146.849   89.494   32.292   -12.398   -62.768   -83.764
   -58.093   -25.032    -3.173   40.169   70.659   62.557   32.602   25.290
   31.548   40.109   44.382   52.721   50.482   21.720   -61.793  -163.125
  -184.484  -136.428   -64.903   -39.705   -41.935   -46.635   -46.674   -48.098
CT1658:355          131.511   79.227   31.349    -3.079   -32.438   -40.390
   -11.104   35.659   47.283   44.209   52.328   42.160   23.712   17.064
   23.344   40.969   47.163   42.342   35.661   28.110    -7.208   -52.689
   -65.453   -51.361   -32.404   -38.993   -51.732   -63.156   -76.235   -90.146
CT1658:350          136.529   94.938   49.759   27.750   10.793   17.293
    6.422   15.187   23.022   30.654   40.784   17.089    7.652    -3.375
    -3.358    8.631   14.305   17.339   17.294   39.316  115.480  191.591
  188.936  116.447   28.759   -13.131   -41.705   -68.465   -99.861  -133.917
CT1658:345          128.524   83.209   40.304   12.973    -8.083   13.656
   76.423  104.316  129.088  136.572   87.639   53.434   26.951    -5.247
   -18.152   -16.024   -11.734    9.620   34.814   77.986  206.856  345.418
  351.828  240.346   92.550   21.650   -20.295   -59.303  -101.569  -143.925
CT1658:340          142.045   97.846   54.534   36.560   11.845   88.073
  424.165  725.558  749.185  539.760  348.829  235.029   75.085   -12.654
   -27.770   -10.068    -4.021    9.285   28.442   76.844  212.790  362.695
  378.072  266.842  114.210   40.250   -10.044   -58.341  -108.209  -156.044
CT1658:335          159.493  107.869   64.316   49.126   15.326   74.784
  651.897 1337.695 1360.498  907.137  644.634  474.753  132.236   -21.685
   -32.957    0.138    3.686    -0.761    -5.641   37.485  161.115  285.724
  305.318  233.742  125.171   56.719    -5.495   -65.263  -121.750  -177.894
CT1658:330          137.374  101.357   71.341   54.725   42.945   50.695
  102.904  161.504  245.903  449.697  548.745  419.900   99.569   -30.997
   -34.835    -5.599    -3.758   -16.862   -35.828    -9.160   65.251  150.559
  180.817  171.753  145.721   98.256   22.930   -53.769  -123.372  -191.820
CT1658:325          142.950  113.129   86.672   64.889   50.122   -50.400
  -483.023  -904.090  -836.217  -292.219   65.114   90.720    5.328   -25.386
   -22.261    -3.877    -2.027   -20.342   -43.899   -25.086   28.434   91.863
  123.885  147.769  165.881  132.788   51.195   -41.592  -126.126  -206.866
CT1658:320          142.524  118.468   88.828   58.548   71.860   -48.069
  -741.798 -1497.452 -1430.531  -696.278  -319.493  -190.869   -50.143    3.150
    -1.122    -4.552    -5.643   -21.844   -37.321   -19.088   31.727   94.161
  123.431  149.326  176.296  144.380   48.651   -54.756  -136.604  -212.905
CT1658:315          146.088  125.834  109.255   92.583   78.623    -2.714
  -196.565  -333.056  -353.148  -265.954  -148.769   -81.660   -15.727   20.785
    8.448   -21.575   -25.781   -19.208    -6.646   14.344   56.101  102.994
  125.355  141.012  153.827  123.822   42.023   -50.436  -127.615  -200.250
CT1658:310          147.124  129.947  111.425   85.733   56.665   15.887
    0.273   -21.340   -29.664   -40.767   -29.957    -3.517   12.846   24.315
    8.450   -24.380   -28.230   -14.519    7.433   27.900   58.209   88.204
  105.166  117.874  122.275   94.358   32.345   -36.680  -107.062  -183.310
CT1658:305          142.304  122.456   97.497   61.272   15.225   -15.479
    -3.324    -3.122    -5.667   -17.331   -26.682    -8.313   12.325   19.520
    4.312   -23.063   -25.894   -11.419    2.457   19.737   50.813   81.449
   94.482   99.294  101.524   76.841   21.108   -40.447   -99.926  -162.548
CT1658:300          123.858  108.863   91.248   54.155    3.510   -23.428
   -18.300   -11.590    -9.694    -9.634   -10.915    -6.077    -6.140    -8.080
    -4.185    0.756    3.884    8.883   17.968   28.827   39.631   50.413
   59.339   71.191   81.394   60.657    7.241   -50.716  -103.999  -157.521
CT1658:295          120.444  108.891   98.890   58.970    -3.400   -31.859
   -28.457   -23.283   -15.771    5.812   14.362    9.099    -7.188   -14.832
   -10.893    -3.871    0.110   11.223   30.351   37.568   28.079   23.856
   29.280   45.325   62.440   43.734    -8.687   -65.164  -114.417  -162.661
CT1658:290          135.845  123.382  102.049   59.636    0.178   -27.345
   -16.114    4.222   12.025   22.984   27.617   21.253   10.361    3.810
   -12.562   -34.337   -36.268   -18.828    2.856   12.919   11.484   10.869
   16.457   30.594   46.807   30.975   -16.045   -64.803  -106.252  -146.153
CT1658:285          135.375  123.252  103.262   60.870    0.955   -27.233
   -14.179    7.148   11.476    8.120    5.809    3.607    2.276    -2.941
   -21.444   -47.945   -52.846   -42.931   -35.013   -23.413    -1.885   14.550
   22.566   33.763   44.894   28.324   -15.617   -62.743  -103.216  -141.121
CT1658:280          129.106  112.976   99.326   58.179    -3.496   -30.633
   -21.539    -6.267    -2.812    -5.496   -10.042    -9.068   -12.390   -21.078
   -25.925   -33.425   -36.866   -38.127   -26.544   -13.237   11.412   37.308
   45.558   42.386   33.525   14.312   -24.762   -63.978   -98.784  -133.728
CT1658:275          145.310  125.648   99.656   54.056    -7.655   -33.916
   -21.169    -1.094    6.900   18.458   23.600   16.355   12.882    8.779
    -8.379   -25.545   -29.098   -23.317   -18.456    -7.531   27.592   66.292
   71.609   49.269   26.307    6.845   -26.264   -59.540   -89.078  -118.452
CT1658:270          147.260  129.339  103.116   60.989    8.251    -6.678
   18.871   51.550   58.866   59.329   63.640   29.991   -14.045   -32.319
   -23.883    -8.703    -8.147   -12.404   -17.241   -13.497    -7.118    -3.249
    3.413   13.030   16.961    3.202   -26.629   -58.474   -88.974  -119.467
CT1658:265          136.417  121.683  103.862   66.460    6.022    -7.930
   31.302   74.306   84.260   62.469   38.681   20.438    -8.372   -29.171
   -21.670    2.676    3.847    -5.898   -17.462   -19.256   -23.603   -25.265
   -17.659    2.091   23.765   14.517   -20.613   -55.196   -86.448  -119.183
CT1658:260          127.756  115.539   96.208   54.226    3.344    4.758
   68.468  129.573  157.910  157.433  122.016   89.894   27.584   -13.233
   -19.228    -5.135    -7.901   -11.110   -13.811   -14.243   -19.358   -25.895
   -13.764   20.030   47.013   36.585    -4.763   -52.660   -94.499  -133.454
CT1658:255          110.693  101.974   95.978   69.405   16.499   23.562
  140.296  255.449  302.684  376.366  401.846  281.367   66.730   -13.166
   -23.161   -15.470   -23.698   -28.064   -30.576   -28.790    -7.036   12.491
   27.936   54.510   70.075   55.414    2.019   -53.607   -99.915  -147.281
CT1658:250          114.592  107.341   94.458   61.285   18.495   26.376
  125.869  236.624  289.257  360.281  374.480  285.862   90.545    6.119
   -10.197   -14.696   -31.442   -53.794   -79.585   -84.560   -45.008    6.670
   21.714   30.972   47.429   44.685    5.921   -44.415   -87.258  -128.179
CT1658:245          117.548  110.685  102.421   77.445   35.063   22.292
    -0.463   -31.955    9.584  157.262  215.141  163.632   84.456   49.390
   22.736    1.397   -18.720   -47.550   -77.986  -106.789  -186.418  -253.557
  -227.703   -98.709   23.685   42.396    7.610   -31.656   -65.158  -101.380
CT1658:240          114.733  100.250   86.387   73.196   63.728   57.345
   48.384   52.173   18.288   -75.929  -113.048   -73.486    8.007   22.220
   25.971   33.055   20.683   -13.041   -48.856   -87.336  -199.669  -294.271
  -276.794  -144.994    2.501   34.213    6.275   -30.020   -62.352   -96.399
CT1658:235          113.633   99.103   83.304   80.406   80.830   82.886
   84.186   83.601   27.074  -130.906  -207.996  -164.772   -40.597    3.017
   15.568   25.379   21.744   13.575    -1.442   -19.203   -49.771   -82.348
   -76.714   -31.788   15.384   14.954   -12.527   -38.752   -63.066   -91.022
CT1658:230          101.873   86.401   69.500   65.801   77.343  101.942
  138.368  164.189  123.523    3.681   -79.657   -94.054   -40.577    -9.455
    2.090   11.558    8.914    0.749   -12.672    -0.347   83.021  152.099
  160.097   98.261   18.845    -6.096   -25.325   -47.309   -67.411   -86.655
CT1658:225           86.019   70.726   60.493   54.242   42.273   71.536
  217.206  337.970  310.869  161.534   38.929    -5.300   -15.228   -15.555
   -13.724   -13.554   -28.544   -64.667  -104.261   -93.997   33.737  175.213
  201.767  134.821   34.993    -0.386   -24.551   -48.041   -66.921   -83.587
CT1658:220           81.160   71.652   60.570   60.977   61.264  114.184
  359.252  585.617  532.261  208.869   12.386   -22.943   -20.538   -28.208
   -35.046   -41.267   -70.322  -153.147  -243.744  -257.513  -171.666   -56.839
   -13.334    -4.496   -10.039    -4.417   -19.632   -41.213   -58.406   -74.830
CT1658:215           70.743   61.687   55.155   60.325   68.570   76.656
  195.877  336.222  278.512   40.781   -73.376   -81.629   -57.368   -57.880
   -57.467   -54.552   -86.801  -195.881  -314.805  -360.431  -402.670  -416.404
  -362.463  -196.655   -35.098    5.541   -14.291   -34.675   -45.294   -57.371
CT1658:210           92.633   86.145   78.862   80.573  103.594   87.164
   -83.007  -245.993  -232.955  -129.279   -90.083   -86.375   -71.832   -71.337
   -69.028   -49.824   -78.640  -198.083  -351.428  -427.344  -518.519  -565.416
  -511.065  -310.557   -71.194    5.786   -11.835   -42.324   -63.373   -83.468
CT1658:205          117.619  105.995   96.104   88.879   83.370    7.341
  -273.567  -504.644  -453.223  -153.725   -13.244   -11.560   -58.112   -82.945
   -77.915   -50.450   -68.073  -119.536  -170.522  -241.908  -430.160  -564.058
  -527.241  -303.763   -63.007    -7.577   -38.068   -67.993   -82.670   -99.084
CT1658:200          124.153  115.087  107.362  100.540   80.134   20.270
  -194.036  -391.446  -290.261  119.176  280.904  200.842   -16.325   -86.140
   -77.447   -54.506   -55.430   -18.438   13.304   -31.611  -183.174  -291.037
  -285.628  -204.715  -104.682   -67.849   -76.378   -90.568   -99.784  -107.517
CT1658:195          113.967  107.578  104.507  136.483  196.170  176.066
   75.833    4.697   53.422  308.813  458.976  317.278   39.630   -44.291
   -49.855   -39.315   -30.706    2.908   24.309   56.177  159.706  240.167
  212.856   81.015   -36.590   -76.435   -81.574   -81.715   -84.562   -86.530
CT1658:190          103.446  100.342   95.757   87.590   91.743   66.129
    -9.508   -83.034   -85.562   -97.246  -103.174   -42.932   -23.637   -34.288
   -20.435    3.491   12.254    6.687   12.932   88.207  311.341  476.041
  460.377  257.557   41.410   -31.758   -50.897   -62.310   -79.117   -97.650
CT1658:185          127.485  109.681   86.976   35.685   -42.231   -94.509
  -143.538  -193.256  -195.222  -168.653  -134.809   -83.638   -17.472    0.371
    2.920    5.883   11.493    4.005    3.553   77.341  292.316  477.477
  474.009  295.968   94.478    8.126   -19.160   -46.635   -81.710  -113.659
CT1658:180          141.189  113.143   73.021   -14.063  -122.383  -182.692
  -205.162  -209.102  -206.314  -170.982  -117.682   -67.893   14.164   47.291
   38.320   20.825   20.155    4.363    -4.400   54.686  223.108  365.203
  367.387  241.305   99.072   31.010    -6.915   -42.543   -83.421  -125.116
CT1658:175          128.359   98.332   71.019    -4.396  -107.271  -158.563
  -214.722  -256.906  -240.505  -168.406  -108.819   -55.631   52.810   90.652
   61.303   26.963   22.358   10.630   11.888   54.206  151.649  230.093
  237.103  186.497  124.891   70.574   19.033   -33.126   -85.952  -140.102
CT1658:170          138.951   98.053   48.881   -15.462   -88.115  -123.135
  -117.085   -92.989   -77.930   -80.204   -66.396    -7.742   63.350   73.359
   50.305   20.253   12.799   20.552   36.703   59.954  102.802  143.953
  152.072  137.848  114.577   74.435   19.080   -39.458   -95.109  -149.580
CT1658:165          130.584   88.898   44.571   -15.081   -83.277   -86.210
    -1.072   87.058  141.614  192.368  218.085  194.039  135.452   97.238
   60.942   21.537    7.488   21.478   34.837   43.985   63.754   84.223
   89.498   89.531   87.242   61.593    6.640   -49.564   -97.932  -145.670
CT1658:160          134.627   95.276   54.118    -1.372   -87.726   -75.794
   81.264  226.143  305.954  389.090  414.956  344.249  206.877  138.920
   90.620   54.209   34.366   34.403   33.825   27.247   10.392    4.855
    7.816   28.466   51.941   37.287    -4.710   -49.527   -93.316  -138.782
CT1658:155          123.525   97.163   61.762    -2.907   -79.470   -53.157
  125.437  289.281  386.184  497.944  529.840  415.732  202.418  105.981
   74.776   55.523   35.829   37.926   41.636   21.561   -61.800  -134.611
  -123.205   -41.869   27.797   27.441    -7.380   -43.081   -76.840  -113.076
CT1658:150           98.746   90.275   84.319   31.575   -73.450   -59.651
  113.918  267.760  359.580  449.817  464.391  373.015  193.322  106.372
   57.792   27.593    9.047   20.579   29.203   21.256    2.015   -15.756
   -12.916    4.661   15.942    9.389   -14.052   -37.937   -63.166   -91.460
CT1658:145          102.501   79.177   49.748    -2.388   -66.317   -75.733
    -9.293   81.136  172.845  333.514  402.637  320.497  138.099   58.381
   28.836    7.382   -12.027   -16.292   -22.932   -23.326   32.648   88.024
   89.425   62.191   41.288   30.525    -2.065   -41.874   -76.527  -110.186
CT1658:140           97.469   69.295   39.618    3.945   -32.144   -77.986
  -236.259  -351.260  -234.096  126.811  280.436  221.910   86.337   40.460
   31.650   38.748   19.461   -30.650   -81.884  -105.426  -127.327  -143.989
  -121.491   -30.536   42.843   46.167    -2.480   -50.868   -89.253  -130.229
CT1658:135           98.234   71.137   43.683   17.499    -6.599   -61.641
  -232.398  -351.233  -290.390   -56.264   68.416   71.191   27.564   10.203
    9.988   17.986    8.596    -8.865   -30.378   -85.751  -243.994  -356.626
  -328.328  -158.630    2.738   32.750    -6.474   -54.002   -93.892  -131.539
CT1658:130          106.753   76.490   46.950   21.717    2.410   -41.683
  -155.620  -250.937  -242.997  -157.111   -95.206   -62.717   -34.884   -22.150
   -14.015    -4.175    -2.223    5.485    4.303   -49.931  -234.546  -384.044
  -368.187  -187.972   -13.224   10.045   -31.928   -68.298   -96.282  -126.381
CT1658:125          117.675   84.691   52.340   27.461    5.353   -17.587
   -34.066   -57.284   -90.538  -160.080  -177.288  -138.692   -68.268   -37.721
   -24.156   -10.476    -1.641   12.754   24.009    8.093   -47.582   -90.927
   -98.585   -72.699   -33.259   -29.573   -53.251   -77.918   -98.430  -117.336
CT1658:120          112.630   81.526   52.303   24.854    -4.365   -21.614
   12.678   32.623   -13.614  -132.720  -180.569  -142.405   -62.317   -26.729
   -16.831   -12.106    -2.063   13.855   30.736   51.540  109.421  141.020
  131.277   73.039    7.059   -23.648   -55.643   -85.217  -111.674  -136.131
CT1658:115          113.882   84.391   57.075   33.130   10.056    -0.369
   35.146   50.466    3.505  -121.820  -171.338  -129.938   -50.420   -18.552
   -11.348    -8.335    0.247   12.216   27.127   66.555  217.041  319.558
  301.848  162.611   19.084   -29.812   -62.446   -97.073  -127.502  -155.403
CT1658:110          118.409   95.990   72.122   55.731   42.083   23.498
   27.348   26.978   -14.468  -108.940  -136.284   -99.236   -36.202   -11.441
   -14.170   -26.482   -20.737    -8.997    -4.715   17.637  150.215  289.889
  255.920   96.386    -0.682   -34.558   -71.151  -108.658  -144.903  -180.255
CT1658:105          110.226   85.003   63.867   53.357   44.620    6.820
  -100.964  -191.866  -182.322   -96.150   -54.749   -37.000   -20.195    -7.952
    -9.827   -12.791   -11.877   -15.287   -18.258   -71.250  -332.862  -567.961
  -501.856  -205.873    -5.555    -0.522   -44.927   -87.794  -128.400  -168.586
CT1658:100          108.642   83.376   58.179   39.291   30.760    -6.254
  -121.711  -210.181  -185.596   -60.513    -5.361    -7.911   -28.534   -23.976
    -7.214    5.773   10.819    9.359    8.797    -0.571   -25.471   -15.483
   -17.642    -5.009   22.663    6.488   -34.251   -74.476  -112.430  -152.628
CT1658:095          110.474   90.717   69.195   39.987    2.186   -34.940
   -73.625   -97.172   -91.644   -60.883   -43.994   -33.964   -25.406   -14.251
    -0.325   14.537   23.285   19.099   22.614   94.752  340.632  521.812
  482.645  256.049   54.165   -14.435   -50.459   -88.092  -124.227  -159.096
CT1658:090          109.296   96.937   81.313   48.986    9.650   -16.569
   -26.443   -32.928   -38.397   -45.688   -49.475   -47.938   -42.800   -30.762
    0.049   32.671   43.451   27.636   32.652  134.218  438.382  654.763
  591.730  288.861   40.270   -39.850   -71.227  -100.461  -129.183  -156.658
CT1658:085          108.689  104.111   99.722   77.318   45.732   26.229
   22.871   17.113    -4.208   -51.037   -72.025   -62.123   -47.227   -34.453
    -8.183   12.855   24.630   19.705   23.359   69.936  132.662  123.254
  122.015   72.806   -17.223   -69.113   -83.660   -99.109  -122.721  -144.785
CT1658:080          102.907   98.245   91.243   84.587   79.811   67.004
   49.554   28.519    4.342   -28.859   -42.079   -40.679   -29.002   -17.165
    -0.527   15.354   22.247   16.797   21.383   34.360   26.140   23.737
    9.549   -14.877   -32.160   -61.596   -81.277   -94.461  -109.614  -124.318
CT1658:075           90.915   90.008   90.792   97.072  101.701   95.066
   79.201   59.536   27.414   -22.818   -43.595   -35.682   -14.155    -1.735
   12.134   21.266   20.790   12.651   12.416   15.462   10.866   15.176
    1.509   -22.763   -38.407   -57.164   -75.718   -93.436  -109.737  -124.340
CT1658:070           84.296   78.911   77.012   93.003  120.099  117.156
   91.967   65.578   25.345   -37.513   -66.194   -47.164    -2.166   10.090
    7.646    5.141    3.226    2.221    5.132   10.455   23.633   40.333
   29.532    -6.385   -36.539   -57.131   -77.635   -98.603  -118.933  -137.735
CT1658:065           96.316   95.327   93.812   93.133   93.700   88.386
   61.670   34.219   21.983   11.116    1.427    0.676   13.703   10.368
    0.698   -10.296   -16.575   -11.032    -0.346    5.702   13.615   13.564
    4.658    -7.633   -24.519   -40.771   -61.720   -84.073  -103.643  -122.736
CT1658:060          102.973  109.111  110.439  103.156   91.277   84.640
   74.526   70.147  120.569  207.885  197.171  159.966   67.413   25.056
    7.265    -2.710   -11.036    -8.044    -4.216    -5.258    3.213    -0.766
    -6.426   -15.181   -31.647   -40.607   -49.200   -63.343   -79.576   -96.299
CT1658:055           95.816   98.949   98.527   94.267   90.388   93.072
  119.440  173.031  244.770  370.190  391.877  254.368   86.595   23.755
    3.384   -12.604   -22.025   -19.998   -18.646   -29.532   -33.282   -24.799
   -37.464   -49.304   -51.123   -51.779   -58.127   -67.576   -75.692   -86.210
CT1658:050           98.238  100.573  100.091   96.040   91.795   88.309
   82.950   71.039   97.610  157.072  188.997  166.012   85.897   43.137
   18.483    -8.385   -29.933   -41.344   -49.278   -78.797  -142.939  -167.567
  -150.973  -127.367   -95.321   -76.757   -77.331   -83.127   -85.656   -87.549
CT1658:045           98.163  106.152  108.940  111.060  115.321  105.745
   73.386   39.292   -17.179   -74.886   -68.107   -17.818   54.796   62.364
   34.525    8.510   -19.575   -53.604   -78.738  -126.194  -261.286  -400.293
  -394.409  -252.375  -129.767   -95.969   -93.391   -96.317   -96.000   -94.463
CT1658:040           79.087   98.237  113.030  111.760  106.285   87.408
   46.126    -7.770   -80.186  -169.518  -177.659   -94.865    -2.064   28.104
   26.120    6.038   -18.641   -57.654   -98.751  -138.962  -184.326  -212.973
  -220.789  -178.944  -106.362   -75.152   -78.753   -84.133   -85.821   -88.168
CT1658:035           75.017   92.715  107.916  102.515   87.825   59.409
   13.942   -30.457   -71.505  -110.126  -113.799   -81.163   -32.926   -12.938
    0.583    5.449    -8.010   -44.823   -93.716  -129.711  -141.065  -136.351
  -126.039  -102.968   -85.894   -76.257   -79.927   -87.146   -88.798   -91.476
CT1658:030           99.512  109.428  105.740   84.166   57.204   23.186
   -38.931   -90.751  -100.696  -102.559   -95.929   -62.244   -16.458    4.156
   13.311   18.698    7.065   -22.165   -64.013   -98.002   -90.856   -67.880
   -65.556   -79.676   -92.857   -88.364   -87.739   -91.506   -91.199   -88.253
CT1658:025           94.073   99.469   99.451   67.999   27.283   -11.141
   -65.225  -104.352  -100.240   -66.779   -44.032   -18.659    7.984   22.803
   26.181   27.266   19.486    1.442   -27.758   -79.245  -160.449  -211.480
  -202.273  -151.905  -109.422   -91.362   -86.062   -81.888   -76.653   -73.597
CT1658:020          116.148  108.791   88.638   35.870   -28.941   -60.863
   -66.911   -72.980   -68.658   -44.746   -21.971   -13.475    -7.614    2.917
   16.787   23.158   18.203    0.084   -31.532   -88.969  -191.573  -269.407
  -273.336  -199.867  -126.742  -100.378   -90.704   -83.901   -74.615   -64.539
CT1658:015          130.907  110.461   76.977   10.084   -60.913   -87.136
   -76.041   -66.891   -67.356   -72.583   -62.844   -36.738   -11.569    2.524
   20.038   37.921   43.020   42.595   19.568   -39.565  -148.952  -233.617
  -250.323  -204.985  -142.221  -105.752   -89.701   -77.544   -62.589   -47.517
CT1658:010          121.050   97.980   67.583    -5.460   -90.932  -117.699
   -87.748   -57.458   -54.276   -63.652   -58.277   -32.608    5.823   24.830
   27.071   27.210   38.283   73.480   92.862   43.856   -80.355  -205.243
  -241.665  -199.557  -131.643  -100.631   -90.484   -84.687   -73.038   -61.306
CT1658:005          142.220  112.512   68.772    -8.300   -95.019  -119.319
   -84.246   -52.274   -39.076   -38.173   -32.248   -13.679   10.996   20.230
   11.815    1.140   12.551   54.946   86.301   56.307   -49.068  -143.879
  -171.429  -146.494  -108.911   -90.688   -87.593   -92.219   -93.345   -91.204
CT1659:360          130.476  108.038   71.953   -13.202  -107.973  -127.391
   -89.228   -48.213   -13.542   14.887   30.495   22.725   11.773    7.091
    6.208   13.202   19.532   34.310   40.782   15.283   -39.474   -88.883
  -113.533  -112.646   -99.509   -90.138   -87.438   -86.488   -81.786   -76.467
