
filled_synop: 30 data points in equal steps of sine latitude from +14.5/15 to  -14.5/15

CT2234:360           99.864   71.265   43.751   24.759    8.743    -1.877
    -2.060    -2.375    -0.294    9.108   13.991    6.350   -15.977   -20.802
    -7.285    9.911   16.554   24.247   32.771   29.594   11.433    -9.134
   -15.202   -10.996    -6.767   -11.043   -18.665   -26.643   -34.815   -44.373
CT2234:355           99.784   68.776   39.004   18.418    2.472    -8.012
    -4.918    0.521    0.763    -0.170    -1.522    -6.623   -17.172   -16.043
    -3.500   14.849   19.928   15.013    -0.856    -4.755    5.829   11.973
    7.246    -6.219   -20.948   -26.732   -25.564   -25.524   -33.203   -45.647
CT2234:350          103.247   71.270   41.676   15.978   -10.002   -22.589
   -15.427    -4.390    -4.386   -12.692   -16.848   -15.377    -9.795    -2.580
   13.646   40.404   44.781   27.760   12.327    6.718    9.880   20.387
   18.900    5.769   -10.612   -19.965   -28.007   -35.990   -45.021   -54.710
CT2234:345          103.293   71.984   42.215   13.628   -14.642   -28.183
   -22.378   -12.813   -10.308   -12.467   -15.785   -12.383    -6.502    -0.416
   16.412   44.034   45.161   11.582   -24.256   -33.049   -22.271    0.810
    4.124    -2.445    -8.306   -15.692   -29.984   -44.326   -54.934   -63.240
CT2234:340          104.791   77.166   48.288   22.459    -9.920   -24.213
   -13.331    -1.904    4.084   19.098   25.971   16.849    -7.962   -12.995
    7.834   31.181   27.960   -22.500   -99.384  -109.092   -73.937   -54.424
   -49.116   -32.466   -19.380   -24.387   -41.484   -57.613   -67.045   -73.290
CT2234:335          108.377   89.812   68.251   45.860   22.373   11.452
   14.934   22.710   26.835   34.881   38.803   30.650   14.870   13.418
   20.318   33.796   34.517   27.289   28.560   19.169    -5.226   -13.683
   -16.413   -19.169   -18.203   -23.500   -35.741   -48.923   -59.680   -68.182
CT2234:330          102.203   85.947   67.379   45.580   16.791    3.825
   12.710   22.469   23.439   15.909    8.575   10.641   13.449   15.149
   22.511   31.086   34.000   43.732   57.001   54.088   36.556   13.421
    4.079    -1.193    -8.080   -15.723   -27.289   -40.108   -50.573   -59.317
CT2234:325          106.733   84.390   61.889   38.900   10.406    -2.156
    6.771   15.945   15.062    6.593    1.475    6.169   21.443   27.363
   21.423    4.978    3.035   24.782   44.525   43.725   32.832   17.605
    8.312    0.941    -3.555   -12.172   -30.230   -48.109   -56.663   -60.037
CT2234:320          103.428   78.287   53.723   33.452   14.171    3.683
   12.483   22.850   16.029    -9.815   -21.710   -10.820   19.392   29.491
   14.368    -1.649    -4.862    -3.068    3.932    2.719   -10.708   -27.096
   -30.804   -27.573   -24.941   -28.051   -35.297   -42.735   -46.531   -47.852
CT2234:315          103.125   77.951   53.111   39.142   31.255   20.771
    5.839    -7.411   -10.969   -15.175   -17.494   -14.668   -16.911   -20.989
   -20.780   -31.184   -36.113   -31.871   -30.097   -29.033   -22.957   -16.412
   -15.591   -18.915   -21.628   -24.009   -26.775   -29.247   -34.962   -42.834
CT2234:310           98.290   68.111   42.912   28.604   19.029    6.710
   -12.512   -29.991   -27.760    -2.161   13.314   10.120    2.195    -0.984
    -9.218   -16.979   -23.263   -32.964   -40.632   -39.228   -22.919    -2.788
    2.272    0.808    -0.940    -4.244   -11.676   -20.031   -27.916   -36.158
CT2234:305          101.578   69.898   40.753   26.285   18.475    5.424
   -20.806   -40.084   -34.378    -0.208   19.296   16.795    5.155    -0.043
    -1.318    3.470    -1.312   -24.580   -39.767   -40.153   -27.334    -4.898
    1.676    1.313    1.169    -1.671   -10.162   -20.685   -30.247   -39.710
CT2234:300           96.230   63.659   31.737   13.194    -2.070   -15.916
   -36.380   -57.191   -47.525    1.084   22.845   16.403    -4.774   -14.264
   -14.788   -18.146   -22.422   -41.033   -74.215   -72.852   -48.717   -39.128
   -33.200   -14.874    -1.168    -3.967   -17.343   -30.647   -39.445   -46.676
CT2234:295           82.734   55.548   33.042   20.664   15.733    7.359
    -4.160    -8.891    -5.031   13.332   23.573   18.113    0.276    -8.342
   -13.379   -14.661   -12.616    -1.101   17.394   18.349    5.682    -0.872
    -4.031    -7.538    -7.772   -10.279   -15.488   -22.278   -29.831   -38.040
CT2234:290           77.134   52.629   31.336   17.893    9.109    4.843
    8.041   10.592   10.775   11.569    8.645    0.553   -12.096   -16.926
   -18.883   -21.875   -15.761   17.590   56.927   61.126   36.245    8.334
    -1.171    -5.123    -8.887   -12.976   -16.566   -20.246   -24.959   -29.121
CT2234:285           75.904   56.777   37.430   20.676    -2.928   -10.074
    7.842   20.145   15.570    -3.764   -16.055   -20.531   -23.205   -23.568
   -20.420   -14.274    -5.141   21.769   50.036   53.001   33.014    0.922
    -8.342    -9.738   -17.393   -20.924   -20.460   -20.475   -22.408   -25.039
CT2234:280           72.816   44.385   20.604   15.690   25.619   25.240
   24.039   24.191   15.085   -12.951   -27.359   -25.220   -15.887   -12.189
   -10.924    -8.323    -1.946   11.326   24.473   25.323   22.433   22.345
   12.593    -5.841   -14.753   -17.662   -22.956   -28.153   -31.667   -34.243
CT2234:275           82.130   51.292   23.966    7.187    -5.456   -16.337
   -21.147   -22.642   -20.171   -13.785   -10.639    -5.567    5.346   10.034
    6.831    0.365    1.259    9.112   16.534   10.707   -30.182   -78.515
   -85.165   -56.211   -18.799   -13.694   -23.460   -32.415   -38.033   -42.928
CT2234:270           83.621   53.136   23.579    -3.770   -37.514   -54.225
   -49.786   -38.782   -28.140    -7.516    5.079    9.242   10.142    9.245
    5.780    0.751    -0.036    5.120   17.370   15.380   -20.320   -59.030
   -62.006   -39.512   -13.830   -12.088   -20.563   -30.072   -40.508   -51.720
CT2234:265           86.143   51.351   16.794    -9.225   -30.039   -41.303
   -35.340   -27.415   -17.238    2.686   13.549   14.406    7.721    4.417
    -2.790   -19.476   -21.370    -7.250    4.337   13.304   38.884   59.856
   58.703   44.001   27.878   13.811    -6.719   -28.595   -47.937   -66.991
CT2234:260           91.596   58.483   25.085    0.982   -16.229   -25.039
   -10.641   12.603   14.956    5.598    8.236   10.714   14.463   14.658
    4.579    -5.247    -7.354    -9.502    -7.066    8.635   80.805  156.586
  152.337   87.349   32.077   12.544    -8.120   -28.814   -42.965   -53.547
CT2234:255           92.122   67.169   40.811    0.460   -49.986   -67.155
   -48.311   -31.990   -26.134   -23.974   -22.287   -14.059    -1.174    2.346
    -0.931    -7.888   -11.255   -17.371   -24.262   -14.295   15.382   32.846
   40.488   38.902   21.871    7.799    -8.441   -24.692   -38.594   -51.936
CT2234:250           85.049   65.527   46.782   10.467   -41.170   -57.873
   -42.804   -26.649   -22.879   -23.216   -23.910   -22.140   -22.657   -21.755
   -11.022    2.578    1.253   -13.272   -23.817   -21.535   -15.815    -8.963
    -3.358    -0.353    1.604    -3.291   -10.632   -18.001   -28.535   -40.771
CT2234:245           96.085   63.415   32.617    3.365   -27.757   -37.594
   -12.354   12.626   11.274    -4.482   -13.125   -17.793   -26.329   -29.200
   -16.743    -7.189    -8.559   -13.897   -15.990   -16.489   -17.569   -12.051
    -7.195    -1.316    6.104    1.403   -13.970   -29.215   -40.798   -50.702
CT2234:240          109.503   70.218   32.330    9.413    -7.740    -9.857
   17.850   37.457   32.835   13.720    2.659    -2.217    4.531    7.406
    -0.334    -2.760    -7.054   -30.370   -54.713   -53.134   -27.975    -3.866
    1.869    1.669    3.963    -0.537   -16.215   -32.341   -43.691   -53.677
CT2234:235          115.493   77.165   37.234   26.448   26.899   26.828
   46.176   60.251   49.558    9.458   -13.110   -15.765   -13.081   -13.608
   -12.628   -12.651   -15.548   -29.690   -43.802   -42.629   -27.841   -16.087
    -8.619    1.141    5.747    2.916    -4.401   -13.918   -29.281   -49.705
CT2234:230           96.379   68.306   45.393   33.059   23.137   22.209
   43.076   58.005   45.963    8.264   -12.012   -22.823   -36.513   -39.345
   -23.245    -6.809    -4.899    -6.643    -5.726    -7.565    -9.083    -4.391
    0.857   10.953   22.116   20.137    6.427   -10.353   -27.442   -45.480
CT2234:225           77.908   55.817   34.536   22.537   12.945    8.303
   11.235   10.453    6.065    -1.553    -8.852   -17.477   -23.054   -21.457
    -7.890   13.772   17.468   10.036    -0.140    -6.026   -22.625   -39.849
   -34.079    -3.532   22.281   21.506    2.243   -17.834   -34.981   -53.590
CT2234:220           73.725   56.011   38.037   23.416    9.176    0.607
    -0.632    -1.081    -5.347   -10.323   -14.062   -15.648   -18.826   -17.991
    -4.222   11.751   14.127    7.811    1.426    -5.431   -21.894   -35.476
   -30.385    -2.072   23.661   23.956    7.095   -14.698   -34.558   -53.376
CT2234:215           63.822   48.073   34.650   29.654   30.925   24.114
    2.682   -16.316   -18.039    -8.107    -1.028    3.005   10.942   14.111
    4.485    -8.341   -10.721    -4.931    -2.137    -6.567   -16.304   -25.203
   -22.616    -3.380   16.528   16.408    -1.193   -19.247   -35.256   -52.747
CT2234:210           53.560   35.034   19.668   17.722   26.318   21.933
    -4.170   -27.875   -27.529    -7.780    6.481   14.349   22.376   23.684
   13.852    -2.827    -7.952    -3.064    3.318    -1.323   -15.687   -31.226
   -30.755   -12.169    7.291    8.100    -6.457   -23.306   -36.182   -46.389
CT2234:205           52.792   35.035   17.122   11.122   15.282   11.522
    -7.843   -30.070   -29.098    -6.648    8.147   15.976   26.048   28.411
   21.504   12.140    7.717    8.930   10.974    2.079   -20.873   -45.052
   -46.308   -25.930    -3.537    -0.437   -14.390   -27.092   -34.016   -38.303
CT2234:200           54.640   36.664   20.714   12.777   11.865    7.439
    -3.344   -14.430   -10.564   12.025   28.337   28.541   18.305   13.030
   11.320   11.926    8.473    -0.941   -14.140   -27.508   -50.746   -70.066
   -69.724   -48.589   -15.973    -5.084    -8.842   -14.689   -20.675   -27.846
CT2234:195           57.487   39.252   21.719   12.514    7.149    3.774
    3.307    3.907    6.815   17.589   23.802   21.224    7.889    0.308
    -1.140    -0.795    -5.132   -17.365   -32.758   -45.263   -77.109  -112.991
  -113.079   -72.570   -19.554    -6.404    -9.055   -11.639   -17.098   -25.992
CT2234:190           62.594   42.871   20.772    9.786    9.650    8.472
   11.017   14.891   15.296   15.217   14.999   13.419    8.364    6.757
    7.363    8.750    5.797    -7.010   -24.678   -31.558   -32.446   -26.303
   -23.626   -19.709    -9.031    -6.584    -9.301   -12.788   -20.094   -31.290
CT2234:185           59.816   38.005   18.043   10.997   15.282   17.621
   16.815   14.632   11.989    6.777    2.728    2.758    6.925   11.552
   20.000   30.516   30.460   18.022    1.564    1.871   29.592   61.214
   63.998   43.351   14.644    2.249    -9.443   -22.275   -34.403   -45.542
CT2234:180           64.542   40.583   22.423   18.864   26.937   29.274
   23.415   13.177    7.905    3.277    1.072    0.180    1.851    6.079
   20.599   42.434   46.043   29.438    9.084   14.128   57.757  100.400
  101.876   73.420   35.432   11.655   -13.674   -38.534   -55.116   -67.576
CT2234:175           94.942   50.976    8.452    9.290   26.409   32.414
   33.076   32.516   26.372    8.249    -1.275    -4.163    -5.878    -3.371
   15.146   36.653   38.296   21.413    7.192   12.735   40.763   63.087
   64.539   53.083   36.398   15.356   -18.520   -50.265   -70.232   -83.491
CT2234:170          102.633   41.518   -17.851   -19.887    4.665   11.096
   25.786   38.216   32.071    6.687    -6.436    -0.814    9.051   11.431
    6.526    -2.381    -1.575    5.141    7.016    9.039   15.140   21.378
   18.594    0.304   -19.803   -31.052   -39.331   -49.304   -60.963   -71.091
CT2234:165           65.000   36.616   16.245    8.553    6.586    8.639
   17.207   22.650   23.156   25.497   26.303   18.012   10.257    8.343
    9.434   12.172   13.188   12.846   12.898   12.032    6.544    0.753
    -1.539    0.586    2.131    -8.065   -24.455   -39.857   -54.309   -69.261
CT2234:160           57.370   39.521   22.961   11.147    3.547    3.736
   15.558   25.373   26.208   18.314   11.510   11.837   14.994   14.421
    9.233    8.296   10.217   19.155   29.100   25.800   10.599    -0.201
    -3.888    3.086   12.023    3.071   -18.189   -39.445   -57.568   -74.683
CT2234:155           61.668   44.115   27.724    7.655   -19.204   -23.872
   13.282   45.789   43.797   27.198   20.335   13.471    -0.651    -5.250
    -2.412    -6.883    -5.089    9.020   15.562   11.165    -4.863   -19.549
   -23.451   -23.612   -26.602   -31.426   -37.202   -45.579   -56.935   -69.486
CT2234:150           74.765   62.732   48.849   27.923    6.402    1.115
    9.615   15.776   18.607   22.801   22.454   16.923   13.524   12.594
   13.448   17.430   15.814    6.749    -0.301    -6.721   -18.777   -27.118
   -29.958   -26.045   -20.189   -24.033   -36.702   -48.845   -58.281   -66.951
CT2234:145           81.224   75.144   66.918   46.758   15.576    5.797
   15.415   23.073   17.431    -0.075    -9.382    -8.245    -1.969    -0.913
    2.773    7.197    7.447    4.054    -0.671    -9.011   -31.663   -47.364
   -46.230   -23.272    -2.336    -4.899   -20.692   -35.908   -50.929   -68.115
CT2234:140           82.657   70.040   55.191   34.503   11.983    5.042
   19.083   30.541   21.778    -4.653   -19.979   -24.206   -24.061   -24.086
   -19.935   -13.347    -9.090    0.740    9.329    2.445   -26.218   -47.054
   -44.752   -19.709    3.144    2.144   -12.541   -30.263   -47.445   -64.762
CT2234:135           80.562   68.767   57.236   41.641   16.134    7.682
   19.309   29.689   23.537    8.175    -3.289   -21.124   -44.091   -49.760
   -41.799   -31.638   -25.431   -12.976    -1.627    -2.143   -17.418   -31.086
   -28.370    -6.694   12.429    7.906   -10.137   -27.880   -43.832   -60.880
CT2234:130           76.340   59.921   42.392   33.677   27.739   24.325
   24.982   25.664   19.473   10.801    2.563   -14.064   -35.573   -42.634
   -35.799   -27.394   -23.817   -21.248   -17.777   -12.269    0.185   12.726
   14.501   13.104   11.140    3.810    -9.852   -25.771   -41.394   -57.040
CT2234:125           60.877   31.262   10.467   10.916   26.811   32.007
   32.296   31.355   23.913   11.291    0.256    -5.522   -11.522   -15.341
    -9.468    5.141    5.888   -11.861   -23.945   -14.645   18.951   43.114
   43.522   25.203    4.010    -8.122   -21.112   -33.656   -46.327   -59.521
CT2234:120           65.898   29.955    6.298   13.724   31.459   39.227
   41.353   39.112   33.866   32.133   29.060   11.414    -1.969    -6.432
    -9.066   -14.036   -11.580    -2.156    1.955   10.247   39.317   60.633
   56.295   28.915    3.232   -11.132   -27.125   -42.840   -55.813   -65.972
CT2234:115           89.177   51.695   12.867   20.739   54.599   67.772
   71.573   82.463   66.846   27.386    6.081    0.569    -2.351    -6.727
    -2.456    4.559    6.655   16.989   30.894   30.334   25.096   22.766
   20.151   10.558    0.088   -12.145   -34.440   -53.597   -62.027   -66.033
CT2234:110           69.373   43.899   24.879   18.865   20.338   41.871
   88.063  113.548  110.991   79.515   47.806   29.542   13.917    5.625
   18.061   25.082   24.567   18.629    5.785    1.067   -13.018   -27.844
   -24.404    -0.830   17.176    9.803   -11.148   -33.338   -52.341   -69.200
CT2234:105           70.676   64.680   60.459   47.975   13.996   46.865
  212.091  339.663  311.130  182.404  118.922   82.463   69.471   60.732
   50.855   51.297   48.097   37.966   32.618   25.528   10.384    3.906
    6.510   20.050   29.213   20.358    -0.652   -26.417   -50.318   -79.818
CT2234:100           80.473   58.239   36.544   16.600    3.488   53.123
  248.086  396.282  359.567  162.062   52.697   32.112   22.038   10.614
   19.683   23.904   21.179   15.285    8.723    8.379   17.891   27.537
   30.893   36.877   40.789   30.506    6.703   -20.313   -44.117   -66.196
CT2234:095           95.997   64.297   38.825   28.181   13.097   47.619
  208.546  339.600  305.858  126.247   19.087    -4.291    -5.514   -11.747
    -5.291    2.738    2.109    -9.119   -23.198   -19.687    4.866   24.812
   30.549   31.132   28.068   17.035    -6.066   -26.859   -43.936   -61.068
CT2234:090           92.908   64.719   37.125   30.450   33.774   46.126
  103.900  158.489  142.106   62.049   11.387    -3.393    -3.872    -5.942
    -4.484    3.617    4.356    -4.189   -10.081    -7.919    5.514   19.333
   23.077   22.701   19.950   11.802    -3.452   -20.408   -35.512   -48.825
CT2234:085           85.916   55.797   26.860   18.481   28.508   16.278
   -41.777  -100.531   -88.753   -24.100    7.177   11.335    6.329    4.411
    1.386    -1.612    -2.209    0.449    0.866    2.327    8.692   16.332
   19.171   21.415   22.529   16.205    1.604   -12.444   -22.166   -30.379
CT2234:080           78.735   52.243   25.652    6.913    -5.760   -36.450
  -133.232  -218.074  -194.647   -72.862    6.208   18.470    4.710    2.951
    6.574   13.709   13.571    3.523    -7.168    -9.104    -5.137    1.646
    3.581    3.492    2.547    1.383    2.828    2.817    -0.119    -6.143
CT2234:075           74.961   44.293   14.707   -21.745   -61.395  -115.367
  -234.030  -323.949  -282.425  -105.817    1.398   10.449   -11.596   -11.357
    -2.872   11.343   12.466    -0.700   -13.180   -15.473   -13.652    -9.531
   -10.409   -16.868   -22.961   -19.987    -4.655    6.880    9.015    5.736
CT2234:070           81.405   48.758   14.341   -32.972   -87.867  -140.069
  -239.405  -304.551  -255.816   -93.986    -8.836    -2.506   -31.493   -32.685
   -16.464    0.098    1.818    -7.971   -18.759   -15.737    -1.127    6.728
    1.899   -19.735   -39.759   -41.712   -27.848   -10.564    1.732   11.412
CT2234:065           86.775   56.464   26.292   -22.856   -84.759  -122.699
  -169.177  -198.259  -154.238   -33.261   24.229   19.283    -3.489    -4.102
    -0.957    1.612    2.760    4.201    5.779   11.473   36.320   55.979
   42.645    -9.970   -47.852   -52.657   -44.299   -30.610   -13.147   12.957
CT2234:060           86.659   60.470   27.617   -19.775   -79.034  -102.738
   -68.998   -35.665   -17.567    0.013   14.377   22.271   24.634   25.625
   17.722   11.341    8.075    4.730    6.435   11.387   24.512   33.467
   26.555    -1.233   -26.770   -34.684   -32.252   -25.722   -16.880    -5.612
CT2234:055           80.126   55.732   28.104   -13.440   -64.124   -72.402
    -7.788   45.205   48.167   17.375   10.057   15.873   21.218   20.909
   10.654    5.567    0.592   -10.115   -16.647   -10.806    3.692    9.879
    7.628    -7.069   -23.294   -28.670   -26.004   -23.499   -23.973   -25.948
CT2234:050           83.428   58.928   33.914    3.439   -37.139   -48.047
   -11.944   19.157   20.472    -1.167    -4.186    1.406    -1.835    -5.258
   -14.723   -37.295   -39.549   -20.173    -5.908    -1.202   11.615   23.633
   21.532    9.055    -1.338    -7.925   -12.348   -19.391   -28.678   -41.191
CT2234:045           77.733   50.783   24.459    1.249   -18.619   -33.742
   -62.880   -88.238   -70.225   -22.771    -0.930   10.991   27.896   29.972
   13.195    -4.471   -11.097   -15.465   -18.299   -14.420    1.458   12.815
   13.039    7.863    1.439    -6.975   -20.132   -33.255   -42.176   -48.076
CT2234:040           85.330   63.474   42.777   14.987   -16.560   -35.425
   -52.354   -58.058   -45.835   -10.720    9.907   21.829   39.672   42.784
   31.070   25.308   17.981    1.821    -6.750    -9.901    -9.737    -7.401
    -8.472   -11.083   -12.627   -17.600   -27.587   -35.061   -37.413   -36.279
CT2234:035          112.088   82.604   50.411   18.733   -17.612   -36.306
   -44.291   -45.831   -33.548    -5.784    8.234   15.360   13.712   11.708
   13.575   11.432    5.697    -4.693   -12.142   -15.770   -20.942   -23.937
   -21.836   -16.262   -13.318   -16.818   -22.229   -28.484   -37.416   -49.045
CT2234:030          106.330   78.581   50.039   19.163   -17.016   -28.866
    -8.572    9.340   20.778   35.584   40.533   32.244   12.541    5.856
    3.323    1.382    -1.199    -2.894    -7.306   -10.626   -15.436   -18.231
   -17.219   -12.053    -7.523   -10.947   -19.399   -29.905   -44.108   -61.345
CT2234:025          108.806   78.703   46.057   28.284   14.269    7.595
   17.346   26.740   39.664   69.036   80.606   56.447   19.544   10.129
   10.345   10.256    8.964   11.086   12.855    7.402    -4.448    -9.676
    -6.616    9.002   19.475    9.536   -18.841   -46.261   -66.223   -87.353
CT2234:020           96.788   70.662   45.780   29.937   16.529    8.787
    8.801    8.185   15.679   29.579   33.782   29.227   15.779   11.705
   15.485   21.398   19.822   10.683    1.534    -0.887    -3.098    -5.745
    -0.620   22.343   38.879   29.379    -0.255   -32.989   -59.479   -82.169
CT2234:015           88.605   66.971   46.113   33.086   21.755    9.704
    -2.562   -11.249   -15.027   -20.404   -20.356    -9.766    4.280    9.107
    9.941    9.549   11.518   17.142   20.520   17.163    6.231    -2.272
    0.757   19.808   33.872   26.180    1.262   -23.602   -44.352   -64.360
CT2234:010          102.181   75.892   49.360   34.400   27.660   13.896
   -19.987   -46.531   -47.245   -40.967   -38.473   -23.983    0.268    8.063
    2.630    -0.624    5.323   23.561   35.587   31.601   11.884    -3.773
    -1.736   19.016   32.075   25.115    4.126   -17.374   -33.170   -49.407
CT2234:005           83.933   65.339   46.874   21.914    -7.172   -23.130
   -27.840   -31.319   -29.272   -16.032    -9.716    -9.168    -8.855    -2.488
   11.518   25.208   29.995   31.671   31.255   22.444    1.821   -11.518
   -13.764    -7.853    -2.241    -4.373   -11.691   -20.640   -31.037   -42.638
CT2235:360           69.357   59.474   51.074   29.989    -1.998   -14.185
    -5.277    1.973    5.095   20.664   29.466   14.240    -6.095    -3.042
   19.988   44.149   44.219   19.686    -5.207   -12.921   -21.648   -32.658
   -31.431   -18.222   -10.997   -12.391   -16.605   -21.826   -30.112   -41.737
