
filled_synop: 30 data points in equal steps of sine latitude from +14.5/15 to  -14.5/15

CT2270:360           -40.829   -44.205   -39.067   -31.461   -19.371   24.205
  113.477  169.707  216.715  357.640  462.620  364.375  122.332   18.719
   -15.237   -58.135  -104.690  -187.188  -225.951  -267.765  -447.156  -481.522
  -436.800  -276.615  -155.917  -110.397   -63.495   -33.194   -14.988    1.969
CT2270:355           -51.585   -42.047   -32.362   -24.593    -6.919   29.750
  100.814  151.282  122.908   19.019   -68.393   -52.529    7.611   13.184
   -12.896   -59.203   -51.971   91.087  285.693  289.899  153.685   21.729
   -46.530  -120.221  -149.371  -115.636   -67.212   -41.414   -26.950   -10.031
CT2270:350           -71.168   -49.692   -29.830   -16.698    9.358   48.986
   92.254  112.642   48.019  -140.045  -250.328  -234.155   -75.953   -10.559
   -14.099   -42.144    2.264  252.786  567.793  587.531  370.684  138.539
   30.753   -93.451  -150.120  -133.404   -94.162   -63.341   -33.200    -7.474
CT2270:345           -94.584   -58.285   -23.032    1.572   43.814  128.584
  287.369  371.039  314.558  100.283   -43.613   -65.613    5.151   27.794
   20.197   -10.371   21.134  211.976  457.285  452.604  188.973   -70.087
  -156.290  -212.403  -236.499  -193.065  -118.161   -78.784   -39.418    -1.756
CT2270:340           -76.052   -49.420   -19.654    -6.257   21.561  124.486
  337.735  441.310  416.554  269.175  154.010  102.045   75.540   53.331
   33.633    -8.790    6.474  146.006  320.203  307.332   71.294  -153.968
  -214.049  -230.156  -233.057  -188.578  -115.875   -82.808   -45.442    -8.352
CT2270:335           -61.754   -35.803   -14.294    -2.221   32.969  191.732
  563.128  756.459  734.698  534.608  393.267  300.418  136.479   47.509
   12.229   -18.365   -19.353   -32.847   -19.533   -34.493  -154.694  -267.193
  -226.588   -56.767    9.868   -15.736   -70.990   -88.498   -70.540   -38.001
CT2270:330           -71.178   -36.796    0.832   31.895   60.148  149.450
  417.860  592.346  534.322  290.105  191.641  121.419   29.702    -5.932
   -50.166  -139.612  -174.704  -193.517  -238.618  -237.988  -125.580    -8.844
   29.996  149.180  205.853  112.925   -56.262   -83.397   -50.117   -32.018
CT2270:325           -87.005   -49.870    -8.522   41.678   77.547   24.994
  -208.591  -380.425  -397.534  -417.768  -485.951  -386.402  -140.025   -49.493
   -34.141   -53.596   -79.813   -73.312   -78.344   -80.038   -62.534   -39.236
   20.894  136.314  171.184  109.026   -18.753   -72.833   -65.141   -42.603
CT2270:320           -83.586   -57.612   -36.527   14.772   45.363   -92.403
  -427.926  -592.932  -580.533  -379.019  -222.060  -178.867   -94.723   -26.425
   62.324  252.438  307.824  167.312   34.461    5.491    -7.103    -4.768
   34.241   97.571  117.404   58.451   -35.685   -59.569   -43.465   -24.208
CT2270:315           -61.555   -39.303   -15.392   10.457    6.974   -87.668
  -320.058  -440.483  -378.176  -117.089   36.646   36.058   -26.782   -27.470
   13.545   58.353   41.785   -16.901  -123.749  -147.818   -96.599   -45.581
    -3.718   43.515   65.358   27.182   -36.677   -48.803   -28.134   -13.234
CT2270:310           -23.099   -29.451   -37.870   -38.017   -33.613   -25.369
    -4.812    -6.199   12.255   29.294   23.880   18.152   -19.620   -34.282
   -32.759   -30.202   -71.698  -212.938  -382.275  -405.521  -288.689  -175.358
  -108.595   -20.330   26.273    9.325   -39.029   -52.667   -42.131   -18.676
CT2270:305            7.790   -14.327   -32.262   -56.989   -74.954   -12.991
  239.896  404.030  332.480   39.346   -77.839   -69.059    1.929   30.317
   17.264    7.345   -46.581  -238.629  -451.829  -483.187  -379.779  -261.796
  -174.268   -29.937   42.952   14.049   -48.749   -46.668    -9.757   16.042
CT2270:300           21.127    0.458   -17.488   -38.739   -51.282    -9.015
   91.611  123.488   92.700   -62.236  -136.263  -100.112   15.635   56.864
   34.715   12.954   -39.703  -216.053  -437.548  -468.713  -363.040  -261.070
  -185.503   -60.195   11.641    -0.291   -38.033   -38.177   -14.422    8.591
CT2270:295           41.544   23.065    2.773   -20.280   -53.849   -92.608
  -108.492   -67.842   -57.127   -77.555   -81.870   -21.454   36.468   33.279
   11.764    1.275   -36.849  -115.009  -202.909  -221.900  -211.766  -195.926
  -141.963   -38.483    9.168    -7.009   -42.557   -46.538   -31.962    -6.874
CT2270:290           52.288   40.387   19.852   11.312   -14.766  -151.835
  -537.075  -724.058  -522.491  112.110  431.071  376.632  119.381   15.384
   -17.081   -31.122   -65.872   -36.529    -9.029    -6.816    -4.466    2.652
   13.279   -19.998   -27.037   -34.381   -49.247   -42.760   -16.793    4.854
CT2270:285           46.328   37.555   31.190   32.944    -3.628  -150.323
  -478.716  -605.848  -397.359  206.342  490.965  445.526  145.834    6.333
   -16.849   -10.357   -56.667   -94.524   -66.322   -41.561   21.807  113.454
  126.718   37.576    -3.436   -20.658   -37.764   -39.208   -22.700    -7.001
CT2270:280           55.233   35.388   16.516   15.036   -10.047   -77.257
  -182.088  -207.030  -120.125  145.666  318.482  288.672  140.590   80.098
   13.604   -50.352  -147.728  -557.004 -1052.658 -1000.503  -377.998  107.205
  142.229   54.812   34.838    4.929   -24.666   -34.503   -31.109   -25.066
CT2270:275           73.095   61.559   45.487   25.209   -11.722   -69.141
  -166.187  -226.762  -213.789  -215.993  -208.212  -102.090   49.571   76.416
    -7.613  -123.774  -215.532  -592.438 -1066.092  -977.152  -438.597  -118.823
    -9.201   56.231   63.918   32.149    3.670   -10.545   -14.816   -25.222
CT2270:270           69.010   61.064   40.222   13.883   -21.719   -89.494
  -190.234  -262.918  -331.940  -449.299  -455.481  -312.814   -35.583   50.235
   -60.122  -284.295  -318.944   53.518  582.145  618.878  482.019  491.641
  424.328  229.805  124.930   77.222   39.535    3.031   -17.594   -35.831
CT2270:265           44.625   24.064    5.361    -5.704   -32.897  -103.686
  -208.627  -282.556  -366.843  -497.879  -500.319  -332.945   -30.502   70.167
   -12.305  -135.596   -93.054  248.057  546.396  689.505  771.472  784.230
  670.859  325.959  173.511  105.030   33.345    -5.169   -20.593   -42.728
CT2270:260           20.070    -1.860   -18.498   -12.021   -23.553   -93.836
  -213.785  -288.856  -327.032  -363.142  -343.402  -199.214   29.925  100.883
   26.919   -86.978  -113.215  -120.554  -126.430   -25.978  187.999  299.088
  324.819  274.227  226.288  139.446   38.762    -7.209   -26.769   -49.536
CT2270:255           14.294    4.010    0.004    3.544   -11.823   -77.525
  -178.515  -231.993  -217.357  -150.880  -105.492   -64.694    4.967   33.627
   -16.475   -84.441  -173.455  -441.138  -620.210  -571.180  -343.153  -163.917
   -11.319  209.289  261.122  160.539   44.141    -9.408   -38.270   -58.664
CT2270:250           34.459   14.368    -2.413    -4.874   -14.668   -55.651
  -121.804  -154.675  -159.164  -160.227  -151.273  -151.234  -162.963  -148.712
   -73.748   -15.136  -105.804  -408.478  -608.542  -641.676  -582.844  -474.817
  -241.089  127.784  246.705  153.217   41.064    -0.241   -22.840   -48.839
CT2270:245           81.070   52.011   20.796   -16.793   -52.219   -73.677
   -86.847   -95.045   -96.176   -97.670   -91.187   -89.833   -83.288   -75.924
   -30.423    1.372   -55.660  -177.978  -274.236  -399.967  -595.178  -582.672
  -273.475  153.848  254.401  130.028   20.779   -14.195   -32.161   -42.090
CT2270:240          102.557   79.363   46.773    -6.692   -52.938   -62.238
   -53.957   -37.496    2.664   51.937   68.528   72.837   75.958   68.246
   49.100   29.858   28.781   66.849   42.466   -92.464  -375.176  -426.948
  -185.520  145.503  225.989  124.741   33.221    1.609   -11.894   -28.776
CT2270:235          106.723   91.017   46.089    -8.830   -48.046   -55.290
   -42.051   -15.044   86.372  202.410  217.357  167.847   98.482   73.645
   41.291   17.200   38.673   97.650   95.477   39.991   -31.387   -19.173
   98.694  203.983  198.904  103.465   47.313   18.825    -2.873   -24.188
CT2270:230           85.278   48.940   11.000   -32.554   -61.701   -46.627
   -16.782   38.140  256.674  500.063  500.339  246.140    -8.422   -51.122
   -18.762    7.469   27.605   44.838   56.000  101.359  161.935  204.794
  255.700  271.720  243.373  149.867   73.809   32.675    -1.419   -32.600
CT2270:225           86.369   71.404   12.841   -50.820   -84.802   -28.747
  114.199  188.334  227.514  213.960  162.690    -1.334  -146.340  -157.360
   -67.331   -17.494    -0.395   13.643   31.565   47.560   59.428   85.056
  166.423  232.984  202.679   97.199   44.105   16.355    -9.011   -35.642
CT2270:220           33.458   10.567   -10.396   -40.257   -73.876   -61.148
   64.093  238.076  383.097  385.021  286.459  129.733   -21.403  -128.422
  -121.849   -40.376    9.725   22.251   63.829  128.384  101.151   18.948
    0.425   56.599  109.643  106.547   70.608   23.042   -27.885   -73.122
CT2270:215           37.708    1.861   -31.567   -69.816   -94.073   -72.534
   49.807  212.438  305.478  187.884   -33.964  -192.197  -213.115  -173.294
  -147.961   -84.920   -31.759    1.119   59.403   99.875  100.217   40.645
   50.525  109.786  134.436  104.240   62.337   24.000   -15.725   -57.665
CT2270:210           28.403    0.171   -20.932   -74.258  -122.751   -97.083
   55.809  249.351  363.524  241.548    8.197  -113.990  -103.059   -93.790
  -138.140  -116.796   -87.127   -58.401   13.125   66.176  100.145  141.306
  190.643  179.425  134.800   92.916   69.443   36.408   -10.245   -55.641
CT2270:205            9.476    2.411   -15.655   -32.478   -18.878   30.612
  121.508  223.326  260.536  135.689   -21.371   -97.681   -90.968   -61.596
   -73.819   -98.691  -137.988  -171.701  -155.909   -82.678   54.328  205.141
  258.934  191.762  101.674   55.988   44.175   26.704    -7.876   -44.771
CT2270:200           -10.504    -9.332   -11.599   13.823   46.081   50.620
   -19.624  -131.124  -197.045  -171.264  -149.153  -159.591  -150.048  -106.303
   -39.592   -57.008  -163.374  -291.428  -310.528  -147.022  102.156  246.721
  232.664  147.780   71.178   36.230   32.406   16.346    -8.835   -37.883
CT2270:195            -1.715    -4.369    -7.559    7.584   29.997   18.310
  -116.574  -276.784  -356.236  -277.107  -170.512  -129.801  -117.865   -89.361
   -35.834   -61.258  -176.722  -317.140  -332.550  -142.277   66.965  134.367
   89.936   51.593   45.560   33.626   27.383    5.464   -24.628   -49.294
CT2270:190           40.455    8.090   -33.243   -77.191  -101.301  -109.819
  -178.358  -270.248  -292.127  -162.250   -24.929   32.159   32.820   21.498
    4.594   -42.469   -62.908   -40.452    -5.548    -0.755   -50.314  -116.157
  -105.795   -29.898   11.805   16.279   23.094   10.319   -16.234   -42.260
CT2270:185           90.066   24.883   -40.638  -120.821  -180.285  -168.693
  -128.768   -98.434   -89.955   -21.975   68.605  105.633   84.385   48.675
   14.571    -4.161   62.482  167.973  215.770  157.048   77.029   77.070
   78.854   31.479    -0.217    5.736   28.852   16.808   -10.019   -34.026
CT2270:180           85.155   15.669   -50.617  -122.650  -162.331  -135.327
   -71.127   -21.861   -12.499   25.444   66.805   87.667   72.778   45.063
   20.663   24.919   91.601  171.633  190.955  160.738  182.641  254.549
  239.488  120.332   35.344   24.780   34.615   19.981    -3.923   -28.548
CT2270:175           68.231   11.658   -40.392  -104.489  -149.726  -126.518
   -60.941    -5.498   21.408   49.001   71.625   92.363   93.754   68.370
   37.840   21.595   31.066   66.148   93.003  134.855  231.091  310.369
  292.265  171.945   84.644   58.194   48.065   22.306    -5.391   -33.157
CT2270:170           68.370   13.044   -41.490  -106.657  -158.600  -150.863
   -64.168   35.981  112.569  148.279  177.419  200.006  196.282  151.995
   76.924   17.952   -41.532   -76.113   -57.049   49.007  217.961  318.732
  309.055  202.761  127.292   97.180   65.073   29.024    -3.168   -35.493
CT2270:165           71.178   14.210   -42.578  -115.601  -174.595  -170.460
   -69.158   71.900  210.195  275.357  335.689  373.927  350.864  277.420
  126.839   18.428   -98.800  -192.311  -192.661   -75.708   90.043  191.384
  205.686  172.953  151.153  126.614   78.844   36.741    -2.456   -42.058
CT2270:160           53.115    5.177   -41.292  -106.155  -164.176  -167.249
   -65.234   87.309  286.324  427.690  498.749  606.215  602.092  396.665
  125.165   -23.303  -154.165  -281.765  -320.028  -249.634  -176.436  -108.495
   -30.209   83.524  150.704  137.759   88.980   39.773    -6.645   -46.833
CT2270:155           28.458    -8.085   -43.069   -93.201  -143.240  -163.747
   -76.619   67.057  207.403  306.560  411.503  450.607  337.110  203.998
   66.560   -58.003  -171.550  -289.894  -413.227  -469.553  -485.756  -445.278
  -288.234   -30.027  121.621  125.654   93.832   55.615    6.822   -40.056
CT2270:150            -3.374   -25.001   -45.012   -72.522   -91.160   -59.526
   56.191  198.527  359.935  466.696  431.428  252.107   64.441   -25.698
   -25.934   -78.941  -153.335  -254.601  -384.306  -458.697  -418.520  -279.995
  -107.218   33.227   93.050   83.021   72.564   46.753    7.144   -32.361
CT2270:145           -50.138   -52.383   -51.089   -49.403   -35.934    7.714
   85.224  177.513  279.595  363.251  313.123  135.195   -11.440   -81.969
   -50.590   -78.831  -133.250  -157.591  -165.722  -181.660   -78.466  142.339
  265.206  193.141  109.960   79.533   54.351   21.829    -6.289   -30.819
CT2270:140           -35.949   -37.345   -35.411   -36.467   -22.919   22.119
   78.230  124.667  166.335  254.448  283.129  198.321   76.395   12.138
    4.427   -53.122  -163.841  -257.322  -259.380  -166.044   36.341  290.764
  367.149  241.124  128.372   91.681   54.985   24.074    0.451   -25.240
CT2270:135           -52.891   -52.416   -50.073   -40.383    -8.164   43.810
   75.375   96.870  137.269  248.364  386.459  436.798  324.013  158.079
   27.742   -62.069  -179.132  -282.164  -299.469  -176.983    -2.860  133.126
  172.595  171.998  160.772  131.814   77.407   30.999    -1.444   -30.181
CT2270:130           -49.466   -52.795   -59.222   -60.932   -21.141   54.155
  132.249  215.872  265.872  172.149   36.674    -4.385   53.188   59.697
   -23.690  -110.851  -223.305  -303.177  -306.157  -183.979   -74.141   -54.842
   -25.452   99.286  164.678  136.351   73.120   32.415    2.759   -30.073
CT2270:125           -48.434   -57.111   -69.953   -77.543   -28.092   83.655
  214.155  336.663  406.743  319.909  188.947   84.103   37.702   -46.962
   -98.423   -75.246   -75.157  -102.066  -132.245   -84.868   10.174   84.922
  104.409  126.426  144.208  119.195   67.490   23.722    -8.119   -35.073
CT2270:120          162.586  111.955   49.437   -18.964   -60.787    -1.324
  102.648  162.734  210.807  259.047  225.362  125.127   24.032   -58.556
  -203.903  -215.707   -99.808   93.905  148.951   60.076   -84.045   -93.983
   28.088  159.011  170.073  107.121   63.004   15.218   -41.984  -100.896
CT2270:115          122.287   63.927    0.496   -55.190   -74.681    -2.031
  158.112  215.782  222.468  218.268   69.761  -421.336  -809.897  -794.764
  -374.425   -86.137   55.810  307.618  379.137  192.323  -220.016  -318.674
  -100.639  138.327  194.659  135.586   75.076   15.233   -40.011   -93.555
CT2270:110           53.414   27.469    5.299   -31.304   -38.149   50.976
  182.847  228.369  168.773   86.159   -34.380  -307.478  -531.846  -506.062
  -246.713   -57.255    -7.575   -22.507   -62.946  -255.292  -505.908  -516.286
  -245.722  102.913  163.665   92.308   50.057   18.623   -18.053   -49.590
CT2270:105           39.023   19.697    -5.629   -40.366   -39.216   61.179
  226.663  272.569  210.899  114.597    1.143  -188.495  -324.905  -325.066
  -192.158   -73.216   -49.695   -91.709  -108.965  -198.929  -324.097  -308.785
  -121.382  108.310  145.747   99.168   57.444   16.249   -22.631   -52.456
CT2270:100           19.539    -1.777   -17.562   -45.560   -32.705   96.955
  284.861  327.660  231.394   96.698    -4.785  -171.926  -322.123  -313.574
  -190.494  -109.834   -51.497   18.795   66.263   79.740   73.211   94.726
  127.947  142.678  120.335   92.525   61.980   17.275   -28.059   -67.154
CT2270:095            -5.207   -21.917   -32.848   -49.306   -22.729  114.978
  308.864  350.245  225.081   57.060   -30.020  -111.003  -162.561  -122.215
   53.339  195.555  215.278  121.332  122.626  317.421  636.301  713.273
  523.386  220.683  109.491   79.567   55.279   20.036   -16.970   -58.459
CT2270:090           -15.633   -28.746   -39.080   -56.023   -30.907   99.052
  292.842  325.136  175.677   -31.713  -105.488   -94.014   -66.960   -15.963
  125.996  223.683  239.464  147.948  155.709  422.138  911.209 1042.592
  760.851  320.030  152.342  106.963   61.281   19.844   -11.824   -51.221
CT2270:085           -19.020   -22.889   -27.399   -44.806   -25.422   68.077
  176.657  189.567   81.192   -59.894  -104.728   -74.410   -25.313    8.903
   63.441   94.676  111.201   80.978  121.939  378.382  833.418  972.661
  755.429  389.184  234.774  130.486   43.593    -4.793   -28.936   -56.228
CT2270:080           -29.267   -26.623   -25.304   -25.601    -8.467   44.624
  123.883  144.585   73.426    -8.392   -31.648    -7.337   24.347   33.556
   48.444   48.862   41.165    -9.096   14.729  210.135  546.885  673.148
  583.048  411.501  293.364  159.424   46.898    -4.027   -26.058   -52.388
CT2270:075           -35.672   -26.146   -21.425   -23.578   -11.595   15.405
   52.325   83.006   97.464  112.249  105.094   99.196   94.881   71.744
   47.394   28.185    3.692   -78.309   -86.498   42.185  276.443  385.434
  390.301  361.958  305.105  180.975   61.845   10.682   -15.132   -49.106
CT2270:070           -52.870   -36.915   -23.327    -9.804    4.603    8.988
   12.632   61.777  199.876  333.811  328.026  205.489   53.938    -3.581
    -3.772    5.543   -16.710   -81.519  -101.713   -31.023  108.342  192.930
  247.059  299.149  284.624  175.307   59.180    1.645   -31.687   -56.279
CT2270:065           -71.654   -42.553   -10.013   25.413   51.041   49.171
   18.812   61.697  318.580  594.341  592.961  283.675  -113.112  -186.184
   -79.148   -26.734   -49.170  -107.240  -143.947  -121.156   -79.057   -26.211
   90.505  227.736  246.157  149.224   51.446   12.527   -11.281   -41.380
CT2270:060           -94.948   -58.587   -16.581   24.424   51.465   76.069
  108.859  145.566  285.871  541.401  555.879  209.704   -63.905  -108.521
   -52.168   -10.121   -64.124  -180.109  -227.836  -263.947  -254.392  -195.048
   -59.206  119.817  178.448  124.855   55.904   16.548   -16.806   -44.742
CT2270:055          -101.436   -66.498   -33.413    5.790   22.160    -7.165
   -49.380   -86.751  -278.307  -576.219  -619.958  -352.726  -123.087   -95.756
   -68.569   -48.260  -127.784  -389.807  -580.291  -571.168  -522.432  -464.132
  -273.147   10.347  107.643   83.054   49.535   26.750    -4.585   -32.592
CT2270:050           -90.049   -59.004   -26.667   13.347   26.360   -19.196
   -79.078  -130.285  -374.458  -720.202  -759.554  -435.745  -144.514   -98.939
   -57.917   -30.065  -100.415  -300.542  -459.277  -551.157  -697.467  -694.606
  -444.123   -57.066   68.227   56.817   37.810   20.401    -7.016   -30.613
CT2270:045           -83.101   -45.992    -8.769   30.951   44.706    0.689
   -53.769   -69.599  -104.949   -77.396   -46.926   -30.625   10.757   23.216
   53.091   43.621    9.842   20.764    -2.667  -240.437  -695.380  -790.982
  -500.325   -79.425   40.377   47.378   45.410   31.604    0.760   -26.703
CT2270:040           -67.676   -34.193    1.483   39.093   70.779   75.461
   67.919  129.653  276.479  371.327  422.259  577.163  593.990  517.793
  295.954  104.834   73.975  112.602  114.975   60.363   -57.554   -97.897
   -75.089   -40.998   -18.023   14.021   35.508   22.864    -3.892   -26.994
CT2270:035           -56.474   -35.297   -14.801    -0.293   30.057   89.356
  149.234  271.864  659.114  994.538 1050.173 1037.933  922.753  772.551
  351.862   55.332   55.802  147.690  198.762  337.550  578.815  602.224
  383.039   69.330   -14.054    2.821   22.303   10.438   -13.120   -32.469
CT2270:030           -33.951   -22.778   -14.752   -10.942   29.412  135.267
  236.165  355.490  830.431 1384.649 1370.064  886.963  681.171  516.188
  121.425   -27.462   20.911  129.488  216.071  424.006  840.424  915.371
  562.038   86.416   -25.525    -1.418   21.643   14.634    0.660   -23.458
CT2270:025           -16.652    -4.935    4.330    2.113   32.350  155.960
  318.453  342.911  273.401  189.798   10.743  -734.106 -1563.641 -1470.720
  -579.467   -96.496   -10.632    0.002   31.154  162.396  345.707  368.614
  238.010   24.850   -34.106   -16.546    -3.591    -6.444    -8.820   -16.501
CT2270:020            -8.539    -4.590    -4.099    -0.618   29.205  110.941
  195.031  124.678  -355.332  -941.185 -1162.289 -1323.195 -1445.175 -1305.672
  -592.507   -89.510   -13.294   -79.403   -83.661  -133.222  -280.844  -307.187
  -170.039   -31.119   -17.350   -11.200    6.394    7.177    -2.593   -12.769
CT2270:015            -2.008    -5.497   -10.258   -16.521    -8.912   29.706
   68.995   -22.495  -328.529  -573.042  -682.081  -602.327  -352.273  -288.346
  -196.413   -57.775   -18.993   -80.158  -106.461  -200.514  -329.792  -333.703
  -228.229   -64.404   -11.386    5.675   19.746   16.058    1.677   -11.671
CT2270:010            0.528   -11.351   -25.172   -36.154   -38.060   -26.311
    -1.987   -41.408  -156.635  -263.956  -291.303  -194.975  -132.288   -80.426
   -44.057   -27.826   -30.839   -88.803  -119.473  -164.724  -213.264  -202.369
  -121.106   -24.750    9.212   12.521   12.349    5.811    -5.642   -16.514
CT2270:005            -0.105   -11.337   -27.538   -46.151   -44.741   -23.362
    -2.654    -0.817    6.425    -3.173   -16.753   -24.756   -48.955   -41.266
   -37.822   -46.969   -74.521  -145.504  -173.664  -164.153  -120.513   -85.248
   -24.722   44.572   59.051   35.570    8.715    -3.707   -14.613   -24.638
CT2271:360            1.346   -10.928   -25.442   -46.091   -34.310   25.356
   87.877  106.448  139.287  170.668  148.847   56.462    -9.836   -25.407
   -41.251   -55.464   -86.505  -167.644  -189.517  -141.773   -61.366   -28.110
   26.618   80.073   74.542   18.018   -23.635   -28.969   -30.696   -35.386
