
filled_synop: 30 data points in equal steps of sine latitude from +14.5/15 to  -14.5/15

CT2233:360           92.365   65.931   39.498   17.737    -1.284   -14.804
   -16.921    -9.127    -3.840    3.479   14.915   20.458   24.265   28.631
   31.097   25.941   21.320   22.322   27.425   26.265   16.048    -2.284
   -13.198   -14.920    -7.593    -6.368   -17.361   -34.792   -49.846   -61.763
CT2233:355           80.187   59.258   37.709   16.987    -5.454   -21.184
   -20.474    -8.165    -1.665    5.191   15.023   16.728    8.465    1.886
    5.438   12.470   17.440   22.182   33.183   36.935   28.209   11.991
    1.785    -0.689    1.212    -1.624   -10.304   -23.306   -35.650   -47.744
CT2233:350           79.528   60.636   41.376   22.871    -1.682   -17.089
   -16.154    -6.462    -3.284    -2.991    -8.243   -12.904   -22.148   -28.500
   -19.875   10.521   32.657   35.198   28.600   22.421   15.660    2.324
    -6.467    -4.992    4.710    4.772    2.500    -0.324   -11.231   -28.801
CT2233:345           83.316   57.988   31.565   10.139   -10.937   -22.903
   -12.770   16.613   24.522    7.128   -18.114   -26.979   -34.571   -37.319
   -24.449   17.893   48.490   43.693   14.308    -3.092    -7.072    -4.658
    -6.385    -8.050    -7.462    -9.806   -16.998   -27.550   -38.058   -48.443
CT2233:340           85.407   55.968   23.414    2.405   -16.145   -27.005
   -10.382   30.887   41.595   23.544    -4.991   -12.636   -12.694    -9.462
    1.371   28.083   42.831   38.171   12.782    -4.737   -13.147    -9.405
    -7.442   -11.754   -11.063   -12.307   -23.852   -41.487   -54.054   -63.768
CT2233:335           84.884   52.361   18.683    0.016    -9.791   -14.232
    0.291   32.540   40.000   31.506   19.057   14.425    9.750   13.502
   22.133   35.560   39.836   36.053   15.652    -0.717   -14.984   -28.765
   -35.134   -34.931   -23.578   -18.592   -24.866   -34.173   -40.401   -45.284
CT2233:330           75.811   45.922   17.537    3.755    3.606    5.236
   15.822   37.395   41.819   26.684    4.574    1.524   11.163   20.528
   31.572   58.523   77.306   67.686   38.730   20.046    2.052   -37.957
   -60.046   -48.348   -17.468    -9.159   -15.750   -25.675   -34.701   -43.591
CT2233:325           76.207   50.607   20.211    6.804    7.318    6.183
   12.567   29.196   30.446   11.688   -15.245   -15.596    6.738   24.276
   31.725   37.519   37.662   39.854   42.010   38.918   33.839   43.256
   46.715   26.785    -0.046   -10.245   -16.958   -25.911   -35.571   -46.121
CT2233:320           65.849   42.659   23.530   15.340   17.120   16.739
   13.224    9.157    4.975    -3.214    -8.419    -5.386    7.370   22.622
   25.604   20.015   16.922   15.555   12.449    8.555   13.775   22.274
   20.559   16.063    3.133    -8.067   -16.838   -25.532   -34.518   -44.235
CT2233:315           74.609   48.446   22.476   14.589   24.524   26.016
   10.995   -15.076   -26.494   -28.069   -26.704   -19.879    -0.694   11.747
   12.761    2.507    -6.155    -8.096    -5.305    -3.563    1.360    6.428
    6.149    7.345    4.377    -2.000    -9.784   -18.730   -28.862   -40.660
CT2233:310           85.142   52.256   14.024    4.570   30.587   38.103
   15.632   -30.888   -45.836   -34.249   -18.360    -7.742   17.667   36.194
   29.555    -1.043   -20.668   -21.376    -9.538    -3.324    2.543   17.982
   25.674   21.914   11.060    4.067    -2.012    -9.304   -21.091   -37.307
CT2233:305           64.031   37.108   17.717   17.691   41.840   48.483
   22.526   -25.128   -37.631   -16.169   16.776   26.279   27.994   28.482
   19.868    -0.960   -13.881   -27.022   -42.973   -46.792   -40.355   -16.463
    -1.816    0.284    1.878    1.882    -6.687   -19.556   -32.079   -45.274
CT2233:300           72.267   50.580   29.490   20.861   31.844   32.319
   10.157   -30.872   -40.735   -11.986   20.767   24.911   10.017    -5.697
   -13.268   -24.685   -37.599   -52.564   -93.827  -113.299   -99.186   -76.138
   -64.304   -49.545   -26.619   -19.369   -24.431   -30.715   -39.427   -51.048
CT2233:295           82.727   61.320   39.759   26.678   20.445   12.603
    4.814    -5.206    -6.674    7.556   23.007   22.880    7.891    -5.054
   -12.178   -19.250   -25.899   -34.208   -51.916   -57.444   -58.213   -61.393
   -59.415   -44.317   -16.587    -9.484   -21.502   -36.884   -47.948   -58.677
CT2233:290           81.464   61.590   42.079   27.070   13.228    2.049
    2.133   11.217   14.498   14.764   14.275   11.619    -3.503   -18.816
   -21.437   -21.220   -20.750   -10.490   18.472   34.933   41.322   55.888
   60.557   42.273    9.107    -9.226   -23.610   -38.162   -50.556   -61.001
CT2233:285           82.551   64.353   46.765   29.169    9.534    -3.821
    -9.341   -11.623   -12.842   -10.458    -5.468    -5.146    -5.197    -1.781
    -5.590   -20.277   -23.899    -5.351   31.956   49.334   63.066   76.950
   76.014   56.787   15.073    -7.796   -21.574   -34.864   -48.518   -62.815
CT2233:280           83.406   57.737   33.852   11.488   -14.148   -32.223
   -34.763   -28.793   -28.667   -36.340   -45.879   -41.973   -18.579    -1.328
    -1.298    -9.990    -8.815    3.709   29.360   44.500   47.622   38.710
   31.535   29.027   26.554   16.010    -2.949   -25.418   -46.374   -66.127
CT2233:275           91.623   64.341   38.326   15.446   -10.175   -28.795
   -32.974   -28.604   -28.063   -33.801   -38.995   -35.739   -21.304   -12.113
    -8.947   -11.779   -12.564    2.411   27.566   39.164   34.278   12.739
    3.150    7.199   23.643   22.687    3.945   -22.362   -45.514   -66.756
CT2233:270          108.621   83.276   51.960   28.909    6.252   -11.287
   -16.235   -15.903   -15.133    -9.489    -1.700    -0.473    -0.798    2.819
    1.920    5.667   16.127   22.930   41.544   51.681   40.615   13.487
    3.530    6.889   23.493   22.817    3.943   -22.598   -43.554   -62.065
CT2233:265           83.571   70.876   56.080   38.431   14.866    -1.674
    -5.545    -4.802    -1.864   12.930   29.248   28.994   10.053    -6.650
    -9.341   -15.464   -20.226    -6.790   19.347   29.070   25.582   12.689
    6.901    4.827    5.816    2.002   -11.020   -29.066   -44.951   -59.728
CT2233:260           74.394   62.465   51.577   35.579    7.282   -10.089
    -8.775    0.052    3.932   10.574   14.877   16.604   19.758   19.288
    8.370   -12.215   -18.640   -16.486    -2.603    5.296    4.748    0.808
    -0.117    2.784    9.919    7.101    -5.778   -22.337   -38.424   -56.380
CT2233:255           63.788   48.058   32.676   18.474    2.420    -7.693
    -5.177    6.757   11.239    9.397    6.183    8.326   20.118   25.561
   14.225   -13.010   -26.087   -25.339   -18.747   -13.629    -6.630    8.014
   13.460    9.583    2.137    -4.119   -12.735   -22.831   -34.718   -48.578
CT2233:250           68.389   49.251   29.163   12.998    -2.107    -9.221
    -3.062    7.395   10.290   14.200   17.984   15.503   11.445    8.323
    3.737    -7.485   -16.518   -20.875   -32.022   -36.478   -24.538    -2.640
    5.062    3.685    -0.443    -5.255   -14.736   -27.159   -39.411   -51.775
CT2233:245           71.982   46.207   22.409    8.936    3.306    1.389
   16.749   43.622   46.182   24.073    -1.764    -8.758    -8.497    -9.656
    -6.560    8.739   15.618    5.308    -6.215    -8.289   -14.345   -18.194
   -17.231   -10.859    -1.271    -2.651   -14.865   -30.514   -44.326   -59.209
CT2233:240           70.032   42.554   19.963    8.768    6.489    7.447
   27.633   62.810   65.851   29.959    -8.313   -18.264   -19.972   -20.640
   -16.860    -2.612    1.982    -2.346   -16.938   -24.733   -24.392   -21.555
   -19.670   -17.922   -13.284   -13.324   -21.855   -33.079   -44.523   -57.345
CT2233:235           77.717   51.131   25.283   10.308    0.417    -3.924
   12.565   42.935   45.727   26.613    7.551    -0.849   -13.367   -21.184
   -15.666    -0.319    3.893    -1.029   -13.801   -21.070   -27.068   -34.043
   -35.024   -29.687   -19.732   -18.204   -26.417   -37.040   -46.046   -55.916
CT2233:230           78.317   51.699   24.854   10.926    5.173    0.089
    2.513    7.357    5.335    8.512   11.976    6.744    -1.623    -2.082
    -1.432    7.991   15.035    6.715    -3.407    -7.892   -21.191   -39.442
   -43.178   -32.217   -11.897    -8.484   -20.814   -37.936   -51.545   -65.408
CT2233:225           90.766   66.300   44.656   32.804   26.712   19.854
    7.435   -10.821   -18.886   -19.709   -20.860   -21.423   -15.907   -11.888
    -9.156    -8.748   -10.126    -6.926    -9.687   -15.406   -16.953   -19.319
   -20.013   -13.522    1.168    2.458   -13.049   -35.852   -55.259   -72.858
CT2233:220           97.038   77.816   56.852   43.417   35.240   26.499
   15.880    5.949    -2.032   -23.744   -43.940   -43.422   -28.589   -18.118
   -12.487    2.982   12.345    9.943    9.713    7.285    -2.473   -12.905
   -15.841   -15.055   -13.717   -16.659   -27.716   -42.978   -57.373   -72.587
CT2233:215           91.336   63.941   38.474   25.152   21.594   14.141
    4.981    -5.554   -12.289   -17.535   -20.524   -22.517   -26.838   -28.146
   -19.931    -0.224    6.616    3.684    -5.895   -15.205   -17.751   -26.256
   -29.514   -26.251   -21.149   -21.585   -32.135   -45.697   -56.404   -65.935
CT2233:210           90.590   64.824   39.465   27.631   23.824   15.907
    0.675   -20.873   -25.828    -9.411    6.553    5.706    -4.737    -8.841
    -6.017    5.279    4.467    -2.938   -13.692   -24.233   -32.077   -43.975
   -43.173   -36.172   -30.453   -28.952   -36.461   -47.097   -54.075   -59.299
CT2233:205           92.224   65.435   36.386   24.639   28.417   24.936
   11.269    -4.921    -5.825    9.370   23.106   21.911    8.832    1.725
    4.235   21.061   17.189   -18.630   -47.625   -48.946   -72.366   -47.394
   -24.888   -25.153   -17.822   -14.163   -22.752   -32.355   -41.692   -53.203
CT2233:200           77.841   54.110   33.331   22.812   18.814   14.290
   10.871    5.879    8.741   30.130   46.207   41.856   18.848    3.083
    6.231   26.447   19.168   -69.754  -274.385  -336.854  -229.919   -91.652
   -47.127   -24.732   -11.262   -13.963   -24.539   -32.834   -41.876   -51.758
CT2233:195           71.064   49.577   28.846   17.411   11.209    7.413
   20.481   44.217   50.375   46.110   40.106   34.315   18.833    8.775
    4.729    9.262    3.071   -23.353   -50.762   -39.598   13.863  148.376
  190.386  131.609   29.066    -9.537   -20.802   -26.636   -38.717   -52.247
CT2233:190           73.452   53.229   34.877   18.924    -1.132    -9.935
    5.512   34.032   40.682   32.970   24.704   17.550    -2.167   -14.548
   -12.648    -1.688    -3.984    -2.590   22.589   49.518   97.377  215.546
  249.225  174.229   44.906    -4.866   -20.234   -31.106   -44.400   -55.924
CT2233:185           82.256   57.592   31.262   12.266    -5.573   -13.985
    -4.146   11.660   14.065    7.121    1.020    -4.950   -18.939   -27.356
   -22.735   -14.126   -11.179    4.920   26.389   41.280   75.458  105.820
  110.720   91.158   40.172   10.678    -2.355   -10.915   -23.505   -39.035
CT2233:180           84.303   54.114   23.540    9.709    7.710    5.570
    5.216    8.793    8.350    -8.090   -22.668   -18.300    6.911   22.235
   19.367   17.129   18.787   15.927    9.263   12.917   18.412   21.364
   23.091   19.738   16.043    6.751    -2.327    -8.597   -19.056   -32.211
CT2233:175           77.178   39.625   10.358    -2.887    -7.995   -11.147
    -5.916    1.113    2.811    2.850    3.323    5.727   17.828   24.599
   29.146   35.933   38.339   24.337    -1.336    -7.309    -1.914    6.423
    9.484    7.721   11.260    6.888    -4.684   -17.281   -30.997   -45.849
CT2233:170          103.037   61.924   20.742    0.074    -8.833   -10.258
    3.854   21.262   25.102   21.917   16.689   18.179   27.666   32.644
   30.218   19.642   13.617   14.771   17.184   17.951   14.994   13.501
   12.731   11.135    9.999    2.117   -13.728   -31.013   -46.551   -61.337
CT2233:165          112.553   73.389   31.757   12.646    1.814    -0.104
   24.350   60.966   65.307   47.527   35.896   30.378   25.183   24.703
   21.999   12.387    7.201    9.215   13.383   14.754   19.864   32.455
   33.422   19.903    2.542   -10.527   -31.986   -55.479   -70.721   -81.571
CT2233:160           78.287   34.174    -1.171   -10.384    0.641    8.392
   32.114   64.169   64.975   31.264    0.683    -0.810    9.890   13.760
   18.523   25.623   26.748   16.451    0.169    -4.421    2.965   11.936
   12.654   10.623    5.264    -5.116   -24.788   -47.084   -63.747   -75.780
CT2233:155           73.086   37.666    1.934    -2.361   20.035   29.635
   32.072   33.294   28.372   10.034    -6.716    -6.426   10.672   23.089
   24.963   28.061   28.151   20.420    4.674    -1.877    0.998   11.557
   13.116    7.654    1.491    -5.988   -21.960   -40.259   -54.444   -66.823
CT2233:150           68.609   42.299   22.546   23.228   44.546   53.900
   40.073   16.555    6.514    6.459    7.105    4.406    0.773    -0.075
    8.723   24.001   27.999   19.510    3.110    -5.416   -10.161   -11.586
   -11.639    -8.935    -0.842    -1.677   -12.793   -27.018   -40.429   -54.114
CT2233:145           80.469   52.748   29.748   37.132   66.084   74.852
   56.745   26.489   13.329   11.759    9.598    5.324    -2.109    -5.448
    3.578   19.641   24.224   17.550    1.668    -7.555   -20.598   -38.352
   -41.715   -30.152    -8.963    -4.877   -11.504   -20.730   -31.066   -43.593
CT2233:140           93.321   63.548   31.310   34.751   69.175   76.658
   62.232   42.444   28.002    7.744    -4.540    -8.451    -3.570    1.684
    5.115   14.869   20.747   16.164    8.724    4.708    -7.764   -25.574
   -29.274   -18.574    0.940    2.667    -7.096   -18.669   -27.885   -37.095
CT2233:135           76.371   47.055   27.835   34.090   63.797   71.080
   48.706   14.382    -2.147   -18.049   -33.698   -36.841   -28.320   -21.738
   -21.783   -18.810   -13.097    -3.032    7.871   12.985   16.602   22.540
   22.282   14.319    4.250    -2.772   -12.049   -21.832   -31.898   -43.270
CT2233:130           83.894   55.909   30.905   33.256   54.796   56.883
   31.145    -3.292   -15.281   -15.236   -15.648   -27.694   -56.073   -71.295
   -62.130   -37.555   -23.270   -12.104    4.406   15.355   31.717   51.258
   53.608   40.259   19.216    6.167    -7.188   -21.380   -35.906   -50.882
CT2233:125           82.617   55.749   28.403   20.697   32.358   33.035
   11.974    -2.834    -6.466    -1.776   10.535    -3.600   -38.907   -57.747
   -52.769   -44.685   -38.015   -14.471   15.453   28.687   41.884   52.111
   52.718   42.120   22.151    8.895    -9.449   -29.456   -45.303   -59.681
CT2233:120           93.011   68.382   41.703   11.297   -24.649   -26.691
   -21.469   -10.246    -3.958   15.562   28.169   14.091   22.056   24.710
    7.204   -12.089   -12.642    2.033   28.115   37.718   32.503   24.488
   23.460   27.204   32.632   26.338    6.803   -18.113   -40.514   -61.510
CT2233:115          105.025   78.236   48.953   13.214   -59.788   -39.684
  104.504  225.566  240.077  179.944   84.690   34.934   13.978    -6.806
    -6.976    1.156    2.819    3.673    1.966    -0.151    -9.453   -26.530
   -27.048    -5.258   23.930   24.961    7.365   -16.749   -39.369   -63.258
CT2233:110          100.787   76.391   50.475   13.527   -72.167   -33.365
  318.264  719.178  736.113  403.948  127.861   50.607   10.125   -22.092
   -17.253    7.524   13.501   11.360    6.373    0.997   -17.647   -41.743
   -44.161   -18.063   21.389   25.214    2.335   -26.690   -46.220   -62.285
CT2233:105           84.995   65.329   39.877    -2.742   -73.907   -22.155
  428.786  975.188  996.748  508.445  150.667   69.751   26.193    -2.114
    -0.526   19.788   24.362   23.515   18.825   12.493    -5.927   -24.467
   -29.309   -18.990    3.232    3.386   -14.178   -36.245   -52.164   -64.534
CT2233:100           75.829   66.128   54.805   19.982   -52.409   -67.452
   81.085  287.716  304.411  154.987   54.561   38.703   25.759   12.965
   19.577   42.212   49.696   43.533   32.676   26.777   17.461    -1.328
   -10.902   -16.963   -22.664   -29.463   -38.255   -47.308   -55.063   -60.845
CT2233:095           91.829   86.166   70.712   33.812   -11.724   -72.215
  -354.048  -702.687  -674.554  -267.549    -1.926   34.574   26.308   29.244
   22.900   11.340   10.593   30.562   60.815   66.329   51.274   36.196
   24.460    1.108   -26.169   -39.969   -46.454   -49.155   -49.936   -49.674
CT2233:090           81.872   69.845   56.166   21.478   -10.130   -97.736
  -424.314  -767.138  -740.650  -324.732   -13.343   39.200    5.956    0.405
    -0.793    -4.875    -4.309    0.111    3.205    8.588   27.023   42.244
   35.351    1.747   -42.373   -58.707   -53.403   -42.016   -39.230   -39.584
CT2233:085           82.084   61.257   40.376    7.698   -10.252   -78.014
  -324.611  -575.932  -549.599  -237.986    -0.141   46.651    7.942    -1.280
    -2.268    1.640    3.608    -4.176    -7.638    -1.614   16.972   38.874
   35.653    2.755   -43.605   -58.080   -46.387   -28.669   -23.461   -22.961
CT2233:080           77.235   62.972   44.640   14.941   -21.270   -76.963
  -162.231  -237.116  -219.220   -85.784   29.790   56.599   15.857    0.477
    -1.224    -2.750    -5.482   -11.284   -23.885   -18.849   14.143   55.014
   57.790   25.337   -19.805   -38.100   -36.365   -28.896   -25.601   -23.937
CT2233:075           64.880   52.900   41.743   21.151    -7.286   -34.274
   -51.611   -67.985   -57.487    -9.374   31.852   44.447   24.710   15.225
   11.565   10.184    7.414    0.148    -8.499    -4.280   18.021   50.626
   56.020   34.590    3.098   -12.430   -19.489   -25.189   -30.441   -33.819
CT2233:070           70.209   60.134   48.612   31.866    7.352    -5.650
   11.609   28.474   32.215   28.350   20.574   17.574   10.599    6.657
    7.611   11.947   11.326    -0.649   -17.203   -15.681    7.777   40.302
   47.261   31.490    7.598    -6.898   -16.016   -24.760   -33.278   -40.692
CT2233:065           75.027   63.765   50.604   34.538   13.796   13.078
   68.898  115.533  112.218   47.356   -14.829   -17.966    -0.482    6.459
    1.673    -8.109   -13.148   -11.437   -15.290   -11.574    8.034   32.528
   37.765   25.203    3.484    -9.032   -17.733   -26.123   -35.237   -43.751
CT2233:060           78.425   64.665   51.659   39.686   22.967   18.272
   95.205  217.669  203.569   63.872    1.466    -7.049   -12.580   -14.708
    -4.267   13.904   16.140    3.653    -7.844    -4.916   12.746   35.220
   40.014   31.380   18.654    7.015    -7.851   -22.473   -34.894   -46.289
CT2233:055           88.503   65.648   43.995   32.343   28.695   16.313
   -60.481  -171.277  -162.726   -51.397    -3.022    1.275    1.987    2.024
    6.471   15.872   15.681    2.168   -13.824   -12.483    6.329   28.987
   34.210   24.591    8.611    -1.467   -10.672   -19.940   -30.255   -41.777
CT2233:050          108.402   74.958   41.069   19.564    3.650   -14.890
   -51.254   -78.074   -74.037   -22.259   20.758   26.776   25.679   25.104
    6.789   -23.218   -32.771   -26.787   -21.233   -16.737    -1.645   17.650
   22.904   17.370    9.062    0.897   -13.560   -28.977   -41.615   -53.629
CT2233:045          107.759   73.292   39.778   19.024    4.271   -10.720
   -19.557   -14.097    -9.989   10.716   37.596   37.580   27.141   22.887
    3.085   -28.411   -39.169   -35.577   -32.591   -29.870   -20.280   -11.343
    -6.307    0.877    6.957    1.865   -13.165   -29.762   -44.018   -57.707
CT2233:040          102.930   72.204   43.385   23.594    6.056    -7.261
    -9.579   -10.390    -6.449    -0.384    4.581    6.192    2.889    -1.591
    -6.050    -8.632   -12.594   -18.191   -18.503   -18.647   -21.343   -19.765
   -15.492    -5.426    7.790    5.880    -8.913   -26.866   -43.072   -59.071
CT2233:035          112.937   81.185   47.309   28.637   17.553    4.751
    -4.595   -26.302   -15.029   10.453    8.985   14.650    8.949    1.461
    0.871    9.037    7.015    -5.733   -24.918   -29.110   -25.476   -23.422
   -20.483    -9.113    4.966    2.204   -14.980   -34.262   -47.613   -58.805
CT2233:030          110.754   81.755   52.992   34.936   21.904    7.773
   10.497   19.902   37.892   68.311   77.346   73.844   32.917   13.073
    8.088   15.307   13.712    4.881    -8.494   -12.696   -13.829   -17.026
   -16.195    -9.137    -1.557    -5.051   -18.162   -32.399   -44.171   -55.766
CT2233:025           90.901   69.908   51.639   34.206   15.456   -15.668
   -58.565   -68.171   -35.974   93.288  196.883  160.518   32.479   -11.171
    -3.012   16.000   16.657   10.949    4.865    2.589    4.690    9.583
    8.266    0.625    -7.999   -14.519   -23.101   -31.760   -39.797   -48.414
CT2233:020           83.908   71.136   58.226   37.266   19.419   -21.202
  -209.253  -428.926  -384.743   -99.921   40.089   53.433   22.113    9.232
    7.768   11.319    9.781    7.943    4.403    1.896    2.981    4.865
    1.906    -8.729   -21.779   -27.076   -28.494   -29.865   -35.010   -42.326
CT2233:015           91.608   73.210   54.620   38.033   24.353   -11.545
  -106.914  -180.832  -173.866   -88.513   -17.940    5.487   17.989   24.132
   16.979    8.724    5.894    2.957    -0.833    -3.250    -4.846    -7.423
   -10.750   -13.989   -16.956   -21.837   -27.749   -33.127   -39.291   -46.235
CT2233:010           93.306   69.062   45.984   31.668   23.709    6.209
   -20.113   -44.092   -43.106   -24.010    -4.690    7.073   12.200   14.944
   13.123    4.818    3.482    8.932   14.139   12.311    3.138    -8.457
   -14.230   -17.390   -20.173   -24.932   -29.538   -33.859   -39.417   -46.196
CT2233:005           96.954   62.961   30.038   15.966   14.364    3.643
    -0.196    -3.673    -4.116    -5.558    -5.416    2.906   10.718   15.519
   13.832   13.141   16.402   24.279   33.271   30.746   17.728    4.732
    -2.539    -8.784   -11.716   -15.320   -18.497   -22.951   -29.708   -37.941
CT2234:360           99.864   71.265   43.751   24.759    8.743    -1.877
    -2.060    -2.375    -0.294    9.108   13.991    6.350   -15.977   -20.802
    -7.285    9.911   16.554   24.247   32.771   29.594   11.433    -9.134
   -15.202   -10.996    -6.767   -11.043   -18.665   -26.643   -34.815   -44.373
