
filled_synop: 30 data points in equal steps of sine latitude from +14.5/15 to  -14.5/15

CT2230:360           75.698   60.318   41.975   16.897    -3.586    -5.601
    6.130   11.557   11.744    9.869    7.505    0.187   -19.357   -23.624
    -3.626   30.653   38.971   22.336    2.547    -4.713    -7.637    -9.613
   -12.645   -15.744   -16.304   -11.500    -1.908   -14.484   -46.679   -83.394
CT2230:355           83.032   65.103   46.499   23.994    5.223    -1.270
    -2.755    -4.816    -5.365    -5.014    -3.901    -5.739    -7.993    -2.361
   14.479   44.842   51.874   28.056    -4.557   -14.002   -15.822   -19.048
   -19.514   -18.289   -19.024   -20.948   -22.808   -37.091   -64.007   -87.902
CT2230:350           74.268   53.292   32.298    9.125    -8.852   -14.981
   -15.368   -17.356   -18.424   -20.275   -20.824   -15.280    -6.951    -0.338
   14.569   31.843   35.360   28.928   17.314    9.404    -1.075    -7.378
    -5.690    6.723   10.692    4.911    -1.915   -18.979   -49.763   -84.942
CT2230:345           65.919   40.222   18.062    -3.401   -19.465   -21.080
    -6.814    -0.907    -4.186   -13.903   -15.325    -9.509    6.442   15.863
   18.714   19.311   21.173   24.331   28.363   23.240    4.469    -9.853
    -7.620    2.746    4.321    2.487    -0.082   -20.168   -56.417   -89.705
CT2230:340           74.474   52.648   30.033    4.671   -13.654   -14.275
    1.713    8.183    2.741   -17.687   -26.616   -14.046   11.533   23.240
   17.826    8.778    7.843   11.586   14.877   12.067    2.868    -3.725
    -0.993    9.972   13.141   11.306    8.145   -14.762   -54.921   -89.903
CT2230:335           76.209   56.918   36.586   11.482    -9.061   -12.175
    -4.456    -2.412    -2.109    -3.921    -2.493    0.105    -0.317    1.046
    6.639   10.008    8.722    1.805    -4.860    -4.733    5.713   13.582
   13.739   12.265    9.346    9.175   11.490    -3.201   -33.974   -72.102
CT2230:330           69.252   49.262   29.422    7.189   -10.819   -18.298
   -17.953   -16.735   -15.053    -8.209    0.135    2.551    1.013    2.822
   13.012   24.440   24.785    6.002   -16.570   -15.329   11.896   28.236
   24.209   11.174    3.764    -1.065    -5.559   -20.299   -44.347   -70.114
CT2230:325           74.317   50.971   28.841    6.550   -11.782   -22.093
   -30.977   -38.011   -35.090   -25.811   -19.869    -8.498   13.202   26.722
   24.598   23.426   22.557   11.750    3.075    1.351   10.261   17.168
    9.012   -11.322   -21.144   -19.533   -13.694   -26.672   -54.069   -79.569
CT2230:320           79.849   57.924   38.107   18.862    2.055    -7.564
   -12.043   -16.947   -23.712   -33.526   -33.359   -24.027    -9.828    0.377
   10.576   18.248   21.107   23.702   28.469   21.650    3.171   -11.253
   -17.062   -26.010   -31.464   -25.649   -14.935   -25.202   -52.391   -84.384
CT2230:315           86.006   63.004   43.039   25.906   10.269    -1.145
    -8.729   -16.038   -25.915   -45.516   -49.885   -35.180    -6.693   10.967
   26.584   30.115   31.087   45.899   39.089   28.964   11.386    -2.846
    -9.251    -4.790    -4.246    -8.471    -9.780   -28.076   -63.653   -94.044
CT2230:310           86.486   66.828   45.466   21.970    2.597    -9.029
   -16.864   -22.407   -27.601   -33.580   -30.251   -16.131    8.791   22.760
   70.154  168.812  192.532  122.910   81.072   64.225   15.331   -19.220
   -18.959    -2.317    -0.001    -4.028    -8.965   -24.791   -53.390   -81.548
CT2230:305           82.044   63.956   45.510   25.513    8.936    -4.453
   -22.866   -31.007   -25.752   -14.811   -11.688    2.624   26.049   29.581
   -27.867  -155.226  -175.487   -61.670    5.755   12.491   12.319    8.856
    1.098    -6.592   -10.901   -14.322   -18.627   -30.643   -48.877   -67.801
CT2230:300           87.855   71.227   49.529   18.531    -5.874   -13.301
   -10.416    -7.173    1.043   19.872   27.473   26.508   19.009    6.557
   -75.228  -246.079  -273.529  -119.031   -11.250    3.104    6.363    7.741
    0.511   -13.640   -19.069   -16.276   -12.043   -21.725   -38.704   -56.494
CT2230:295           73.059   56.475   42.816   30.283   18.151   10.123
    1.769    1.126   17.538   52.786   65.447   48.986   16.625    -2.216
   -24.285   -23.805   -22.768   -30.001    -3.890    5.167    0.917    -0.698
    -1.251    -3.142    -5.477    -6.591    -6.306   -16.751   -35.823   -55.832
CT2230:290           66.928   51.106   40.524   33.701   27.220   20.487
    8.803    6.525   19.927   43.870   49.095   35.026    6.451    -6.899
    1.492   13.703   12.970    2.107    -6.353    -2.088    1.996    5.244
    9.662   14.804   13.407    7.265    -0.008   -14.896   -35.110   -54.132
CT2230:285           78.034   59.325   42.486   24.853   11.216   12.358
   22.461   25.564   28.757   31.931   29.398   20.218    3.914    -3.942
    1.493    5.347    2.334   -10.846   -26.153   -18.225    8.883   23.804
   30.148   32.296   28.262   15.892    0.958   -14.009   -32.836   -52.516
CT2230:280          100.094   83.132   59.792   27.856    7.334   14.226
   37.703   45.105   37.551   21.278   12.978    5.999    3.517    3.249
    0.007    2.338    2.028   -11.308   -20.690   -12.306   23.213   48.346
   49.663   47.111   42.842   26.514    4.257   -13.507   -31.547   -52.185
CT2230:275          117.503   98.758   71.451   26.006    -4.038    1.799
   33.634   44.364   30.291    -2.467   -16.040   -23.258   -26.219   -27.892
   -23.430   -20.788   -17.774   -10.737    -7.140    -1.747    8.059   13.217
   21.283   30.244   27.856   20.624    9.296    -9.986   -35.866   -60.192
CT2230:270          101.035   69.629   37.803    5.742   -13.117    -8.606
   14.393   21.706    9.079   -20.526   -36.089   -35.033   -30.757   -30.807
   -22.461   -12.382    -5.764    9.068   24.535   21.312    -2.573   -13.342
    -4.860   16.019   18.924    3.686   -16.182   -33.798   -50.955   -61.910
CT2230:265           81.083   51.537   26.620    0.298   -15.324    -9.694
    6.899   13.354   11.673   11.605    7.686    -4.254    -8.665    -7.945
    -9.134    -3.566    3.921   17.173   25.898   20.486    -3.931   -17.233
   -12.988    4.162    5.303   -16.337   -39.163   -48.583   -53.949   -57.251
CT2230:260           67.930   45.624   24.125    2.197    -7.395    7.343
   40.098   51.307   43.307   25.857   12.779    -3.359   -24.690   -30.026
   -18.302    -6.732    1.293   16.411   25.405   19.861    -0.144   -11.306
    -9.379    0.814    -0.811   -14.073   -29.553   -40.237   -48.088   -55.896
CT2230:255           67.818   49.872   33.657   11.533    0.243   29.027
   86.605  103.989   79.988   28.579    4.901    -5.622   -16.188   -19.004
    -8.092    5.593   10.567   11.399   10.165    7.453    -1.135    -5.787
    -3.417    3.805    1.595    -9.462   -23.148   -35.904   -48.172   -59.855
CT2230:250           70.001   50.819   31.431    8.728    -1.910   22.897
   74.967   90.869   68.370   20.548    2.803    4.420   10.009    9.884
    8.611    7.652    7.594    7.648    8.206    9.376    8.723    8.202
    9.652   12.566    8.885    -3.938   -18.326   -31.313   -44.079   -58.223
CT2230:245           75.153   52.883   31.948   10.375    -3.789    -7.278
    -6.256    -5.198    -4.936    -2.103    0.558    8.385   22.074   23.693
    9.481    -6.377    -9.913    -4.329    3.503    7.158   13.513   18.495
   19.117   15.330    9.342    -3.537   -18.959   -34.668   -51.038   -67.720
CT2230:240           79.471   56.583   32.201    5.126   -14.771   -31.249
   -52.123   -60.882   -49.396   -23.532   -13.044    -1.806   10.804   11.720
    1.130   -20.677   -27.559   -29.136   -32.339   -24.074    3.337   19.435
   23.703   25.185   20.255    1.444   -19.249   -40.421   -66.554   -86.404
CT2230:235           90.351   65.929   34.022   -11.339   -42.317   -52.435
   -55.296   -55.961   -45.263   -25.217   -15.308    0.545   14.977   15.125
    9.919    0.956    -7.694   -31.547   -50.849   -40.376    -8.574    7.141
   15.196   21.997   19.218    4.916   -11.962   -31.948   -55.994   -75.543
CT2230:230           74.138   52.581   33.025   14.864    -0.772    -9.350
   -12.145   -12.311   -12.062    -8.743    -3.107    6.804   24.638   27.286
    9.848    -6.217   -12.124   -19.478   -24.289   -19.708    -5.636    5.926
   17.393   34.414   35.946   19.615    -3.132   -22.714   -43.943   -65.652
CT2230:225           85.242   65.927   47.217   27.209   11.297    2.072
    -8.203   -12.914    -7.815    1.194    3.982    -1.438   -17.375   -24.862
   -24.167   -30.053   -28.411    -1.858   20.914   16.715    -6.730   -14.555
    3.089   34.569   39.631   24.166    3.959   -15.574   -41.236   -64.436
CT2230:220           77.947   60.662   41.612   20.825    5.353    0.096
    -0.960    -2.742    1.589   10.813   11.935    2.414    -7.539   -12.960
   -23.973   -31.500   -28.722    -6.182    9.188    4.244   -19.242   -28.682
   -15.281    9.287   13.842    2.093   -14.773   -30.670   -48.141   -60.561
CT2230:215           72.705   58.989   44.800   28.501   15.078    7.068
    0.311    -3.165    1.127   10.067   10.012    -1.470   -16.084   -21.754
   -21.210   -18.045   -17.670   -13.298    -9.440   -16.087   -33.154   -39.730
   -35.573   -20.793   -17.857   -26.517   -35.290   -41.759   -50.240   -59.784
CT2230:210           77.730   63.236   48.453   32.211   18.267    9.834
    3.506    0.566    3.884    9.503    7.044    -1.453   -19.357   -25.970
   -15.984    -0.711    -3.735   -27.415   -46.363   -49.685   -50.219   -50.983
   -60.001   -69.375   -70.672   -61.618   -50.900   -55.931   -65.223   -71.316
CT2230:205           71.236   61.147   51.137   40.816   31.106   21.014
    7.636    2.482   10.248   28.082   30.599   13.921    -6.462   -12.823
   -14.309   -17.498   -19.559   -22.861   -25.528   -32.829   -54.834   -69.210
   -66.792   -65.789   -68.557   -66.196   -58.746   -58.563   -59.429   -55.785
CT2230:200           67.561   62.918   55.957   45.480   36.598   28.728
   17.297   12.485   12.993   13.500   10.099    6.159    2.238    -0.170
    -0.481    2.693    2.180    -5.051   -10.198    0.309   43.150   61.769
   33.242    -5.971   -21.393   -41.706   -58.864   -58.896   -50.082   -43.548
CT2230:195           90.248   78.041   61.491   39.994   25.523   21.476
   20.815   19.515   17.443   15.375   12.295    7.521    1.660    -1.665
    -2.753    -3.436    -2.316    -2.145    -3.745   13.530   66.817   87.877
   59.087   10.551    -8.802   -26.370   -43.370   -46.468   -41.708   -40.882
CT2230:190           97.181   71.402   44.829   16.760    0.506    5.402
   17.719   19.157   15.959    6.731    2.127    3.709    3.193    1.046
    -0.958    -5.386    -2.624   12.518   23.410   23.099   14.503    9.861
   12.915   12.522    3.460   -17.105   -40.311   -49.952   -49.131   -45.540
CT2230:185          101.221   67.394   37.372    7.677    -9.403    -0.634
   27.733   35.766   25.776   11.687    9.632   13.173   24.117   25.155
   14.190    7.052    7.957   17.639   23.280   14.872   -17.105   -27.762
    -7.857   27.113   26.763    -2.786   -34.162   -44.411   -45.880   -48.314
CT2230:180           92.749   65.709   32.994    -2.070   -20.233   -10.967
   10.981   14.901    9.918    -0.715    -3.385    4.533   12.506   12.404
    6.827    -0.613    0.230    8.873   12.317    5.990   -12.553   -14.112
   13.518   62.806   65.779   23.452   -27.048   -45.365   -48.769   -55.822
CT2230:175           74.457   60.277   41.497   14.775    -2.119    -1.402
    4.829    4.435    -0.797    -8.742   -10.703    -3.017    5.148    4.512
    -2.930    -8.241    -7.672    -1.043    2.541    -2.214   -16.252   -14.087
   19.047   71.054   73.606   23.773   -29.392   -51.369   -63.071   -69.910
CT2230:170           63.876   54.406   42.365   26.120   14.152    8.265
    4.109    0.679    1.026    2.852    2.106    -0.395    -0.514    -2.146
   -11.648   -16.283   -15.798   -10.475    -5.845    -9.572   -23.227   -22.669
    9.291   58.075   59.872   19.334   -24.812   -44.025   -55.340   -66.587
CT2230:165           47.342   43.005   40.508   40.091   33.990   17.642
    -2.068    -9.640    -5.102    6.902    8.257    -7.472   -24.883   -26.158
   -18.759   -12.949   -13.624   -21.373   -27.149   -22.052    -8.896    -0.532
   10.157   25.431   22.949    -0.063   -25.644   -42.312   -55.742   -69.502
CT2230:160           43.589   43.379   42.717   42.834   36.182   14.753
   -16.682   -28.576   -20.617    -6.266    -3.395    -7.944   -16.592   -12.245
   12.414   29.228   28.076   11.483    1.530    3.699   18.696   26.116
   21.881   10.685    4.064    -6.040   -18.106   -36.309   -56.883   -74.538
CT2230:155           59.570   56.182   53.779   53.236   45.928   21.166
   -16.236   -30.587   -24.194   -12.965    -8.935    -0.350    8.816   17.093
   41.965   66.006   60.163   30.090   17.019   14.976   23.140   28.139
   24.937   19.302   13.197    4.396    -5.305   -24.028   -47.126   -68.120
CT2230:150           42.796   41.666   41.519   41.885   36.456   23.509
   10.179    2.916    -1.194    -0.567    3.016   12.640   23.499   30.559
   40.570   48.516   43.998   20.423    4.261    3.355    1.221    -1.279
    6.845   15.922   12.604    3.600    -7.147   -25.883   -50.710   -77.895
CT2230:145           36.619   31.189   29.398   33.137   30.895   17.067
    -4.221   -15.158   -16.786   -16.287   -13.870    -1.745   16.321   21.431
    8.228    -5.541    -2.317   10.176   12.955    8.921    8.041    8.902
    6.987   10.617    6.120   -12.900   -32.210   -50.065   -69.993   -90.080
CT2230:140           40.190   36.726   31.200   24.531   18.410   13.643
   11.172    5.092   -11.751   -31.818   -33.728   -19.359    -7.434    -1.631
    2.491    2.789    5.774   15.757   18.692   10.475    -8.432   -15.521
    -4.990   10.644    9.166    -1.339   -13.667   -34.588   -62.908   -92.430
CT2230:135           39.702   36.458   31.296   24.186   18.737   18.398
   19.287   14.318    0.823   -13.292   -14.531    -5.430    7.592   14.245
   26.925   40.651   38.496   29.156   24.671   15.661    -0.641    -6.120
    -1.950    6.367    5.956    5.350    0.479   -23.958   -61.423   -99.213
CT2230:130           35.249   31.101   28.639   26.600   23.665   20.776
   16.775   13.740   10.986    7.944    7.906   10.665   13.647   18.594
   30.549   37.747   34.849   18.112    8.047   11.689   19.561   20.529
   15.529    6.875    3.116    5.624    3.550   -27.792   -70.323  -104.072
CT2230:125           29.310   25.027   22.959   22.626   20.419   14.829
    7.493    6.009   12.690   18.735   18.527   13.796    8.191    8.908
   13.015   14.101   10.967    -1.409    -6.382    4.250   27.093   34.685
   30.506   24.017   18.873   13.233    5.123   -20.509   -57.769   -93.192
CT2230:120           36.515   28.146   21.449   15.226   10.121    6.674
    3.552    3.781   12.461   21.401   19.538    7.540    -2.130    -6.092
   -12.372   -14.832   -13.160    -8.759    -6.326    -2.687    3.785    8.460
   17.688   27.178   24.404   12.162    -1.996   -23.218   -49.980   -77.467
CT2230:115           49.009   35.022   21.378    5.011    -4.428    -0.457
    8.086    9.544    8.503    6.971    3.140    -8.287   -17.339   -19.090
   -20.720   -22.551   -16.313    -0.373    4.752    -3.823   -20.188   -19.816
    -0.231   20.613   21.279   10.007    -3.209   -23.118   -46.022   -67.140
CT2230:110           60.089   39.720   20.570    3.219    -6.853    -1.746
    7.347    6.557    -2.955   -11.943   -14.784   -14.957   -14.697   -13.588
    -6.577    -1.362    -1.265    1.454    3.204    -6.932   -22.262   -22.069
    -4.674   14.744   15.608    6.438    -5.711   -21.230   -39.440   -59.088
CT2230:105           73.488   53.628   33.345    9.120    -5.663    -4.092
    0.709    -1.540    -9.448   -16.014   -16.872   -12.988    -9.565    -9.184
   -11.667   -13.539   -15.837   -20.474   -22.215   -20.662   -19.236   -17.098
    -8.047    3.998    5.422    0.004    -8.564   -25.545   -46.126   -63.286
CT2230:100           75.958   55.345   30.604    0.579   -16.476   -15.628
   -11.318   -12.456   -19.249   -23.197   -21.539   -11.701    -0.794    -1.845
   -14.895   -24.901   -25.491   -19.518   -16.083   -16.695   -18.365   -18.615
   -16.578   -11.780    -9.806    -5.251    -4.745   -22.769   -48.057   -67.609
CT2230:095           69.602   41.475   14.492   -10.406   -25.070   -24.181
   -15.893   -12.578   -14.113   -18.156   -16.446    -6.734    -3.497    -3.430
    -2.902    -3.448    -3.148    -0.149    -0.327    -4.880   -15.540   -20.489
   -22.255   -22.322   -21.242   -11.507    -3.209   -14.562   -37.180   -62.358
CT2230:090           63.217   33.949    9.462   -11.101   -23.841   -28.829
   -31.514   -27.543    -1.738   28.832   34.085   22.442   18.801   17.645
   16.187   16.998   17.222   18.812   19.315   10.896    -0.307    -4.982
   -14.552   -25.858   -26.286   -13.784    -6.904   -15.937   -29.563   -47.738
CT2230:085           85.048   59.144   30.510    1.088   -14.608   -14.993
    -9.953    -3.245   18.033   43.746   45.858   21.782    0.784    2.014
   19.445   29.063   28.922   22.574   17.659   16.810   15.326   12.462
    9.560    5.914    1.457    -4.043   -11.129   -21.905   -36.747   -54.907
CT2230:080           98.519   82.259   56.766   20.753    5.703   10.368
   16.879   21.181   27.117   27.128   25.064   21.811   12.418   14.336
   30.671   38.846   36.029   24.885   20.828   23.567   31.306   31.728
   33.495   35.490   28.402   12.984    -1.828   -18.076   -38.161   -57.142
CT2230:075           83.155   67.326   47.329   21.691   12.993   25.076
   35.562   37.953   37.803   28.785   23.766   24.448   22.199   22.703
   26.999   27.148   26.116   16.168   10.512   16.555   28.419   29.800
   26.516   19.541   12.255    2.582    -9.826   -24.835   -42.116   -56.926
CT2230:070           70.434   53.320   35.493   17.215   15.010   47.134
   80.710   84.857   65.556   43.682   35.423   28.566   30.406   27.742
   19.853   16.396   16.034   13.717   12.681   17.632   29.292   30.952
   22.321   10.198    2.864    -0.666    -7.473   -23.077   -44.303   -66.603
CT2230:065           61.304   48.972   37.373   23.550   18.731   39.816
   71.121   74.648   45.186   13.878    6.663    -5.368   -27.004   -21.015
    6.810   17.134   14.588   10.872    9.861    8.743    7.545    6.841
    9.088   11.777    3.597   -19.624   -39.509   -50.885   -61.351   -75.917
CT2230:060           55.665   42.623   28.959   16.527    8.000    -3.165
   -16.911   -19.678    -8.489    1.482    1.920    2.173    9.328    9.485
   12.986   17.499   10.288    -5.231   -11.335   -10.767    -7.959    -8.433
   -13.831   -19.669   -24.778   -30.672   -36.362   -45.844   -55.728   -62.558
CT2230:055           50.160   41.516   30.531   17.622    3.020   -23.754
   -47.993   -51.578   -34.899   -16.537   -10.346    -2.430    3.213    4.663
    3.947    0.496    -6.599   -20.600   -26.454   -23.828   -16.455   -15.266
   -19.077   -23.251   -25.955   -24.781   -25.057   -31.196   -38.672   -47.209
CT2230:050           53.973   45.108   33.589   19.713    6.421   -12.470
   -32.136   -35.984   -22.593    -7.085    -0.960    4.483    8.830    7.379
    0.638    -3.778    -9.909   -20.579   -24.832   -18.018    -5.541    -3.729
   -10.135   -17.290   -18.650   -13.437   -10.603   -18.109   -30.233   -43.594
CT2230:045           59.191   47.348   36.317   26.459   16.411    7.720
    -1.165    -4.307    1.722    7.880   10.203    6.041    1.606    1.656
    3.570    4.275    -0.233    -4.848    -6.029    -3.974    -0.589    -1.535
    -7.561   -14.328   -14.962    -6.683    -3.956   -13.658   -28.535   -44.566
CT2230:040           70.613   56.362   44.909   34.198   23.411   16.502
   12.118    7.961    0.582    -4.571    -1.983    6.267   13.785   11.319
    -2.389   -11.707    -7.958    -0.816    0.209    2.847    6.300    5.169
    -2.090    -9.370   -12.631   -17.239   -22.025   -28.271   -35.652   -45.831
CT2230:035           69.647   54.531   39.100   23.185   10.524    -1.833
   -15.226   -19.646   -16.005   -12.198    -8.611    -1.146    4.660    6.790
    9.511   10.975    6.994    4.991    4.228    0.167    -2.073    -3.699
    -8.947   -13.902   -13.546    -6.814    -6.003   -18.299   -34.895   -51.602
CT2230:030           74.328   53.362   31.956   12.307    -0.399    -8.567
   -15.584   -18.771   -18.539   -17.431   -12.476    0.070    7.960   10.589
   10.537    7.141    -1.075   -19.578   -28.667   -22.913   -14.682   -13.520
   -10.288    -6.456    -5.761    -4.083    -5.766   -18.902   -38.473   -57.618
CT2230:025           80.992   61.205   37.808   11.236    -2.945    -5.925
    -5.742    -6.100    -4.525    -2.213    2.378   11.947   20.333   23.303
   26.050   24.986   12.338   -11.157   -20.914   -22.777   -19.079   -17.771
   -16.356   -16.619   -15.954   -14.518   -17.067   -29.214   -43.924   -57.623
CT2230:020           83.484   58.385   29.950    0.019   -14.363    -6.690
    2.463    2.088    -0.270    0.152    3.422   12.594   21.050   24.003
   24.038   21.229   13.294    -2.342   -11.670   -13.878   -13.098   -13.050
   -13.594   -13.053   -11.029    -4.885    -3.769   -20.221   -44.074   -66.258
CT2230:015           88.362   62.102   33.351    6.188    -5.576    5.070
   16.876   13.197    -4.897   -21.046   -20.100    -2.700   10.366   13.579
   19.610   24.503   16.869    8.629    3.015   -10.835   -26.041   -26.735
   -11.367    6.315    9.322    7.558    1.161   -16.133   -40.070   -63.754
CT2230:010           92.082   73.533   53.235   30.097   18.751   23.953
   27.915   20.826    -0.857   -21.645   -24.076   -16.574   -13.857    -8.246
    -3.244    -3.861    -2.372    0.396    -3.461   -19.823   -41.538   -41.718
   -15.455    9.134   11.048    0.782    -9.885   -23.310   -38.639   -53.796
CT2230:005           70.432   63.209   57.042   50.251   44.048   39.244
   33.378   24.951   11.130    1.900    -3.533    -6.402    -0.740    2.330
    8.215   11.688   13.311    8.513    0.682   -10.345   -23.302   -24.357
    -7.796   11.036   10.601    -1.178   -13.795   -30.099   -49.662   -68.420
CT2231:360           57.197   56.268   60.838   67.781   66.424   45.911
   31.039   21.313    3.492    -9.673   -15.694   -25.297   -35.550   -14.516
   41.519   66.995   58.602   44.609   36.621   12.924   -16.979   -21.716
    -5.129    8.021    4.671   -11.427   -25.790   -39.438   -53.408   -69.255
