
filled_synop: 30 data points in equal steps of sine latitude from +14.5/15 to  -14.5/15

CT2226:360            -4.863   -52.499   -31.824   -21.992   -13.695    -9.071
    -7.519    -5.471   -10.247   -24.174   -31.904   -21.680    4.762   13.786
   17.440   20.861   19.727   10.388    0.020    -4.675    -9.577   -10.238
    2.183   23.541   22.667    -5.624   -25.886   -43.650   -64.423   -77.349
CT2226:355           -60.206   -42.810   -27.031   -15.169    -6.231    0.011
    2.785    5.331    4.974    3.883    4.123    3.710    0.988    0.839
    4.971    8.841    7.375    1.398    -5.404   -10.094   -14.343   -17.768
    -5.660   17.400   19.632    2.924   -15.949   -43.648   -72.505   -93.233
CT2226:350           -34.684   -26.158   -14.580    -2.542   -10.243    4.055
   19.414   23.272   14.660    4.948    -4.511   -17.689   -26.363   -26.754
   -19.179   -13.329    -6.711    -2.943    -4.903    -8.797   -17.011   -24.764
   -28.585   -28.015   -22.064    -6.578    -3.206   -24.103   -55.248   -89.904
CT2226:345            4.340   -12.433    4.311   18.569   13.454   14.240
    8.309    2.840    2.933    5.296    0.518   -10.499   -16.781   -12.874
    -1.904    6.992   15.622   19.854   13.274    -4.916   -19.973   -27.532
   -33.272   -36.835   -23.489    -4.737    -4.425   -19.012   -39.317   -59.292
CT2226:340            -2.217    2.713    8.772   18.295   20.875   22.531
   16.297   10.100   11.658   15.028    9.337    -6.944   -20.892   -18.559
    -1.228   16.329   23.179   20.261    7.560   -10.962   -25.606   -32.272
   -34.522   -35.872   -28.802   -17.010   -13.071   -21.669   -33.821   -47.226
CT2226:335           25.915   21.795   21.288   22.715   23.352   28.510
   27.652   20.472   10.853    1.447    -7.157   -17.591   -23.883   -22.038
   -12.604    5.079    9.637    0.888    -5.307    -7.593   -14.376   -22.028
   -23.801   -21.151   -19.169   -19.672   -22.631   -28.497   -36.419   -43.427
CT2226:330           42.589   41.289   29.722   20.332   17.769   17.395
   15.124    8.087    -5.384   -18.336   -26.384   -29.553   -37.072   -38.585
   -32.050   -13.620    -1.880    3.690    3.511    4.960    5.558    2.500
   -11.061   -18.184   -22.187   -27.858   -29.698   -30.468   -36.461   -43.780
CT2226:325           76.618   63.558   50.286   36.435   17.936   13.697
   11.808    4.896   -11.463   -23.662   -26.295   -19.515   -21.182   -25.924
   -26.767   -15.864    -5.070    0.470    -1.142    1.199    2.881    0.747
    -7.470   -14.225   -19.082   -22.104   -23.661   -26.640   -35.419   -48.089
CT2226:320           73.119   58.266   45.728   29.626   19.922   14.346
   14.485   10.699    -5.519   -13.723   -12.801    -3.710    3.420    2.878
    -2.004    -2.106    4.317   10.504    5.866    2.804    2.438    1.445
    0.294    6.028   10.994    7.891    -6.935   -24.212   -38.964   -51.576
CT2226:315           67.085   50.872   36.106   23.144   18.906   13.727
   11.540    7.932    -2.353    -8.358    -3.973    6.688   18.596   26.010
   25.090   23.402   26.100   25.920   16.916    7.316    -0.377    -2.571
    -0.178    7.725   11.981    2.667   -19.504   -35.116   -44.351   -53.747
CT2226:310           61.379   47.982   36.699   27.681   15.978    5.724
    -8.169   -19.962   -20.001   -15.210    -7.986    -2.458    4.741   15.182
   22.319   29.919   33.796   30.245   18.308    5.045    -3.752    -5.269
    -1.403    9.695    9.447    -8.485   -31.043   -43.078   -51.315   -59.798
CT2226:305           60.704   50.623   40.475   28.693   28.789   13.266
    -6.424   -18.682   -10.138    -0.611    1.769    6.801   17.162   24.695
   31.911   46.500   55.610   52.773   37.275   24.145   16.016   10.475
    1.949    -4.092    -9.748   -20.060   -31.327   -41.911   -53.453   -64.280
CT2226:300           70.038   52.198   36.284   20.675   24.500   11.862
    5.468    9.147   17.826   18.235   15.268   18.678   25.802   27.403
   20.154   17.901   26.008   34.871   32.065   21.803   11.741    2.361
    -8.085   -15.981   -23.282   -29.731   -34.921   -43.592   -56.029   -68.271
CT2226:295           80.042   58.925   38.154   17.509   22.578   13.348
    6.744   13.887   38.494   56.385   56.326   40.513   29.677   28.515
   24.811   20.405   26.925   33.350   29.401   16.703    -1.014   -16.587
   -34.610   -38.978   -34.376   -29.261   -36.845   -50.188   -64.139   -76.222
CT2226:290           95.043   67.632   40.165    8.751    -1.643    -9.241
    -2.812   14.298   37.872   56.395   55.780   39.128   28.968   21.675
   20.593   21.960   24.513   30.833   22.695    3.784   -12.870   -36.133
   -56.942   -50.174   -35.954   -28.485   -38.862   -52.071   -67.642   -81.671
CT2226:285           96.297   65.471   30.887    -4.611   -12.149   -12.854
    -0.876   14.520   27.011   34.614   36.747   29.585   16.276    7.149
    5.526   14.974   27.814   35.312   38.567   31.621    8.840   -16.132
   -21.135   -14.495   -15.537   -23.603   -32.794   -45.648   -62.180   -81.118
CT2226:280           91.113   68.143   42.537    9.826    -8.390    -9.831
    0.581   12.366   21.671   29.079   35.662   45.384   44.862   31.232
   19.824   21.023   14.742    2.458    7.463   23.548   23.705   13.132
   14.739   16.832    6.188   -15.700   -29.000   -43.956   -64.765   -85.856
CT2226:275           84.393   61.950   38.141   15.543    3.154    4.234
   10.225   15.775   23.289   26.974   23.240   24.702   26.356   19.231
    0.571   -15.189   -22.780   -24.086   -13.815    7.004   28.153   36.187
   43.598   40.961   23.809    -5.638   -25.917   -44.764   -66.669   -87.911
CT2226:270           89.576   69.882   48.659   21.979    1.281    -4.393
    3.526   18.446   26.195   16.800    -1.204    -9.412    -6.191    6.418
    7.058   -11.036   -29.286   -33.256   -14.478   12.776   31.787   45.155
   54.602   40.496   12.488   -13.969   -19.620   -32.474   -57.256   -86.938
CT2226:265           95.286   72.993   48.923   22.765    -0.513    -6.582
    0.531    9.770   15.852   18.132   12.363    7.953    9.318    1.070
   -10.927   -23.147   -30.481   -28.081   -20.448    -7.030   17.486   44.108
   49.332   23.837    -3.127   -16.881   -18.082   -35.444   -64.641   -90.884
CT2226:260           77.296   57.071   37.862   17.279    4.452    6.091
   15.083   20.965   21.976   20.158   14.380    -3.855   -20.145   -21.221
   -23.379   -29.943   -29.053   -22.857   -18.442    -7.707   15.665   40.184
   41.013   21.670    1.574   -10.552   -17.563   -32.509   -57.193   -84.925
CT2226:255           72.942   55.196   36.487   16.625    1.924    2.529
   14.125   21.395   19.567    8.242   -10.112   -21.646   -17.797   -17.056
   -22.802   -24.343   -22.816   -16.211    -3.941    8.868   19.342   24.424
   24.298   22.647   12.888    -5.093   -25.385   -44.246   -65.783   -87.337
CT2226:250           66.542   56.630   43.953   25.931   12.477    9.437
   11.334   14.372   14.808    3.508   -19.830   -33.953   -30.777   -26.426
   -28.293   -26.438   -20.214   -10.984    2.629   15.523   24.355   29.957
   34.912   39.683   32.157    7.725   -26.753   -51.558   -72.740   -93.295
CT2226:245           60.794   49.928   40.442   31.294   23.643   19.780
   20.854   21.984   17.627   11.206    7.501    -0.903   -18.449   -31.195
   -32.025   -29.809   -24.868   -15.874    -2.551    9.048   21.769   33.989
   32.408   25.379   18.401    4.946   -19.182   -42.816   -65.790   -87.741
CT2226:240           62.229   45.371   33.214   26.298   20.186   16.399
   16.352   17.182   11.451    3.149    -1.451    -8.392   -21.047   -26.347
   -21.224   -19.100   -22.992   -19.785   -10.346    3.431   18.586   28.347
   21.120   16.377   15.461   11.603    -6.927   -32.406   -59.110   -86.140
CT2226:235           72.204   55.323   38.782   21.986    8.461    3.480
    5.549    4.648    -2.534   -10.304   -22.165   -19.540    -0.131    6.396
   -13.862   -34.093   -30.881   -17.893    -8.309    4.912   16.964   12.722
    -4.051    0.409   14.919   19.320    1.151   -27.515   -60.615   -93.067
CT2226:230           82.956   63.934   41.762   14.151    -6.270    -9.699
    -2.067    4.715    2.227   -11.486   -18.932   -10.401    -2.766    3.221
    5.688    2.819    -8.954   -21.208   -19.492    -6.391    -1.558    -8.702
    -6.056   12.756   23.225   15.957    -6.711   -41.529   -73.506   -95.914
CT2226:225           83.240   63.162   43.336   26.084   10.376    2.064
    6.458   16.485   12.264    1.253    -8.765   -13.754   -15.682   -13.337
    -2.457    4.428    0.636    -8.571   -13.845   -21.094   -30.091   -27.773
    -7.226   19.084   31.300   18.752    -8.452   -35.126   -57.453   -74.464
CT2226:220           80.793   62.647   43.883   22.338    0.105   -15.622
   -22.926   -20.900   -15.492   -12.041   -16.925   -24.914   -22.138    -9.004
    4.143    2.722    -2.492    -6.376   -12.121   -19.194   -17.313   -11.755
    -0.618   12.733   17.088    7.174    -4.763   -10.970   -22.641   -45.823
CT2226:215           76.449   59.245   41.268   23.494    5.900    -9.940
   -20.876   -20.967   -13.347    -4.098    3.234    7.656    6.311    -0.720
    -6.189    -8.984   -11.220   -14.687   -18.144   -22.130   -26.436   -22.730
    -9.201    3.392    9.062    6.261    -1.402    -8.354   -23.474   -47.865
CT2226:210           73.456   57.318   41.414   23.209    5.964    -5.694
   -14.070   -16.659   -11.737    -2.351   10.762   24.131   23.163   10.084
    -7.724   -14.328   -16.163   -18.159   -21.762   -25.898   -30.151   -29.828
   -22.121   -11.606    -4.087    -2.736   -11.370   -30.068   -51.410   -66.958
CT2226:205           71.296   52.423   33.680   14.048    -2.978    -9.259
    -8.896    -9.073   -10.752    -5.594    7.468   23.541   30.140   21.602
    2.767    -6.460    -8.407   -10.581   -18.014   -22.553   -22.917   -24.185
   -26.765   -14.798    -2.844    -1.953   -16.639   -39.850   -60.131   -76.163
CT2226:200           72.309   50.386   30.289   15.820    2.022    -5.094
    -8.778    -9.430    -6.161    4.396   23.193   36.948   33.105   18.448
    -1.356   -14.837   -17.999   -17.313   -22.499   -30.802   -32.311   -22.393
   -15.352    -5.186    3.863    4.602    -9.612   -32.122   -57.776   -81.768
CT2226:195           69.516   53.421   34.865   12.970    -7.047   -13.756
    -5.977    7.938   17.517   20.729   19.760   17.993   10.523    -5.470
   -21.967   -30.778   -32.146   -28.112   -26.383   -25.399   -23.947   -21.988
   -16.095    -2.330    6.346    1.948   -18.083   -43.081   -65.998   -87.789
CT2226:190           64.829   53.601   37.879   15.080    -5.743   -10.203
    -1.868    5.827    4.494    -1.509    -6.508    -7.970   -12.030   -17.172
   -23.361   -29.178   -31.275   -31.209   -30.112   -27.968   -28.657   -30.233
   -27.023   -15.448    -2.010    0.460   -18.630   -44.635   -69.759   -91.631
CT2226:185           48.334   42.640   29.801   17.917    7.345    0.365
    -1.290    -0.280    -5.694   -11.485    -9.219    2.998    8.534    2.736
    -6.113   -10.739   -14.262   -16.210   -17.555   -20.556   -22.604   -23.889
   -20.228   -12.974    -5.049    -3.025   -22.549   -53.757   -76.098   -94.343
CT2226:180           39.185   29.192   20.397   13.060    6.058    -1.198
    -6.520    -6.689    -7.407    -6.973    -0.905   12.190   21.738   21.980
   12.458    1.765    -5.455    -7.237    -2.012    3.253    5.133    4.889
    -0.435    -9.373    -9.845    -8.677   -23.737   -46.632   -68.831   -87.255
CT2226:175           29.664   23.185   14.275    2.347   -11.422   -20.609
   -22.598   -20.124   -20.141   -17.117    -5.602    9.769   15.768   16.312
   12.463    7.120    -3.242    -8.039    -0.934    7.222    8.963    7.178
    8.050    8.237    3.361    -6.021   -21.483   -38.070   -59.885   -86.830
CT2226:170           46.270   38.510   32.220   21.269    5.673    -4.004
    -8.968   -11.767   -12.181   -13.541   -17.810   -17.747    -7.365    0.406
    3.240    4.870    4.856    4.815    3.157    -0.900   -10.626   -25.674
   -28.708   -13.047    -2.625   -16.403   -41.670   -58.973   -73.903   -88.126
CT2226:165           55.537   47.644   38.143   26.541   13.117    2.997
    -2.255    -9.022   -13.091    -7.575    2.215    4.743    0.058    -1.989
    -0.136    5.714   14.117   12.927    6.442    0.480   -21.771   -54.450
   -57.416   -24.512    0.601   -10.900   -39.780   -60.593   -75.563   -88.408
CT2226:160           56.236   44.428   34.644   29.431   28.123   23.051
   11.898    -0.583    -5.421    -6.467    -3.166    -3.126   -13.214   -25.960
   -24.458   -10.883    -3.321    0.209    1.889    -2.226   -19.612   -51.107
   -55.958   -25.596    -1.731   -13.269   -39.871   -55.802   -66.486   -78.546
CT2226:155           50.086   38.564   29.293   23.235   18.263   11.137
    3.375    -5.274   -10.739   -16.719   -23.473   -26.067   -25.952   -26.469
   -23.094   -10.605    2.890    7.492   12.581   13.539    3.714   -14.344
   -19.930   -13.836    -9.062   -18.860   -37.982   -53.055   -67.556   -82.472
CT2226:150           56.655   45.284   35.167   27.585   21.065   12.544
    -1.561   -21.880   -31.291   -29.619   -25.908   -25.474   -22.477   -16.716
   -12.836   -10.562    -5.827    1.295   16.372   24.327   22.013   19.934
   15.308    4.207    -6.839   -15.486   -25.776   -41.710   -70.820   -98.404
CT2226:145           71.162   59.879   47.442   32.897   15.761    4.257
    -6.266   -15.255   -20.264   -21.347   -18.704   -16.878   -15.116   -13.929
   -10.755    -7.646    -7.934    -2.054    7.882   10.734   18.060   32.252
   30.213    9.232    -8.215    -9.885    1.444   -15.219   -64.402  -105.274
CT2226:140           78.934   67.963   51.713   27.749    0.482   -15.349
   -14.345    -6.602    -6.937    -9.600   -12.643   -12.072    -7.436    -1.045
    3.395    5.211    8.312   11.516   14.932   16.268   10.935    -4.987
   -11.947   -10.538   -12.883    -9.992    5.330    0.973   -32.986   -76.546
CT2226:135           70.323   65.184   55.199   38.572   15.737    3.840
    -0.614    -1.398    -4.182   -10.920   -21.920   -23.771   -19.299   -14.063
    -8.506    1.629   10.715   15.060   22.865   27.815   18.746    7.943
    1.759    -8.639   -12.917    -7.227   16.896    8.860   -38.071   -77.447
CT2226:130           61.056   45.654   29.907   14.936    0.516    -9.142
    -7.284    0.199    -0.880   -12.902   -29.725   -32.556   -23.204    -9.381
    -1.213    6.959   13.980   17.928   17.965   14.329   11.433    3.924
    -3.010   -15.072   -26.330   -19.330    4.666    5.471   -24.926   -61.399
CT2226:125           56.158   37.601   21.998   10.326    0.847    -6.033
    -7.543    -8.017   -11.482   -17.084   -25.706   -27.450   -20.883   -14.279
    -5.438   14.658   29.723   32.070   28.218   24.617   16.054    3.538
    -2.562    -7.297   -11.552    -6.798    8.663    2.547   -23.964   -54.856
CT2226:120           62.933   58.756   49.629   32.568    6.532    -6.259
    -5.542    0.680    0.948    -0.474    2.584    3.606    -5.522   -13.416
    -7.669   14.759   35.395   37.159   33.930   33.591   19.262    -4.927
   -10.442    -1.498    4.910    4.069    6.135    -6.835   -41.098   -71.012
CT2226:115           64.340   47.443   31.032   17.080    4.995    -2.576
    -1.753    2.947    2.870    0.133    -3.814    -6.378   -11.506   -17.162
   -11.901    4.242   14.514   15.041    8.004    1.758    -3.220    -6.271
    -4.466    5.801   12.228    9.038    -0.098   -13.092   -35.110   -60.768
CT2226:110           71.817   53.980   35.675   14.883    -8.048   -19.172
   -13.954    -3.064    -1.875    -6.414   -14.466   -17.991   -16.343   -15.021
   -12.529   -10.691   -11.361   -10.982   -13.246   -16.797   -16.384   -14.418
    -9.559    4.822   14.357   12.478    5.037   -11.462   -39.968   -65.738
CT2226:105           72.112   59.750   43.206   19.161   -10.128   -24.068
   -19.243    -7.812    -7.597   -13.785   -21.863   -25.575   -23.956   -11.952
    -9.016   -17.777   -19.548   -18.217   -12.161    -8.655   -15.026   -20.509
   -15.112    2.805   17.936   15.692    5.457   -10.659   -38.106   -65.362
CT2226:100           64.391   50.409   36.283   18.902    -1.269   -12.712
   -10.288    -1.563    -2.931   -15.755   -35.087   -43.757   -50.181   -60.615
   -57.648   -28.611    -7.158    -9.479   -26.977   -35.972   -34.882   -27.842
   -19.639    1.481   19.769   15.437    0.524   -14.652   -33.883   -56.811
CT2226:095           49.462   32.475   19.899   18.834   27.779   28.126
   17.715    1.676    -7.223   -13.016   -18.032   -20.093   -30.459   -43.932
   -40.120    -1.695   26.690   14.448   -41.232   -70.779   -57.387   -22.388
    -9.577    -7.116    -7.231    -9.651   -13.919   -24.927   -43.678   -60.862
CT2226:090           52.710   43.570   34.953   27.506   18.061   10.376
    8.538    7.148    3.663    -4.000   -14.925   -17.863    -2.516   27.718
   36.217   29.099   27.677   13.290   -32.107   -53.705   -42.842   -14.816
    -4.125    -0.517    0.198    -5.573   -17.177   -28.744   -42.460   -54.607
CT2226:085           70.221   61.132   48.931   33.960   17.334    6.369
    4.647    7.113    7.151    3.213    -5.770    -8.656    4.198   18.909
   19.954    7.624    -6.293   -11.777   -18.958   -20.499   -13.518    5.511
   11.265    5.614    -2.830   -11.128   -22.362   -32.595   -41.345   -49.834
CT2226:080           79.390   75.226   65.480   46.262   16.344    0.977
    -2.244    -3.873    -5.286    6.828   26.314   30.997   15.924    -6.704
   -13.634   -20.275   -33.197   -29.883   -11.517    -4.419    3.503   15.780
   16.204    9.411    2.209   -11.378   -36.495   -46.999   -49.161   -50.966
CT2226:075           76.555   61.148   44.123   25.782    6.304    -5.079
    -4.038    1.913    5.847   15.586   29.724   32.290   15.064   -11.789
   -18.005    -9.954    -1.664    2.021   15.696   24.730   21.288   11.883
    4.938   -10.465   -27.147   -33.175   -34.845   -38.064   -42.695   -46.101
CT2226:070           73.751   57.902   40.453   18.608    -8.283   -20.697
   -15.137    0.851    8.016    9.236    6.519    6.625   11.862   21.542
   22.405   16.180   16.343   17.358   20.428   21.698   15.893    1.878
    -6.569   -19.968   -32.872   -35.237   -29.934   -30.855   -36.492   -40.900
CT2226:065           85.734   52.686   24.086    2.440   -14.238   -23.585
   -19.808    -5.617    1.631    2.137    -0.303    0.889    6.976   20.001
   21.896   13.854   10.584   10.039    5.816    0.537    2.458    5.953
    3.016    -8.310   -17.664   -21.190   -21.469   -24.941   -32.791   -41.433
CT2226:060           88.475   64.554   37.611    9.015   -21.225   -37.365
   -34.500   -24.162   -18.462   -12.306    -7.335    -5.834    -8.459   -15.373
   -16.656    -9.738    -8.909    -9.549   -10.668   -11.210   -13.369   -14.985
   -15.681   -11.918   -10.468   -11.165    -7.704   -11.498   -24.077   -41.737
CT2226:055          101.161   76.705   50.128   17.824   -18.721   -38.631
   -38.788   -30.665   -23.826    -9.156   10.008   15.082    4.411    -7.449
   -10.156    -6.227    -1.806    -5.265   -19.894   -29.132   -22.876   -11.232
    -7.696    -4.115    -1.613    -4.114    -6.949   -17.908   -39.141   -59.307
CT2226:050          111.982   78.116   45.578   13.089   -20.537   -39.273
   -37.384   -26.297   -18.394    -3.234   14.757   19.109   11.653    2.056
    -0.987    2.708    6.394    4.000    -2.896    -5.444    -5.397    -2.077
    -0.484    0.019    -0.156    -7.141   -19.842   -32.679   -50.438   -69.339
CT2226:045          108.701   78.083   47.671   16.125   -15.341   -32.613
   -28.040   -12.589    -4.895    3.752   14.308   17.068   11.588    3.934
    -0.611    -3.753    -3.681    -5.277    -7.577    -6.585    -8.718   -11.343
    -9.903    -5.074    -0.750    -7.778   -22.459   -37.225   -52.604   -69.309
CT2226:040           92.746   75.078   55.696   33.365    5.523    -9.349
    -9.828    -3.308    0.332    6.855   11.823   11.061    6.635    0.849
    -5.702   -25.938   -43.768   -42.072   -28.049   -24.256   -22.175   -27.913
   -27.682    -7.711    8.126    -2.494   -29.099   -46.115   -58.492   -72.425
CT2226:035           71.046   58.558   44.604   29.082   12.560    1.649
    -2.830    -5.825    -4.312    4.559   18.443   20.906    6.116   -19.871
   -30.698   -34.763   -41.263   -37.645   -11.693    4.093    0.456    -6.245
    -4.975    3.783   12.527    1.628   -26.358   -48.655   -64.074   -77.124
CT2226:030           50.550   40.182   28.863   19.075    9.619    3.756
    3.164    5.782    7.532   12.027   17.273   17.989   14.752   10.976
    5.444    -4.926   -12.213   -12.932    -4.407    -2.185    -9.922   -28.234
   -29.445    -7.271   12.314    -0.180   -37.786   -57.311   -69.238   -80.560
CT2226:025           46.535   34.245   23.582   12.531    2.097    -2.444
    5.451   19.448   22.516   14.551    0.294    -2.175   12.224   27.850
   24.497    3.642    -9.795   -12.990   -11.058   -13.957   -35.011   -70.784
   -70.408   -23.266   16.433    9.360   -19.845   -42.364   -61.058   -76.927
CT2226:020           44.551   34.904   22.364   11.458    0.811    -3.843
    7.253   24.236   24.023    9.812    -8.749   -11.308    -0.830   13.233
   10.775   -14.077   -38.936   -40.472   -29.026   -30.308   -58.206  -100.946
   -99.380   -42.063    6.517    2.292   -23.001   -39.995   -57.851   -74.954
CT2226:015           39.569   31.075   18.986   10.068    4.386    1.751
    4.436    8.487    3.828   -19.430   -48.040   -53.235   -34.410   -10.504
    -7.698   -17.371   -24.168   -27.819   -25.447   -25.774   -46.663   -81.919
   -80.812   -36.574    2.299    -0.098   -16.683   -31.867   -51.941   -73.133
CT2226:010           37.035   25.392   16.127    9.921    5.732    0.891
    -7.130   -20.510   -33.414   -47.992   -66.687   -68.123   -47.604   -17.109
    -9.600   -14.548   -21.391   -21.825   -18.047   -17.891   -18.450   -16.076
   -10.078    3.885   11.197    4.130    -9.281   -26.108   -48.874   -73.753
CT2226:005           44.191   33.033   21.596   11.825    3.727    -4.495
    -8.069    -2.849    -2.873   -21.623   -46.488   -49.052   -28.315    -4.050
    1.869    1.914    0.955    -0.428    -6.551   -10.102    2.751   32.045
   41.533   39.518   34.153   19.761   -13.900   -37.532   -58.752   -81.151
CT2227:360            -4.863   -52.499   -31.824   -21.992   -13.695    -9.071
    -7.519    -5.471   -10.247   -24.174   -31.904   -21.680    4.762   13.786
   17.440   20.861   19.727   10.388    0.020    -4.675    -9.577   -10.238
    2.183   23.541   22.667    -5.624   -25.886   -43.650   -64.423   -77.349
