
filled_synop: 30 data points in equal steps of sine latitude from +14.5/15 to  -14.5/15

CT2272:360           -25.257   -28.403   -26.979   -14.965    2.752   26.068
   28.281    -4.904   -51.695   -80.236   -93.635  -101.928   -88.765   -47.288
   -15.964    8.306   29.793   61.253  124.390  191.867  203.501  195.595
   95.016   27.572   13.311   19.971   17.677   19.056   18.038   15.368
CT2272:355           -25.974   -18.230    -9.243    1.034   18.484   43.922
   52.653   39.915   14.566    -6.928   -27.418   -45.897   -42.847   -19.360
    1.777   20.049   34.810   59.632  108.814  190.358  229.836  186.580
  105.271   59.630   37.938   27.294   17.410    9.214    2.637    2.088
CT2272:350            -4.238    -0.598    -1.465    0.932   22.485   73.393
  102.983   88.764   51.654   27.394    4.744   -16.674   -19.497    0.483
   11.885   13.800    7.145    4.150   49.237  132.762  171.675  146.645
   72.894   33.517   21.539   15.068    -0.811   -19.571   -37.345   -53.726
CT2272:345            2.295    8.984    9.792    5.107   31.078   92.388
  127.902  127.491  102.778   79.967   59.987   37.384   24.970   22.262
   15.773    5.906   -14.781   -14.511   26.762  120.245  164.778  138.206
   61.805   30.131   26.078   23.671   13.375    0.378   -18.278   -38.180
CT2272:340            -2.237    -1.335    -4.149    -1.593   30.274   94.975
  130.333  135.735  128.029  110.153   72.482   27.724    9.955   11.804
    6.217   -25.842  -131.594  -187.833  -118.696   60.874  131.388  106.499
   33.096    -0.727    0.791    7.439    5.826    -0.736   -10.993   -21.555
CT2272:335            -7.714   -11.230    -9.126    -0.991   32.121   87.538
  123.801  139.270  147.537  129.914   68.293    -0.554   -23.624   -13.433
    -2.438    -6.390   -52.878   -97.709   -73.850    -1.086   29.904   16.334
   -27.011   -43.514   -32.539   -17.038   -10.193    -6.426    -5.280    -6.031
CT2272:330            -6.804   -20.957   -28.808   -20.419   15.726   73.108
  104.234  120.620  139.492  116.555   30.983   -55.939   -77.945   -41.461
   -18.954    6.586  134.715  187.130  148.958   19.979   -37.809   -62.653
   -93.721  -100.565   -85.942   -55.199   -34.503   -21.500    -8.844    2.654
CT2272:325           19.054    5.574   -23.535   -36.613    6.683   75.888
  108.953  116.604  120.906   94.551   14.024   -69.780   -90.914   -48.235
   -32.326   -64.645   -66.861   -27.268   -78.175  -143.055  -146.639  -154.098
  -205.308  -210.809  -161.551   -84.206   -45.021   -26.306    -9.926    6.537
CT2272:320           21.075    3.217   -23.786   -29.575   27.325  131.002
  169.640  131.620   80.599   43.941    5.589   -17.805   -39.444   -34.804
   -45.152  -219.905  -696.128  -910.503  -736.971  -262.067   -74.937  -121.337
  -235.932  -248.559  -182.200   -82.854   -40.321   -25.949   -12.469    6.938
CT2272:315            7.567   -17.356   -44.047   -31.842   70.213  207.907
  243.339  165.370   51.057    2.300   -19.927   -35.164   -49.489   -34.954
   -31.905  -172.550  -643.616  -935.833  -692.799  -240.552   -94.804   -88.470
  -113.816  -111.025   -96.929   -68.687   -42.762   -23.166    -4.412   16.203
CT2272:310           16.874    6.129   -29.388   -38.042   86.469  297.532
  349.226  214.976   21.533   -34.302   -31.123   -17.884   -29.374   -43.518
   -50.894   73.309  583.669  851.759  541.354   78.299   -53.344   -61.048
   -91.735   -91.659   -78.544   -82.617   -64.204   -29.818    1.240   26.282
CT2272:305           -27.696   -32.146   -35.080    -7.706   98.948  256.357
  297.952  197.605   56.666   14.440    4.097   10.719    -4.362   -25.667
   -28.820  122.388  684.801  920.855  632.935   54.389  -163.956  -142.208
  -106.036   -79.042   -63.462   -74.661   -59.038   -28.302    2.030   27.837
CT2272:300           -62.151   -46.695   -28.492    8.788  104.388  219.023
  260.004  194.885  101.844   99.807  108.753  123.443   92.215   35.275
    3.738   39.154  215.631  153.738   28.980  -297.537  -443.755  -359.794
  -194.806   -86.015   -55.274   -83.693   -64.215   -37.805    -8.258   19.664
CT2272:295           -71.735   -50.139   -20.178   10.532   55.211  116.473
  161.301  167.911  197.962  272.321  354.301  385.391  335.425  169.573
   16.656  -109.416  -144.872  -250.036  -594.508 -1015.041 -1083.538  -850.672
  -300.325   -70.219   -38.841   -60.682   -35.859   -31.727   -18.317    4.063
CT2272:290           -43.745   -30.952   -20.103   -10.080   -25.649   -67.544
   -30.056   67.551  159.180  337.122  866.250 1214.159 1089.457  487.713
   44.776  -201.211  -533.791  -857.836 -1316.358 -2246.096 -2487.976 -1694.881
  -511.894   -98.137   -27.203   -40.548   -25.438   -21.218    -5.384   12.302
CT2272:285           -24.559   -20.566   -19.691   -29.352   -80.023  -162.833
  -109.406  158.648  470.483  718.548 1301.478 1772.523 1567.907  697.807
  158.538    5.324   70.937   -34.711  -598.709 -1382.815 -1539.507 -1140.458
  -312.325   39.859   42.650   -37.355   -26.605   -12.539    8.349   27.740
CT2272:280           -21.177   -20.349   -22.707   -32.510   -80.822  -172.138
  -134.600  162.477  501.177  661.973  700.715  627.839  552.347  280.132
   46.097   92.209  469.140  511.275   96.290  -596.851  -827.101  -563.538
  -116.434   62.422   45.528   -42.267   -36.779   -14.245   11.531   35.471
CT2272:275           -25.969   -28.023   -27.841   -39.488   -83.304  -134.046
  -138.514   -84.744   -12.990   24.945   -49.325  -141.203  -130.042   -72.475
   -50.623    2.749  176.180  172.562   -69.971  -523.648  -683.917  -547.933
  -298.333  -170.433  -107.343   -69.286   -42.637   -20.141    9.631   35.540
CT2272:270           -26.614   -32.527   -30.898   -41.566   -78.067  -111.960
  -180.303  -381.554  -576.634  -560.941  -312.313  -111.892   -45.440   -74.449
   -74.986   -50.634   -33.531   -44.757  -162.044  -407.552  -478.893  -358.384
  -201.536  -133.408  -106.878   -62.918   -38.984   -15.405    6.398   22.567
CT2272:265           -17.003   -20.552   -17.748   -28.069   -57.169   -95.856
  -236.300  -598.364  -911.636  -941.336  -609.707  -173.459  -107.364  -130.766
   -46.291   -24.368   -76.492   -72.016    7.555  160.584  233.060  241.973
  212.860  195.164  122.586    9.270   -49.191   -42.886   -20.854    -6.223
CT2272:260            -6.211   -15.355   -10.869   -23.694   -64.403   -95.850
  -239.364  -709.040 -1183.965 -1274.724 -1282.028 -1345.302 -1051.211  -382.203
   -70.703   -24.760   -64.393   -45.394   88.552  299.135  417.792  593.134
  778.364  757.446  431.898   43.013   -74.679   -60.900   -46.719   -37.198
CT2272:255           -14.785   -26.853   -25.928   -42.315   -87.887  -128.463
  -258.272  -663.966 -1084.978 -1151.040 -1036.969  -923.032  -726.023  -289.873
   -42.506    1.217   -27.239   -11.780   52.494  130.196  242.976  573.822
  934.278  940.310  546.335   56.889   -88.827   -60.438   -38.121   -33.025
CT2272:250           15.720    1.862   -13.802   -42.805   -92.375  -151.828
  -236.541  -344.670  -399.252  -414.915  -334.017  -170.783  -109.668   -41.774
   44.522   60.843   18.307    0.687   -65.933  -160.322   -56.568  369.390
  923.964  995.765  607.846  103.458   -77.529   -73.104   -50.207   -44.443
CT2272:245           28.570   13.604    -4.213   -32.487   -92.393  -172.131
  -194.125  -123.756   -95.806   -54.111   32.968   52.666   82.710   58.248
   42.763   47.160   32.300    -6.658  -254.911  -677.307  -650.336   -87.592
  633.051  767.651  453.330   92.012   -27.929   -37.230   -41.743   -55.057
CT2272:240           26.172   15.901    2.552   -24.088   -85.001  -169.388
  -156.151   93.647  335.070  390.047  302.224  230.883  198.315   61.761
   -18.240    -5.509   48.750   41.235  -139.746  -453.614  -452.874   -83.578
  378.685  446.215  282.881   90.175    4.812   -19.303   -38.021   -63.064
CT2272:235           19.742    1.506   -15.602   -44.484   -99.230  -158.292
  -175.642   -87.988   86.190  174.206  268.711  368.038  302.663   29.055
  -114.173   -86.306   18.239   89.084  251.475  463.725  511.987  401.369
  204.628  153.653  119.996   74.488   29.698    -6.346   -42.271   -78.552
CT2272:230           17.462    -6.823   -24.890   -52.275  -112.299  -180.134
  -282.761  -670.249 -1038.743  -911.370  -199.549  276.755  266.665    1.932
  -131.313  -118.269   -49.179   39.336  391.449  907.455  987.555  626.987
  114.526   -16.168   25.681   84.333   63.552   12.719   -37.874   -84.919
CT2272:225           17.369    -0.628   -13.765   -39.603  -101.081  -170.322
  -268.955  -549.403  -744.681  -647.760  -214.156  127.955  152.029   10.211
   -73.601   -88.948   -63.330   -14.544  165.849  377.016  406.197  250.620
   -31.408  -106.699   -37.979   55.363   54.552   11.995   -36.055   -84.133
CT2272:220           12.842    6.004    1.579   -11.509   -66.205  -170.641
  -234.912  -287.915  -321.564  -240.922    -6.593  195.473  207.882   91.294
    -5.659   -83.009  -163.156  -183.278  -152.583   -75.820   -41.136   -57.338
   -69.259   -54.042   -10.006   39.803   29.010   -15.476   -49.334   -76.186
CT2272:215            -0.523    -6.294   -11.064   -20.419   -67.240  -156.196
  -180.842  -106.252   -13.360   73.027  272.713  421.708  381.692  169.199
   25.340  -108.707  -365.780  -480.127  -499.182  -442.558  -383.671  -270.656
   -76.735    -6.738   11.876   29.369   18.209   -13.905   -38.652   -60.908
CT2272:210           -13.946   -22.942   -28.568   -32.688   -37.342   -45.071
   -26.950   81.505  194.118  217.320  174.642  126.151   93.527   33.616
   -18.754   -70.490  -137.021  -199.639  -371.322  -617.080  -640.259  -438.730
  -107.399    -1.207   18.384   32.190   24.702    0.861   -20.046   -44.165
CT2272:205           -11.457   -18.773   -24.551   -29.547   -15.452   15.223
   50.307  146.410  240.269  234.448   82.382   -42.334   -63.300   -44.652
   -31.141    3.657   77.352   99.965   45.031   -66.023   -97.537   -68.888
   -15.531    2.025   24.561   45.402   35.534   11.442   -12.410   -36.118
CT2272:200            -3.539   -12.149   -19.050   -22.327    -0.984   38.409
   64.395  113.608  160.947  141.718    7.690   -92.181   -95.501   -56.465
   -23.612   43.669  169.936  234.657  327.951  427.139  410.102  275.543
   81.080   23.906   27.081   30.421   17.468    -7.473   -31.471   -53.379
CT2272:195            6.155    -2.137   -15.758   -27.658   -34.621   -41.080
   -38.988   -41.936   -40.035   -41.033   -35.466   -18.348   -26.321   -24.036
   12.689   98.535  220.190  309.739  507.977  754.477  757.042  503.127
  147.638   33.561   28.305   29.244   14.952   -10.949   -38.071   -65.483
CT2272:190            7.973    -6.092   -22.556   -39.750   -73.787  -108.231
  -123.226  -166.396  -195.927  -190.846  -165.687  -140.145  -104.664   -40.630
    9.532  111.114  287.702  383.134  409.867  410.033  379.079  247.990
   65.254    0.072   19.903   59.736   41.572    -4.145   -47.237   -88.382
CT2272:185           -10.556   -20.429   -28.132   -43.353   -89.537  -136.669
  -136.382  -120.515   -80.781   -76.474  -113.729   -79.242   -80.641   -12.279
   32.370   44.873   88.562  119.435  142.711  165.101  151.644   10.838
  -165.486  -195.572   -77.467   50.668   51.018    4.484   -39.660   -84.952
CT2272:180           -27.797   -34.597   -36.181   -39.694   -63.556   -92.379
   -74.670   -39.761   38.564  139.837  190.281  240.583  182.029  132.479
   61.112   -24.834   -47.227   -55.746    -6.553   58.215   93.136  122.364
  159.627  150.936  125.874  111.732   74.793   16.287   -43.876   -99.516
CT2272:175           -27.258   -29.742   -33.988   -33.070   -29.550   -39.208
   14.137  108.370  248.354  628.069 1185.673 1206.836 1117.944  513.399
   73.337   -77.628   -91.534  -119.043   -85.777    -7.232   63.824  213.556
  371.774  384.701  267.118  138.967   74.715   11.638   -48.850  -103.123
CT2272:170           -20.453   -21.772   -25.229   -17.689    4.230   13.556
   92.007  244.576  444.681 1078.268 2931.228 3892.722 3017.000  941.316
  113.619   -93.604  -216.680  -284.037  -203.024   -96.936   -18.102  126.649
  252.363  276.320  214.027  129.711   75.449   17.225   -39.308   -90.688
CT2272:165           -14.268    -7.000    -7.112    1.360   31.363   53.892
   93.582   93.680  112.241  462.829 1504.049 2075.842 1573.465  496.507
   57.281   -95.756  -208.778  -265.123  -214.781  -124.582   -56.734   45.757
  144.277  173.486  142.617  105.727   68.106   23.793   -21.105   -70.491
CT2272:160           -15.891   -11.677    -5.636    9.435   44.941   79.604
   80.079   17.489   20.817  -106.383  -793.295 -1209.761  -767.214   -47.493
   51.772   -66.231  -174.712  -213.452  -185.674  -133.764   -79.068   14.277
  105.581  137.929  128.107  111.809   78.393   29.036   -17.876   -65.932
CT2272:155           -14.976   -13.944   -12.608    -1.033   37.206   71.146
   19.500  -135.491  -233.423  -495.747 -1231.147 -1549.671 -1161.889  -252.408
   27.448   -38.147  -142.226  -170.175  -154.207  -124.873   -85.833   -16.855
   55.667   90.976   97.063  101.058   79.743   28.990   -24.712   -78.861
CT2272:150           -14.432   -20.277   -27.871   -26.209   17.740   72.620
   12.719  -262.201  -500.635  -591.664  -561.346  -414.828  -426.674  -173.099
   -27.702   -36.117   -86.203  -103.283  -138.542  -159.896  -132.738   -68.796
    -6.113   36.748   83.926  117.322   90.398   16.528   -45.536   -99.881
CT2272:145           -11.795   -24.514   -29.833   -25.680    1.705   25.187
    -5.348   -79.177  -131.633  -178.530  -206.838  -215.040  -172.679  -107.993
   -83.659   -98.246  -137.366  -159.942  -198.432  -227.250  -204.607  -136.307
   -59.092    -5.476   59.852  115.711   99.134   29.985   -34.626   -92.841
CT2272:140           10.932    0.810   -13.163   -18.999    -9.501    0.180
   12.851   55.848   92.408  109.981  118.478   87.504   53.785   -53.640
  -119.897  -162.036  -212.494  -242.277  -277.374  -306.897  -281.688  -189.586
   -84.353   -24.064   43.914  101.344   92.920   35.444   -23.464   -77.841
CT2272:135           27.368   20.647   10.754    3.259   -16.556   -35.635
    -4.736   82.501  146.067  231.720  432.740  493.823  325.592   21.297
   -98.682  -153.734  -204.696  -232.226  -256.151  -305.204  -279.938  -177.246
   -86.279   -35.612   23.319   69.986   64.161   20.664   -18.411   -60.063
CT2272:130           19.217   12.361    2.185    -7.952   -32.266   -45.031
    -0.036  117.197  200.221  263.583  372.385  373.069  232.091   -43.902
  -170.515  -149.016   -82.907   -78.888   -80.372   -74.389   -51.751   -43.317
   -30.258    -0.890   35.746   67.906   58.514   15.519   -27.329   -66.136
CT2272:125            9.966    3.392    -5.928    -7.213   -12.406   -15.761
   32.373  169.871  249.905  239.000  173.868  120.806   31.642   -77.538
  -155.300  -224.233  -240.510  -230.774  -145.582    -0.554   46.304    7.064
   -25.224    2.583   46.251   74.900   59.177   11.815   -28.074   -64.628
CT2272:120            5.078   -13.217   -28.804   -25.906    3.619   41.645
   89.500  199.767  258.964  178.307   -33.946  -134.127  -151.160  -109.315
  -144.472  -365.673  -679.414  -708.193  -448.086  -187.918  -101.040   -36.447
   20.808   53.073   65.085   71.728   55.040   15.671   -19.724   -52.397
CT2272:115           13.425    -3.863   -25.012   -20.749   27.109   75.789
  105.358  158.021  169.103   47.294  -231.870  -349.297  -285.289  -112.807
   -98.589  -285.133  -527.679  -567.778  -485.297  -366.736  -283.261  -109.006
   38.772   81.715   73.575   63.180   50.650   20.711    -9.717   -38.737
CT2272:110           17.857    0.362   -23.293   -22.780   34.527   93.392
   97.215   67.496   30.512   -75.280  -305.121  -391.945  -273.288   -44.364
   10.234   -54.857  -168.290  -207.840  -268.315  -326.043  -290.290  -115.872
   36.535   70.306   59.676   56.165   46.639   18.657    -5.178   -28.707
CT2272:105            7.850   -25.855   -45.797   -37.032   15.068   62.762
   56.461    -9.943   -70.780  -120.641  -178.424  -185.983  -108.613   63.771
  153.186  267.965  421.040  406.831  177.886   -18.432   -68.737   -99.836
  -109.646   -78.218    -4.208   53.457   55.590   29.254    4.972   -18.202
CT2272:100           26.709    4.295   -25.244   -32.985    -0.630   36.404
   42.671   33.680   23.138   -18.715   -79.678   -91.861   -49.116   20.500
   97.195  279.829  472.161  488.558  357.419  201.479  114.598   -15.595
  -115.453  -111.599   -14.701   59.782   60.887   35.002   13.733    -9.648
CT2272:095           23.512    0.481   -25.656   -29.540    0.204   35.294
   58.635   82.297   89.750   52.012   -33.760   -67.048   -40.458   13.333
   79.452  186.443  262.031  293.860  331.806  298.498  224.943   83.883
   -34.100   -44.722   19.946   69.895   68.683   44.850   19.671    -7.466
CT2272:090           17.682    -6.329   -27.337   -22.951   18.650   65.334
  103.294  156.032  188.866  159.407   67.345   21.303   10.977   18.747
   64.002  241.978  458.874  492.230  394.697  257.083  203.730  174.725
  140.118  121.168  104.814   90.464   69.019   42.563   18.112    -6.206
CT2272:085           26.725    9.856   -16.621   -21.603   17.864   62.791
  119.300  222.021  297.679  304.097  267.695  221.135  153.095   42.175
   12.672  188.494  451.113  467.547  294.816  102.464   93.245  171.966
  214.705  209.909  135.635   77.747   50.535   31.928   13.601    -5.735
CT2272:080           22.327   -11.171   -37.094   -31.936    4.935   53.572
  128.741  248.434  349.019  402.892  493.038  487.279  331.480   90.356
   -24.460   -55.266   -54.584  -112.342  -201.107  -187.925  -123.727   52.882
  255.274  308.756  204.463  101.968   61.098   44.750   23.634    -0.260
CT2272:075           37.763    7.380   -28.701   -32.915    -1.661   60.162
  164.034  298.993  378.388  444.547  543.607  512.024  326.477   91.074
   -57.651  -320.724  -593.256  -729.264  -954.115 -1103.960  -921.877  -216.050
  329.287  429.377  264.871  125.613   74.765   49.506   25.855    -0.574
CT2272:070           52.483   27.234    -9.047    -1.771   32.428   78.314
  241.658  593.388  733.072  692.062  461.374  305.848  173.220   20.765
   -99.711  -287.224  -595.619  -741.673 -1005.163 -1306.694 -1083.881  -185.958
  445.266  526.827  289.656  137.750   91.876   60.837   27.317    -2.926
CT2272:065           43.753    2.495   -28.351    -4.045   78.836  169.458
  371.841  941.659 1269.510 1003.808  365.459  121.643   63.683   35.369
   -10.106  168.117  507.121  366.285  -174.368  -349.445  -322.527  -108.923
  181.750  293.508  231.139  147.594   95.547   58.021   24.603    -9.252
CT2272:060           72.048   47.527    3.378    -4.322   77.697  170.170
  270.249  387.281  417.356  374.444  176.142   51.716   20.578   38.671
    9.801   -33.017  -120.806  -218.362  -536.814  -850.104  -734.213  -247.564
  142.292  224.933  171.443  137.523  102.297   59.839   19.076   -22.199
CT2272:055           53.672   24.453    -1.933    -6.315    2.448   23.100
   45.775   14.162   31.228   17.180   16.320    -4.933   19.052   98.286
   81.116  -157.397  -567.705  -574.537  -348.686  -350.003  -255.848   57.095
  248.544  250.300  189.230  145.052  103.071   54.093    8.310   -36.241
CT2272:050           59.095   28.227   -15.055   -60.128  -132.860  -155.519
   -71.754    4.504   -16.492  106.549  173.396  116.029   82.899   90.774
  110.745  292.959  648.726  751.088  933.148 1240.804 1120.960  567.573
  238.708  186.930  175.476  145.804  104.209   56.049    7.286   -40.959
CT2272:045           52.975    9.228   -31.643   -76.207  -198.050  -290.662
   -90.334  753.477 1262.641 1017.442  529.870  358.840   71.883  -340.771
  -363.256   34.315  405.738  586.499  836.536  915.620  869.852  531.804
  246.299  178.879  180.076  159.846  117.163   66.896   15.398   -41.430
CT2272:040           57.118   11.573   -38.469   -93.415  -195.473  -255.451
  -160.402   74.187  217.363  332.430  451.667  413.379    -7.289  -573.747
  -631.885  -292.453   25.104  172.984  288.670  303.653  317.413  287.919
  219.769  174.542  169.691  159.385  120.205   63.574    8.818   -46.995
CT2272:035           51.867    2.442   -46.549  -100.006  -170.722  -228.785
  -323.989  -585.518  -691.709  -476.320   -65.851    8.081  -150.532  -337.490
  -350.735  -248.413   -90.453    4.702   89.928  171.850  183.332  156.355
  141.376  132.286  156.689  166.678  132.565   67.501    3.015   -57.256
CT2272:030           48.887    -1.758   -52.848   -93.177  -105.159  -110.925
  -223.054  -603.696  -773.937  -625.241  -351.795  -290.489  -208.547  -114.651
   -94.934  -127.769  -120.109   -58.105   54.665  149.934  154.568   81.567
   40.587   63.987  155.750  193.725  153.477   73.090    5.611   -57.396
CT2272:025           49.992   -11.811   -69.116   -99.331   -94.483  -102.407
   -95.041   26.196  104.104    5.838  -122.279  -128.972   -74.858   -61.262
   -55.850   -57.171   -76.971   -53.861   26.725   97.314  105.909   66.420
   49.851   68.813  119.057  150.794  128.377   68.256   13.984   -36.939
CT2272:020           67.024    2.717   -74.792  -106.844   -83.963   -71.677
   -57.785   -19.185   -37.116   -28.118   88.620  163.832  130.805  214.193
  215.383   21.828  -130.583  -150.513  -116.398   -74.591   -63.469   -66.461
   -49.353   -14.566   62.015  114.459  106.157   56.443   16.257   -22.850
CT2272:015           30.437   -24.893   -78.568   -93.578   -54.321   -25.779
   -37.622   -62.044  -116.701  -283.291  -564.187  -591.647  -259.083  169.063
  220.038   -18.288  -192.465  -233.384  -241.602  -213.049  -204.658  -208.328
  -183.897  -130.484    9.136  106.793  104.418   53.742   16.329   -21.797
CT2272:010           37.435   -20.577   -70.391   -68.260    9.020   62.208
   29.532   -67.392  -163.766  -407.873  -855.784  -941.951  -537.610   -80.131
   -14.569  -238.308  -480.844  -461.313  -276.312  -182.137  -190.323  -308.952
  -371.932  -299.190   -65.017   94.356  107.321   61.359   22.153   -15.322
CT2272:005           50.897    1.640   -61.528   -67.290   33.434   99.756
   83.073   27.074   -42.809  -185.036  -351.395  -361.566  -263.797   -71.522
   -26.143  -119.290  -199.372  -156.168   85.284  237.329  170.300  -140.927
  -306.970  -241.258   -21.675  101.520  102.053   55.089   25.139    -5.943
CT2273:360           30.598   -30.098   -70.460   -57.922   31.532   89.617
   79.525   52.986   24.525   -35.476   -86.309   -84.001   -57.200   -24.353
    9.308   79.333  148.839  163.090  271.007  347.997  303.522  135.879
   48.324   56.891   77.422  103.105   98.691   61.702   28.675    -1.659
