
filled_synop: 30 data points in equal steps of sine latitude from +14.5/15 to  -14.5/15

CT2285:360            -3.549   -18.365   -29.632   -39.342   -31.616    -2.253
    5.146   77.482  282.448  401.152  266.147    -1.894   -79.911   -89.872
   -93.081  -125.762  -236.031  -420.389  -697.934 -1525.840 -2131.306 -1853.363
  -713.250    -6.361  121.799   55.561   54.901   41.481   21.981    4.051
CT2285:355           -25.499   -34.021   -42.018   -50.478   -36.080   33.743
   53.116  -100.366  -576.036  -782.372  -553.137  -112.412    3.523   -32.105
   -68.708   -42.036   93.219  110.512  -113.052  -954.586 -1668.424 -1486.190
  -558.974   -51.300   57.737   51.908   71.990   43.809    9.553   -12.433
CT2285:350           -28.047   -37.399   -44.127   -43.130   -28.505   17.808
   16.554  -156.639  -592.954  -744.992  -549.000  -108.540   42.928    -4.762
   -82.054    -8.342  534.852 1204.988 1066.575  320.494   -22.536  -182.799
  -269.693  -199.220   -94.759    9.642   59.318   48.553   26.685   10.184
CT2285:345           -16.782   -26.389   -34.544   -37.275   -26.355    7.134
    5.915   -43.450  -105.981  -110.625   -84.379    2.731   62.320   29.940
   -77.022   -81.050   -71.733  -188.444  -115.610   -16.077  -181.170  -160.420
  -155.476  -233.449  -193.051   -40.600   29.933   37.859   29.774   24.976
CT2285:340            -7.148   -17.926   -28.744   -35.054   -21.719   10.124
   31.499   64.203  120.721  145.845  132.933   75.014   95.543  270.344
  511.461  485.188   19.244  -333.704  -111.687 1004.962 1775.772 1489.014
  380.805  -200.237  -242.478   -78.765    -6.909   15.253   20.689   25.013
CT2285:335            -5.250   -13.576   -24.214   -32.336   -13.594   28.109
   64.482  101.309  142.802  155.589  165.318  150.029  184.596  354.594
  519.899  482.039  126.452  -148.126   56.939 1077.456 1749.861 1506.104
  430.408  -143.575  -190.655   -37.533    9.329   12.928    3.994    6.783
CT2285:330            -4.744   -15.114   -24.238   -28.545   -10.220   23.856
   58.711  103.051  169.084  192.199  179.942  140.969  161.268  287.144
  403.227  366.709   -14.001  -448.059  -263.207  556.418  958.248  843.843
  228.082  -157.406  -188.828   -28.384   24.449   23.600    9.694   10.096
CT2285:325            -3.833   -18.399   -36.950   -45.786   -21.464   25.029
   66.356  116.915  193.133  211.693  152.085   49.173   43.414  142.222
  269.122  279.515  142.167    -4.939   -11.605    -1.147   -24.198   -67.034
  -165.723  -248.534  -219.655   -60.149   19.816   26.797   18.048   18.119
CT2285:320           -15.227   -25.636   -41.350   -48.029   -14.034   46.755
   93.759  130.018  177.709  176.106   78.218   -64.023   -87.392    -8.162
  103.366  165.059  408.375  733.352  612.411   76.668  -196.167  -256.843
  -277.833  -284.116  -221.081   -55.201   26.821   42.800   34.577   25.449
CT2285:315           -23.345   -31.187   -42.673   -48.158    -4.923   86.881
  151.563  163.398  151.733  122.106    9.949  -166.303  -208.326  -119.377
    -2.733   56.399  146.123  116.213  121.513   83.541    -9.000   -95.083
  -201.746  -236.301  -181.682   -43.024   22.144   23.709   16.449   20.525
CT2285:310           -26.624   -45.252   -64.977   -63.462    -7.135   93.560
  159.075  184.513  199.118  177.442   58.838   -97.436  -143.245   -95.667
    -4.109   25.228   27.188   57.351   60.889  118.601  158.663   67.987
  -115.181  -192.237  -150.570   -43.569   13.945   25.815   21.322   21.326
CT2285:305           -38.605   -44.162   -59.469   -65.139    0.493  128.910
  224.967  264.825  306.254  306.692  185.949   36.822   -23.077   -15.246
   19.263   19.648   -31.417  -104.490   -71.787   31.379   47.989   12.476
   -73.844  -122.754  -104.686   -42.370   -13.208    -2.845    3.249   13.174
CT2285:300           -24.423   -43.870   -62.246   -57.262   10.123  124.318
  224.405  312.095  391.174  391.166  313.637  168.172   85.918   68.145
   58.499   51.273   99.420  172.633  159.189  117.695  100.708   56.595
   -32.081   -81.586   -86.387   -69.108   -49.532   -22.260    5.416   34.056
CT2285:295           -10.356   -22.445   -43.672   -53.118   32.389  180.340
  306.558  487.128  726.572  776.814  646.813  409.717  286.974  181.891
   76.615   50.558   80.347   90.232  110.244  154.794  161.883  118.073
   18.638   -39.905   -57.497   -65.905   -61.127   -26.908   14.611   51.498
CT2285:290            3.004    -6.334   -31.192   -52.636   34.285  215.924
  355.123  613.703 1034.136 1139.846  909.518  530.357  370.406  232.891
   93.049   53.295   55.693   54.624   67.612  114.595  136.616  106.000
   36.172    -4.013   -31.205   -65.822   -68.135   -31.357    8.756   45.697
CT2285:285            3.024   -13.331   -32.885   -32.819   49.657  204.596
  300.727  382.756  479.603  482.679  370.390  172.047  100.733   66.275
   47.871   42.961   40.484   35.510   31.458    7.883   -11.481    6.131
   48.669   49.726   15.211   -42.159   -59.307   -33.719    -0.061   35.507
CT2285:280            0.866    -9.860   -22.102   -35.625   -45.452   -57.938
   -60.503  -131.318  -294.938  -348.862  -357.169  -356.926  -336.943  -171.576
   -20.184    9.655   21.520   26.472   24.366    1.961   -22.947    2.472
   45.396   52.354   21.976   -31.915   -44.039   -18.479   14.617   44.069
CT2285:275            4.827    -6.844   -11.541   -14.108   -54.164  -134.675
  -184.858  -331.142  -536.349  -584.376  -461.846  -214.365  -135.226  -108.140
   -41.767   -22.630    -7.764    -0.184    -7.289   14.735   50.940   43.916
   37.716   48.531   22.919   -43.468   -59.426   -16.887   26.417   56.843
CT2285:270           17.854    6.386    -7.985   -27.122   -70.742  -134.791
  -174.277  -220.568  -292.114  -300.424  -213.818  -134.081  -108.672   -53.379
   -45.875   -56.616   -65.772   -99.840  -135.282  -236.570  -278.200  -200.161
   -26.301   52.382   33.983   -45.674   -66.402   -39.670    9.501   57.359
CT2285:265           22.926    6.892   -15.826   -38.751   -51.888   -54.126
   -58.159   -25.502   52.143   91.872  140.455  235.405  235.418   81.995
   -35.602   -85.360  -105.473  -127.699  -194.540  -402.337  -509.011  -341.396
   -33.313   83.083   60.479   -31.860   -46.643   -12.920   26.284   57.917
CT2285:260            3.208    -4.170   -10.390   -19.619   -30.143   -45.225
   -52.535    2.092   99.748  141.755  145.865  127.130   93.616   -20.655
  -149.968  -233.556  -277.552  -311.192  -345.258  -306.939  -231.219  -149.023
    9.517  115.116  103.944    5.343   -27.674    -7.125   24.272   49.927
CT2285:255           -16.966   -17.468   -14.435   -12.395   -18.404   -27.489
   -39.909   -74.505  -124.384  -113.464   -40.680   36.111   14.305  -114.437
  -278.516  -414.607  -582.905  -713.879  -755.964  -674.409  -576.363  -391.398
   -96.163   83.913   92.788    -7.342   -20.165    -6.004   18.076   43.353
CT2285:250           -24.090   -20.301   -15.559   -11.741   -16.247   -20.733
   -33.167  -129.749  -306.310  -315.825  -113.179  139.282  145.789    9.445
  -136.115  -342.185  -806.180 -1230.744 -1286.119 -1272.603 -1246.156  -905.981
  -260.008   49.661   77.241   -16.478   -15.805    3.317   27.782   47.159
CT2285:245           -24.969   -15.957    -5.276    2.918    1.053    -5.703
   -10.047   -55.978  -136.000  -114.019   61.585  271.568  282.068  208.720
  101.639  -111.810  -398.390  -564.793  -942.285 -1606.584 -1784.751 -1344.546
  -452.479   -30.056   46.298    -3.843    -5.148    2.153   25.107   44.478
CT2285:240           -40.592   -29.085   -14.825    -0.544   14.650   23.997
   48.771  110.542  203.590  258.746  328.824  413.991  391.872  304.693
  184.792   -53.948  -567.243 -1031.850 -1226.895 -1521.485 -1576.670 -1188.107
  -362.453   35.037   72.698   -21.125   -17.142    -9.663    5.628   22.011
CT2285:235           -25.093   -11.381    0.855   12.783   30.599   42.239
   85.966  218.240  389.680  442.485  414.040  360.958  308.670  241.098
  139.365   -63.742  -419.270  -687.911  -887.208 -1083.653 -1066.544  -752.965
  -137.477  170.567  166.461   17.394   -23.088   -14.105    8.084   27.063
CT2285:230           -18.729    -6.313    2.840   10.860   30.799   47.826
  104.974  282.792  527.408  573.505  384.908  136.443   63.381  115.064
  126.656   -56.177  -419.525  -566.666  -726.558  -808.439  -743.604  -455.538
   41.948  247.740  194.342   20.054   -29.506   -23.754    -3.716   16.035
CT2285:225            -6.951    -5.300    -4.357    0.449   23.047   44.211
  100.537  265.423  514.017  555.565  320.352   57.333    -7.444   60.869
  121.031   -50.551  -856.477 -1552.703 -1196.415  -370.969   -98.123   -40.862
   69.430  127.837   96.817    3.863   -23.206   -19.337   -10.928    1.439
CT2285:220           -15.281   -14.412   -13.214    -5.824    7.271   15.967
   61.336  153.744  245.736  263.902  203.847  117.021   83.401   80.467
  111.407  264.292  797.900 1131.469  966.662  537.320  338.739  237.722
   71.537   -14.367   -28.363   -25.746   -25.894   -13.260    1.355   18.915
CT2285:215           -25.560   -16.516    -6.830    3.601   21.896   30.588
   65.657  187.427  358.230  418.312  322.992  208.547  186.504  146.156
  136.142  352.263 1095.522 1529.043 1419.462  955.647  685.047  444.854
   70.882  -102.286   -98.885   -31.294   -12.953   15.788   39.293   53.997
CT2285:210            -9.343    -8.982    -9.339    -3.903   25.753   58.220
   96.409  221.269  405.730  496.108  437.656  336.455  316.429  236.605
  173.695  264.270  465.588  499.882  695.153  902.526  856.260  554.734
   63.698  -146.564  -137.362   -47.710   -17.028   16.455   43.618   63.831
CT2285:205           15.530   10.446    2.743    -2.700   23.992   60.636
   66.969   47.368   17.592  145.170  560.962  912.525  922.017  539.138
  215.863  181.133  141.841  118.011  315.215  704.412  762.931  491.220
   24.317  -172.218  -157.453   -49.797   -10.819   15.138   33.551   49.827
CT2285:200           26.329   15.003    7.283   -10.603   -42.869   -53.509
   -79.398  -245.643  -491.404  -367.018  481.257 1406.680 1436.422  706.428
  253.164  297.453  697.180  982.506  877.821  668.438  557.561  362.987
   19.888  -130.406  -106.682   -15.148    5.516   20.907   33.603   44.274
CT2285:195           24.186   23.929   23.089    -5.353  -125.119  -324.172
  -427.549  -504.091  -555.604  -439.565   -59.634  274.052  370.451  265.557
  145.695  211.089  486.369  635.118  626.829  522.464  436.226  297.532
   99.264    -3.930   -21.260    -3.530    7.194   23.702   33.106   39.141
CT2285:190           16.434    6.918    7.707   -23.573  -178.981  -391.718
  -505.175  -576.725  -616.014  -560.278  -424.593  -283.930  -195.107  -108.760
   -35.319   15.635   70.664   87.037  149.291  205.047  180.993  142.103
   94.432   60.506   39.911   16.152    9.254   16.680   23.536   30.062
CT2285:185           18.862    9.252   12.392   -14.694  -153.849  -366.176
  -463.760  -494.620  -503.943  -478.932  -480.410  -475.111  -401.566  -250.520
  -123.868   -60.990    9.169   21.213    8.478   -36.180   -70.021   -43.781
   47.465   75.615   51.251   12.962    5.745    6.459    8.789   16.016
CT2285:180           13.074   28.046   38.518    -3.694  -153.207  -352.550
  -428.596  -368.891  -253.409  -209.419  -246.362  -225.982  -188.343  -138.364
   -57.469   32.661  246.943  293.293   65.266  -349.607  -452.016  -403.151
  -174.346   -55.110   -22.947   -18.022   -15.682    -7.742   12.639   30.887
CT2285:175            -8.615   -17.849    -2.747   -21.447  -169.557  -401.792
  -471.472  -353.321  -187.563  -102.631   -89.086  -151.790   -94.460   63.969
  114.513  122.927  287.860  292.725  -234.193 -1499.486 -1872.343 -1194.424
  -204.639   84.753   66.659   -16.752   -29.129   -15.799   11.911   39.213
CT2285:170            4.810   -13.274   -20.541   -57.273  -200.560  -423.969
  -488.485  -357.700  -176.377   -48.436  124.421  113.478  168.141  223.808
  127.222   22.245    -7.952   -52.276  -497.597 -1470.512 -1705.701  -988.917
   25.777  310.498  215.352    8.439   -41.548   -16.049   16.883   42.191
CT2285:165           27.161    5.534   -15.218   -66.554  -197.757  -365.176
  -422.396  -358.032  -255.320  -106.005  603.057 1497.222 1350.635  419.312
   -35.068  -394.200 -1249.712 -1660.015 -1292.364  -276.303  214.140  320.858
  674.628  812.242  514.209   65.851   -63.994   -41.036    7.312   47.089
CT2285:160           29.357    -7.372   -29.623   -66.631  -162.799  -292.858
  -359.030  -404.300  -441.321  -476.129  -900.957 -1594.896 -1388.001  -555.763
  -338.629  -567.862 -1236.268 -1483.029 -1049.303  -264.044   23.955  274.327
  294.698  278.243  197.075   34.602   -29.965    0.282   30.098   50.902
CT2285:155           50.296   13.949   -24.951   -74.434  -144.627  -220.754
  -281.388  -350.142  -398.435  -479.674  -815.688  -978.320  -915.714  -495.764
  -185.880  -172.663  -107.414   50.898  166.163  560.293  776.839  617.622
  292.712  177.541   80.054    -8.896   -47.779   -18.861   20.971   50.710
CT2285:150           57.046   16.652   -30.451   -79.152  -125.622  -173.353
  -217.570  -272.562  -333.056  -384.246  -434.674  -398.980  -347.381  -190.550
   -31.100   86.722  225.095  316.878  537.086  811.825  894.840  719.496
  340.361  172.466   72.681    -9.498   -40.314    -6.722   22.840   44.870
CT2285:145           45.284    -6.641   -60.707  -102.791  -119.351  -126.486
  -147.144  -187.139  -232.780  -241.975  -193.299  -143.688   -69.210   45.562
  133.654  219.417  271.146  335.600  495.453  712.264  768.384  616.767
  343.487  196.988   97.231   10.167   -27.926   -10.844   11.952   34.012
CT2285:140           31.535   -39.278  -107.915  -150.952  -131.771   -74.665
   -65.670   -92.088  -127.808  -127.372   -94.617   -66.567   12.117  165.758
  266.011  310.269  256.111  248.300  364.450  489.991  507.421  438.076
  314.506  215.463  112.467    7.457   -32.370    -9.447    8.585   26.401
CT2285:135           36.085   -38.032  -118.969  -161.093  -108.669   -25.654
    8.375    5.367   -16.405   -18.204   -24.900   -28.911   27.523  174.052
  278.093  321.033  355.706  398.527  397.906  401.585  401.115  337.352
  265.146  199.742   99.563    -6.297   -43.394   -28.241    0.399   28.800
CT2285:130           43.952   -25.496  -113.439  -164.754  -107.317    -5.956
   41.391   86.645  123.588  119.095   38.648   -10.940    7.860   71.551
  120.149  173.452  247.603  280.635  269.627  211.348  192.066  192.689
  195.036  155.122   70.921   -18.729   -42.823    -4.394   26.515   41.815
CT2285:125           28.350   -47.352  -112.912  -133.647   -75.831    8.418
   57.309  120.416  168.566  169.352   93.344    2.058    0.622    4.395
    -3.171   22.369   69.680   91.615  102.129   90.571   91.666  103.814
  117.602   97.862   46.905   -10.184   -29.846    -8.989   16.575   33.273
CT2285:120           20.671    -9.310   -55.290   -79.577   -29.219   41.938
   78.471  128.301  173.152  186.429  239.039  307.488  238.695   45.270
   -40.607   -49.580   -42.589   -29.851    3.456   69.659  107.726  123.478
  145.331  137.177   75.826    8.551   -13.689    -7.282    1.114    9.600
CT2285:115           15.827   -12.807   -43.365   -49.896    -2.048   63.047
   81.990   51.571   10.652   10.120   35.190   35.724   28.887    6.929
   -22.160   -75.180  -154.609  -170.457  -121.004   -23.826   35.616   97.303
  158.498  164.922  105.700   29.953    2.629    4.474    5.633    3.934
CT2285:110            1.495   -19.423   -41.445   -49.810   -11.559   41.393
   41.292   -49.853  -148.252  -170.925  -172.601  -172.261  -145.790   -57.439
   -34.544  -120.919  -304.711  -368.853  -289.879  -139.189   -54.582   28.451
  117.077  141.739   95.307   35.757   13.847    6.747    2.634    0.242
CT2285:105            -3.246   -24.000   -45.474   -56.482   -39.002    -6.932
   -14.608   -95.669  -173.686  -187.915  -162.934  -129.902  -104.796   -30.653
    -5.819   -95.436  -277.397  -349.928  -305.364  -202.952  -134.654   -40.731
   67.222  106.590   80.442   41.744   24.972   13.614    6.111    0.811
CT2285:100            -6.266   -23.158   -41.899   -51.211   -47.102   -41.417
   -42.447   -58.864   -72.477   -69.094   -42.071   -12.321    -5.280    9.232
    2.313   -48.357  -129.654  -171.818  -208.391  -217.982  -185.116   -89.808
   35.172   84.660   73.321   46.779   34.535   21.804   10.944    0.998
CT2285:095           -11.077   -25.972   -45.281   -56.807   -51.240   -43.265
   -30.107    -1.665   29.519   41.083   40.051   34.492   36.421   41.115
   32.582    -4.200   -69.925  -124.876  -181.351  -280.956  -281.640  -155.732
    2.583   57.437   52.099   35.082   30.813   20.063   10.268    0.378
CT2285:090           -17.100   -33.350   -47.817   -53.538   -45.778   -34.098
   -12.388   26.058   61.696   81.383  103.276  109.967   91.355   45.078
   16.773   16.134   42.001   16.952  -103.477  -282.424  -306.139  -174.703
   -10.602   48.859   60.912   60.164   54.836   29.765    9.515    -5.775
CT2285:085            -4.166   -31.067   -61.205   -75.999   -63.659   -40.852
    -4.810   62.226  118.604  138.682  148.919  147.050  112.603   47.044
   18.641   42.809  109.237   90.874   -12.199  -177.751  -217.673  -138.315
   -27.283   25.544   57.251   77.863   78.141   46.038    7.108   -26.640
CT2285:080            7.774   -21.647   -61.614   -79.488   -56.469   -28.879
   15.480  128.138  227.926  233.418  158.131  105.045   67.964   15.614
    -9.447   29.455  146.877  143.597   24.164  -127.483  -172.440  -147.698
   -96.245   -47.033   17.838   70.748   76.637   39.274    3.252   -30.930
CT2285:075            -2.207   -35.609   -65.847   -69.245   -22.732   36.553
   87.305  165.189  238.779  243.331  165.423  110.867   65.018    -6.318
   -55.171   -27.481   48.444   27.117  -115.772  -249.270  -287.187  -292.407
  -214.221  -147.210   -53.677   38.105   63.137   37.070    8.889   -15.829
CT2285:070            3.132   -18.414   -50.912   -63.859   -17.856   40.338
   87.283  119.342  145.546  185.506  225.014  200.801  159.498   97.182
   48.530    4.945   -42.592  -105.454  -358.865  -910.623 -1010.618  -640.095
  -310.292  -222.960  -114.615    -1.888   31.926   12.073    0.236    -3.805
CT2285:065            -8.858   -25.122   -43.652   -49.832   -30.125    -6.684
   39.496   98.482  162.785  233.697  374.908  420.231  305.438   76.021
   -34.534   -62.829   38.950   76.052   -88.052  -278.453  -328.610  -304.564
  -257.687  -223.597  -118.586    1.305   39.602   25.110   15.452   13.937
CT2285:060            -3.763   -25.978   -50.950   -71.089   -95.757  -113.719
   -57.350   68.196  218.105  322.305  532.472  623.999  352.722  -264.859
  -517.880  -461.264  -293.134  -176.099  141.751  573.706  580.367  197.344
  -193.775  -255.675  -144.672   -17.188   26.557   30.592   30.526   30.904
CT2285:055            -5.231   -29.196   -53.434   -80.320  -145.824  -217.964
  -143.564   68.248  303.028  399.156  482.218  488.270  179.034  -513.148
  -796.874  -514.164   11.570  197.158  398.714  511.946  433.222  162.990
  -152.515  -234.306  -132.205   -24.102    9.145   22.578   33.845   44.322
CT2285:050            -1.229   -27.834   -56.177   -81.483  -156.995  -240.671
  -100.019  274.012  599.359  689.330  618.751  446.344  249.360  -114.595
  -265.693  183.809 1191.891 1501.827 1052.122  432.871  221.666   56.918
  -128.323  -194.901  -131.693   -49.123   -11.182   13.267   34.392   53.820
CT2285:045           17.489   -14.300   -63.436  -104.420  -169.739  -200.444
   63.510  773.151 1264.961 1368.159 1239.491 1056.207  789.878  441.671
  329.126  505.349  839.514  916.099  774.363  421.920  266.046  115.948
   -46.725  -109.440   -78.398   -39.256   -21.267    6.385   34.734   61.490
CT2285:040           28.127    -1.755   -55.083   -71.885   -74.515   -88.509
  215.702 1373.842 2358.898 2257.845 1358.629  869.587  660.772  387.888
  238.588  255.671  276.502  287.185  364.574  437.929  394.751  237.944
   94.073   33.155    -8.994   -39.840   -32.051    6.622   39.250   67.910
CT2285:035           -10.945   -47.676   -88.213   -86.790   -47.293   19.065
  280.765  879.379 1252.274 1238.212  741.824  342.779  206.615  130.030
   35.047  -103.568  -212.311  -200.123   -75.582  150.052  206.560  190.388
  155.178  114.899   35.533   -41.631   -48.498    -9.714   27.037   60.371
CT2285:030           -16.054   -38.451   -68.595   -78.395   -48.156    -5.114
  145.086  499.014  705.456  690.630  408.823  185.517   38.069  -146.741
  -285.187  -423.706  -710.478  -770.635  -448.510  -179.820   -80.270   74.813
  165.717  162.453   60.307   -36.824   -51.107   -18.942   20.104   57.319
CT2285:025           -17.291   -29.103   -44.708   -62.149   -61.304   -66.446
   -34.809  202.455  503.538  457.527  236.713  193.622   89.189   -83.948
  -178.101  -221.173  -105.860   -82.396  -145.671    -9.499   67.164   96.479
  164.411  187.660   78.979   -27.812   -35.656    5.842   39.331   67.282
CT2285:020            5.332   16.657   21.575   -17.301  -114.509  -220.180
  -353.011  -834.082 -1175.743  -952.007  -224.126  123.486  106.109   -28.296
   -84.681  -160.107  -274.458  -376.410  -525.437  -711.761  -657.641  -278.949
  114.272  212.317  114.845    -0.812   -18.762    8.212   39.321   64.690
CT2285:015            -1.223   -14.536   11.551   -58.163  -355.008  -660.064
  -838.720 -1179.568 -1339.362 -1104.279  -382.239    8.954   58.987    -8.570
   -23.501   39.434  145.816   13.346  -658.323 -1387.094 -1386.583  -705.317
   -10.423  157.032   91.488   19.173   19.784   26.040   37.337   51.044
CT2285:010           18.615   15.106   31.301   -65.671  -446.203  -833.276
  -950.341  -932.511  -808.941  -635.700  -240.227   17.010   74.261   67.192
   92.101  274.645  717.644  664.605  -312.455 -1403.525 -1452.965  -682.187
   -38.163  110.782   88.962   51.016   51.935   45.319   40.653   37.173
CT2285:005           44.203   37.119   21.980  -124.679  -558.186  -951.893
  -949.741  -556.659  -283.576  -131.683   -10.910   56.462   67.021   28.294
   28.463   83.640   63.874    -6.294  137.992  343.444  264.739   -34.449
  -113.053   -64.910   -36.896   30.143   72.367   63.486   44.103   25.821
CT2286:360           21.592    -5.992    -2.527   -74.574  -395.566  -739.983
  -678.215    -3.495  512.669  499.961  141.498   24.334    7.013   -39.403
   -65.048   -78.297   -37.269   -78.042  -175.249  -195.537  -276.933  -652.586
-1002.157  -871.977  -336.636   45.525   98.359   43.209   19.017    5.244
