
filled_synop: 30 data points in equal steps of sine latitude from +14.5/15 to  -14.5/15

CT2288:360            -4.784   -17.485   -26.627   29.305  142.186  148.790
   -26.971  -232.287  -237.503   -84.138   31.919   58.224   71.220    3.978
  -365.930  -918.355  -945.251  -275.879  615.369  757.659  293.611  -272.980
  -395.701  -253.475   -78.543   -13.158    4.714   13.276   26.770   39.722
CT2288:355            -9.793   -23.973   -30.225    6.652   89.969   92.840
   -48.147  -212.179  -217.335   -97.279   10.446   93.076  223.768  176.433
  -403.823 -1468.343 -1743.319 -1179.642  -314.633   -70.183  -153.665  -298.475
  -317.866  -222.185   -88.225   -30.314   -14.104    0.291   18.291   36.399
CT2288:350           -11.385   -30.328   -41.658   -18.317   37.388   29.587
   -85.461  -211.109  -212.051  -114.749   -17.940  123.526  403.355  494.025
  239.040  -208.574  -392.068  -396.903  -303.582  -273.044  -282.427  -283.401
  -264.163  -180.251   -80.294   -30.136   -14.441    -2.447   14.432   32.730
CT2288:345           -11.500   -40.029   -61.955   -51.846   -13.864   -26.668
  -121.499  -227.619  -222.423  -138.521   -62.131   30.591  177.788  330.375
  599.797  961.346  920.408  435.845  -104.312  -278.874  -314.439  -261.279
  -225.552  -180.035   -99.103   -46.634   -27.211   -11.388    9.364   31.885
CT2288:340            -9.025   -38.965   -66.467   -79.241   -83.004  -109.832
  -175.473  -229.857  -214.259  -151.750   -98.065  -104.373  -210.622  -102.769
  456.842 1112.712 1135.703  548.625  -194.902  -456.120  -582.791  -623.726
  -575.529  -373.163  -136.073   -62.995   -40.842   -17.781    5.779   31.133
CT2288:335            2.105   -24.360   -52.538   -90.844  -139.565  -182.038
  -242.673  -285.146  -255.226  -164.115   -85.316   -52.791   -52.384   72.376
  528.075 1110.671 1114.795  432.205  -272.415  -400.930  -303.690  -276.502
  -232.890  -121.795   -63.959   -77.598   -57.212   -19.036    6.844   28.119
CT2288:330            4.292   -21.961   -51.264  -118.158  -202.486  -244.101
  -273.747  -283.581  -255.497  -225.781  -175.780   -23.856  206.505  347.690
  400.623  409.248  412.583  322.946  194.890  298.727  978.527 1554.772
 1432.312  677.102   55.860   -89.542   -51.421    -8.468    5.536   19.784
CT2288:325            9.141   -10.369   -31.723  -109.852  -221.194  -262.493
  -255.535  -228.711  -199.095  -211.351  -190.952   -46.710   36.522  105.663
  235.321  267.387  279.306  298.512  426.328  585.527 1345.854 2081.056
 1925.402  930.420  107.180   -83.771   -43.101   -10.591    -9.279    3.442
CT2288:320           28.067    3.179   -45.570  -172.593  -329.250  -361.871
  -259.403  -157.837   -82.470   47.844  164.838  187.978  289.204  361.856
  228.534  118.167  128.072   -10.742  -263.392   -46.814  621.229  920.294
  883.815  562.574  135.501   -33.106   -33.461    -5.974    -8.090   -23.253
CT2288:315            2.643   -14.140   -29.505  -145.977  -334.813  -359.065
  -218.712   -80.077    -6.236    -4.727   23.095  109.088   93.595  120.217
  280.440  429.301  502.337  790.329 1197.525 1168.192  821.277  641.780
  539.852  364.131  207.697  100.073   63.693   28.335   -19.760   -67.346
CT2288:310           36.122    4.772   -50.655  -184.091  -358.432  -369.609
  -177.063   10.174  103.709  158.595  243.202  374.093  473.741  511.911
  603.017  643.685  705.052  995.523 1288.612 1241.958  817.244  457.380
  335.968  261.917  192.468  118.631   71.908   22.352   -30.183   -81.792
CT2288:305           16.553   -12.428   -58.160  -173.180  -327.830  -323.688
  -130.122   56.467  175.732  295.784  401.638  694.445 1128.337 1207.971
  916.969  496.902  453.831  572.090  591.048  569.660  444.455  283.959
  212.302  188.790  169.564  125.707   73.782   17.437   -35.915   -85.683
CT2288:300           -10.114   -37.224   -62.633  -137.047  -259.699  -246.938
   -79.975   77.582  186.289  342.327  415.753  644.047 1200.930 1293.249
  701.910  240.672  198.995  171.962  125.503  128.509  150.716  154.626
  126.255  131.707  140.081  108.287   54.310    -1.604   -41.418   -77.489
CT2288:295            8.130   -35.653   -81.470  -125.375  -165.472  -127.299
   11.669  131.426  178.849  216.502  159.627  -227.612  -960.106 -1126.173
  -673.972  -216.128   -94.078   -39.796   18.117   32.558   15.154   19.850
   24.056   52.298   76.257   64.897   36.126    6.813   -19.939   -47.516
CT2288:290           22.105   -26.753   -73.029   -87.443  -100.219   -37.556
  182.042  361.531  310.485  124.763   -58.781  -636.383 -1549.606 -1706.389
-1045.963  -283.777   -97.025   -70.545   -32.832    -6.639    -8.848    3.281
   14.063   21.460   29.006   29.468   28.622   23.535    9.089    -9.993
CT2288:285           -14.180   -42.583   -65.450   -83.640  -122.907   -52.555
  236.639  453.791  379.246   92.118  -122.124  -456.292  -752.043  -781.801
  -589.771  -201.552   -73.387   -75.483   -74.782   -49.814   -20.401   13.653
   23.944   11.359    4.993    3.215    -5.688   -11.339   -11.894    -9.478
CT2288:280           -10.449   -77.237  -123.649  -126.865  -106.376    -4.326
  319.539  572.874  473.912   88.178  -147.863  -222.540  -210.049  -213.829
  -189.476  -148.124  -116.579  -134.126  -168.509  -146.187   -81.651   -33.032
    -7.832    -3.266    0.110    4.516    1.859    1.749    5.882   11.567
CT2288:275           26.966   -48.606  -124.724  -112.077   -72.671    9.085
  254.330  436.680  360.706   58.023  -108.398  -125.670  -103.069  -117.320
  -101.616  -119.041  -154.241  -212.441  -239.766  -236.412  -184.113  -117.468
   -70.508   -59.445   -56.813   -35.251    -9.047   15.126   29.122   41.794
CT2288:270            -7.849   -76.357  -122.864  -100.797   -40.240   30.885
  147.019  233.749  195.644   44.530   -44.161   -49.951    -5.367   -15.390
   -47.063   -93.753  -181.540  -407.749  -637.831  -630.419  -389.058  -159.526
   -72.055   -44.648   -30.454    -9.207    0.530   11.466   25.384   38.749
CT2288:265           -32.073   -87.193  -116.822   -82.187    -9.801   41.219
   91.130  130.714  116.845   57.787   33.252   45.532   94.120   71.195
    -6.511  -101.964  -217.336  -470.073  -743.800  -742.609  -474.409  -231.230
  -136.483   -91.284   -46.272    0.404    9.330   13.742   27.568   44.207
CT2288:260            -3.333   -46.942   -91.276   -53.712   23.615   59.861
   51.863   50.572   61.051   72.147   85.840  135.336  208.181  161.718
    3.623  -212.180  -301.947  -191.588   -37.174  -151.845  -438.781  -548.539
  -469.390  -270.226   -88.228    -8.758    -2.022    9.439   31.301   55.094
CT2288:255           -18.706   -51.333   -66.579   -23.969   47.611   76.104
   39.090   19.907   67.148  168.533  215.174  240.476  323.704  266.689
   12.021  -230.235  -338.153  -351.923  -400.483  -477.986  -707.430  -896.427
  -801.750  -449.902  -113.234    4.336   14.766   20.869   37.848   53.601
CT2288:250           -24.277   -41.181   -43.396    6.405   77.273  105.132
   53.668   25.746  146.070  410.105  489.110  364.482    6.975  -187.759
  -187.022  -192.765  -301.335  -497.723  -691.445  -752.946  -820.356  -840.018
  -730.599  -426.633  -114.494    -4.162    8.540   16.215   33.829   52.770
CT2288:245            -5.238   -13.955   -24.208   33.580  124.648  156.559
   86.717   43.767  248.599  855.384 1077.896  691.392   79.609  -155.949
  -249.166  -252.978  -392.506  -686.958  -891.460  -872.629  -733.234  -631.305
  -491.269  -282.996  -124.376   -50.573   -29.619    -3.630   24.186   52.408
CT2288:240           -28.933   -37.096   -26.187   46.857  134.482  159.079
   99.330   63.045  186.208  539.248  665.823  434.412   81.614  -102.134
  -427.335  -754.028  -900.054  -893.055  -782.524  -713.049  -368.162    4.962
  110.300   17.507   -54.529   -40.944   -26.853   -14.177    4.936   28.254
CT2288:235           -16.278   -25.717   -35.851   13.420  100.189  117.439
   53.695   17.771    7.215   -74.458  -114.460   -53.243   -57.740  -115.588
  -227.700  -512.015  -698.659 -1021.010 -1400.597 -1247.254  -455.279   94.235
  213.363   79.530   -36.303   -38.801   -33.295   -25.009    -7.327   17.880
CT2288:230           -38.459   -44.273   -37.727    -1.822   49.542   51.832
   -28.577   -93.825  -129.553  -193.485  -171.779    -9.791  286.808  379.452
  544.228  760.957  512.243  -356.288  -984.169  -987.794  -500.785   -67.208
   69.831   17.159   -62.228   -64.822   -39.887   -11.340   13.805   38.963
CT2288:225           -34.966   -45.908   -47.082   -15.379   31.320   34.284
   -52.577  -125.856  -134.166  -137.751   -88.275  124.775  486.083  616.190
  791.598 1004.904  758.636  -137.421  -743.508  -813.177  -484.145  -126.141
   -19.520   -52.263   -93.595   -78.191   -42.345    -4.670   27.981   57.758
CT2288:220           -27.135   -43.366   -57.970   -30.712   18.243   39.994
   33.168   34.209   45.405   29.372   57.690  205.413  411.071  482.814
  463.120  330.862  147.269  -450.110 -1035.746 -1027.271  -505.151  -120.287
   -75.303  -107.483   -95.229   -71.026   -40.112    -4.081   29.934   67.220
CT2288:215           -33.803   -50.581   -54.390   -25.056   11.849   51.566
  136.677  219.703  262.002  317.602  365.103  313.236  211.545  221.127
  232.846  131.020  142.177  250.882  188.452  112.607   -79.729  -321.684
  -346.412  -219.292  -123.089   -91.785   -46.562    1.619   38.518   70.119
CT2288:210           -10.330   -36.014   -58.995   -33.990    7.897   53.126
  100.555  144.584  240.008  391.826  435.041  360.515  196.438  209.616
  612.807 1199.764 1347.685 1744.247 2278.811 2009.599  920.410  175.390
    5.125   -53.403   -91.563   -97.089   -65.152   -30.165    9.102   55.387
CT2288:205           -26.162   -45.933   -56.811   -44.426   -27.648   16.193
   95.506  178.358  277.538  450.082  514.327  399.348  187.943  145.561
  313.869  466.245  581.797  891.818  964.296  955.102  777.575  479.695
  331.783  132.591   -40.012   -76.975   -45.711   -14.206   12.024   39.468
CT2288:200           -15.610   -41.390   -59.889   -58.693   -51.375    1.550
  127.332  243.653  327.893  424.649  437.829  358.446  195.211   72.918
  -129.326  -361.756  -451.914  -471.754  -441.448  -353.661   -45.415  218.244
  279.007  136.231   -18.326   -53.169   -32.311    -9.419    6.210   21.384
CT2288:195            -2.984   -33.524   -65.245   -69.032   -77.234   -26.838
  153.649  313.374  366.307  441.300  467.087  316.874  178.391   22.092
  -406.385  -792.619 -1088.196 -1762.881 -2200.394 -1945.540  -813.892   65.611
  253.883  108.913    -6.874   -22.169   -19.028   -13.511    -9.879    -4.915
CT2288:190           -19.538   -46.149   -65.371   -70.874   -75.488   -30.484
   95.641  211.976  236.485  162.544   91.585   38.939   -49.049  -172.411
  -443.187  -799.100 -1105.941 -1817.933 -2393.545 -2214.334 -1091.411   -85.475
  186.794  104.726   10.678    -2.504    -6.207    -6.892    -7.190    -6.182
CT2288:185           -24.809   -44.686   -60.414   -68.346   -71.640   -41.913
   39.909  120.783  163.200  190.760  164.710   28.878  -190.667  -261.877
  -113.517   35.057  -197.564 -1056.361 -1815.283 -1760.147  -914.470  -154.767
   75.992   36.269    -5.669    8.802    5.596    4.745    6.118    7.176
CT2288:180           -20.767   -33.230   -44.932   -39.237   -28.813    -8.231
    7.746   42.191  126.565  352.736  418.245  121.146  -318.200  -332.123
  352.724 1184.217  998.864   -44.924  -708.620  -862.973  -680.459  -412.616
  -241.504  -112.109   -12.790   31.182   12.904    3.134    5.135    7.909
CT2288:175           -29.138   -46.424   -54.365   -30.850    2.085   13.543
   -33.658   -53.761   50.494  286.938  329.933  112.200  -293.321  -278.129
  308.085  857.992  802.081  121.417  -673.326  -837.826  -666.234  -552.718
  -428.084  -199.171    -8.155   60.417   42.998   12.381    -6.200   -20.567
CT2288:170           -18.808   -40.395   -62.067   -33.653   21.511   36.895
   -11.618   -34.246   77.003  376.940  461.085  191.733  -251.789  -217.082
  412.053 1055.653 1028.687  490.709   56.048  -229.016  -521.963  -630.152
  -556.765  -245.256   33.008  105.597   43.281    -7.805   -24.774   -38.808
CT2288:165           -31.656   -42.046   -44.788   -20.353   13.290   26.538
   15.210   20.316   94.539  260.399  299.272  156.190   -52.228   20.737
  451.304  990.476 1019.774  559.036   62.168  -203.289  -575.337  -835.786
  -791.589  -397.498   -19.928   83.693   54.776   11.512   -13.435   -27.661
CT2288:160           -30.193   -41.763   -47.341   -28.180    1.750    0.634
   -34.296   -62.584   -37.087   38.176   62.537   -43.517  -277.853  -222.392
  208.107  612.978  685.539  497.300  220.730   14.361  -432.996  -809.041
  -790.137  -376.326   -31.161   24.940    8.148    0.705    0.729    0.829
CT2288:155           -22.791   -37.331   -53.309   -43.450   -14.954   -27.320
   -93.395  -143.731  -179.700  -250.640  -245.980  -155.223    4.812  123.648
  250.107  385.671  486.273  684.110  866.918  770.525  466.301  238.569
  146.457   55.224   -32.607   -55.997   -33.053   -10.295    7.201   31.984
CT2288:150           -27.218   -40.150   -48.205   -43.665   -30.525   -55.411
  -146.980  -224.011  -282.867  -413.196  -421.775  -182.673  205.757  342.894
  315.604  261.320  355.729  616.835  805.307  905.867 1126.801 1249.307
 1035.525  441.257   -12.765  -105.908   -57.856    -9.411   20.996   48.809
CT2288:145           -23.285   -36.446   -45.319   -46.538   -47.326   -82.332
  -181.979  -259.849  -284.424  -320.714  -278.184   -65.900  290.990  379.115
  232.976  110.765  196.067  553.856  937.827 1043.402 1017.209  986.686
  799.085  360.511    2.582  -113.687   -59.620    5.822   39.347   59.903
CT2288:140           -15.167   -26.916   -40.200   -41.659   -29.353   -56.589
  -186.753  -273.151  -216.478   -70.186   11.076   90.592  142.828   98.739
  -166.680  -448.928  -335.629  182.866  619.134  776.664  588.023  298.023
  268.001  199.033    -1.561  -112.716   -32.827   39.277   58.831   72.102
CT2288:135           -16.409   -31.339   -44.613   -56.324   -75.314  -107.680
  -194.311  -246.767   -75.923  374.319  555.398  413.844   34.950  -143.622
  -363.067  -624.974  -545.183  -118.697  255.041  577.518 1136.024 1536.468
 1381.734  676.980   74.822  -107.196   -62.569    -3.068   17.290   24.438
CT2288:130           -23.929   -33.597   -45.114   -68.519  -100.497  -128.083
  -182.701  -207.238   -10.587  569.248  837.980  548.877   74.111   -99.569
  -235.797  -318.029  -292.821  -115.977  158.709  525.235 1331.057 1900.091
 1801.756  970.307  185.121   -54.077   -40.262   -13.514   -20.516   -39.352
CT2288:125           -36.101   -38.148   -36.378   -68.761  -120.372  -147.994
  -173.908  -173.659  -109.114   41.551   85.701   38.371   14.162   -54.731
  -259.726  -447.966  -449.266  -337.231  -192.893  177.043 1163.265 1890.364
 1809.247  931.411  239.990   45.380   34.692    5.483   -43.920   -88.227
CT2288:120            -6.595    -8.710   -21.123   -62.659  -120.157  -153.194
  -177.236  -180.430  -180.933  -326.402  -449.983  -361.972  -395.827  -464.368
  -390.563  -298.525  -424.900  -932.778 -1224.740 -1015.613  -272.916  367.877
  571.535  483.186  313.602  194.538   96.967    5.676   -89.912  -186.179
CT2288:115            -3.022    -3.113    -5.780   -48.085  -117.457  -150.908
  -166.476  -182.283   -14.359  688.922 1016.406  438.326  -288.826  -435.450
  -366.756  -297.752  -488.514 -1378.089 -2126.099 -1867.683  -792.839   26.436
  225.703  335.853  456.887  391.988  185.934    -4.319  -139.376  -272.003
CT2288:110            -6.550   -11.627   -23.649   -71.275  -138.164  -181.541
  -204.806  -221.460  -221.497  -218.038  -200.316  -104.693   -45.282   -50.982
  -131.970  -239.581  -276.790  -296.967  -279.176  -278.450  -279.237  -171.557
   -19.066  206.050  368.427  337.273  191.490   29.108  -117.015  -256.506
CT2288:105           -18.010   -23.699   -31.372   -72.009  -121.687  -165.361
  -213.824  -260.173  -420.625  -832.827  -959.058  -687.335  -263.592  -110.122
    3.301   64.927  161.637  468.846  712.840  752.593  625.441  495.862
  440.431  359.128  313.524  249.407  131.504   15.470   -92.926  -201.823
CT2288:100           15.431    -6.509   -32.249   -87.916  -160.651  -211.642
  -259.837  -310.333  -504.791 -1054.583 -1237.080  -795.695  -104.272  105.995
  127.069  105.069  235.439  663.836  982.660  986.686  727.165  501.142
  415.349  312.120  231.399  172.684   98.783   17.563   -65.883  -156.213
CT2288:095            0.680   -15.510   -39.950   -92.766  -150.941  -166.231
  -140.286  -134.221  -196.505  -314.792  -314.861  -240.470   -36.877   73.700
   99.753   72.265  177.629  441.052  599.651  644.734  580.989  470.103
  398.527  328.018  260.256  192.724  103.012   11.147   -71.289  -151.510
CT2288:090           -16.935   -27.884   -37.954   -73.723  -136.677  -122.240
   32.029  143.240  160.285  141.013  131.777  124.632  106.860  116.100
  149.936  231.868  291.918  367.856  461.136  488.373  394.737  300.222
  266.579  272.769  252.242  193.085  108.735   22.139   -59.677  -147.573
CT2288:085            -0.050   -12.839   -32.695   -73.124  -129.858   -90.593
  143.400  338.953  368.544  313.737  280.168  230.155  139.391   74.782
   -51.253  -138.944   -87.914  146.277  390.121  426.209  311.459  229.821
  201.996  203.346  199.454  157.180   87.077   14.753   -52.575  -117.669
CT2288:080            3.070   -11.451   -31.459   -66.598  -118.224   -80.133
  112.309  282.022  324.018  294.642  267.707  221.312  145.912   38.582
  -343.621  -706.775  -663.555  -225.066  155.316  223.790  165.924  117.844
  114.799  147.403  170.845  148.724   86.735   24.941   -28.312   -80.978
CT2288:075            8.830   -11.793   -31.611   -62.078  -114.702   -92.106
    8.198  103.742  175.237  254.168  264.388  217.546  120.618   18.748
  -385.345  -927.887  -868.560  -295.655   56.450   91.598   53.273   44.178
   53.630  110.107  153.684  144.352  100.281   52.252    3.055   -53.720
CT2288:070            4.543   -23.874   -50.806   -81.989  -114.818   -96.284
   -46.964    7.485  112.677  323.421  403.476  304.480  138.783  108.577
  346.175  739.481  705.173  295.993   41.304    -7.900   -45.861   -68.105
   -50.963   45.548  126.661  131.155   93.173   49.085    5.005   -41.777
CT2288:065            3.722   -25.739   -49.898   -71.776   -96.291   -69.227
   20.953  112.594  199.217  333.204  383.492  291.674  121.257  141.701
  595.066 1122.563 1094.913  582.438  152.918   43.448   -60.945  -150.196
  -141.524   -14.721   92.633  105.270   67.335   30.535    0.882   -28.385
CT2288:060            6.404   -18.105   -44.783   -52.126   -66.875   -35.926
   98.589  235.353  277.270  288.697  297.287  213.730   65.836   78.903
  310.470  448.158  480.668  469.232  366.766  249.637   18.765  -137.296
  -143.105   -28.290   59.929   64.634   26.866    0.099    -7.229    -7.120
CT2288:055            -2.524   -24.885   -39.766   -25.547    0.777   35.791
   75.589  117.683  170.529  211.832  220.162  170.346   86.438   57.843
   49.337   58.174   85.899  207.636  295.796  246.659  107.287    2.674
   -20.666    -4.253   17.914   24.609   17.543    9.264    3.566    0.923
CT2288:050           -13.589   -28.861   -38.305   -26.557    -5.535   17.015
   31.479   63.405  159.165  347.264  430.679  340.799  121.590    6.515
   -62.999  -112.776  -110.372   -23.089   53.650   72.863   88.786   84.499
   76.325   52.772   28.732   21.055   18.768   16.087    9.774    0.302
CT2288:045            -4.988   -18.084   -33.832   -36.768   -37.608   -13.926
   28.407   99.880  258.392  626.892  826.560  628.283  207.950   13.972
   -67.541  -121.266  -158.129  -149.749  -119.417   -83.852   11.653   96.160
  120.987   80.071   37.130   28.149   23.215   17.025    7.531    -4.853
CT2288:040            -8.952   -28.285   -42.862   -52.516   -71.670   -52.033
   21.003  124.641  251.430  483.266  570.867  455.101  188.687   30.975
   -53.164  -121.379  -198.387  -308.212  -414.685  -398.297  -219.353    2.658
   97.265   85.852   47.816   37.128   25.198   14.580    6.054    -1.105
CT2288:035            -3.828   -24.211   -44.040   -54.304   -64.835   -40.847
   38.993  143.763  216.352  296.016  319.629  260.045  130.399   30.329
   -47.086  -114.437  -212.656  -448.475  -722.788  -763.631  -492.611  -119.460
    2.698   25.854   35.651   44.401   22.404    -0.134    -3.909    7.514
CT2288:030            5.810   -13.624   -38.553   -45.320   -48.053   -15.309
   98.316  268.977  330.588  311.928  286.021  212.453   87.236   16.744
   -19.526   -34.133  -118.233  -481.321 -1004.967 -1097.252  -781.587  -384.371
  -225.777  -100.939   10.043   49.227   30.669   14.151   10.168   10.638
CT2288:025            3.061   -26.430   -61.367   -59.145   -22.336   30.809
  147.455  299.701  304.238  130.840   -24.683   -53.355   -13.249    9.406
   68.846  197.970  190.259   56.529   -98.392  -195.448  -316.696  -383.585
  -347.823  -204.440   -33.079   32.591   30.069   18.528    3.366    -8.838
CT2288:020            -8.482   -41.811   -69.779   -52.097   13.107   84.776
  191.885  302.272  281.152   59.773  -134.638  -155.438   -65.572    -4.480
   96.631  290.761  321.936  191.785   -40.125  -160.035  -324.030  -525.040
  -518.737  -304.063   -53.869   30.204   27.877   16.741    4.709    0.504
CT2288:015           -22.828   -41.105   -52.731   -18.848   62.645  131.181
  226.127  313.550  262.987   41.678  -118.906  -136.385   -63.753   -46.393
   -10.322   65.803   76.107   47.078   -41.013  -120.765  -284.545  -469.176
  -460.793  -258.968   -42.076   34.503   35.564   35.282   38.712   34.741
CT2288:010           -18.888   -26.723   -39.739    -6.441   67.133  131.327
  205.315  258.363  224.348  109.461   27.345   -12.550   -19.906   -76.232
  -274.966  -451.335  -471.981  -255.200  105.261  126.763  -155.632  -421.092
  -416.522  -228.546   -51.914   19.470   29.216   27.088   31.496   42.210
CT2288:005           -39.009   -49.235   -45.501    -2.787   76.771  135.548
  179.444  197.169  166.821   86.587   41.811   12.599    0.959   -86.716
  -532.881 -1145.950 -1219.914  -753.665  -295.080  -237.233  -352.206  -449.810
  -398.341  -217.457   -51.681   12.312    4.921    5.772   18.161   31.381
CT2289:360           -28.045   -33.981   -28.923   15.902   85.457  122.212
  147.886  161.464  127.077   19.525   -21.083   42.417  141.394  106.278
  -159.433  -490.613  -593.962  -557.390  -503.593  -477.556  -396.207  -332.002
  -280.470  -157.097   -34.729   18.059   15.824    3.593    2.515    9.054
