
filled_synop: 30 data points in equal steps of sine latitude from +14.5/15 to  -14.5/15

CT2249:360           77.580   54.600   35.300   32.782   39.908   38.315
   46.559   44.532   -94.042  -576.497  -832.537  -563.273  -117.015    3.614
   37.092   60.038   64.287   78.126   76.319   -46.257  -377.741  -598.515
  -600.117  -360.341   -73.070   21.790    6.203    -8.555   -11.330   -14.435
CT2249:355           98.168   65.461   28.632   27.779   57.404   55.020
   32.666    7.157   -71.947  -195.273  -180.781  -182.203   -31.149   47.927
   45.810   35.569   35.457   59.411   58.756  -107.686  -720.136 -1201.773
-1114.574  -555.553  -128.074   -30.968   -33.170   -16.686    -1.098    9.283
CT2249:350           79.290   46.374   22.852   21.747   32.655   27.066
    -2.162   -45.288   -62.283   -38.375   -26.843   -18.010    -1.146   19.737
   25.689   17.956   15.437   25.895   21.316   -69.130  -332.130  -494.424
  -475.861  -272.202   -52.453   16.937    0.967   -15.732   -24.554   -35.410
CT2249:345           80.531   53.914   29.746   20.053   21.121   18.418
   16.936   20.685   15.611    2.143   -12.687    -6.182    -2.179    -1.359
    4.243    6.919    6.054    5.841    4.251   18.348  146.183  267.598
  273.430  220.496  173.674  143.393   70.993   -10.427   -74.958  -125.353
CT2249:340           80.446   55.851   33.218   20.189    9.678   10.167
   32.822   61.041   69.857   57.253   35.998   32.536   26.390   15.919
    3.026    -7.258   -12.944   -25.945   -36.639   13.724  203.643  362.185
  393.248  344.689  271.244  209.813   99.877   -10.988  -102.442  -189.470
CT2249:335           71.354   47.310   26.215    9.097    -7.528    -1.625
   44.847   90.578  117.908  162.613  175.251  132.299   54.746   19.522
    -6.034   -32.621   -43.416   -57.991   -68.066   -41.305   45.582  142.120
  197.317  239.380  242.188  197.904  102.155    -7.735  -110.689  -212.562
CT2249:330           71.420   52.195   34.446   16.963   -12.846    -9.037
   67.437  148.139  163.726  161.094  155.739  112.130   39.292    6.165
    -8.892   -18.824   -29.260   -72.650  -128.006   -97.533    -7.978   62.247
  112.763  208.436  274.383  231.876  104.720   -17.611  -108.047  -203.478
CT2249:325           76.011   55.773   34.389   12.521   -10.067    -5.394
   49.229  106.770  113.439   61.184   13.901   19.412   19.694    3.818
    -7.607   -20.856   -22.381   16.156   77.725   91.759   71.684   76.047
  105.418  157.121  195.053  168.749   89.247    -1.105   -83.616  -160.270
CT2249:320           80.528   61.251   41.138   20.641    -6.963   -11.317
   27.107   70.187   71.468   56.307   50.416   31.562   18.350   11.826
    -0.153   -16.206   -10.939   46.261  123.506  146.240  112.250   65.161
   70.744  104.690  135.253  115.846   53.348    -7.301   -61.530  -115.387
CT2249:315           83.712   65.418   46.789   27.559    0.448    -9.060
   17.291   38.938   18.267   -41.982   -72.754   -62.920   -12.980    7.208
    -4.236   -27.999   -27.634   -12.509    1.786   16.996   22.767    9.819
   25.065   66.669   94.844   83.501   42.339    0.001   -39.718   -83.671
CT2249:310           92.317   68.557   45.818   29.334   14.923    5.676
   14.327   23.259   -23.401  -170.709  -245.590  -191.729   -62.782   -15.214
   -15.526   -28.565   -32.011   -46.716   -59.448   -51.936   -13.337   24.218
   38.115   55.676   74.179   68.854   35.592    -0.974   -36.045   -73.900
CT2249:305           99.139   65.210   28.101   16.033   27.551   22.152
    1.477   -25.335   -62.405  -148.412  -188.100  -150.352   -51.283   -13.507
   -13.687   -20.173   -26.490   -47.369   -63.763   -74.264   -83.096   -62.134
   -49.236   -13.982   37.063   44.662   18.128    -8.522   -30.591   -53.913
CT2249:300           93.445   63.591   35.284   16.991    4.549    -7.682
   -17.324   -33.208   -52.284   -77.342   -82.918   -69.334   -21.326    1.101
    -7.351   -23.210   -31.547   -46.239   -57.839   -78.533  -153.519  -195.134
  -170.721   -69.172   29.027   42.592   14.373   -10.624   -28.309   -46.342
CT2249:295           89.131   63.505   38.826   14.613    -9.156   -23.305
   -19.724   -14.350   -17.987   -18.629   -17.144   -16.114   -17.431   -14.655
   -13.923   -20.897   -26.220   -37.538   -54.262   -66.401  -141.123  -236.054
  -201.695   -66.714   16.469   20.907    0.603   -18.772   -33.247   -45.652
CT2249:290           81.374   65.881   52.077   28.860    -6.777   -24.199
   -24.065   -19.012   -15.407    -0.849    5.623    0.359   -20.676   -25.044
    -8.520   10.319   10.633    -1.173    -8.073   13.939  160.566  320.955
  287.286  113.307   13.484    -1.877    -8.542   -17.674   -27.100   -36.558
CT2249:285           96.069   70.517   44.355   18.404    -9.211   -26.008
   -36.208   -43.152   -35.106    -3.748   12.462    8.065    -3.874    -6.587
    2.947   21.439   21.289    0.940   -17.199    -0.648   64.050   95.915
  100.179   64.471   12.798    -4.966   -14.742   -23.248   -29.896   -36.499
CT2249:280          114.363   82.506   48.400   25.535    2.864   -10.182
   -19.566   -25.330   -18.022    6.296   16.806   11.659    0.497    -5.943
   -14.413   -26.445   -31.502   -29.348   -32.779   -30.010   -29.334   -32.237
   -22.526    -6.403    1.181    -3.271    -9.694   -16.000   -25.557   -37.099
CT2249:275          111.162   75.631   36.675   16.245    2.684    -5.207
    -5.633    -4.149    3.938   22.627   24.091   12.585   -20.752   -37.451
   -30.389   -24.466   -30.717   -43.299   -56.727   -55.493   -54.596   -55.310
   -42.584   -21.696    -7.222    -8.836   -12.593   -16.755   -24.386   -34.432
CT2249:270           87.851   55.732   26.385   10.881    -0.408    4.166
   38.250   77.759   87.314   96.557   98.738   64.978   11.537    -9.387
   -12.228    -8.724   -23.569   -61.061   -92.949   -92.787   -62.643   -23.801
    -7.118    -0.332    9.290    6.532    -6.501   -19.467   -30.068   -39.478
CT2249:265           81.937   46.607    9.826    -5.960   -21.307    -4.636
   66.886  162.316  157.201   93.277   57.466   28.420    5.782    -8.149
    -7.707    -4.793   -30.140  -116.836  -188.803  -182.804  -103.717   -25.959
    3.096   16.196   19.435   10.110   -12.975   -32.618   -42.103   -48.050
CT2249:260           78.470   36.814    -0.942   -16.505   -19.884    9.552
   91.137  142.013  136.001   61.921   -18.114   -34.610    -7.817    -6.606
    1.401    9.139   -14.990  -124.768  -248.695  -233.471   -79.126   55.931
   83.116   55.536   26.013   13.531    1.582   -11.380   -25.913   -41.198
CT2249:255           85.076   39.179    0.308    -8.568    -4.748   52.902
  268.169  437.355  410.907  150.344   -49.638   -64.616    4.815   24.134
   22.392   25.222   11.977   -48.214  -111.203   -94.466   20.055  120.790
  132.369   78.460   24.567    7.446    -0.033    -7.401   -17.512   -29.927
CT2249:250           95.017   56.115   13.312   14.141   18.051   64.105
  488.780 1019.614  936.685  278.300   -49.791   -60.092   -16.629    -9.521
    6.762   21.214   20.085   31.984   71.766   74.707   71.125   84.708
   86.408   50.864   14.325    3.014    -2.268    -8.139   -14.471   -20.505
CT2249:245           75.658   39.116   11.505   19.652   48.556   62.419
  110.282  186.813  154.070   10.682   -31.092   -20.737    -8.556    -0.687
    4.292    8.247   12.199   24.878   21.801   22.623   18.019    -1.708
    -0.835   10.379   15.455   10.371    0.905    -9.320   -18.831   -28.139
CT2249:240           75.530   44.129   10.458    -6.504   22.692   -26.636
  -517.760 -1182.072 -1106.126  -345.464   24.934   35.763    -7.491    -8.623
    6.969   26.010   28.451   22.565    6.629    2.412    -4.646   -19.559
   -16.675    9.466   34.525   31.699   13.037    -4.525   -16.687   -28.204
CT2249:235           69.853   43.283   21.531    9.843   13.381   -50.153
  -314.106  -530.283  -509.837  -228.665    -7.695   30.165    7.755    9.983
   13.089   15.649    8.753   11.052   18.731    5.656   -24.583   -42.910
   -33.838   -16.518    -5.946    -1.022    -1.541    -5.168   -10.060   -16.319
CT2249:230           75.224   44.783   19.566    9.135   19.912   -10.242
   -57.004   -75.862   -76.697   -66.470   -32.204    4.109   11.996   17.627
   14.023   12.947   -12.177   -90.087  -179.517  -197.182  -139.711   -65.507
   -36.259   -31.351   -25.535   -15.648   -11.234    -7.214    -5.952    -7.926
CT2249:225           80.447   54.728   28.238   18.196   24.446    9.057
    -8.578   -33.847   -35.323   -28.758   -19.693    0.812    9.789   13.214
   11.725   14.344   -25.957  -193.076  -389.961  -420.490  -302.479  -146.424
   -94.491   -68.159   -36.616   -19.215   -12.459    -5.129    1.938    6.033
CT2249:220           78.418   56.655   32.699   17.148   16.984    -0.124
   -60.611  -144.367  -141.452   -52.010   20.099   39.581   36.543   34.524
   26.086   16.772   -28.318  -195.867  -412.180  -442.470  -325.574  -195.869
  -142.982   -92.333   -46.382   -26.105   -17.007    -4.881    8.036   21.166
CT2249:215           65.608   54.353   42.432   23.256    0.697   -27.079
   -99.869  -184.172  -165.082   -26.010   75.519   87.166   67.441   56.487
   37.793   12.181   -16.264   -51.013   -70.535   -79.718   -80.135   -70.681
   -57.952   -49.080   -43.628   -32.495   -15.061    1.691   14.745   27.816
CT2249:210           50.483   44.570   45.039   18.814   -38.814   -71.327
   -93.027  -101.929   -75.380   14.515   74.524   83.968   61.909   45.842
   34.751   26.089   17.732   54.355  136.586  124.139   52.684   36.509
   27.691    -5.990   -22.471   -21.348   -13.480    -5.091    1.701    7.272
CT2249:205           63.968   55.338   41.484   10.636   -38.394   -63.098
   -50.399   -14.965   16.731   78.119  121.029  106.041   45.741   16.745
   12.494   15.332   21.652   15.407   -36.793   -33.146    6.508    -3.024
   -13.430   -17.688   -31.894   -37.223   -25.199   -11.945    -1.170    9.938
CT2249:200           62.399   49.515   36.636   17.615   -17.482   -30.194
    4.645   65.971   93.096   97.922   90.209   67.737   18.544   -10.492
    -9.431    -0.867   19.789   98.424  214.983  243.037  203.693  153.235
  112.430   48.258   -15.847   -36.961   -26.918   -14.763    -1.243   15.589
CT2249:195           56.817   39.407   20.729    7.556    -3.183    3.635
   66.743  152.980  169.625  112.283   46.837   22.028    4.576    -6.969
    -3.830    6.649   34.747  134.438  277.206  318.733  293.501  237.867
  183.675   80.797   -31.327   -63.062   -42.535   -21.129    -3.238   16.088
CT2249:190           55.952   35.234   16.232   11.083   15.596   34.419
  120.712  235.410  235.833  119.102   27.160    0.382    1.722    4.510
    9.252   16.176   36.149   84.252  139.644  164.313  175.595  164.447
  123.122   22.113   -77.196  -100.741   -74.465   -38.101    -8.554   20.647
CT2249:185           66.263   52.750   36.323   31.196   24.115   34.613
  115.222  218.713  205.345   56.612   -52.498   -55.385   -13.792    1.672
   10.156   18.020   27.850   29.986   28.187   37.139   47.966   50.274
   24.199   -49.081  -113.239  -124.020   -87.931   -42.980   -14.662   17.675
CT2249:180           66.644   45.827   27.732   24.879   39.061   53.936
   71.974   87.665   72.882    6.597   -47.188   -52.177   -22.633    -5.496
   11.167   32.244   37.758   13.962    -8.984    -9.306    -9.143    -3.764
   -12.552   -37.939   -58.231   -67.679   -61.957   -47.161   -36.154   -27.554
CT2249:175           82.577   61.509   40.503   37.081   50.827   51.379
   24.886    -8.451   -25.430   -44.583   -43.136   -41.246   -12.730    7.172
   13.170   21.285   22.442    2.226   -29.631   -27.756    3.997   33.184
   37.694   34.981   27.948   12.728   -11.542   -40.795   -67.291   -88.965
CT2249:170          101.047   82.471   57.326   48.323   57.075   50.319
   -18.807  -114.613  -120.653   -75.621   -39.655   -32.065    -6.630    3.113
    4.645   18.912   22.268   24.253   32.424   41.703   69.557  103.188
  113.175  123.822  127.835   99.805   30.295   -38.430   -86.037  -128.107
CT2249:165           74.438   57.465   43.918   38.659   38.524   27.515
   -12.395   -57.383   -27.786   59.029   44.482   84.802   57.158    3.247
    -6.398    1.200    2.532   21.171   44.696   56.707   69.845   81.055
   89.529  105.327  111.761   88.874   36.758   -23.145   -75.329  -123.940
CT2249:160           66.328   58.208   50.765   43.555   38.961   30.265
    4.348   -34.363   48.928  580.662 1009.392  786.613  190.301    -4.854
    -9.641    -1.666    -2.338    1.350    6.381   15.781   28.180   35.630
   45.620   66.427   77.639   59.874   16.045   -31.792   -73.422  -112.795
CT2249:155           53.029   45.849   41.100   33.623   27.071   14.445
   -11.460   -53.374   -15.372  406.190  844.512  615.820  102.429   -19.408
   -12.929   -12.759   -12.014   -16.826   -24.063   -16.891    -0.278   12.587
   21.834   37.813   48.712   34.182    -2.322   -38.883   -71.277  -104.263
CT2249:150           56.003   45.454   37.245   29.002   26.424    7.330
   -34.468   -76.719  -186.241  -698.518 -1179.676  -923.286  -261.958   -37.796
   -13.656   -13.539    -5.041    -8.101   -10.736    -6.709    1.791   14.681
   20.993   24.420   27.232   16.847    -8.574   -34.573   -57.607   -80.578
CT2249:145           58.834   50.959   44.507   33.776   33.668   17.012
   -34.942   -93.601  -203.263  -544.089  -716.475  -626.596  -225.265   -20.698
    8.049    4.613   14.531    2.817   -11.310    -9.247    8.312   27.581
   31.356   21.442   10.705    2.401   -10.279   -24.684   -44.637   -68.365
CT2249:140           77.220   68.441   56.623   38.942   15.694    -6.905
   -21.495   -37.525   -82.983  -131.835  -126.046  -122.339   -65.840    -2.424
   19.990    9.193   11.938    4.328    -7.535    -8.388    3.474   11.847
   18.629   31.948   38.412   31.882   12.490   -10.550   -33.845   -59.332
CT2249:135           94.008   75.535   54.838   30.881    -4.060   -27.488
   -23.959   -12.136   -20.533   -23.717   -36.193   -27.405   -26.531   -21.991
    -4.479    3.060    5.851    2.070    -1.458    -8.069   -11.826    -9.183
    -2.413   23.765   46.750   45.976   19.963   -12.014   -36.300   -60.056
CT2249:130           84.639   64.724   44.877   21.926   -11.215   -32.774
   -33.256   -29.387   -32.794   -28.444   -34.606   -31.306   -35.496   -35.499
   -26.020   -19.968   -19.034   -18.524   -26.143   -38.834   -51.984   -52.809
   -50.495   -22.889   20.190   27.415    4.435   -21.477   -36.023   -47.819
CT2249:125           90.294   72.129   51.023   27.127    -1.036   -19.684
   -24.233   -25.103   -27.469   -36.450   -47.217   -41.033   -29.894   -26.054
   -17.906    -4.946    -4.924   -14.261   -25.610   -51.831  -151.707  -259.822
  -259.754  -165.568   -52.693   -27.750   -39.506   -40.981   -33.846   -27.904
CT2249:120           93.708   70.651   48.200   24.359    -5.274   -24.430
   -22.440    -5.572    -2.184    -7.236    -4.400    0.553   11.711   19.357
   14.066    2.593    -9.169   -10.407    -2.446   -22.843  -122.646  -224.220
  -222.119  -192.088  -180.616  -152.226   -87.099   -30.028   -15.794   -19.486
CT2249:115           92.093   66.706   41.564   13.135   -24.638   -46.993
   -45.143   -38.917   -32.495    -8.190   10.460   17.389   26.212   30.923
   27.907   22.971    8.080   -46.334  -103.929  -104.579    -7.624  137.928
  154.728   93.502   57.535   40.814    5.267   -29.130   -52.765   -71.298
CT2249:110           95.521   67.716   38.899   14.267   -14.645   -32.855
   -30.361   -18.521   -11.332    -3.662    3.417   10.909   22.697   28.005
   25.321   19.458    1.856   -86.812  -240.250  -245.313   -60.213  129.804
  176.233  172.872  145.762  109.034   36.547   -35.628   -83.721  -122.955
CT2249:105           91.843   63.204   32.017   10.121    -5.413   -14.752
    -6.357   11.675   20.038   19.089   16.449   15.809   11.469    8.481
   11.975   20.641   17.588    7.356    8.410   19.392   46.150   94.063
  114.529  120.727  110.222   84.406   35.435   -22.028   -72.820  -119.395
CT2249:100           87.240   57.079   27.342    7.167    -7.770   -13.676
    1.740   30.013   41.549   44.060   46.243   37.471   14.454    2.213
    4.371   11.408   15.775   51.679  105.697  117.314   93.158   56.612
   53.194   56.268   53.787   38.112    8.259   -23.954   -54.970   -88.226
CT2249:095           87.223   59.253   28.934    8.985   -13.666   -21.406
    -2.056   25.968   38.822   47.596   45.810   37.912   27.046   20.367
    9.400    3.974    5.652   17.789   31.618   33.303   22.848    4.317
    0.929    4.701   10.224    4.702   -10.144   -25.625   -43.402   -64.167
CT2249:090           75.271   44.860   12.069    -6.682   -22.743   -24.908
    3.834   42.719   55.976   53.137   34.776   27.070   20.594   10.687
    4.374    3.604    5.378    2.592   -12.218   -15.063   -10.121   -15.593
   -17.769   -11.328    0.476    -2.809   -12.305   -22.551   -39.426   -61.703
CT2249:085           68.632   36.268    7.130    -8.272   -16.089    -8.671
   36.359  106.722  127.060  109.093   88.383   66.614   28.280    3.692
    -2.777    -5.193    -8.342   -16.314   -27.878   -35.301   -41.434   -44.174
   -42.131   -24.231    -2.256    0.563   -12.550   -28.734   -42.901   -57.424
CT2249:080           75.754   48.485   17.930    2.531   -14.384   -13.301
   46.764  140.542  159.710  131.564  100.381   72.748   31.304   12.201
    3.151    -1.406    -5.814    -0.158    8.662    -3.844   -43.595   -74.651
   -73.162   -35.021   10.940   16.938    -6.365   -31.298   -48.547   -66.639
CT2249:075           76.913   44.174   13.644    -0.509    -7.499    2.725
   65.812  161.511  175.893  112.309   47.044   19.256    -6.091   -21.791
   -10.756   16.824   21.971   14.000    3.439   -15.187   -65.261  -124.946
  -126.525   -71.928    -9.820    3.313   -14.644   -37.747   -55.554   -72.165
CT2249:070           84.949   50.401   18.062    3.346    -1.845   10.079
   68.666  163.086  167.589   67.027   -16.676   -40.858   -31.353   -23.399
   -10.545   17.817   23.815    9.496    -5.321   -25.542   -80.507  -142.247
  -143.017   -86.684   -23.783    -9.377   -24.092   -42.517   -55.784   -68.388
CT2249:065           94.558   63.074   23.066    7.936    2.803   11.526
   54.029  117.428  108.875    -4.823  -119.136  -126.014   -46.955    -8.856
    -6.056    -2.881    -6.701   -21.052   -52.037   -73.073   -88.427   -94.718
   -91.367   -65.260   -27.118   -16.444   -32.359   -48.547   -57.285   -66.083
CT2249:060           76.647   41.683   10.283    4.226   19.516   39.906
   91.404  155.964  146.930   47.307   -54.512   -75.569   -47.750   -34.951
   -18.478    9.614   13.098   -19.957   -66.359   -87.597   -98.018  -110.163
  -103.661   -63.318   -21.479    -9.735   -22.016   -39.505   -52.710   -64.748
CT2249:055           70.408   42.764   17.264   14.394   37.732   62.111
  149.942  291.099  301.519  154.175   36.883    3.439   -16.548   -20.826
   -15.697    -2.771    -3.268   -16.119   -32.338   -49.496   -79.860  -103.469
   -98.006   -59.882   -15.464    -2.364   -17.441   -34.624   -48.525   -65.015
CT2249:050           72.741   54.897   36.988   30.840   36.981   33.467
   29.985   27.631   14.279    -3.014   -20.097   -26.278   -31.097   -35.474
   -29.035   -12.513    -9.396   -22.758   -43.957   -62.455   -93.653  -127.659
  -124.052   -70.731    -6.034    8.715    -7.743   -30.068   -47.771   -66.051
CT2249:045           80.905   56.755   33.699   11.038   -10.018   -34.924
  -113.088  -256.652  -284.059  -176.671   -60.188   -37.856   -48.685   -56.313
   -44.935   -22.281   -15.755   -26.190   -40.501   -53.311   -87.890  -130.199
  -126.877   -69.232    -5.048    8.182    -9.258   -31.445   -48.754   -66.083
CT2249:040           96.045   66.035   32.669    4.413    -8.571   -33.779
  -121.886  -260.064  -277.029  -164.006   -38.728    -9.845    -9.961    -4.586
   -16.026   -34.799   -38.591   -38.828   -47.430   -50.330   -33.166   -13.760
    -8.375    1.221   16.612   15.685    -6.961   -30.928   -44.006   -53.723
CT2249:035           91.507   61.503   32.042    5.133   -19.803   -49.416
   -88.432  -126.062  -122.414   -66.633    4.054   17.954    -6.724   -20.414
   -21.266   -24.688   -23.234   -10.432    9.061   14.366   15.236   16.387
   15.354    7.843    -4.761    -9.286   -15.844   -22.844   -30.165   -39.201
CT2249:030           85.006   58.063   30.499    -0.400   -40.085   -71.197
   -78.016   -71.095   -59.588   -28.334    -0.196    1.636   -19.107   -24.690
   -24.621   -15.358    -6.736    4.443   24.919   31.975   26.235   16.944
   12.844    7.102    -3.007    -8.542   -10.899   -15.703   -23.966   -32.485
CT2249:025           81.561   57.689   36.886    9.150   -37.068   -67.450
   -57.859   -21.276    -3.929    -8.913   -18.121   -23.243   -49.394   -71.551
   -57.416   -24.589   -12.698    -6.211    -8.533    -7.221    7.417   14.230
   14.798   16.407   16.265   10.040    -4.829   -18.624   -25.935   -30.430
CT2249:020           84.568   63.888   39.161    7.718   -41.786   -74.234
   -48.803   20.525   51.454   43.807   22.685   19.700   12.398    1.854
    -9.121    -1.858    4.502    6.307   12.885   16.945   15.314   19.664
   20.014   12.321    0.950    -4.222    -7.979   -11.953   -16.605   -21.797
CT2249:015           79.966   58.137   36.048   12.603   -31.706   -65.934
   -46.786    4.076   46.492  127.222  205.851  204.171  109.310   21.529
    2.937   10.488   10.686    9.162    4.775    3.086    7.164   10.862
   10.041    9.583    5.944    4.578    3.046    -1.192    -8.318   -18.074
CT2249:010           72.058   51.514   28.340    7.769   -17.595   -51.325
   -51.835   -25.178   12.250  133.123  301.121  316.979  165.667   38.348
   15.516   27.166   30.729   25.331   20.224   16.732    4.526   -18.487
   -25.707    -7.360   16.355   17.623    7.307    -5.294   -11.075   -13.822
CT2249:005           87.890   57.847   32.845   15.300    6.365    -1.883
   -25.794   -94.408  -119.752   -45.813   59.548   99.835   75.600   21.766
    6.594   21.112   28.623   23.709   17.085    5.158   -16.454   -45.469
   -51.144   -26.113    6.407   13.643    -7.769   -36.747   -65.004   -94.815
CT2250:360           74.463   51.141   33.416   20.624   14.753   10.060
   -37.271  -159.778  -227.519  -178.407   -46.394   22.034   36.617   27.755
   19.556   19.950   23.348   18.082    6.965   -12.313   -37.744   -72.108
   -80.041   -47.340    6.071   26.227    7.773   -19.602   -47.954   -86.002
