
filled_synop: 30 data points in equal steps of sine latitude from +14.5/15 to  -14.5/15

CT2252:360           48.795   37.161   28.161   19.128    7.988    -4.792
   -20.436   -22.659   -15.397   -13.105    6.352   50.678   72.084   44.199
   11.955    -8.904   -12.421   -10.636   -12.456   -16.305   -24.690    -9.432
    -1.022    -1.218    2.692    2.574    -5.905   -30.445   -53.784   -71.965
CT2252:355           75.694   57.079   36.825   14.729    -6.229   -24.579
   -41.557   -62.214  -129.833  -181.301  -129.572   53.116  165.887  124.206
   39.664    6.103   -31.673   -71.816   -80.527   -50.799   -25.777   -21.350
   -11.635    -4.374    -3.548    -9.822   -15.895   -33.965   -53.256   -71.116
CT2252:350          103.014   72.221   39.787    5.026   -26.667   -60.138
   -95.151  -127.653  -204.820  -259.238  -221.903   -99.481   -36.253   20.803
   17.004    6.204   -14.838   -52.095   -71.566   -81.620   -98.212  -116.901
  -157.234  -162.425  -116.093   -31.147    -2.734   -24.275   -47.736   -68.016
CT2252:345          117.808   77.420   34.425   -11.183   -47.611   -75.991
  -100.045  -115.042  -119.936  -108.105   -87.565   -47.422    -7.307    3.489
   14.633   20.440   41.717   91.805   66.584   -69.169  -180.561  -176.000
  -118.256   -71.412   -45.892    -1.285   10.070   -10.054   -32.511   -53.451
CT2252:340          120.139   79.164   38.522    -4.477   -39.389   -65.937
   -88.510   -86.990   -51.352   -17.697    -2.612    4.347   11.216   11.098
    6.210    2.566   12.021   12.023   -14.969   -63.630   -97.932   -76.187
    2.062   46.096   60.280   20.730    1.086   -10.625   -27.084   -47.283
CT2252:335          119.933   78.545   36.802    -6.848   -38.341   -59.630
   -76.331   -64.608    -9.792   37.758   47.239   30.660   16.370    9.560
    9.332    5.932    -6.716   -20.514   -60.299  -153.483  -249.059  -187.972
   77.735  221.024  175.567   36.161    -6.349   -19.871   -34.348   -48.110
CT2252:330          123.121   81.571   39.385    -9.898   -40.080   -52.170
   -62.266   -44.202   30.954   88.306   91.570   48.782   12.735    -3.598
   -26.019   -46.027   -29.588   -11.920   -71.025  -231.865  -325.768  -311.922
  -193.810  -107.734   -45.730   -25.240   -20.081   -30.867   -39.150   -46.519
CT2252:325          115.542   69.880   21.003   -31.374   -59.354   -47.331
   -21.777    6.694   82.394  142.431  136.030   62.061    8.804    -9.782
   -21.013   -40.155   -39.807   -16.816   -98.120  -431.660  -667.450  -626.698
  -348.179  -151.123   -89.644   -40.225   -16.689   -34.625   -50.133   -59.599
CT2252:320          104.354   59.239   10.049   -43.041   -65.795   -41.830
    -6.656   20.317   96.448  169.288  155.914   63.461   15.455    -6.962
   -19.297   -45.780   -90.986  -125.430  -203.661  -604.443  -985.706  -878.928
  -398.998  -146.725   -98.032   -48.746   -21.544   -34.461   -55.778   -71.658
CT2252:315           97.944   58.512   17.842   -33.586   -56.595   -32.378
    8.342   20.150   26.488   33.951   21.949   -23.910   -55.660   -49.130
    -9.736   -24.491  -157.559  -368.114  -398.322  -296.804  -257.741  -220.811
  -172.772  -160.100  -129.174   -59.089   -34.949   -47.338   -59.990   -67.886
CT2252:310           87.026   52.261   16.535   -16.885   -29.755    -8.620
   20.669   15.081   -64.586  -151.961  -154.841   -95.278   -67.030   -50.471
    -0.613    -0.867  -128.821  -316.657  -248.134  419.036 1138.461  962.767
  169.812  -176.000  -170.960   -96.562   -65.626   -54.510   -51.578   -50.708
CT2252:305           74.210   52.749   31.937    3.826    -6.732   20.798
   53.194   40.956   -37.462  -104.319  -109.557   -62.257   -27.848   -18.743
    -9.612   -16.003   -71.920  -149.429   -58.426  287.151  459.728  445.169
  165.055   -77.942  -121.443   -80.166   -74.307   -58.430   -45.110   -36.027
CT2252:300           62.745   46.298   31.349   17.122   12.014   32.875
   61.824   53.993   23.476    7.037    -3.760    -7.884    2.892    5.325
    -5.227    -7.014    -0.495   22.284  104.195  283.480  443.004  397.533
  152.181   -16.864   -71.491   -76.635   -85.278   -67.209   -48.007   -31.001
CT2252:295           56.239   44.916   34.206   19.724   13.084   25.846
   41.367   27.368   -34.186   -86.933   -83.473   -40.162   -18.475   -10.665
    -9.545    -0.833   23.477   47.799  125.452  347.313  506.968  453.255
  207.196   63.104    -4.561   -64.869   -90.767   -65.929   -42.743   -25.340
CT2252:290           48.565   40.471   33.017   25.796   17.962    5.931
    -7.168   -19.920   -62.973  -100.310  -100.408   -62.677   -36.017   -31.557
   -26.298   -17.771    -7.376    9.412   69.175  246.578  448.928  404.015
  221.052  121.959   36.286   -61.234   -94.196   -70.163   -43.880   -26.297
CT2252:285           40.759   36.484   34.795   37.323   34.506   17.729
    -4.226    -4.790    0.383    -9.942    -8.424    -1.143    -8.681   -19.348
   -21.604   -24.695   -36.245   -55.729   -46.644  -106.104  -204.961  -137.883
   51.900   97.476   44.551   -33.840   -69.919   -61.707   -49.062   -37.668
CT2252:280           49.739   47.700   45.834   39.598   31.098   14.748
    -3.318   29.848  167.985  233.001  220.240  136.175   43.659   13.064
    -1.884   -10.144   -33.350   -59.446   -32.594   85.184  193.726  183.229
  132.034  113.467   63.360   -24.357   -64.961   -68.589   -62.410   -57.008
CT2252:275           76.354   63.686   44.225   15.229    -1.758    -3.631
   -10.745   26.596  336.980  777.039  773.436  315.239   35.928    -0.852
   -16.646   -40.231   -41.036   -36.333   -12.910  130.614  339.924  328.508
  150.113   67.303   47.707   10.416   -23.760   -51.867   -74.421   -88.106
CT2252:270           82.277   63.238   42.448   23.488   11.614    1.537
    -5.173    0.160    -8.776   -52.641   -40.728   30.779   45.007   23.783
    -0.782   -12.761   -37.910   -65.462   -66.260   -69.215  -119.875   -80.871
   13.842   41.674   42.754   41.321   22.552   -12.496   -49.250   -84.359
CT2252:265           79.305   67.268   49.978   25.888    7.287    -0.582
    -0.710   -50.559  -313.630  -567.664  -536.698  -215.943   -28.939   -15.901
   -31.131   -43.178   -57.365   -72.964   -94.407  -155.817  -185.966  -154.129
   -49.434   26.769   55.672   70.211   58.005   16.589   -31.149   -75.079
CT2252:260           66.761   58.671   37.905   14.611    -1.319    0.773
   16.773   -19.993  -138.164  -194.205  -187.368  -109.170   -33.358   -20.156
   -26.880   -30.005   -42.388   -59.884   -92.185  -176.504  -236.433  -195.997
   -65.353   26.343   62.522   70.318   53.164   11.413   -31.726   -77.184
CT2252:255           40.741   31.834   27.039   24.744   23.783   33.788
   48.835   42.769   27.845    7.370    -3.034   -23.711   -30.813   -19.579
    -3.027    -0.378   -18.756   -35.288   -87.588  -249.221  -377.293  -317.252
   -76.574   62.000   94.562   79.183   55.191   15.398   -22.966   -60.494
CT2252:250           17.517   19.587   25.154   31.193   38.192   53.670
   66.538   66.821   59.890   43.396   33.184   10.229    -7.048    5.832
   40.893   48.319   45.252   36.007   -20.399  -190.572  -356.145  -278.630
   17.868  179.352  171.506   95.711   66.594   25.747   -16.259   -55.133
CT2252:245            7.448   10.429   20.159   36.731   47.506   56.093
   61.025   67.180   77.860   55.962   57.234   59.973   39.414   44.856
   63.110   56.959   46.572   30.331    -8.667   -69.083   -74.835   -49.455
   41.884  130.596  140.783   96.716   63.571   28.897    -7.134   -46.311
CT2252:240           17.846   18.759   18.061   14.589   15.181   22.723
   30.146   45.911  142.401  236.375  217.301  110.200   73.585   66.900
   56.332   27.917   -44.141   -99.097  -133.537  -264.389  -358.278  -275.789
   -57.161   33.953   47.739   50.369   43.055   16.912   -11.166   -45.806
CT2252:235           26.829   26.601   19.935    1.794    -9.932   -14.769
   -17.440   -35.090  -133.828  -227.887  -196.687   -76.245   -31.000   -10.807
   28.877   10.868  -178.160  -430.154  -425.598  -168.972   28.090   26.402
   -30.776   -30.731    -2.532   37.460   36.532    6.558   -27.833   -61.626
CT2252:230           13.785   11.172    5.005    -0.917    -4.518    0.347
   15.529   -12.664  -151.410  -261.756  -239.689  -107.813   -32.567    -2.985
   40.566   31.032   -54.907  -129.083   -62.377  278.016  495.126  397.729
   52.731   -94.228   -69.612    5.509    8.690   -33.192   -59.493   -82.327
CT2252:225            2.239    -4.663    -8.839   -10.033    -7.520    8.466
   29.853   49.875  105.429  145.251  126.530   39.938    -0.450   11.117
   38.157   51.938   59.665   63.868  109.041  227.493  278.362  173.051
  -138.826  -236.861  -125.911   20.538   14.128   -25.197   -60.946   -91.800
CT2252:220            -3.125   -11.067   -16.992   -21.029   -19.842    -5.253
   10.820   30.877  103.102  151.618  138.926   68.787   36.327   32.291
   20.120   35.171  118.279  193.527  211.344  186.065  176.115  209.275
  230.889  178.845   84.554   41.504    6.931   -37.537   -69.150   -99.377
CT2252:215           87.295  105.214   91.531   59.130   26.405   13.423
    -2.892   18.920  287.258  791.079  860.979  443.704   46.205   -27.819
    -5.701    -3.124   15.772   58.421   72.261   89.600   87.811  105.883
  156.741  186.349  158.228   85.658   36.930    8.846   -31.277   -81.139
CT2252:210           91.959   94.249   68.774   31.818    -3.238   -12.537
    -8.097   30.949  205.524  435.870  452.765  247.173   57.231    8.232
    9.626    4.943   11.763   28.637   41.539   61.151   66.962  107.379
  194.153  228.641  175.233   64.334    9.514   -28.059   -62.971   -89.264
CT2252:205           99.196   82.388   59.924   34.247    6.909   -18.305
   -45.189   -57.131   -60.557  -105.093  -115.267   -68.244    1.815   19.963
   19.088    6.749   -36.845  -101.005  -118.230   -74.718   18.506   72.388
  116.888  150.822  123.955   54.378    9.378   -32.028   -65.417   -95.646
CT2252:200           84.425   75.479   51.252   19.875    -4.984   -29.576
   -44.844   -66.836  -200.975  -396.408  -411.681  -227.444   -37.339    -1.497
   17.172   11.722   -88.953  -276.838  -336.483  -343.864  -274.326  -195.069
   -24.466   98.474   93.125   49.320   14.048   -26.029   -63.921  -100.240
CT2252:195           78.863   60.600   39.425   12.276   -12.383   -24.814
   -24.664   -54.376  -192.467  -348.100  -353.802  -209.853   -36.867    6.857
    5.747    -7.263  -151.944  -440.763  -526.667  -458.860  -344.927  -283.989
   -68.702   69.486   69.969   40.364   23.591    -8.665   -47.097   -89.094
CT2252:190           67.103   45.144   24.730    4.169   -10.770   -15.382
    -6.404   -15.756   -70.896  -136.468  -140.735   -84.249   -25.607    -1.952
    -4.041   21.868   85.752  136.923  182.854  205.199  186.483  157.677
   80.917   18.349   18.231   46.380   40.379    -0.691   -43.800   -87.425
CT2252:185           39.336   30.601   18.305    6.908    -0.174    1.814
   10.625   10.941   15.727   12.241    7.232    3.971   -11.298    -3.936
    -9.729   12.024  267.370  951.839 1204.187  886.057  358.235  189.652
  107.034   16.838    -0.995   31.454   30.753    -6.339   -51.659   -91.656
CT2252:180           32.566   31.355   29.342   21.938   16.317   38.077
   83.872  106.787  132.761  164.877  163.380  103.476   23.499   13.059
    3.282   27.940  192.259  484.193  572.603  496.365  285.957  171.247
   61.667   -27.513   -42.687    4.148   17.861   -19.084   -59.905   -93.045
CT2252:175           25.859   25.246   27.686   30.156   30.297   45.402
   82.700  100.550  107.032  116.420  118.957   80.968   42.887   32.456
   14.993   17.083   66.324  150.246  188.901  165.797  112.476   56.802
   -11.559   -71.908   -74.168    -9.746   21.582    -1.734   -45.058   -87.370
CT2252:170           24.826   25.236   29.339   40.311   45.944   28.459
   -18.020   -31.194   -25.103   -24.182   -22.253    9.626   41.664   37.142
   22.147   15.083   19.688   30.333   40.048   53.818   76.995   58.362
   -22.684   -98.648   -89.522    -9.201   26.000    -8.529   -55.616   -91.767
CT2252:165           38.285   42.624   45.228   48.948   44.342    8.514
   -63.713   -79.887   -30.030   53.380   79.963   79.509   58.664   37.942
   19.354    0.484   -20.498   -23.330    1.191    -7.319   46.687   56.741
   -19.397   -83.294   -72.083    -5.732   32.046    3.935   -43.790   -85.604
CT2252:160           59.466   61.086   57.019   48.400   36.092   10.038
   -49.457   -55.864   54.365  265.147  326.954  227.260   98.383   59.025
   27.136    -1.034   -65.407  -262.391  -366.447  -278.994  -147.464  -115.755
   -98.676   -77.111   -57.928    -7.425   21.364    -3.670   -41.072   -74.904
CT2252:155           72.113   60.187   46.578   31.327   13.551    -6.352
   -44.735   -43.547   66.525  277.336  339.608  229.395   92.107   51.704
   17.278    -9.765   -61.743  -259.086  -392.682  -296.686  -201.452  -178.185
  -120.878   -67.492   -38.558   15.983   40.256    5.906   -38.044   -73.764
CT2252:150           94.240   68.943   42.034   15.258   -11.193   -30.381
   -44.391   -40.671    -4.921   39.792   52.334   49.979   20.817   10.495
   16.048   23.298   47.594  176.890  261.219  148.201   -17.133   -36.446
   20.446   72.305   79.736   65.428   36.509    -2.154   -43.812   -81.150
CT2252:145          109.008   87.122   55.319    8.738   -35.481   -69.206
  -107.215  -122.070  -118.975  -102.894   -84.254   -70.362   -51.936   -38.885
    -7.552   21.922   55.254  139.921  170.087  162.959  126.284  126.077
  181.985  252.675  229.057  106.744   35.415    -7.194   -51.365   -93.465
CT2252:140           90.075   65.115   39.972   19.749    -7.627   -67.301
  -167.179  -208.861  -196.553  -157.416  -129.985   -93.471   -54.755   -36.312
   -22.213    -9.722    6.901   20.897   19.477   49.913   71.124   84.173
  135.630  170.579  162.781  113.650   57.406   13.029   -33.908   -81.685
CT2252:135           69.728   47.166   27.290   15.230   -10.673   -81.827
  -196.483  -243.457  -213.583  -135.727   -94.659   -53.830   -13.336    2.187
    -8.766   -20.785   -17.686   -27.346   -34.207   -15.943    7.988   26.757
   90.250  157.973  151.927   91.713   44.240    6.842   -34.771   -76.815
CT2252:130           65.778   41.997   19.097   10.379    -6.716   -69.972
  -200.608  -256.472  -203.974   -70.769   -10.074    4.921   41.237   55.611
   20.059    3.656    -5.057   -24.481   -28.518   -28.400   -22.717    -8.009
   10.583   15.753   26.477   49.892   41.837    -5.993   -58.641   -99.403
CT2252:125           82.455   57.168   29.596    1.207   -32.048   -74.472
  -128.835  -150.703  -128.912   -83.279   -58.762   -34.479   -34.239   -29.111
    -7.829    -3.082   -12.756   -25.691   -23.143   -45.375   -54.880   -42.765
   -18.153   20.062   28.698   23.725   17.317   -13.184   -52.477   -88.557
CT2252:120           86.000   67.213   47.281   25.911    1.015   -25.833
   -64.195   -78.832   -60.145   -16.146    8.750    7.421    7.663   11.047
    8.350   13.004    -1.605   -64.764  -114.106  -109.345  -115.140  -112.695
   -62.689    -6.183    9.036   12.444   10.128   -13.722   -43.790   -73.037
CT2252:115           58.350   44.269   30.043   19.138    3.028   -21.523
   -63.591   -77.062   -48.843   12.362   40.062   35.816   24.582   23.288
   13.437   12.008   12.687   29.092   37.105    -9.489   -79.008   -90.072
   -57.033    -8.209    6.171   12.616   11.968   -19.155   -56.603   -86.105
CT2252:110           69.451   53.999   36.838   16.285    -6.986   -33.289
   -75.597   -89.873   -48.529   28.359   57.761   45.186   12.195    5.374
    7.773    6.193   24.697   94.737  120.464   69.350   -34.492   -62.225
   -33.494    1.012   11.640   17.657   13.747   -14.494   -53.382   -88.749
CT2252:105           71.727   52.159   30.504    6.542   -16.476   -39.247
   -69.411   -73.789   -36.714   25.467   50.421   50.745   40.816   34.995
   19.122   10.519   25.982   75.401   88.989   58.467    -9.870   -30.599
    -4.450   25.288   30.353   24.598   11.767   -19.850   -55.866   -84.997
CT2252:100           61.164   42.201   22.735    3.316   -14.710   -30.982
   -53.260   -54.596   -18.516   38.094   61.366   61.766   52.060   43.402
   23.167   12.078   17.830   34.983   35.898   19.134    -8.786   -17.031
    4.732   28.833   30.323   12.343    -4.173   -24.341   -48.020   -70.513
CT2252:095           50.639   31.331   14.376    1.090   -11.675   -25.363
   -41.651   -41.075    -4.047   51.322   68.012   54.387   33.825   25.218
   14.259    8.407    6.850    2.717    -7.330   -23.398   -40.483   -42.698
   -23.496    -7.653    -1.156    -2.109   -10.600   -26.011   -41.197   -56.275
CT2252:090           42.179   29.205   18.075    9.588    0.306   -11.543
   -27.446   -29.393    -7.132   31.255   37.467    0.768   -35.214   -35.489
    -6.499   12.824   11.313    2.293   -12.179   -44.373   -79.755   -86.082
   -59.020   -26.868   -13.772   -10.543   -11.252   -19.576   -30.198   -42.279
CT2252:085           43.049   34.479   29.162   27.454   23.701   11.907
   -13.371   -20.962   -12.763    0.156    -6.414   -44.705   -78.416   -70.221
   -15.486   18.823   17.143    6.027   -12.452   -73.456  -147.975  -154.269
   -92.750   -36.111   -20.701   -15.908   -12.798   -21.520   -35.310   -49.787
CT2252:080           62.944   52.062   39.242   25.257   11.682    6.870
    6.808    7.711   11.041    9.359    -0.285   -32.182   -60.898   -54.234
    -4.205   28.718   23.988    2.200   -17.734   -57.063  -108.961  -121.661
   -98.927   -69.341   -46.693   -15.248    -6.831   -22.655   -40.675   -56.782
CT2252:075           60.490   57.956   39.774   16.735    -0.707    2.881
   27.175   35.593   33.783   29.598   20.149    -1.644   -18.770   -16.322
    2.751   12.856    8.705    -2.802   -17.137   -43.613   -77.233   -91.897
   -90.316   -76.657   -54.921   -19.338    -9.733   -28.065   -47.672   -61.636
CT2252:070           60.582   45.866   29.598   10.663    -2.744    9.853
   47.155   64.584   56.441   40.862   30.523   17.527    1.833    -4.523
    -3.187    -6.014   -17.750   -36.142   -47.746   -52.912   -59.561   -68.879
   -85.896   -82.242   -63.264   -27.640   -17.973   -39.078   -58.649   -72.650
CT2252:065           77.968   49.516   27.797   12.481    1.837   17.487
   60.091   81.735   74.882   48.624   32.749   21.694    8.132    -0.655
    -3.284    -2.911   -15.107   -49.944   -68.750   -62.680   -49.360   -46.008
   -50.682   -49.616   -43.455   -26.584   -18.887   -29.185   -45.649   -63.513
CT2252:060           84.658   56.874   31.331    8.603    -4.543   17.887
   80.484  114.485  108.616   76.090   58.862   40.908   10.121    -6.226
   -14.356   -22.662   -30.014   -35.058   -38.749   -33.278   -19.394   -10.995
    -0.809   -11.535   -14.961   -16.576   -23.350   -41.633   -57.333   -72.554
CT2252:055           83.293   71.871   53.081   16.399   -19.388   -10.281
   63.181  105.088   94.551   59.601   41.414   27.135   10.600    -2.097
   -18.831   -30.437   -31.924   -16.428    -9.915    8.889   43.694   50.075
   77.759   79.335   71.626   25.823   -14.857   -40.481   -62.182   -84.351
CT2252:050           76.697   64.397   50.057   29.098   10.606    4.347
    -4.889   -10.228   -13.215   -16.457   -19.206   -19.354   -10.557   -11.773
   -26.467   -38.961   -38.942    -0.700    -0.896   -35.941   -42.524   -25.656
    9.796   79.808  126.747   54.486    -3.219   -35.414   -63.069   -89.813
CT2252:045           67.500   47.712   32.500   22.561   14.790    -1.377
   -33.565   -48.544   -54.197   -54.296   -48.527   -37.450    -9.645    -4.103
   -12.276   -20.793   -28.172   11.081   -10.420  -235.649  -746.059  -934.599
  -577.725    -7.717  135.251   65.992    -2.173   -40.171   -66.230   -96.780
CT2252:040           55.525   42.821   28.935   16.109    5.869    -4.339
   -23.223   -31.386   -19.732    9.046   17.633   18.159   12.310    5.025
    7.838   24.948   14.260   35.055   15.924  -297.981 -1156.165 -1429.159
  -835.126  119.891  378.591  196.965   25.783   -63.226  -111.089  -128.161
CT2252:035           50.522   49.607   46.378   38.730   29.519   28.024
   31.759   32.045   60.481  115.345  127.603  105.703   46.366   21.755
    8.645    -4.220   -18.893   17.010   12.267  -184.122  -706.512  -807.841
  -174.127  757.224  942.380  498.710   60.844   -25.815   -59.991  -133.061
CT2252:030           52.343   43.867   39.970   39.180   36.787   42.844
   72.397   98.386  104.379  127.955  159.581  116.022   44.606   21.427
   15.134    -0.171   -17.857   -20.425   -50.744   -95.098  -179.830  -111.606
  512.162 1617.614 1719.218  885.673  128.380   -69.155  -132.799  -166.218
CT2252:025           60.926   42.492   30.805   29.007   26.411   19.577
    6.510    -3.822    -4.848   -37.220   -73.541   -28.913   38.396   48.656
   41.898   48.819   29.960   -39.859   -90.361   -86.632   -43.230   48.452
  260.700  452.448  486.639  319.510   67.876    -0.459   -13.603   -76.060
CT2252:020           57.137   54.518   48.698   41.044   34.773   17.040
   -30.197   -54.446   -42.236   11.096   44.899   32.179   14.997    8.127
   16.310   29.292   15.056   -59.831  -136.051  -127.101  -121.357  -106.386
   -19.161   67.037   91.412   65.369   30.850   -32.667   -75.511  -102.274
CT2252:015           47.763   44.973   41.375   35.905   28.973   16.895
   -13.810   -27.718    -9.578   47.206   79.401   58.189   17.000    3.445
    -5.103    -6.933    -9.402    -1.543    0.264    -1.664   23.346   36.811
   -26.107  -102.565  -107.918   -65.527   -10.414   -16.742   -58.004  -111.898
CT2252:010           59.618   47.955   36.161   19.883    3.356    1.838
   16.544   32.492   46.414   56.964   54.597   50.370   17.106    -6.181
   -13.678   -23.131   -21.796   46.560  118.889   97.516   19.445   -24.856
  -105.028  -208.240  -214.914  -116.809    -4.787   -35.768   -91.332  -123.484
CT2252:005           63.590   52.255   38.991   23.802   10.794   10.912
   21.968   33.389   68.039  143.148  174.628  154.933   83.702   46.723
   30.630   11.099    2.543   10.523   13.615   20.753   36.608   27.586
   -96.615  -329.714  -353.601  -196.936   -53.440   -40.972   -68.509   -97.806
CT2253:360           67.272   53.303   39.028   20.190    0.428    -8.173
   -12.898   -13.267   16.607   99.046  145.087  130.749   85.836   67.633
   40.050    7.222    -8.678   -44.373   -73.162   -39.775   80.148  140.459
  145.582  145.320  121.962   45.670   -26.294   -59.741   -80.765  -101.235
