
filled_synop: 30 data points in equal steps of sine latitude from +14.5/15 to  -14.5/15

CT2236:360          105.444   52.079   -10.224   -27.828    -5.931    -2.420
   -18.758   -36.709   -34.580   -21.188   -12.662   -11.827   -14.053   -11.249
    6.065   28.321   34.665   30.168   21.356   10.807   -19.862   -50.898
   -53.828   -29.156    -8.531   -15.264   -40.347   -61.730   -73.180   -82.845
CT2236:355           82.339   40.061    3.193   -15.613   -25.523   -30.586
   -22.179   -11.683    -6.390    -0.675    3.501    6.324   10.580   14.627
   16.048   17.192   18.113   22.901   25.920   16.758   -13.478   -40.019
   -40.314   -17.402    2.357    -1.558   -21.544   -43.471   -61.774   -78.500
CT2236:350           78.429   49.874   20.371    -0.698   -29.228   -41.653
    -9.825   37.357   43.778   29.779   23.295   24.429   12.054    4.200
    8.820   15.480   14.409    2.986    -7.745   -11.012    -4.796    2.693
    3.862    9.317   15.221   11.434    -4.310   -24.757   -43.497   -66.429
CT2236:345           80.659   57.637   30.840   13.272    3.466    -2.179
   -12.248   -26.781   -18.482   22.446   47.451   40.633   24.569   19.437
    9.334    -7.832   -12.694    -5.412    1.069    -1.851   -12.036   -20.530
   -15.174   12.502   35.804   30.392    4.143   -25.355   -49.519   -71.758
CT2236:340           66.613   48.947   32.672   22.631   19.789   14.107
    -1.252   -16.590   -15.916    -7.197    -5.464    1.985   13.195   14.914
   10.221   10.069    9.399    -0.128    -7.563   -11.106   -18.833   -25.382
   -21.582    -2.583   16.050   11.407    -7.931   -26.391   -44.455   -64.354
CT2236:335           58.288   49.001   42.657   32.630   19.084    9.678
    9.183    7.610    6.595    7.831   10.854    7.599    -6.114   -14.166
    -9.680    -2.682    -1.952    -1.971    -5.038    -7.072    -8.824   -10.405
    -9.319    -6.207    -4.569    -8.406   -15.924   -26.115   -38.964   -52.838
CT2236:330           61.185   55.750   51.102   43.020   32.013   23.008
   24.309   34.257   32.097   18.355   12.544    9.978    1.770    -1.817
    0.935   11.368   17.104   14.942   10.154    9.303   16.644   26.291
   27.188   19.876   10.952    1.852   -15.342   -29.532   -38.770   -48.193
CT2236:325           65.975   54.074   39.756   30.125   25.045   18.169
    4.687   -15.213   -20.952    -9.720    -0.701    1.795    3.587    4.595
    8.628   19.747   24.780   20.725    8.030    2.704   11.339   27.280
   29.703   19.490    5.324    -3.554   -13.178   -24.245   -34.341   -41.036
CT2236:320           69.353   58.524   40.625   25.763   18.555   10.016
    -5.759   -29.124   -35.316   -21.685    -3.278    1.319    -1.353    -3.940
    -2.345    4.753    6.097    -0.834   -12.887   -17.935   -13.104    -5.292
    -3.491    -7.250   -12.889   -17.534   -22.226   -25.568   -31.772   -42.057
CT2236:315           65.715   68.241   63.095   49.042   16.372    -9.744
   -18.865   -22.605   -21.745   -10.801    5.476    9.270    1.902    -4.810
    -6.397   -10.408   -15.464   -21.842   -31.580   -36.708   -36.644   -31.081
   -25.489   -15.675    -2.396    -4.890   -18.365   -31.626   -45.853   -63.728
CT2236:310           49.116   48.045   48.028   38.504   13.279    -9.075
   -15.092   -15.682   -15.515    -5.616   12.620   19.013   13.284    4.960
    2.257    6.383    8.309    -5.309   -35.438   -49.208   -50.137   -45.166
   -38.343   -20.787    2.811    1.894   -12.854   -30.822   -50.047   -65.350
CT2236:305           53.586   43.233   34.307   22.526    1.518   -14.824
   -15.550    -5.408    -1.539    4.991   12.623   13.533    4.656    -6.143
    -6.271    4.606    7.432    -5.027   -35.559   -47.644   -36.903   -12.923
    -2.983    2.154    5.108    -2.619   -20.077   -39.384   -58.494   -75.955
CT2236:300           54.752   43.043   31.081   18.217    2.030   -11.545
    -8.945    7.836   14.435   17.277   22.905   19.079    -3.904   -21.907
   -19.591    -2.407    5.131    1.420    -7.391    -9.900    0.139   20.395
   25.744   16.207    3.524    -8.745   -31.803   -54.789   -72.376   -86.866
CT2236:295           56.523   37.372   20.341    5.132    -8.548   -17.698
   -16.668   -12.910   -10.905    -4.100    2.120    0.343   -13.864   -25.597
   -24.852   -13.806    -7.521    -7.990    -9.794    -6.962    -0.310    5.557
    7.658   10.395    8.413    -4.347   -29.209   -53.908   -71.555   -82.458
CT2236:290           70.140   42.001   16.448    -0.435   -13.395   -21.791
   -15.840    2.852    6.439    -5.686   -15.640   -17.345   -14.421   -12.903
   -17.364   -28.236   -30.650   -18.335    -2.788    2.234   12.159   22.626
   21.439   12.855    0.694    -7.798   -19.415   -33.233   -48.451   -65.190
CT2236:285           82.849   55.438   23.694    3.715    -6.231   -13.689
   -10.681    0.301    3.024    -3.325    -7.116    -6.573    -5.891    -7.659
    -8.963   -10.700    -9.149    2.915   23.661   23.983   14.047    0.931
    -6.854   -15.093   -22.671   -24.154   -24.600   -26.897   -34.480   -48.608
CT2236:280           84.617   53.326   23.415    5.191    -5.548   -13.788
   -15.314   -14.402   -12.881    -7.699    -4.288    -0.053    9.659   11.910
    8.543    0.902    -0.223    9.303   23.920   12.845   -44.903   -84.868
   -94.565   -86.199   -44.066   -31.506   -34.778   -37.389   -42.272   -50.644
CT2236:275           77.057   49.790   26.774   11.851    1.059    -7.590
    -8.090    -6.059    -5.057    -0.162    3.065    7.570   19.957   24.625
   11.904    -9.540   -14.961    -6.909    6.302    -5.243  -114.740  -269.252
  -265.172  -131.855   -36.238   -28.417   -38.224   -47.141   -55.444   -63.365
CT2236:270           79.023   56.914   34.444   19.993   14.627    8.043
    4.082    3.183    2.808    5.996   10.695    7.354    -3.423    -8.976
   -10.081   -10.880   -10.535   -18.737   -34.310   -23.808   73.375  204.595
  195.501   82.512    8.139   -12.272   -34.252   -55.460   -68.092   -76.065
CT2236:265           83.995   60.259   38.108   24.367   17.902   10.635
    4.193    -3.276    -5.447    -2.895    -1.282    -5.294   -19.303   -26.826
   -22.394   -12.431    -7.977    -7.903    -5.037   11.044   81.357  151.205
  152.076   88.251    3.384   -26.684   -39.062   -52.446   -65.557   -77.063
CT2236:260           87.854   64.291   41.512   26.442   18.802    9.491
    -0.413    -8.499   -11.059   -13.469   -17.978   -16.036   -14.060   -14.634
   -14.758   -15.137   -14.027    -4.689    3.061   12.527   30.764   40.324
   39.088   21.730    -9.188   -27.124   -38.477   -48.503   -59.460   -71.064
CT2236:255           91.275   73.295   55.117   36.325   10.625    -6.230
   -17.625   -29.522   -30.341    -7.747   11.631    7.711    -4.920    -8.540
    -5.703    0.343    3.654    2.578    2.062    6.326    4.259    -0.358
    -1.686    -3.589    -6.668   -18.514   -31.100   -42.451   -55.123   -68.376
CT2236:250           91.665   69.462   47.388   25.273    -0.940   -17.467
   -18.156   -12.361   -12.843   -13.371   -14.914   -13.787    -7.866    -4.299
    -4.359    -5.082    -5.106    -5.112    -7.541    -5.495    0.937    8.575
    8.067    -0.843    -9.810   -18.991   -29.510   -40.315   -50.402   -59.457
CT2236:245           90.988   69.832   47.161   29.150    7.191    -6.955
    0.650   19.101   16.783    -9.364   -28.686   -29.717   -24.122   -21.238
   -13.119    -2.759    -2.420   -10.829   -20.113   -18.597    -2.494   20.707
   23.746   14.670    6.320    -3.252   -19.974   -34.828   -43.762   -50.127
CT2236:240           84.266   57.247   30.523   14.205    7.447    1.686
    4.398   11.442    9.270    -4.847   -16.074   -20.336   -22.378   -21.011
   -15.403    -0.863    1.945   -16.938   -42.076   -42.105   -17.097    7.965
   12.920    5.230    -7.341   -15.539   -22.991   -30.427   -38.388   -46.581
CT2236:235           67.896   45.022   24.598    9.011    -0.352    -6.632
    -6.738    -3.835    -5.224   -12.106   -21.764   -22.663   -23.214   -26.676
   -20.176   -14.918   -17.445   -24.192   -32.474   -32.196   -21.790    -3.997
    1.301    -2.757    -9.039   -13.994   -20.276   -28.040   -37.509   -48.425
CT2236:230           54.050   39.327   28.499   13.262   -12.342   -27.555
   -22.994    -7.567    -5.702    -8.391    -6.020    -5.211    8.706   22.252
   12.928    2.125    -3.372   -22.839   -46.614   -50.277   -39.803   -22.912
   -17.548   -12.774    -7.955   -10.093   -14.195   -20.041   -31.108   -47.214
CT2236:225           68.763   52.492   36.178   15.849   -13.141   -30.129
   -26.029   -12.353   -11.016   -21.395   -32.978   -28.862    -9.684    -1.022
    1.415    -2.264    -7.399   -21.569   -45.306   -49.148   -35.945   -22.897
   -18.809   -15.205   -11.866   -14.272   -20.023   -26.212   -33.612   -42.764
CT2236:220           87.038   65.964   41.696   17.952   -10.614   -26.920
   -15.652    9.185   11.797    -9.263   -26.931   -24.919    -5.842    4.510
    3.184    -3.065    -5.238    -1.867   10.293   12.255    0.881    -8.825
   -11.110    -8.149    -2.291    -6.476   -18.304   -31.180   -41.590   -50.534
CT2236:215           99.369   70.577   38.361   15.209    -3.084   -13.773
    1.790   34.604   38.497   10.780   -14.021   -13.382    1.946    7.159
    0.753   -16.780   -20.329    0.776   29.155   32.275   13.167   -17.370
   -23.275   -13.369    -4.696    -9.508   -22.591   -35.284   -45.049   -54.547
CT2236:210          100.787   78.036   54.071   27.963    -4.661   -20.498
    -0.958   36.110   43.641   29.280   10.090    8.874   16.917   18.709
    7.997   -13.708   -19.155    -2.145   27.279   32.781   24.804   17.729
   12.178    -2.185   -15.176   -21.448   -28.548   -35.704   -41.278   -45.828
CT2236:205           92.282   76.216   63.422   41.352    -7.907   -36.340
    -9.109   57.106   70.518   51.043   45.645   37.062   15.266    5.701
    2.879    -4.597    -9.654   -13.097   -14.803   -14.323    -9.264    -7.116
    -6.952    -5.970    -8.964   -13.415   -18.265   -23.256   -31.388   -42.330
CT2236:200           89.279   76.155   59.695   36.807    2.748   -18.542
   -16.954    -6.775    -3.891    -8.297   -20.156   -16.460    0.409    9.449
    5.952    1.086    -3.013   -16.439   -33.181   -37.098   -28.151   -13.724
    -9.674    -7.084    -4.078    -5.702   -10.901   -17.619   -26.057   -36.716
CT2236:195           97.450   84.392   66.737   48.019   25.469    8.703
    -7.265   -29.095   -36.936   -38.215   -39.929   -33.450   -14.334    -7.213
    0.301    1.655    -3.553   -16.952   -40.203   -48.696   -41.890   -31.454
   -26.902   -16.208    -2.594    0.251    -5.581   -14.084   -23.668   -35.393
CT2236:190          106.294   87.237   65.423   45.723   20.046    -0.609
    -6.595    -8.669   -13.108   -24.687   -32.218   -21.421   24.029   53.874
   45.611   25.928   17.636   10.644    2.270    -7.871   -33.692   -58.383
   -57.805   -29.693    1.171    5.562    -3.064   -14.217   -26.926   -43.957
CT2236:185          102.910   70.886   42.087   22.838   13.587    4.980
    5.484   14.917   14.003    3.584    -2.911    1.030   19.654   33.678
   36.478   40.039   41.200   31.362   19.128    6.547   -19.435   -51.393
   -55.673   -34.665    -5.139    -0.010   -12.318   -27.300   -40.080   -53.879
CT2236:180          110.961   73.953   36.329   15.687   12.657    9.886
   13.128   25.106   25.896    7.220   -10.490   -11.584    -7.931    -7.449
    0.936    9.232    7.979   21.686   36.289   27.950    0.006   -47.541
   -55.294   -32.856    -4.550    -2.349   -16.794   -35.045   -50.622   -65.085
CT2236:175          115.229   76.326   33.583    8.173    -4.701   -14.277
    -7.478    5.203    5.543    -4.760   -24.344   -23.865    -7.872    1.577
    -1.308    0.854    -4.605    2.995   20.851   17.943    -0.189   -31.599
   -29.895   -15.238    -5.478    -8.667   -25.601   -43.256   -55.797   -67.975
CT2236:170          107.170   61.586   21.374    -0.540    -8.267   -12.257
    -3.142   20.884   28.061   26.635   30.913   24.810    2.378    -9.979
   -13.392    -8.362   -22.095  -105.073  -172.538  -172.625  -141.324   -22.565
   18.308    8.251    -7.600   -14.279   -29.006   -43.064   -52.204   -58.385
CT2236:165          116.757   69.433   13.293   -14.155    -4.928    -0.705
    1.618    5.258    6.724   14.447   19.055   17.816   12.843   14.293
    8.868   -17.757   -57.897  -207.041  -579.909  -660.304  -357.855   -58.652
    -1.535   -12.120   -33.078   -35.953   -32.751   -30.181   -36.844   -47.976
CT2236:160          108.858   69.802   31.137   10.284    6.442    4.033
    5.946   13.289   14.504    2.248   -13.709   -10.219    3.240   12.965
   50.180  143.288  172.041  123.425   95.355   82.857   11.981    -2.123
    6.774    3.515    -6.959   -14.270   -22.456   -29.198   -37.291   -47.888
CT2236:155          107.931   71.431   37.807   19.803   14.846   10.055
    7.771    6.808    4.225    -2.859   -10.516    -7.870    0.824   15.620
   67.949  197.235  255.903  274.155  329.807  324.627  208.561   76.774
   41.433   25.122    2.503   -11.085   -18.099   -25.673   -35.909   -48.113
CT2236:150          117.617   84.935   44.734   21.612   16.684   10.461
    7.397    3.314    -0.930    0.821    6.905    4.755    -8.488    -4.593
   24.454   72.852   94.501  129.933  130.258  113.988  116.279   74.451
   49.837   30.817    9.929    -4.055   -13.441   -24.153   -36.981   -51.006
CT2236:145          107.308   70.546   36.023   16.883   13.868    9.897
    9.083   16.168   14.393    -4.112   -24.516   -25.364   -20.524   -16.708
   -13.381   -22.046   -19.759    -5.643    3.630    5.725   18.349   30.357
   24.679   15.156    4.769    -7.433   -21.667   -35.655   -47.128   -56.932
CT2236:140          104.712   74.837   46.741   28.196   21.005   13.645
    7.923    6.850    2.885    -6.867   -14.172   -13.879    -7.404    -2.311
   -11.344   -42.045   -51.519   -45.569   -30.929   -22.944   -12.925    6.486
    9.521    3.640    -1.670   -10.476   -27.012   -44.213   -57.905   -69.111
CT2236:135          106.605   90.374   71.105   53.784   32.865   16.473
    6.483    -6.695   -14.672   -11.054    -4.823    -2.197   13.354   24.926
   13.846   -12.891   -20.183   -28.097   -25.079   -20.424   -20.821   -14.942
   -11.301    -6.610    -0.485    -7.187   -27.391   -47.592   -64.085   -80.864
CT2236:130          101.345   85.813   67.625   50.014   29.331   14.082
   11.753   17.089   14.020    -0.429   -19.476   -16.814   11.828   27.728
   20.208    -5.262   -18.733   -18.205   -19.236   -21.291   -20.425   -24.018
   -22.289    -9.303    5.225    1.900   -15.490   -36.183   -54.007   -70.066
CT2236:125           92.317   76.592   62.017   48.243   31.725   19.035
   24.621   49.862   53.152   28.672    8.653    5.041    7.196   11.910
   15.379   23.244   25.294   14.019    6.818    3.065    -4.038    -3.536
    -2.806    -2.153    2.757    -1.751   -24.235   -46.938   -57.195   -62.386
CT2236:120           85.139   60.350   38.032   24.191   21.240   19.314
   22.828   32.926   32.528   16.528    -2.864    -5.104    2.612    7.385
   12.848   24.501   26.480   16.247    -2.298   -12.004   -15.922   -22.071
   -23.109   -13.213    0.049    -0.901   -12.415   -27.387   -41.473   -55.228
CT2236:115           88.559   56.476   27.166   12.826   13.412   14.739
   14.078   15.037   14.525    5.371    -3.196    -3.950    8.647   18.095
   20.116   22.313   20.419   15.650    5.907    -2.052   -16.502   -34.915
   -38.921   -29.448   -13.435   -10.901   -16.235   -23.197   -31.189   -41.453
CT2236:110           96.338   67.627   31.853   13.471   12.471   14.253
   19.189   11.937    2.914   14.142   12.353    8.178   14.178   17.242
   19.275   21.093   20.311   15.287   11.330    6.576    -9.581   -35.507
   -41.162   -27.373   -10.326    -9.531   -14.661   -19.961   -25.888   -33.540
CT2236:105           78.376   41.925    9.070    -1.625   10.618   22.597
   54.552  142.680  170.649   95.116   22.877   10.328   20.820   29.868
   21.869    1.031    -9.127    -6.716    1.001    1.831    4.483   10.737
    9.595    1.040    -7.836   -12.607   -18.468   -25.296   -31.575   -37.786
CT2236:100           75.828   40.945    -1.274   -15.238    5.074   25.197
   30.792   13.582    2.368   15.139   12.266    1.593    0.072    -5.052
    -4.564    0.635    -0.749    -8.646   -22.726   -26.331   -11.141   14.258
   17.769    1.496   -21.010   -27.205   -23.730   -20.721   -24.782   -31.772
CT2236:095           76.100   39.982    -6.504   -22.190    2.006   24.800
   13.114   -60.913   -92.403   -30.823   24.508   19.356    1.690   -14.525
    -9.466    9.323   13.901    2.268   -13.008   -15.231   -14.112    -5.599
    -2.956    -7.756   -16.551   -23.692   -28.950   -33.931   -43.639   -57.271
CT2236:090           61.300   24.991    -4.864    -2.369   40.841   80.612
   97.864  120.425  124.098   81.011   36.052   13.715    4.271    2.823
    -0.644    3.574    3.020   -28.498  -107.520  -137.173  -105.563   -36.793
   -10.870    -8.853   -11.493   -17.591   -27.685   -38.090   -48.028   -57.678
CT2236:085           64.080   38.631    6.894    9.765   71.809  128.630
  182.483  272.614  284.783  178.940   26.288   -19.675    -9.976    -1.836
    -4.588    -9.625   -16.080   -35.052   -99.677  -133.119   -88.421    -0.137
   29.354   17.893    -2.428   -13.791   -28.468   -42.149   -51.903   -59.661
CT2236:080           59.916   37.452   10.638   21.956  104.218  173.203
  220.844  292.698  293.223  181.586   20.550   -25.765   -16.291    -3.429
    -3.170    -5.606    -4.085   39.761  182.234  245.970  176.592   71.205
   39.917   23.297    -2.229   -16.710   -24.611   -32.917   -44.238   -56.803
CT2236:075           56.122   32.615   13.210   33.996  125.833  190.118
  189.902  167.098  143.337   63.209   -22.747   -40.678   -20.811    -4.864
    -1.931   -10.800   -13.009   37.161  130.580  156.696  134.116   53.184
   16.533    6.204    -6.667   -18.284   -25.092   -31.971   -41.154   -52.224
CT2236:070           73.544   51.752   14.663   10.957   99.131  164.986
   94.272  -139.902  -232.709  -156.745   -52.280   -31.542    -9.877    6.134
    9.906    3.981    9.191   19.401   23.618   23.797   32.714   28.672
   17.106    6.689    7.077    -1.676   -19.529   -37.483   -46.964   -51.967
CT2236:065           54.948   28.193   10.689   10.824   37.930   45.954
   -23.462  -186.595  -243.774  -162.535   -20.111   17.066   16.322   16.266
   12.336    -5.625    -9.905    -4.621    9.437   19.428   11.184    -0.797
    -7.428    -9.091    -8.076   -14.861   -27.588   -40.029   -47.971   -53.043
CT2236:060           62.150   46.478   32.486   21.367   23.612   19.427
   -23.189  -105.667  -127.303   -82.385    -1.656   23.698   11.902    -3.787
   -10.478   -30.684   -39.099   -27.325    6.176   21.247   20.142   19.453
   16.630    -0.182   -21.895   -29.414   -28.457   -26.553   -32.267   -42.085
CT2236:055           66.278   51.680   34.826   19.964    9.223    -6.731
   -35.551   -80.187   -89.411   -52.888   11.980   32.554   14.665    -2.502
   -11.125   -35.746   -47.902   -32.472    6.409   22.581   23.972   29.372
   29.916   15.504    -1.065    -7.008    -2.810    0.527   -10.999   -32.230
CT2236:050           70.709   61.085   48.332   30.245    1.762   -27.044
   -44.045   -58.371   -58.386   -34.556    -4.695   10.469   18.504   19.279
   11.656    -2.888    -9.514   -10.868   -15.312   -16.097    -5.119    4.571
    7.973   13.127   19.019   14.654    0.806   -16.200   -31.676   -47.257
CT2236:045           73.045   56.071   38.537   17.957    -3.079   -21.181
   -41.363   -79.517   -85.942   -36.862   33.548   52.715   32.796   10.009
    8.076   15.407   16.535    3.085   -10.464    -9.917   -11.174    -9.663
    -5.192    6.839   20.830   17.083    4.188   -12.113   -33.720   -61.447
CT2236:040           69.145   56.941   43.469   18.593   -31.400   -73.780
   -80.069   -61.859   -45.187   -14.979   24.193   39.452   43.677   47.959
   34.899    -6.271   -33.163   -35.163   -36.752   -37.548   -22.229    4.428
   14.646   12.287    8.253    2.963    -9.310   -24.295   -39.642   -56.884
CT2236:035           66.093   55.409   45.743   21.427   -38.381   -91.734
   -90.962   -46.712   -18.986    -3.269   11.831   20.995   19.683   13.266
    7.311   -10.807   -24.643   -27.645   -24.388   -20.528   -15.502    -4.653
    1.003    3.785    6.474    1.848   -13.310   -30.138   -44.626   -59.274
CT2236:030           67.239   57.514   50.955   28.762   -33.927   -91.059
   -89.183   -46.753   -23.835   -14.464   -12.226    -8.147    -4.532    1.557
    3.250    5.341    8.421    6.510    0.882    -3.403    -5.969   -12.304
   -14.636   -10.556    -1.921    -3.568   -17.478   -33.764   -48.871   -65.745
CT2236:025           76.215   69.706   54.696   23.550   -38.059   -85.909
   -82.117   -32.131    -4.380    -6.314   -25.350   -26.589   -18.418   -14.265
    -5.132   18.009   30.583   34.741   35.935   31.851   15.523   -11.819
   -21.747   -15.198    -2.855    -4.638   -17.079   -34.555   -51.614   -68.796
CT2236:020           65.924   51.276   43.783   23.760   -41.415  -100.724
   -96.262   -40.661   -13.729    -3.055   11.870   16.721    -6.060   -17.375
    -6.583   29.539   56.144   53.278   43.760   36.969   20.465    -2.128
   -11.836    -8.676    5.553    2.223   -17.282   -38.986   -53.777   -67.876
CT2236:015           65.125   38.895   13.836   -15.211   -56.204   -88.604
   -86.780   -54.579   -35.153   -24.524   -19.779   -16.647   -18.685   -23.651
   -12.853   11.740   22.176   26.184   21.066   12.700    2.849   -10.575
   -19.288   -23.935   -30.489   -35.622   -41.543   -48.383   -55.207   -62.534
CT2236:010           66.188   43.695   18.459   -10.822   -54.256   -88.855
   -86.962   -54.957   -36.146   -31.077   -30.142   -25.874   -16.455    -4.810
    4.484   21.948   35.442   29.377    6.364    -8.540   -15.810   -22.725
   -28.141   -30.806   -28.593   -29.898   -37.771   -47.810   -55.830   -62.301
CT2236:005           58.981   35.777   16.713    -6.197   -49.512   -87.952
   -86.143   -50.914   -34.577   -28.660   -27.938   -23.703   -15.492    -2.851
    6.846   25.149   40.253   31.699   10.924    -2.377   -20.412   -49.816
   -60.097   -48.674   -23.719   -20.432   -34.779   -51.718   -61.453   -69.643
CT2237:360           57.851   34.526   10.771   -12.044   -34.634   -50.259
   -44.137    -3.813   19.417    2.271   -31.400   -34.767   -18.844    -2.083
    5.710    7.615    2.142    5.046   11.585    8.815   -11.819   -42.518
   -51.963   -41.775   -20.649   -16.460   -25.350   -37.615   -47.341   -55.879
