
filled_synop: 30 data points in equal steps of sine latitude from +14.5/15 to  -14.5/15

CT2279:360           -21.127   -65.008  -109.520  -160.353  -132.000  123.267
  486.836  736.310 1127.714 1527.583 1435.805  574.237  -171.199  -225.244
   -31.428   -14.347   98.406  365.342  406.615  380.201  327.157  263.168
   91.001   -37.790   -46.323   -49.282   -40.604   -23.337    -1.248   17.924
CT2279:355           -34.801   -44.821   -49.246   -76.219   -49.760   95.749
  312.380  519.636  714.718  966.743  937.316  538.961  229.839   77.869
   20.311   -32.411   -32.443   31.266   -12.508  -142.246  -119.952  -144.677
  -166.244   -56.807   -19.890   -46.255   -46.688   -26.228    -0.803   20.063
CT2279:350           -41.009   -42.385   -47.977   -56.335   -56.117  -132.949
  -262.844  -137.158  261.708  531.964  547.885  560.728  429.034  235.340
   42.857   -72.000  -188.689  -320.771  -415.509  -917.674 -1400.369 -1279.925
  -536.844   -24.061   22.410   -20.994   -32.843   -32.191   -13.053   12.785
CT2279:345           -41.524   -37.872   -34.593   -34.588   -21.000   -70.373
  -207.817   -67.822  707.964 1554.677 1541.737  764.864  188.656   -22.342
   -76.108   -96.000  -252.259  -576.281  -662.821  -806.459 -1234.605 -1048.852
  -223.657  141.000  114.808   11.335   -23.108    -8.139    6.000    3.583
CT2279:340           -46.158   -33.834   -24.229   -25.036   -13.745   51.992
  172.888  373.382 1091.666 2090.552 1997.834  347.004  -895.751  -876.117
  -271.440   -47.000   -74.197  -159.590   -73.627  779.281 2113.812 2005.429
  843.397  318.262  233.476  104.471   22.246    1.130   -11.199   -30.617
CT2279:335           -69.898   -31.235    -2.708   18.566   23.525   57.214
   99.179  140.832   56.980  -325.447  -402.084  -356.497  -501.421  -470.658
  -103.618   91.439  165.668  323.635  481.567  822.117  983.722 1009.110
  727.300  323.897  199.789  112.513   43.826    8.703   -31.405   -63.299
CT2279:330          -111.211   -48.925   22.092   95.302  103.000   19.264
  -107.679  -249.642  -693.554 -1117.648 -1003.937  -112.443  600.069  578.578
  222.284   80.222  165.989  280.894  346.205  347.168  248.162  228.167
  193.358  128.324   99.399  102.606   68.078   22.175   -24.564   -59.822
CT2279:325          -141.554   -92.820   -39.350   92.766  126.729   -97.852
  -392.346  -545.539  -838.430 -1027.368  -717.414  580.805 1659.133 1482.208
  456.277   41.014   88.980  215.762  229.792   68.065   -98.530  -140.749
  -102.506   -61.683   -46.799   18.498   52.586   33.540    0.359   -28.575
CT2279:320          -137.554   -49.599   42.600  146.390   87.918  -326.584
  -876.258 -1047.386  -910.869  -706.634  -522.454  -159.305    -2.903  146.805
   96.571   12.662    -1.445   22.200    4.774   -74.651  -172.797  -212.302
  -262.273  -277.982  -195.278   -27.938   42.387   24.507    8.696    1.198
CT2279:315          -121.695   -40.024    9.511  129.344  126.767  -277.141
  -892.780 -1047.276  -712.887  -312.127  -317.121  -794.203 -1069.568  -905.682
  -355.887   -77.552   -75.628  -117.379  -154.098  -164.059  -134.525  -175.695
  -281.485  -288.183  -170.686   26.770  116.976   98.417   60.836   28.662
CT2279:310          -104.137   -17.443   62.418  150.088   95.205  -270.722
  -732.297  -800.229  -382.252   13.551   -34.950  -671.550 -1087.719  -940.998
  -357.284   -87.767   -80.907  -110.631  -173.915  -448.438  -702.951  -676.846
  -438.993  -274.562  -137.720   55.617  135.375   93.888   60.897   33.294
CT2279:305           -88.562   -37.319    -5.612   79.222  106.194   -73.582
  -356.774  -394.509  -122.527  173.604  152.049  -112.213  -237.664  -238.541
  -136.320   -59.684   -71.215  -131.659  -200.900  -452.533  -665.400  -644.901
  -403.762  -234.266  -104.965   69.905  140.643  118.356   75.740   32.499
CT2279:300           -56.584   -16.050   26.689   74.028   56.924   -81.172
  -292.729  -313.644   -59.450  197.540  212.107   35.392   -97.313   -89.425
   -52.041   -26.837   10.902   45.917    -3.979  -225.338  -409.846  -400.670
  -228.798  -122.672   -30.008   91.955  115.799   70.703   41.301    7.825
CT2279:295           -72.497   -19.047   15.388   32.609   31.573   -75.643
  -247.107  -268.442  -157.775   -57.927   -20.632    9.187    3.925    4.705
   10.980   19.760   73.276  140.890  229.092  488.880  645.664  535.237
  157.098   19.974   46.690   89.055   84.928   55.913   14.943   -31.237
CT2279:290          -143.839   -51.840   -12.372   -11.311   -34.642   -95.477
  -158.047  -161.042   -33.941  148.585  190.041  154.212  131.113  105.304
   47.169   35.987   42.248   36.748  118.472  421.674  625.271  551.497
  249.852   93.149   72.900   74.134   47.871    1.223   -39.659   -71.964
CT2279:285           -73.791   -57.823   -51.573   -38.112   -28.234  -158.375
  -599.827  -915.405  -711.272   -92.900  341.912  420.049  311.631  143.692
  150.109  412.470  524.126  363.441   91.008   -57.452   10.097  105.205
  128.099    -4.582   -34.488   25.189   53.940   24.530    -3.699   -26.085
CT2279:280           -43.953   -33.451   -35.436   -25.073    9.717   -27.026
  -261.796  -373.452  -250.442   -27.658  177.269  224.190  162.366   58.951
   27.300   77.694  107.487   77.994   -38.820  -139.705   -72.612   15.457
    7.987   -88.502   -62.637   13.913   47.416   31.832   13.579    -9.606
CT2279:275            -9.585   -18.722   -29.738   -35.944   -42.419   -43.843
   -91.159  -237.595  -414.847  -391.477  -221.480   -72.779   -45.016   -27.488
   -17.804   -20.349    -8.587   -29.001   -89.005  -131.113   -72.107   -15.145
   -21.386   -48.507    -8.406   45.508   58.852   44.260   24.120    -2.245
CT2279:270           32.018   33.433    -3.306   -48.887   -85.694   -91.053
   -40.574   -25.000   -77.601  -135.666  -138.004  -119.287   -82.068   -67.613
   -52.884   -51.404   -65.730   -78.697   -96.366  -128.736  -157.773  -171.081
  -181.777  -153.856   -57.324   84.152  122.220   92.904   41.664   -32.083
CT2279:265           41.958   18.462   -11.112   -40.708   -68.961   -89.752
  -105.054  -135.830  -276.329  -437.956  -432.171  -257.985   -59.064   -18.565
   -27.818   -35.154   -61.736   -96.178  -122.394  -165.784  -211.371  -216.404
  -209.524  -179.000   -79.508  100.094  141.411   83.082   17.132   -32.142
CT2279:260           63.868   25.112   -12.746   -44.729   -74.646  -115.690
  -157.454  -191.669  -282.034  -384.954  -356.554  -180.785    -2.778   33.565
    6.534   -22.114   -58.121   -97.938  -130.226  -147.702  -162.897  -166.280
  -177.748  -162.353   -69.494   78.750  125.229   53.918    -3.809   -44.192
CT2279:255           79.600   35.216   -13.344   -73.575  -129.168  -181.827
  -252.301  -286.800  -301.384  -300.081  -239.269   -55.113  111.066  125.388
   38.513   -32.083   -74.527  -106.020  -137.781  -165.634  -197.400  -196.197
  -179.387  -151.847   -73.368   67.544  124.042   88.031   27.543   -24.620
CT2279:250           72.332   25.748   -22.243   -74.507  -119.242  -150.795
  -182.859  -185.598  -142.751   -82.901   -24.021  109.134  240.156  226.694
   67.991   -60.298  -127.518  -190.826  -237.740  -243.196  -245.877  -221.255
  -153.724   -95.710   -41.614   18.954   55.582   31.515    7.568   -13.124
CT2279:245           56.029   15.659   -18.422   -48.634   -75.695   -86.074
   -97.804   -77.756   30.588  187.397  265.083  279.079  267.290  213.260
   73.103   -59.137  -153.608  -243.722  -313.173  -300.616  -258.037  -220.103
  -153.506   -74.097   -11.870   33.597   61.974   47.978   15.899   -12.196
CT2279:240           45.832   22.127    -1.643   -28.234   -52.586   -57.284
   -53.397   -26.000   85.798  257.517  339.449  340.968  303.006  245.038
  122.957   -26.323  -150.261  -263.732  -368.746  -410.240  -470.460  -430.322
  -247.298   -78.526    3.501   40.000   67.886   37.733    -0.343   -22.881
CT2279:235           36.037   30.824   18.418    -6.765   -31.182   -50.173
   -88.733   -84.105   12.513  153.644  244.856  337.031  405.779  364.173
  216.216   37.028  -193.218  -480.907  -597.037  -686.753  -631.140  -516.833
  -301.122   -92.134    6.643   60.668   91.589   66.659   19.452   -19.738
CT2279:230           11.716    9.008    5.707    -0.340    -7.698   -17.981
   -40.934   -45.425   -19.633    -4.152   48.318  285.396  508.457  481.052
  206.734   -64.596  -339.821  -910.985 -1198.381 -1097.667  -770.840  -593.114
  -361.040   -99.664   12.423   55.276   87.737   65.121   19.023   -17.111
CT2279:225            -7.394    -9.135    -5.338    9.454   20.398   20.222
   16.057   -10.517   -47.972   -50.358   12.249  163.934  475.348  490.232
  124.229  -167.996  -327.455  -671.099  -941.844  -824.411  -706.161  -648.986
  -406.587  -118.059    -4.917   50.106   87.957   60.304   13.858   -19.363
CT2279:220           -14.484    -7.993    2.520   17.556   27.936   29.425
   44.326   13.816  -161.195  -497.805  -568.996  -336.096   -65.698   -12.943
   -73.160  -178.166  -109.856  384.545  704.479  304.133  -337.188  -468.177
  -302.914  -107.347   -45.606   29.871   88.356   77.549   30.110   -16.969
CT2279:215           -13.866    -6.481    -3.441    -4.592    -5.848    -6.041
   20.415   -10.655  -185.614  -532.603  -614.233  -408.786  -106.611   -19.667
   -34.371   -22.882   82.564  340.926  401.204  350.940  109.031    -3.709
  -101.170  -159.224  -133.477   10.178   82.998   47.884    -1.348   -28.550
CT2279:210           -18.333   -14.961   -11.746    -6.127    -1.395    -0.822
   12.764   -15.888  -115.881  -241.991  -246.619  -176.371   -22.949   45.370
   41.475   70.874  186.380  427.653  542.289  529.626  368.318  251.039
  104.708   -70.264   -94.634    -9.636   49.641   46.780   19.610   -11.873
CT2279:205           -21.056   -16.593   -10.602    1.249    8.427    2.263
    -6.187   -31.060   -79.022  -152.375  -160.375   -73.819   37.247   83.334
   39.186   23.226  173.839  565.806  803.861  831.873  870.321  804.915
  469.465  132.053   37.121   54.291   47.493   32.601   16.793    0.719
CT2279:200           -18.728    -7.743    3.700   15.924   20.329    5.366
   -28.761   -49.577   -63.534   -79.378   -66.293    -7.977   56.524   82.399
   20.817   -30.709  108.810  426.237  591.782  730.471  849.019  796.665
  518.984  202.661   88.316   46.545   10.322    7.491   12.457   13.670
CT2279:195            -9.255    -6.149    -3.137    3.927    7.610    -8.305
   -47.505   -62.378   -47.563   -14.473   14.067   60.358  105.457  121.625
  121.359  132.789  186.592  282.913  371.086  497.740  661.848  647.731
  394.232  115.835   27.549    7.040    -7.488    5.140   22.543   30.357
CT2279:190            -6.629    -1.148    2.523    5.314    4.648    -5.879
   -36.936   -37.461    2.988   69.132  102.021  127.767  143.366  135.525
  127.841  116.289  117.840   97.522  124.006  228.107  401.856  429.945
  278.214   98.950   22.129    -1.359   -15.543    -8.621    8.818   20.560
CT2279:185           -29.757   -12.834    -1.734    6.038    8.858    5.088
   -12.120    3.100   95.001  222.441  235.248  210.155  150.127  103.114
   23.961   -23.175   -50.386  -136.213  -153.342   -59.553  139.354  210.090
  145.960   69.956   31.391    1.000   -18.855   -11.311    4.280   16.040
CT2279:180           -60.995   -41.242   -19.754    2.281   17.362   26.125
   21.377   46.280  186.131  510.077  608.457  306.065  -152.821  -278.496
  -203.702  -121.197  -144.775  -277.926  -336.952  -237.861   -58.723   16.439
   56.487   84.405   66.863   15.981   -19.281   -17.904    -1.094   14.955
CT2279:175           -89.847   -76.886   -55.279   -14.287   19.264   27.674
    8.976   23.322   96.993  234.714  239.373   60.186  -249.722  -347.814
  -290.601  -214.828  -209.020  -205.314  -166.574  -119.343    1.305   71.397
   83.966   93.092   76.559   11.327   -31.093   -17.991    7.781   18.648
CT2279:170           -66.345   -50.427   -29.229    4.245   30.525   21.582
   -24.656   -37.732   -43.668   -83.819  -116.601  -132.896  -118.081  -135.884
  -177.315  -173.565  -166.931  -127.956   -97.840   -44.802   43.475   89.763
  101.953  104.506   80.767    2.403   -53.004   -44.243   -12.183   13.203
CT2279:165           -56.891   -33.893    -9.774   18.254   36.521   27.509
    -7.072    -8.972   -28.641   -76.704   -52.024   -47.962   -15.514   -36.268
   -46.907   -61.038   -81.620   -34.965    2.216   30.548   50.983   70.358
   79.128   87.047   69.950    2.176   -50.494   -50.711   -26.797    1.863
CT2279:160           -58.339   -26.790    -1.918   24.152   44.103   39.567
    -7.458    -9.871   51.473   85.356  100.600  303.075  383.800  301.474
  208.061   70.823   -20.921    -0.587   70.297   71.852    7.839    -2.393
   27.723   57.722   51.418   21.022    -2.343    -3.855    -0.079    3.281
CT2279:155           -59.621   -33.304    -9.532   13.732   29.961   28.858
    -9.494    -9.939  170.208  632.087  968.799 1144.747 1537.355 1529.592
  586.997  -392.775  -553.396  -222.131    -8.206   24.337    -2.320    -8.138
    9.262   34.608   34.673   17.516    0.607    -2.712    1.364    4.696
CT2279:150           -78.192   -48.203   -14.473   29.439   67.859   88.488
   95.560   88.945   96.075   -13.380   24.611  665.239 1442.829 1464.305
  699.811  -398.088  -596.514  -185.546   73.630   78.782   21.312    3.167
    3.605   20.199   22.089    6.960    -3.643    0.767    8.792   11.614
CT2279:145           -91.044   -53.797    -7.842   47.470   93.631  127.518
  202.215  194.671   28.367  -288.070  -232.382  332.676 1553.301 1865.305
 1025.476  121.500   -63.554   23.285  106.042   83.251   -12.098   -51.728
   -34.247    -2.709    3.999    1.849    -2.394    -1.959    3.183   10.178
CT2279:140           -82.165   -49.443   -17.498   27.133   63.731   59.698
   85.012   43.170  -265.493 -1061.527 -1352.958  -867.629   17.843  275.928
  211.507   77.636   47.997   84.519  104.217   84.329   12.637   -18.430
    -0.109   39.157   42.409   27.918   19.331   15.642   11.876   10.819
CT2279:135           -44.081   -16.038    7.342   32.425   52.143   32.520
   16.233   -52.689  -341.153 -1073.700 -1371.185 -1107.707  -758.185  -646.794
  -259.480   16.583   53.944   87.527  111.043   93.313   43.550   23.077
   23.505   41.918   44.031   34.162   26.671   20.016   11.376    3.703
CT2279:130           -35.509    -8.565   17.096   49.855   75.756   35.150
   -66.629  -168.063  -313.075  -498.158  -544.672  -641.172  -660.334  -573.092
  -339.845   -18.655   61.811   77.276   87.924   79.814   45.179   28.956
   33.080   39.134   39.508   37.024   31.518   24.783   16.136    7.050
CT2279:125           -19.955    -0.165   18.290   42.235   65.741   64.045
   40.614    4.402    -3.705   64.318   82.308    -2.718   -72.537   -37.481
   -16.352   50.660   80.537   52.679   31.183   33.507   33.894   33.067
   36.458   40.137   40.266   37.123   32.605   25.757   17.982    9.778
CT2279:120            0.016   12.816   25.301   32.933   41.740   91.130
  207.756  249.242  248.795  198.676  157.173  198.292  195.705  180.965
  129.726   63.167   44.901    -1.487   -32.014   -17.422   19.048   37.276
   43.056   44.144   44.013   34.781   27.302   21.593   16.334   10.657
CT2279:115           13.468   20.563   28.868   30.690   29.036   77.782
  219.783  282.428  246.941  129.852  108.581  193.544  283.951  269.942
  120.693   -34.227   -75.097   -91.381  -102.865   -67.407    -4.736   25.334
   48.940   56.408   57.863   42.034   30.766   23.406   16.119    9.837
CT2279:110           12.303   18.055   20.338   25.611   20.384   -10.460
   -62.346   -85.270   -97.098  -130.537  -102.154   37.414  207.695  208.013
   25.866  -153.150  -196.739  -152.939  -136.100  -108.757   -43.730    -7.325
   32.813   68.284   81.302   54.124   35.963   26.767   18.128   10.220
CT2279:105            1.597   10.785   12.163   20.171   17.075   -90.883
  -363.035  -488.981  -412.006  -233.992  -146.566   -36.161  102.588  117.256
    -5.477  -128.911  -178.216  -147.814  -148.805  -218.136  -294.203  -262.921
  -111.294   38.412   80.423   55.332   39.570   29.404   19.688   10.245
CT2279:100            6.371   10.894    9.255   27.556   24.429  -103.960
  -357.057  -455.246  -350.178  -116.957    -9.189   29.083   78.543  109.058
  146.547  121.703    0.486  -210.809  -314.864  -481.697  -742.475  -724.716
  -358.256    1.171   79.809   65.266   59.101   42.181   23.437    7.116
CT2279:095           26.192   16.579    3.218    7.620    5.677   -76.287
  -250.740  -311.359  -207.164    -3.146   84.651   71.230   46.569   74.719
  217.630  301.363  147.336  -315.824  -540.873  -574.713  -578.456  -517.893
  -236.602   23.596   69.224   59.090   53.559   37.282   18.364    4.136
CT2279:090           57.628   40.886   27.220   12.824   -15.456   -73.115
  -163.043  -192.195   -92.437   57.656  111.418   79.706   37.457   42.733
   84.768   82.069    1.189  -162.934  -192.338  123.755  517.550  508.884
  182.912   29.989   19.007   26.548   24.745   19.533   13.511    7.679
CT2279:085           61.394   50.630   39.110   20.996    -6.052   -53.002
  -124.287  -144.522   -60.732   59.275   96.543   66.917   25.630    1.982
   -26.336   -32.700   -83.746  -174.133   -91.562  420.639 1002.987  985.823
  373.377   -21.605   -45.151    4.619   13.584   15.169   15.535   15.428
CT2279:080            5.540   27.850   25.041    5.635   -21.293   -57.381
  -112.116  -134.000   -45.209  129.994  174.797   76.615   -16.631   -47.974
  -109.291  -127.265  -172.607  -304.647  -257.127  193.299  762.986  788.276
  340.982   -11.811   -58.363   -15.208    5.353   17.997   20.672   16.414
CT2279:075           43.814   17.171    -9.320   -30.935   -44.754   -62.207
   -73.840   -57.608   12.667  107.132  171.253  158.572   97.264   49.251
   77.064  161.767  156.917  208.950  222.698   96.329   76.255   66.911
  106.133   24.640   -29.366   22.833   64.588   51.769   27.468    7.524
CT2279:070           50.578   30.715    6.904   -29.166   -50.842   -49.472
   -34.546   -17.357   47.786  134.959  168.463  120.005   54.413   12.615
    5.787   79.591    -6.129  -358.617  -527.125  -361.201  -191.902   -13.277
   34.233   -26.924   -27.135   34.095   58.507   48.313   29.682   10.591
CT2279:065           45.139   25.659    1.111   -33.723   -52.089   -52.499
   -53.709   -55.712    -5.703   58.349   96.599   66.737   23.458    7.090
   -22.237    -1.803   82.526   22.545  -623.649  -970.474  -843.375  -246.575
   -81.473   -86.228   -34.148   25.621   39.132   30.169   11.810    -2.576
CT2279:060           48.839   10.863   -27.123   -63.412   -62.064    -3.255
   46.971   40.723   42.616   81.826  115.852   81.979   51.625   27.515
   -21.978   -28.191  131.421    6.033 -1164.138 -1858.443 -1377.969  -381.178
  -171.028  -153.000   -68.886    1.684   37.010   39.509   18.598    0.187
CT2279:055           51.072    9.985   -28.136   -73.485   -61.134   77.773
  230.581  249.269  163.165  117.345  146.512  144.579  120.378  102.321
   37.938   -61.569  -126.853  -105.766  -218.249  -332.191  -207.457   -92.088
   -95.979   -73.878   -57.863   -28.569   18.645   27.561   20.693   11.015
CT2279:050           64.516   13.152   -37.690   -88.359   -87.695   59.592
  255.866  313.348  215.302  110.976  121.587  250.785  377.902  367.839
  169.465   -49.407   -21.418  311.975 1514.823 2115.887 1488.002  567.920
  343.619  104.412   -70.194   -53.959   22.068   28.485   17.009   10.681
CT2279:045           83.406   32.801   -21.505   -97.814  -131.568   -50.114
   81.204  138.415   68.540   -11.224    1.631  126.129  231.765  228.044
   53.542  -482.161  -897.810  -327.670 1203.401 1732.121 1454.027  727.625
  428.141  144.597   -63.771   -61.336   11.051   29.631   30.047   24.822
CT2279:040           84.160   36.287   -18.347   -78.146  -132.730  -166.447
  -172.131  -166.426  -167.062  -171.174  -175.971  -201.042  -162.411   -54.923
    3.450  -289.482  -431.703  -177.381  512.330  807.006  780.107  440.776
  192.925   10.260   -93.551   -42.199   36.859   43.390   39.679   34.264
CT2279:035           66.962   29.563    -8.282   -40.857   -80.035  -171.970
  -274.954  -310.521  -277.839  -222.183  -211.243  -259.169  -218.358   -79.951
   55.277   23.288   41.225   87.722  247.679  395.384  342.468  178.953
   13.837   -88.483  -106.554   -54.246   16.282   38.754   36.418   34.468
CT2279:030           49.969   24.339    0.293   -18.261   -52.787  -138.828
  -243.258  -284.951  -225.823   -72.209   96.323  163.175   28.970  -120.902
   -73.316   76.193  106.743   85.704   61.726   91.074   46.788   -28.942
   -98.340  -111.984   -92.531   -47.646   14.166   38.197   42.672   40.600
CT2279:025           44.165   23.187    2.112   -15.061   -42.152   -97.019
  -166.375  -187.671  -137.647   -26.948   95.695  220.485  196.510  116.911
   58.512  127.940  112.571    1.212   -86.045  -140.296  -205.529  -219.350
  -159.969  -111.176   -82.696   -45.303    7.412   28.373   29.633   32.317
CT2279:020           50.891   26.009    -1.647   -32.682   -63.693   -95.919
  -125.961  -117.583   -57.355   -24.487   -35.074   -87.672   -88.238   -11.140
   96.720  143.622  162.464  157.226   65.464  -158.995  -349.112  -382.993
  -236.984  -123.125   -82.931   -47.536    1.457   18.099   17.449   24.509
CT2279:015           54.209   27.551    -6.153   -44.944   -68.020   -78.161
  -113.278  -123.527   -25.214  111.860  156.416   79.054   76.446  100.447
  146.459  142.011  171.472  219.375  181.963   -33.311  -241.932  -307.247
  -213.261  -116.115   -76.426   -37.167    7.143   24.735   25.549   23.938
CT2279:010           37.556   10.248   -25.104   -64.656   -86.584   -78.070
   -89.855   -77.803   56.855  309.559  447.934  447.545  374.586  320.389
  204.468   89.567   91.146  145.745  148.621   22.462  -163.477  -240.444
  -197.132  -127.359   -78.749   -28.830    7.950   11.499    4.865    7.552
CT2279:005           -16.734   -36.892   -52.257   -85.366   -74.717   25.459
  114.463  185.984  371.518  644.934  747.619  631.953  413.617  188.449
   12.744   11.787   62.270  135.159  135.480   74.459   -98.641  -192.929
  -207.269  -129.865   -75.227   -29.699    6.072   15.816   11.416    9.757
CT2280:360           -43.052   -43.222   -61.449  -102.066  -104.034   29.916
  271.378  472.626  721.437  986.856  951.394  434.341  -144.980  -261.972
  -123.826   -28.808   29.366  121.943  110.843   82.181   40.961    0.160
   -68.742   -91.414   -60.138   -28.466    -0.045    9.978   16.228   22.113
