
filled_synop: 30 data points in equal steps of sine latitude from +14.5/15 to  -14.5/15

CT2265:360            -7.500    8.738   -14.597   -56.999  -156.642  -316.989
  -389.731  -349.784  -192.615   -93.870   -73.308   -77.314   -49.732   -59.461
   -66.536   -62.241   -32.314   -25.087   -65.174  -150.975  -182.679  -136.078
   -52.667    -2.636   46.594   72.548   45.695   -10.614   -63.005  -110.184
CT2265:355           91.360   20.976   -60.936  -132.622  -147.549  -101.658
  -105.036   -40.629   -77.248  -120.978   -81.229  -116.856    -7.639    -8.537
    -5.558    -9.511   -25.348   -47.386   -99.523  -216.209  -260.653  -206.242
   -72.957    -6.500   28.131   52.850   33.163   -29.490   -72.505  -103.925
CT2265:350           -43.291   -47.395   -45.932   -44.866   -54.518   -93.031
  -150.991  -126.187   48.231  221.366  214.521   66.568   -23.730   -11.488
    2.865    8.737   24.958   22.609   -47.212  -220.997  -297.279  -243.486
  -114.880   -43.087    2.278   45.596   41.305   -19.843   -64.593   -99.744
CT2265:345           -36.430   -42.756   -44.555   -48.018   -55.709   -81.114
  -111.710   -91.914   -31.161   28.570   41.285   25.246   -35.382   -25.075
    -4.910    1.828   66.393   74.532   33.535  -101.997  -185.495  -168.710
  -124.704   -81.459    2.755   97.101  102.347   42.404   -18.552   -79.477
CT2265:340           -32.197   -45.831   -55.244   -61.064   -73.008  -103.064
  -132.426  -123.486  -111.028   -78.797   -50.354   10.815    -2.622    2.193
   -12.284   -61.498    8.767   11.377    2.940   -30.303   -43.576   -55.873
  -127.125  -103.742    -9.507  108.921  124.413   57.968    -3.896   -70.901
CT2265:335           -19.823   -42.216   -59.888   -72.585   -81.260  -110.698
  -136.373   -90.747   -15.607   69.170   98.986  120.925  131.409  101.185
   77.442  -112.220  -438.658  -395.654  -511.497  -397.345  -110.465  -121.663
  -175.721  -139.306   -16.774  126.292  141.751   75.112    -6.098   -80.522
CT2265:330            -1.166   -21.606   -49.231   -98.098  -123.416  -129.878
  -117.187   -16.989  217.122  343.411  390.945  370.054  263.419  220.691
  137.603  -172.798 -1396.508 -2481.780 -2085.019  -862.251  -368.504  -218.251
  -149.558  -138.830   -40.763  130.010  146.384   49.409   -29.218   -92.432
CT2265:325            -1.020   -33.567   -72.294  -122.591  -128.079  -111.157
   -79.152  119.569  653.292  988.482  927.862  604.773  734.991  477.411
  144.585   -66.498  -537.263  -813.910  -521.792  377.832  740.658  615.139
  101.966  -108.121   -41.205  127.098  139.847   80.835    -4.687   -81.605
CT2265:320           -17.787   -57.677  -100.855  -152.780  -151.745   -98.847
   -46.457   82.912  392.153  550.273  557.835  425.869  849.223  473.634
   76.844   52.421  420.528  859.269 1077.348 1790.155 2180.803 1540.623
  304.540   -60.586   -14.616   92.687   74.375   22.368   -25.301   -67.253
CT2265:315           -38.359   -72.335  -106.284  -149.310  -142.890   -54.451
   44.752  109.812  130.688  162.561  141.011   67.188  -275.928   -66.879
   14.086   93.639  367.862  576.398  826.602 1199.189 1228.265  975.609
  272.870   -34.381   -39.994   41.143   41.972   22.446   -13.683   -46.864
CT2265:310           -50.029   -89.619  -116.733  -141.691  -143.568  -102.005
   -64.162   -32.592   -35.137   -36.304   18.043   -54.054   -37.628   11.382
    4.389   57.114   86.806  110.144  267.040  480.205  511.603  400.355
  124.539   -30.845   -33.358   28.573   31.662   13.089    -7.505   -28.913
CT2265:305           -27.639   -81.327  -121.622  -148.115  -157.634  -145.535
  -148.539  -148.551  -104.439   -32.076  151.051  554.050  619.327  364.410
   65.353   57.965   36.651   57.223  119.164  237.853  305.742  204.260
   32.519   -38.463   -15.471   35.235   31.135   15.450    -1.943   -17.101
CT2265:300           45.133    3.358   -58.816  -129.357  -187.080  -215.290
  -230.165  -325.107  -489.880  -492.948  -336.925  197.640  119.385  106.270
   26.248   42.142   55.420   92.737  125.105  185.505  227.224  155.663
   19.209   -29.955   -19.781   10.274   11.493    2.764    -5.448   -12.161
CT2265:295           61.650   15.070   -50.925  -124.444  -190.911  -270.019
  -357.861  -526.363 -1044.048 -1346.466 -1182.782  -943.949  -867.364  -428.581
   -40.838   45.172   31.134   26.508   68.669  155.722  192.636  155.951
   61.156   23.154   14.693   16.467   10.733    4.396    -1.217    -9.118
CT2265:290           59.691    9.408   -43.186   -90.622  -146.138  -202.279
  -263.631  -405.009  -706.817  -816.129  -741.328  -414.269  -279.653  -181.959
   -19.274   48.569   30.160   19.566   43.627   95.679  118.911  101.582
   26.401   23.604   28.387   34.468   29.718   13.213    4.019    0.410
CT2265:285           52.094   11.500   -28.542   -72.665  -108.885  -137.828
  -175.298  -229.087  -306.582  -338.216  -274.730  -103.029   -18.583    6.376
    4.626   20.038   13.474   14.285   16.877   14.139   13.625   18.475
    3.267   24.784   42.222   60.003   64.422   46.338   30.699   18.004
CT2265:280           42.679    2.218   -36.305   -74.081   -95.245   -89.093
   -84.223   -80.064   -33.701    -3.558   25.519   63.673   78.681   62.786
    1.690   -14.629   -28.777   -47.561   -49.977   -53.227   -68.773   -65.354
   -71.377   -50.833   13.484   95.179  113.294   85.697   57.814   28.532
CT2265:275           37.268    3.877   -23.751   -63.180   -57.079   17.139
   77.294  114.623  148.305  155.109  145.758  101.729   68.817   47.697
   15.082    -3.611   -10.254   -11.165    -8.031   42.352   82.024   26.896
   -97.414  -129.952   -42.110   87.101  125.026   96.240   61.813   22.996
CT2265:270           41.400    8.514   -25.602   -70.148   -47.628  136.048
  327.215  377.598  301.795  221.208  180.944  107.068   49.975   25.221
   19.382    7.530    4.687    4.914    3.728    -2.818   -26.187   -73.319
  -191.223  -217.572   -98.510  101.372  148.884  102.161   47.006    -0.738
CT2265:265           51.001   18.358   -15.967   -70.096   -57.057  103.771
  267.649  341.378  386.076  388.239  330.028  163.477   49.402   15.396
    2.686   -13.596   -16.394   -18.510   -14.333    -5.793    -2.841   -29.670
  -110.277  -127.882   -55.832   85.693  119.455   67.193   19.720   -24.293
CT2265:260           71.316   23.236   -28.008   -81.090   -96.653   -95.407
   -98.109    8.650  336.802  519.289  466.453  195.566   50.684   15.976
    -7.978   -30.366   -39.388   -41.951   -30.420   17.242   56.004   97.453
  144.364  168.647  144.304  106.686   81.167   41.893    -0.510   -40.494
CT2265:255           73.431   19.376   -34.622   -88.403  -123.757  -189.202
  -240.388  -183.121  105.669  432.921  330.534   71.151    8.706    -8.652
    -2.806   -17.961   -58.769  -123.162  -116.021   -16.528   68.988  151.870
  294.959  357.270  292.827  141.152   70.689   31.891    -6.367   -36.983
CT2265:250           77.170   27.220   -26.781   -79.897  -117.506  -143.612
  -139.404  -143.571  -353.994  -701.052  -518.291  -140.590   -82.273   -51.021
    7.809    -2.759   -53.265  -104.916  -133.292  -179.258  -160.362   -36.582
  255.766  381.422  303.956  117.985   42.825   16.735    1.849   -10.204
CT2265:245           80.615   41.298    -1.983   -53.446   -85.440  -106.398
  -141.379  -118.540  229.423  701.737  504.935   44.736   -26.231   -11.690
   19.003    -2.688  -114.048  -166.746  -229.425  -415.462  -481.141  -308.590
   89.273  238.940  171.540   18.050   -16.942    9.380   26.920   30.454
CT2265:240           77.971   36.732    -5.145   -44.348   -66.077   -45.621
   -14.848   -54.395  -364.374  -716.099  -545.231  -136.281   -27.869    -6.817
    2.434   -27.744  -255.531  -652.904  -658.264  -418.142  -319.554  -232.722
   -45.896   47.951   33.819   -39.598   -61.634   -39.182    7.224   52.333
CT2265:235           78.885   42.654    8.175   -30.365   -50.304   -36.308
   -28.346   -85.009  -252.674  -309.163  -289.554  -101.077   16.274   19.268
    3.565    -5.177   88.503  330.116  257.479    -0.559   -60.967   -62.533
   -68.651   -52.254   -64.046  -100.948   -82.290   -24.007   30.092   76.384
CT2265:230           77.402   41.437    5.800   -27.200   -42.883   -27.880
    -9.129   -24.463   -77.445  -100.745   -90.888   -37.689    1.443   -13.569
   -69.415   -82.369   -35.751   -35.353   -59.400  -110.613  -185.312  -183.985
  -163.328  -126.448  -106.107  -108.939   -82.521   -32.766   27.898   87.377
CT2265:225           70.385   40.059    9.138   -32.111   -45.597   -11.607
   21.618   26.580   28.351   21.617   15.246    -4.315   -18.917   -48.243
  -128.081  -169.643  -134.558  -136.457  -235.928  -495.856  -628.747  -576.618
  -295.994  -148.155  -123.222  -118.078   -83.318   -21.792   40.455   95.769
CT2265:220           55.363   27.968    -0.507   -30.498   -32.165    8.634
   56.510   70.570   74.111   68.189   52.308   21.806    -0.227    0.835
   50.117   59.461   14.717   57.617   -64.887  -692.152 -1058.613  -929.910
  -417.698  -154.359  -124.948  -116.066   -80.417   -22.587   36.458   90.884
CT2265:215           44.219   20.115    -2.691   -34.612   -34.555   26.138
   97.967  114.784   89.988   59.333   38.487   19.229    5.185    3.961
   16.902    1.151  -125.846  -376.725  -367.695  -376.172  -681.697  -530.888
  -170.256  -108.705  -132.591  -113.505   -77.392   -19.095   30.369   78.924
CT2265:210           46.948   16.011   -16.409   -46.496   -30.686   61.479
  152.522  168.523  117.780   57.340   30.152    4.543   -15.140   -21.219
   -28.069   -31.560   -52.380   -53.317  145.492 1188.060 2194.255 1815.303
  486.237   -70.404  -129.637   -98.047   -83.763   -33.045   17.302   62.280
CT2265:205           55.035   31.875    1.795   -49.581   -49.277   74.814
  232.810  254.816  161.176   86.171   55.691   22.060    1.465    -9.066
   -27.261   -20.698   13.571   62.400  268.553 1100.911 1668.300 1433.483
  376.931  -174.187  -200.234  -119.288  -105.691   -52.009    -1.310   45.069
CT2265:200           55.109   37.260   15.006   -12.115    -2.256   72.328
  150.873  166.406  110.350   46.070   36.203   47.230   44.077   29.415
   12.396   14.752   22.904   41.275  121.844  197.740  126.105  127.250
    1.810  -168.953  -212.648  -146.202  -106.570   -57.153   -11.192   34.306
CT2265:195           53.607   37.306   16.739    -9.077   -12.903   30.821
   84.832  104.543  105.607  112.479  104.288   80.847   68.006   54.565
   34.301   26.082   30.339   47.835   56.702   -21.620   -71.555  -120.428
  -174.730  -208.326  -203.308  -139.331   -95.803   -53.825   -13.165   27.877
CT2265:190           42.612   30.825   29.498   35.254   37.980   17.251
   -15.127    -3.074   45.925   91.000   99.688   97.046   94.415   79.139
   59.323   44.511   39.450   21.555   14.454   13.652   11.608   -46.219
  -146.214  -188.869  -172.784  -106.913   -70.462   -38.248    -9.961   22.120
CT2265:185           46.115   36.091   24.562    7.767    -7.039   -38.634
   -69.883   -47.874   23.927   90.523  112.907  122.401  110.140   98.953
   90.666   66.359   60.786   60.322   53.974   77.056   87.138   21.875
  -149.205  -233.684  -200.932  -107.378   -54.789   -22.335    -0.968   20.963
CT2265:180           48.713   29.392    9.105   -13.693   -29.935   -56.764
   -78.094   -31.093  105.758  224.987  250.051  236.447  214.310  158.588
   87.831   23.030   -25.899   -31.534   -28.612    -0.668   45.248    -8.932
  -212.584  -314.248  -261.213  -123.970   -53.265   -24.024    -2.470   25.690
CT2265:175           30.122    -2.070   -26.486   -46.467   -54.789   -67.266
   -78.170    -4.406  222.361  427.265  442.523  340.618  266.021  175.315
   65.255   -42.206  -266.551  -572.367  -589.431  -291.160   -61.413   -74.138
  -283.283  -383.314  -321.548  -140.564   -63.890   -33.026    -2.730   38.677
CT2265:170           34.865    4.728   -24.229   -57.514   -71.210   -67.402
   -53.223   40.883  327.860  561.252  548.327  318.537  147.971   74.991
   26.064   -84.957  -425.515  -839.396  -830.784  -335.309  130.664  114.153
  -232.477  -392.239  -337.972  -185.680  -104.367   -45.984    8.782   56.494
CT2265:165           38.482   12.839   -13.435   -48.666   -55.013   -12.797
   44.128  131.992  352.941  534.975  496.297  239.984   67.444   20.034
   33.996   -32.368  -312.465  -676.061  -660.301  -212.530  213.874  244.936
  102.634   23.271   -47.587  -107.568  -112.757   -53.309   10.458   60.241
CT2265:160           38.402   19.450    0.602   -27.580   -32.503   12.741
   69.563  128.231  231.823  306.513  272.212  110.081    8.843    -4.238
   26.004   27.110   16.359   -22.261   19.560  138.993  212.215  263.520
  305.188  266.489  134.140   -60.530  -118.899   -64.309    -6.832   40.589
CT2265:155           37.494   21.154    3.389   -19.666   -30.015    -6.985
   22.558   22.537   -32.033   -79.860   -75.379   -33.597    -7.605    -1.573
    -7.420   26.249  246.456  580.532  695.304  676.217  652.276  619.584
  504.195  380.160  223.305    3.769   -79.700   -46.940    -9.444   21.441
CT2265:150           37.735   15.407    -5.577   -24.117   -40.780   -67.025
   -91.437  -107.592  -168.880  -201.429  -175.138   -64.387   23.778   28.567
   -16.970    -1.538  151.622  360.235  467.415  617.493  741.586  676.379
  427.305  255.847  153.931   29.382   -35.745   -16.231    6.671   25.704
CT2265:145           30.278   13.311    -7.043   -27.332   -54.288  -124.712
  -219.769  -240.628  -221.641  -181.615  -143.542   -46.368   29.048   37.260
   27.072   44.336   61.771   62.232  100.309  212.042  264.574  247.885
  175.554  102.577   38.705   -30.957   -56.603   -28.597    8.126   38.244
CT2265:140            7.686    2.983    -7.507   -19.840   -34.709   -86.738
  -152.185  -136.564   -77.040    -0.337   30.878   55.152   56.685   38.729
   24.766   15.059    -9.320   -35.341   -22.785    3.520   44.953   32.347
   -33.072   -80.713   -98.798   -97.027   -90.061   -39.093   12.826   51.814
CT2265:135           -15.983   -18.976   -18.806   -21.205   -31.910   -65.618
  -107.455   -56.811  150.540  406.912  424.824  246.264  126.335   56.149
    3.754   -34.219   -64.390   -98.277  -103.706   -68.559   -28.162   -37.128
   -93.514  -131.219  -145.602  -142.741  -125.292   -78.751   -15.145   48.176
CT2265:130           -29.405   -45.153   -48.240   -41.892   -31.480   -29.535
   -36.544   95.884  444.585  772.596  775.229  450.306  150.409   24.815
   -16.697   -71.857   -95.874  -104.789  -116.434  -101.195   -67.153   -66.957
   -88.162   -98.888  -119.039  -149.539  -140.351   -83.863   -17.713   49.716
CT2265:125           -13.211   -25.866   -37.141   -54.025   -48.249   -15.104
    1.062  233.932  911.168 1574.412 1549.411  813.948  185.908    1.096
   12.263   -21.120   -95.372  -168.991  -206.736  -229.812  -222.966  -194.623
  -129.358   -79.579   -96.154  -171.661  -171.396  -105.890   -20.572   60.491
CT2265:120            6.464    3.202    -2.594   -25.313   -33.759   -12.855
    -8.472  224.225 1271.114 2366.662 2346.801 1211.806  210.717   -19.097
    -1.737   -47.153  -146.244  -290.168  -358.974  -429.494  -465.674  -408.811
  -184.207   -30.268   -41.832  -118.100  -133.241   -68.550   10.292   76.771
CT2265:115           17.224   11.237    2.375   -16.831   -23.390    -6.263
   12.218  189.363  897.528 1945.889 2015.956  939.028  180.254   28.948
   22.549   -17.181  -100.573  -229.350  -286.953  -343.283  -474.398  -417.134
  -165.974   -35.587   -39.244  -101.099  -109.349   -58.423    3.545   56.932
CT2265:110           29.953   24.606   12.271    1.947   -11.712   -66.747
  -143.807  -197.936  -584.639  -968.354  -923.380  -421.196   10.895   48.153
   34.136   17.437   -10.423   -40.659   -33.723  108.320  290.008  280.835
  124.527   10.677   -23.155   -65.304   -78.387   -39.172    2.921   38.092
CT2265:105           23.057   18.762   12.967   15.293   -14.351  -159.217
  -360.377  -478.706 -1002.645 -1848.431 -1885.443  -793.846    5.179   85.614
   51.128   38.913   37.051   36.502   43.029  164.674  389.430  375.261
  138.492    4.871   -16.764   -44.707   -53.988   -32.122    -1.311   24.754
CT2265:100            3.624    3.378    7.161   28.361   25.456   -61.460
  -218.466  -254.521   -63.853  335.987  412.010  173.424  106.745  115.977
   80.812   62.644   65.136   48.831   26.491   -45.468  -234.932  -242.231
   -97.752   -54.278   -51.385   -31.563   -23.651   -11.105    2.348   18.337
CT2265:095            4.285    5.649   12.917   16.474    7.945    7.258
   17.478   67.401  486.130 1122.091 1176.414  533.062   58.004   35.310
   92.232  119.846  129.154  175.345  169.980   23.747  -116.714  -147.962
  -111.496   -59.105   -51.734   -42.981   -32.032   -15.937    2.904   22.112
CT2265:090           26.413   18.672   12.737    5.651    2.696   23.284
   51.102   83.961   65.787  -131.087  -136.684   48.672   52.389   36.504
   39.671   38.945   94.709  193.366  202.233  109.267    -1.413   -40.735
   -48.867   -51.145   -48.753   -42.752   -35.781   -12.366   10.867   27.094
CT2265:085           53.349   42.669   18.043   -10.225   -19.293   13.416
   74.332   75.981   -92.489  -264.135  -265.905   -80.273   79.074   73.764
   43.994   43.997   58.484   76.441   86.906  146.464  193.631  151.220
   38.286   -39.371   -59.581   -46.865   -33.392   -12.239    5.776   17.194
CT2265:080           33.060   20.537    3.235   -33.646   -42.864   15.847
  109.089  141.619  103.450   89.049   71.282   57.445   80.709   70.868
   30.339   13.309    9.871    -1.942   23.443  152.485  280.198  227.912
   -11.665  -148.000  -158.168   -98.604   -51.546   -27.727    -6.497   12.723
CT2265:075           18.821    8.826    -4.935   -21.045   -11.957   45.441
  115.251  156.170  244.505  335.103  313.448  165.832   50.223   18.836
    -8.103   -25.659   -15.950    7.657   39.837  120.076  201.531  152.252
  -126.410  -297.896  -251.062   -88.966   -49.648   -39.002   -18.528    0.641
CT2265:070            -7.029    2.922   19.817   37.736   57.000   83.153
  100.596  144.834  251.127  334.286  310.072  176.331   57.321    3.913
   -30.017   -48.255   -26.805   20.556   52.184   76.753  104.401  135.896
  175.869  161.258   88.514   -13.880   -55.370   -52.466   -38.143   -23.056
CT2265:065           -19.492    -0.832   19.683   37.886   57.822   81.566
  108.252  163.914  275.195  352.954  325.108  193.636   90.477   28.341
   -23.464   -48.837   -42.148   -26.715    -7.503   12.941   36.211  164.162
  578.204  756.534  548.778  111.622   -26.143   -19.726   -27.761   -35.923
CT2265:060           -19.910    -2.104   18.454   38.686   60.898   92.880
  123.864  174.313  314.942  443.654  395.133  171.460   24.000    -2.410
    6.086    -6.459   -20.868   -35.391   -23.368    -1.351   35.706  115.919
  236.585  271.878  221.947   82.425    -5.929   -25.366   -28.513   -29.646
CT2265:055           -13.561    2.489   20.452   36.807   57.339   94.425
  137.575  190.864  300.874  387.494  351.043  191.657   80.854   49.414
   55.732   44.731   18.908   -11.684    -8.252   18.172   49.866   83.244
  144.483  170.290  107.727   22.055    -3.248   13.174    7.077    -6.391
CT2265:050           -78.674    -9.011   10.372   19.310   34.856  101.557
  227.277  297.215  357.196  348.247  314.554  224.363  116.345   74.303
   48.387   20.149    -2.440   -29.308   -29.477    -3.688   33.052   97.772
  207.623  242.828  152.695   23.474   -34.957   -55.214   -63.592   -69.303
CT2265:045           -66.139   -16.825   20.118   48.770   72.798  112.279
  156.454  221.018  447.103  712.791  720.881  472.403  198.384  121.938
   73.943   34.651   12.115   -12.621   -15.265   10.173   40.618   73.086
  125.069  143.035   89.583    1.191   -37.504   -48.350   -56.373   -69.221
CT2265:040           -45.308   -13.663   19.621   52.443   77.484   85.481
  100.258  104.779   52.999   -42.719   -64.655   23.419   99.799   95.351
   56.896   35.483   14.651   -25.907   -39.232   -22.430    3.762   30.695
   77.852  110.911   73.055    0.701   -40.481   -49.613   -61.618   -81.614
CT2265:035           -37.034   -18.359    -0.276   26.193   51.231   15.653
   -91.945  -132.546  -227.634  -379.177  -392.370  -239.242  -103.770   -77.791
   -19.919   10.997    -4.218   -49.885   -60.757   -38.562    -4.683   23.429
   66.278   93.683   66.225    -2.951   -46.540   -67.494   -79.587   -90.591
CT2265:030           -21.910   -17.369   -12.957    -1.738   13.604   17.970
   21.092   11.975   -29.533   -20.498   -18.279   -73.473   -66.407   -49.425
   -34.909   -21.354   -19.316   -19.767   -16.079    -8.296    2.828   24.124
   74.293  108.744   83.160    4.993   -42.475   -62.106   -78.690   -92.695
CT2265:025           -12.764   -15.249   -19.821   -36.457   -48.709   -16.637
   75.689  118.490   48.057  -104.971  -148.258  -105.583   -64.176   -61.313
   -36.412   -14.165    -8.613   -10.427    -9.499    1.850   19.521   39.170
   78.932  116.675   94.128   16.849   -40.202   -65.410   -76.087   -83.128
CT2265:020           -21.812   -26.246   -27.166   -23.580   -21.175   -15.410
   -12.331   17.000   89.075  177.082  191.558  106.977   -15.618   -70.635
   -39.600    -6.439    -6.714   -14.379   -20.574   -24.511   -36.669   -19.704
   50.597  112.967   96.248    4.858   -45.879   -51.192   -51.262   -64.872
CT2265:015           -25.831   -31.684   -34.511   -26.640   -28.922   -58.566
  -131.022  -118.361  208.977  717.626  812.630  555.016   55.127   -69.253
   -36.153   -20.596   -27.762   -34.816   -44.848   -59.932   -81.254   -60.821
   29.300  109.624  107.661   42.333   -15.588   -38.853   -50.625   -66.348
CT2265:010           -16.661   -24.083   -31.720   -39.547   -54.712   -98.965
  -202.647  -215.637   74.256  776.888 1049.395  520.688   37.719   -17.095
   -14.738   -18.350   -32.532   -57.902   -75.576   -96.405  -127.261  -104.528
   12.015  136.009  139.263   53.876    0.460   -28.307   -54.083   -75.561
CT2265:005            -6.113   -18.085   -31.208   -30.927   -37.682  -109.648
  -229.470  -321.533  -560.843 -1000.037 -1106.906  -681.605  -132.051   -10.258
   -32.217   -57.692   -57.692   -64.958   -82.294  -109.652  -164.355  -151.715
   -22.224  116.198  137.587   74.987   24.801    -8.846   -40.489   -71.832
CT2266:360            9.024    -1.856   -10.712   -14.977   -24.676   -61.989
  -144.202  -253.640  -536.182 -1171.910 -1358.513  -847.425  -190.025   -33.505
   -25.591   -19.954   -23.234   -40.415   -63.691   -95.443  -156.245  -151.138
   -49.303   70.306  103.445   75.508   51.688   21.049   -24.029   -69.916
