
filled_synop: 30 data points in equal steps of sine latitude from +14.5/15 to  -14.5/15

CT2250:360           74.463   51.141   33.416   20.624   14.753   10.060
   -37.271  -159.778  -227.519  -178.407   -46.394   22.034   36.617   27.755
   19.556   19.950   23.348   18.082    6.965   -12.313   -37.744   -72.108
   -80.041   -47.340    6.071   26.227    7.773   -19.602   -47.954   -86.002
CT2250:355           65.326   43.100   24.061   11.100   15.118   27.068
    -9.171  -120.832  -189.492  -163.919   -62.990    -4.861   10.970   12.706
   12.234   11.353   11.841    4.607    -7.873   -28.516   -61.635  -116.006
  -131.808   -75.664   16.529   44.063   30.021    0.336   -31.740   -68.078
CT2250:350           67.698   47.287   25.541   10.695   20.666   34.697
    7.653   -70.982  -119.653  -106.568   -49.734   -16.611    -8.289    -7.294
    -7.134    -6.495    -7.882   -16.871   -13.644   -33.791   -81.995  -176.534
  -210.560  -151.692   -37.904   11.453    6.137   -15.052   -32.757   -51.399
CT2250:345           78.886   57.468   33.969   20.400   34.579   51.465
   37.735   -13.256   -50.195   -48.246   -29.637   -20.378   -10.676    1.895
    -0.846   -13.450   -28.202   -46.584   -37.092   -46.623  -124.665  -273.693
  -312.746  -238.556   -94.431   -26.301   -32.196   -39.160   -30.040   -32.266
CT2250:340           95.028   69.072   35.671   18.817   33.232   45.140
   44.863   40.683   33.054   23.937   10.315    4.574    1.448    -0.018
    -6.148    -7.722   -21.215  -105.744  -277.394  -360.951  -398.100  -427.521
  -412.909  -322.884  -164.676   -84.891   -63.770   -41.521   -12.199   12.615
CT2250:335           82.606   56.122   17.474    -1.077   16.017   40.217
   51.845   64.992   69.549   62.211   47.087   33.538   15.935    -4.231
   -14.816   -11.894   -19.330  -104.937  -317.850  -418.157  -392.834  -306.194
  -265.093  -215.713  -130.041   -83.330   -63.097   -43.391   -42.668   -49.988
CT2250:330           80.958   52.016   16.127    -4.704   13.504   39.923
   60.027   87.237   97.575   89.327   65.949   46.869   30.335   11.263
    0.446    -4.393    -7.388   -28.785  -102.826  -160.280  -129.184   -52.097
   -19.768   -30.649   -54.634   -49.514   -38.629   -27.347   -32.872   -51.989
CT2250:325           69.780   45.120   20.295   10.582   23.924   38.986
   64.284  127.089  149.864  117.454   56.169   25.399   14.041    7.378
    1.821   -11.752   -13.389   60.535  252.576  342.641  283.071  169.489
  131.939  121.054  100.472   73.617   36.732   -14.547   -74.949  -136.030
CT2250:320           60.394   44.189   27.019   19.546   29.277   42.445
   63.604  113.461  131.081   74.331    -0.367   -22.664   -21.544   -20.633
   -18.682   -24.746   -18.762   31.353  123.665  173.176  206.312  191.059
  181.519  199.228  213.480  179.969   87.401   -22.529  -110.853  -192.218
CT2250:315           57.569   42.436   27.577   19.929   24.975   28.040
   15.374   -11.328   -29.797   -53.063   -87.762   -92.360   -47.328    -7.800
   -11.721   -44.982   -47.924   -11.293   56.920   98.164  127.863  159.680
  177.718  202.665  226.303  197.630  106.013    -8.274  -104.898  -193.900
CT2250:310           56.633   43.191   34.198   27.176   27.017   24.533
    -2.330   -59.597   -88.371   -95.763   -91.115   -87.127   -65.082   -44.639
   -40.184   -53.916   -55.494   -35.586    2.146   30.942   63.582  102.475
  127.781  156.412  181.908  163.333   87.929    -3.344   -84.596  -167.342
CT2250:305           72.724   53.224   33.702   20.479   19.546   16.076
    -6.668   -42.174   -61.419   -84.124   -93.908   -89.889   -74.427   -64.841
   -51.720   -39.473   -33.116   -33.775   -35.642   -25.465    -5.084   12.234
   34.884   86.858  143.795  139.923   74.777    0.535   -61.811  -128.735
CT2250:300           82.614   56.594   29.985   13.648   10.317    4.911
   -10.905   -36.572   -54.743   -66.967   -75.458   -67.933   -31.805    -1.785
    -1.094   -13.623   -21.765   -35.590   -68.317   -80.904   -77.017   -65.841
   -40.694   16.107  100.996  118.770   69.763    6.638   -48.924  -108.719
CT2250:295           89.766   62.710   29.650   10.019   11.620   10.470
    -3.878   -30.949   -47.454   -42.855   -26.568   -18.692    -6.407    7.787
   10.485   11.802    9.107    -8.744   -44.088   -68.581   -97.039  -142.428
  -129.323   -54.047   63.408   94.116   53.686    0.619   -44.951   -94.984
CT2250:290           84.679   52.071   20.350    6.036   26.189   42.817
   29.035    -6.292   -25.279   -19.783    -9.016    -6.969   -11.552   -18.285
   -14.720    7.453    6.459   -16.562   -51.130   -63.629   -84.809  -123.089
  -100.848   -33.691   59.853   82.004   38.036   -10.946   -47.639   -85.627
CT2250:285           86.140   52.201   19.539   12.767   46.459   67.034
   53.277   13.040    -1.945    -0.784    6.778    6.302    -7.504   -21.603
   -22.402    -0.798    -7.823   -70.091  -169.380  -176.083  -112.805    -1.779
   54.455  112.994  105.832   79.299   39.004    -4.596   -41.407   -75.229
CT2250:280           90.859   60.743   20.340    0.553   21.564   36.939
   26.351    -8.722   -19.424    -4.928   17.998   18.961    8.506    0.811
    -8.514    -8.835   -33.017  -145.044  -428.721  -499.309  -163.685  444.790
  606.184  386.515  122.350   60.047   35.568    8.507   -24.224   -55.820
CT2250:275           77.602   45.000   13.073    -5.146   -12.315   -15.886
   -10.876    -3.123    0.039   15.219   27.989   23.502    9.384    -3.676
   -13.363    -6.131   -22.064  -106.634  -253.239  -272.297  -228.154  -187.268
  -141.122   -18.317   42.344   34.755   11.075    -6.462   -23.801   -45.000
CT2250:270           75.744   43.188    8.394   -15.545   -35.367   -46.278
   -18.576   64.857   98.586   77.937   46.609   31.578    -0.320   -27.846
   -30.672   -10.786   -21.537   -60.506  -142.432  -173.963  -138.803   -44.496
    9.567    1.299   28.003   41.833   19.639    -5.640   -23.223   -42.498
CT2250:265           52.873   30.841   13.954    -2.067   -35.410   -56.910
   -25.742   70.432  107.606   77.807   29.905   13.580    -1.179   -14.084
   -15.292    2.119    -5.750   -28.490   -81.746  -105.756   -46.005   45.207
   81.893   68.387   43.891   38.863   27.295   12.143    -8.799   -36.189
CT2250:260           56.556   34.322   10.586    -9.315   -34.098   -45.774
   -18.448   55.290   82.619   48.176   -12.794   -28.902    -7.245   13.871
   10.111   13.777    7.158   -18.793   -26.505   -14.175   -18.479   35.900
   77.213   59.304   39.265   36.563   23.025    2.909   -16.875   -38.095
CT2250:255           58.861   38.916   13.097    -1.786    -4.373    -1.479
   13.815   45.371   52.032   30.494    -7.039   -20.489   -14.759   -10.769
   -16.489   -31.978   -59.911  -135.016  -325.243  -384.797  -311.579  -225.960
  -181.854   -87.413   16.778   32.982   16.132    3.535   -13.165   -35.839
CT2250:250           59.644   37.456   15.683    6.405   11.478   19.653
   37.603   76.959   85.746   46.622   -16.014   -32.355   -10.705   13.603
    5.291   -28.232   -59.634  -124.612  -313.787  -368.213  -207.561   44.401
  128.995  101.907   43.360   16.788    2.812    -3.802   -16.511   -33.814
CT2250:245           63.445   43.922   22.374   16.253   31.278   46.577
   63.880  103.357  111.839   62.066   -13.279   -30.546   -11.193    6.739
   14.600   38.061   51.763   62.919  156.083  252.287  334.424  541.699
  600.006  432.016  139.742   20.205    2.451    -5.959   -26.809   -41.835
CT2250:240           65.102   43.092   15.623    7.478   41.976   70.918
   64.233   41.440   19.998    6.047    -8.544   -11.466    -4.055    3.669
   15.038   39.784   48.426   85.480  138.429  167.804  328.559  551.294
  593.788  418.650  123.111   16.351    -7.711   -21.337   -39.260   -52.588
CT2250:235           58.530   28.880    8.211   14.876   68.265  105.977
   71.758   -53.231  -118.324  -100.830   -29.542    -3.139    -0.223    4.016
    8.991   16.714   15.588    -0.784   -52.733   -64.703    -5.712   59.344
   84.695   94.777   67.193   24.925    -4.463   -23.165   -41.882   -57.524
CT2250:230           69.363   48.436   12.890    2.314   90.653  188.650
  136.016   -87.216  -203.895  -166.177   -51.209   -12.292    -5.754    4.645
    1.571    -3.655   -17.464   -88.805  -247.545  -306.555  -254.424   -89.844
    -4.494    5.939   13.823   13.242    -3.377   -19.613   -36.674   -53.098
CT2250:225           62.286   38.721   12.315   13.661   86.671  162.312
  131.166   -25.230   -99.681   -74.183    3.468   30.803   36.039   24.701
    7.255    -3.495   -22.108  -107.216  -323.571  -427.129  -350.079  -138.875
   -36.846   -15.598    -0.653    6.220    -8.334   -22.445   -31.309   -40.208
CT2250:220           60.184   41.422   23.064   13.442   15.838   19.936
   36.748   92.133  137.902  181.290  241.660  247.331  181.248   56.453
   14.758   13.935    3.802   -47.177  -147.674  -191.211  -179.429  -103.347
   -48.576   -24.610    -3.374    7.383    0.188    -9.936   -20.025   -31.845
CT2250:215           59.255   41.173   21.523    2.074   -28.031   -64.699
   -26.388  138.126  254.305  317.770  385.345  371.475  242.910   63.028
   25.010   28.367   20.964    5.849   -10.851   -26.694   -36.815   -57.290
   -58.253   -37.114    -2.321   10.032    6.017    0.001    -7.728   -18.737
CT2250:210           56.347   40.300   19.956    2.613   -28.987   -87.120
   -59.021  168.195  313.812  240.414   -32.746  -196.663  -167.163   -27.680
   10.688   24.118   38.386   44.724   61.576   68.376   45.683   -17.239
   -44.488   -31.071    -1.021    9.485    8.841    3.339    -5.531   -14.786
CT2250:205           84.505   61.015   39.045   16.195   -22.667   -66.181
   -68.312   -60.417   -83.175  -286.292  -764.573  -918.874  -683.587  -179.588
    -5.718   26.874   48.774   81.352  137.659  166.350  143.071   55.419
    -0.829   -11.858    -1.384    -0.750    -0.995    -3.907   -14.832   -37.210
CT2250:200           83.488   68.531   52.366   29.181    -9.235   -68.969
  -110.404  -179.408  -223.704  -241.999  -235.271  -194.426  -155.741   -61.537
    7.952   25.141   21.164   50.011  119.780  173.955  163.576  109.883
   74.288   35.113   -12.713   -23.978   -16.994    -6.602   -13.572   -57.599
CT2250:195           67.519   52.541   36.147   23.826   26.824   68.032
  103.965   85.959   -15.779   -71.831   -59.625   22.742   43.322   23.819
   21.488   29.508   39.643   96.325  187.156  245.872  237.280  170.121
   89.533   22.400   -21.048   -23.135   -15.741   -19.841   -26.445   -29.790
CT2250:190           55.273   44.690   31.850   19.635    0.603   -33.753
   -49.032   -19.577   17.310   20.296   18.369    8.872    9.772    4.323
    5.751   12.744   11.593   12.190   20.622   31.520   27.132    7.747
    -2.106    4.748   25.150   29.525   11.046   -21.263   -56.450   -68.992
CT2250:185           75.633   62.941   46.866   28.316   10.907   -22.588
   -31.780    3.591   55.685   57.926   28.193    3.506    5.195   14.311
   18.934   23.951   28.950   26.239    0.828   -24.245   -27.256   -14.706
    -3.484    6.538   27.248   32.274    9.786   -17.653   -39.961   -57.658
CT2250:180           84.093   64.802   43.170   22.758   21.406   36.826
   45.450   66.023   84.404   76.474   32.517    -1.773    -5.291    3.974
   10.644   17.826   27.954   22.467   -15.661   -53.329   -55.902   -28.701
    -4.333    6.082   23.293   27.869   16.509    0.487   -15.526   -34.030
CT2250:175           96.466   70.853   41.326   14.700   22.974   48.953
   60.248   64.189   60.673   45.417    1.164   -23.334   -30.316   -19.854
   -14.145    3.999   31.463   29.052   -16.181   -59.775   -59.568   -27.450
    -1.921    2.989    4.031    2.832    -0.807    -5.859   -14.161   -24.384
CT2250:170          103.735   65.852   21.254   -12.031    1.335   39.211
   48.946   50.854   47.019   48.744   18.704    1.413    -7.416   -10.978
   -13.996    2.138   29.764   32.119   12.340    -6.402    0.431   30.843
   48.134   36.056    7.321   -12.752   -19.196   -18.188   -17.255   -16.036
CT2250:165          104.190   63.112   21.917    1.149   23.488   53.455
   51.357   31.788   32.660   70.827  137.304  164.245  134.477   55.239
   12.118    2.988    6.347   16.878   55.709   84.567   89.989   93.348
   90.300   60.360    -8.346   -40.643   -37.751   -26.335   -23.891   -21.104
CT2250:160          108.696   80.964   41.433    9.310   23.360   56.849
   21.061  -109.356  -194.394   -45.559  391.447  563.853  421.141  120.157
   10.256    -9.926   -14.243    -3.574   44.861   79.153   92.820   98.008
   91.046   64.341    6.734   -28.550   -37.971   -38.064   -38.696   -38.877
CT2250:155           98.685   72.160   49.963   37.795   52.080   57.967
    -7.390  -274.608  -456.415  -254.554  338.135  625.975  424.791   61.959
   -32.401   -28.491   -14.551    -6.791   16.158   35.333   47.999   63.897
   66.712   48.945   11.684   -11.917   -24.660   -35.507   -48.478   -60.902
CT2250:150           98.201   75.522   53.470   33.921   37.182   50.869
   -25.180  -290.702  -476.461  -408.610  -152.939   -12.897   11.856   -25.821
   -40.091   -25.562    -7.501    -3.970    -5.242    -2.755    7.895   28.864
   39.880   34.301   23.193   10.231    -9.614   -32.716   -56.675   -82.274
CT2250:145           92.094   73.487   55.079   37.451   35.013   36.559
   -30.668  -211.586  -344.249  -336.896  -254.559  -195.723  -117.835   -29.089
    -5.040    -2.402    6.717    8.049    -4.577   -11.889    -6.769    5.091
   15.325   22.697   35.195   32.089    2.303   -33.977   -63.847   -95.176
CT2250:140           87.886   68.817   50.688   33.905   23.453   10.179
   -30.092  -120.628  -185.795  -181.183  -121.319   -72.010   -52.116   -25.694
    -8.565    2.058   12.259   10.203    -4.871   -10.162    -8.396    -3.128
    5.748   23.262   51.442   53.114   24.510   -19.432   -60.517   -98.173
CT2250:135           78.123   59.831   42.422   26.254    8.867    -8.219
   -33.686   -69.573   -95.580   -91.702   -62.846   -39.319   -25.425   -16.994
    -7.089    -3.593    -6.400    -9.376   -21.319   -31.184   -19.775    5.016
   19.327   39.174   71.981   73.173   33.302   -22.167   -63.273  -103.111
CT2250:130           73.367   52.608   33.219   15.294    -0.908   -19.912
   -38.569   -55.711   -67.563   -59.875   -44.912   -33.978    -8.528   13.068
   17.883    5.330   -10.058   -15.569   -17.721   -20.511   -16.216    -2.013
    9.672   23.145   37.129   36.684   14.578   -19.406   -51.623   -83.699
CT2250:125           73.321   49.479   26.327    6.006    -8.050   -20.258
   -32.835   -46.224   -52.784   -37.075    0.711   20.627   24.340   28.529
   28.502   18.782   10.491    -5.570   -34.373   -48.630   -44.947   -18.167
    2.061    9.219   11.391   10.929    -3.294   -23.573   -43.316   -67.048
CT2250:120           72.285   52.532   34.314   16.817    0.839   -15.784
   -26.127   -31.350   -33.592   -21.910    4.290   18.871   19.521   12.104
    7.768    4.644    -1.464   -23.208   -79.786  -117.432  -109.203   -67.170
   -36.282   -17.524    3.633   10.265    -1.055   -19.825   -37.009   -53.822
CT2250:115           72.802   55.320   35.611   15.824    -0.082   -14.476
   -22.377   -24.339   -23.163   -15.787    -3.030    5.534    9.423    9.062
    3.326   -11.241   -26.949   -50.727  -114.656  -162.597  -154.338   -98.526
   -60.920   -41.672   -14.907    -3.096   -13.915   -30.195   -39.306   -46.912
CT2250:110           67.335   49.617   30.941   13.122    -5.755   -28.852
   -35.986   -27.522   -18.215    -7.766   10.224   20.334   17.014    8.261
    0.855    -7.389   -20.847   -34.213   -60.074   -85.742   -84.048   -65.706
   -57.742   -44.393   -24.975   -17.281   -21.152   -30.563   -37.223   -42.667
CT2250:105           59.931   46.394   32.363   17.162    -5.975   -31.174
   -35.174   -19.990    -4.661    7.291   21.962   26.998   25.547   21.248
   16.170   10.139    6.450    5.778   32.225   46.596   33.287    6.328
   -15.226   -16.135   -24.359   -26.845   -27.136   -32.730   -34.792   -36.689
CT2250:100           48.405   39.539   29.431   15.602    -6.988   -32.007
   -31.119    -0.521   27.317   35.219   41.037   46.901   31.416   17.313
    9.487    -1.364    -8.402    -5.765   37.871   65.666   22.037   -51.715
   -69.821   -85.589   -70.074   -41.891   -29.529   -29.103   -28.834   -29.491
CT2250:095           30.368   19.458   15.017    9.013    -6.892   -22.999
   -18.176    9.391   40.490   44.538   26.641   13.720   12.024    2.043
    -9.040   -15.109   -21.226   -25.444   -33.510   -55.019  -118.503  -323.244
  -405.369  -342.263  -134.331   -40.610   -34.032   -27.703   -21.236   -26.151
CT2250:090           49.965   33.539   19.103    4.639   -18.439   -37.143
   -19.414   27.900   80.377   91.414  114.498  115.752   78.740   24.494
    1.684    3.750    9.330    3.472   -24.622   -35.624   -55.298  -229.505
  -358.430  -244.906   -55.655   -18.838   -35.376   -40.168   -45.004   -53.101
CT2250:085           50.051   40.784   32.144   25.658   14.520    -3.541
   39.790  131.541  110.254  152.807  183.066  148.346   85.605   42.341
   26.696   18.934   16.348   20.438   19.826   40.542  185.921  731.231
 1035.848  777.716  222.859   18.607   -14.887   -37.328   -64.878   -76.287
CT2250:080           51.598   39.301   21.240   10.755    4.490    -7.847
   74.115  499.257  876.159  728.219  169.598   -58.930   -52.573   -28.562
   -31.705   -12.110    -1.942    6.599    -0.880    7.899  149.512  491.052
  617.246  548.871  239.847   36.609   -14.529   -28.720   -49.731   -65.418
CT2250:075           58.702   45.708   29.892   19.019   14.710    9.767
   48.560  301.318  544.047  442.317   31.022  -144.192  -120.142   -42.931
   -23.591   -11.027    4.307    7.910   -16.005   -17.149   50.273  192.555
  259.007  227.361   94.436    9.585    -9.990   -12.007   -32.323   -58.190
CT2250:070           62.670   51.184   35.470   21.471   23.319   43.142
   11.300  -274.370  -611.589  -531.329  -203.124  -103.613   -82.186   -15.693
   11.266    3.060    -6.677    -9.891   -26.787   -29.010   -20.467   -23.037
   -17.049    -1.195   26.375   23.480    -5.322   -31.137   -56.103   -81.902
CT2250:065           55.919   43.388   33.417   25.410   30.221   42.105
   -21.327  -314.563  -545.903  -509.626  -219.494   -69.427   -42.305   -17.170
    -0.872    1.644    -5.455   -15.613   -45.203   -67.165   -76.436   -95.584
   -90.758   -70.157   -12.844   11.975   -11.330   -44.757   -70.375   -92.036
CT2250:060           68.423   47.756   28.673   19.075   31.090   50.066
   19.271   -82.985  -135.716  -142.658   -78.982   -19.385    -6.518   -10.696
    -6.397    0.565    7.038    -7.322   -60.772  -104.014  -110.996  -107.354
   -97.339   -75.478   -24.288    2.830   -13.474   -44.873   -66.910   -84.438
CT2250:055           90.909   71.158   41.610   18.786   30.613   52.227
   44.996   46.093   45.923   33.640    6.227    -2.494    5.733    4.499
    3.796    -6.254   -17.396   -31.391   -63.683   -90.693   -99.556   -94.763
   -82.442   -70.364   -45.689   -29.703   -33.493   -46.560   -55.243   -66.756
CT2250:050           81.161   49.019   14.638    -1.368   26.581   66.556
   72.699   73.187   59.802   48.868   22.141    1.566    -5.253   -21.826
   -29.348   -29.605   -27.732   -34.871   -48.283   -59.801   -74.924   -98.099
  -104.617   -85.316   -37.720    -9.155   -12.172   -28.810   -42.607   -56.733
CT2250:045           88.634   59.748   16.240   -16.458   16.245   87.590
   94.975   41.120    -9.289   -17.925    -3.739    3.873   -11.342   -38.266
   -44.453   -35.970   -21.816   -23.634   -34.908   -49.378   -68.229  -111.811
  -132.988  -110.411   -50.118   -17.937   -13.123   -16.800   -24.366   -41.464
CT2250:040           70.772   40.500   11.009    -5.426   10.434   39.987
   33.483   -31.601   -98.914  -101.332   -57.733   -38.583   -37.213   -42.618
   -41.965   -29.163    -8.476    -7.551   -22.099   -40.390   -58.578   -96.671
  -116.220   -94.711   -32.522    1.954    -0.216   -17.455   -32.342   -46.800
CT2250:035           60.524   37.965   14.116    -5.858    -7.431    -0.890
   -12.878   -60.422  -103.132  -102.294   -60.551   -29.567   -29.494   -36.442
   -33.545   -16.568    7.179   10.424    4.519    -2.756   -17.830   -49.979
   -69.370   -58.920   -23.931    -5.385   -11.122   -24.637   -31.941   -39.038
CT2250:030           65.201   45.692   19.298    -7.851   -23.403   -36.070
   -47.614   -69.610   -84.408   -73.863   -36.543    -7.605    -5.797   -13.699
   -13.647    -3.303   12.067   14.042   11.690    6.365    0.273    -8.201
   -16.216   -16.211   -15.558   -14.328   -14.326   -18.023   -22.506   -27.892
CT2250:025           68.656   44.917   17.687    -9.180   -35.794   -62.719
   -67.512   -51.598   -29.922   -10.165   19.271   38.934   36.460   22.502
   14.588    9.072    4.537    -0.179    -3.720    -6.919    -7.595    0.513
    6.151    2.210   -11.007   -20.004   -26.123   -32.618   -35.397   -35.923
CT2250:020           63.174   33.320   13.930    -4.945   -38.567   -89.453
   -95.651   -26.760   55.610   90.070  105.708  104.132   88.336   45.159
   19.839   11.966   10.457    2.803   -18.256   -40.486   -39.673   -14.143
    4.806    4.534    -5.234   -14.080   -24.062   -37.973   -50.374   -58.934
CT2250:015           58.678   33.387   16.447    -3.302   -44.234  -107.801
  -109.581   -10.614  106.522  151.094  165.199  164.549  136.945   56.860
   16.636   14.251   22.062   15.773    -6.583   -31.452   -30.873    -6.604
    8.105    7.000    -0.890   -10.388   -27.621   -49.257   -64.514   -76.708
CT2250:010           80.628   57.685   30.306    -3.397   -54.842  -120.958
  -130.402   -42.429   55.968   97.346  140.656  164.019  137.608   63.034
   31.753   21.236   16.673   10.869   12.385   15.297   11.999   11.117
   13.547    8.950    -1.235    -8.789   -23.547   -46.494   -65.878   -81.880
CT2250:005           94.239   65.653   31.939    -2.178   -37.320   -79.124
   -93.174   -72.087   -35.675    -8.088   33.700   61.956   59.375   27.584
   12.749   14.497   20.645   17.512   14.349    8.723    2.484   -12.306
   -25.811   -20.568    -4.099    -1.408   -12.496   -29.303   -47.593   -70.601
CT2251:360           94.146   70.861   46.975   19.188   -16.296   -56.442
   -78.688  -114.069  -147.293  -128.122   -66.630   -28.082   -10.502    2.712
    7.012   10.018   16.978   14.156    4.331    -7.388   -15.963   -27.463
   -33.438   -26.613    -0.772   13.395    3.803   -17.226   -37.583   -57.848
