
filled_synop: 30 data points in equal steps of sine latitude from +14.5/15 to  -14.5/15

CT2239:360           36.025   31.922   25.857   17.883   10.196    2.922
    -4.368    -9.493   -12.289   -12.524    -9.595    -1.919    4.243    0.157
    -3.763   -18.267   -56.851  -101.262  -168.965  -343.100  -507.513  -469.306
  -228.296   -61.066   -26.684   -31.890   -26.445   -33.575   -37.090   -34.233
CT2239:355           45.749   41.895   35.274   24.843   14.218    4.702
    -6.972   -11.087    -3.187    5.969    8.291    7.942    3.265    -5.938
   -15.011   -39.875   -84.735  -138.253  -206.685  -344.859  -492.571  -463.919
  -255.464   -77.257   -28.714   -22.652   -17.371   -27.891   -38.542   -45.862
CT2239:350           63.769   50.354   37.179   26.327   17.079    3.515
   -15.729   -19.057    1.990   33.801   37.865   16.676    -3.035   -13.641
    -7.324   -20.854   -91.991  -172.071  -213.336  -354.048  -449.119  -401.315
  -216.864   -48.374    -5.707    -8.581   -12.716   -28.601   -45.543   -61.399
CT2239:345           73.882   55.689   36.209   11.714    -9.071   -19.071
   -29.667   -33.144    -8.925   27.630   31.029    3.128   -25.405   -33.348
   -11.751   -20.313  -143.360  -444.028  -561.533  -519.926  -440.108  -358.946
  -127.329   57.759   69.971    8.218   -22.211   -45.584   -71.528   -93.412
CT2239:340           64.573   45.742   27.241    8.715    -5.983   -12.551
   -12.838   -11.215    -3.359    6.987    6.370    -7.512   -22.895   -21.754
   12.808   29.304   -32.445  -216.115  -268.137  -115.427   67.843  133.040
  206.332  233.184  176.470   43.298   -41.929   -65.287   -68.993   -72.923
CT2239:335           73.179   50.427   30.716   10.167    -5.675    -7.842
    -5.101    -6.493    -4.599    -3.307    -4.159   -12.345   -20.448   -11.929
   19.670   41.704   93.445  249.729  365.449  481.721  722.078  753.258
  484.451  240.479  151.793   25.836   -58.133   -55.753   -43.139   -50.107
CT2239:330           72.880   53.095   34.740   16.019    2.337    2.750
   12.921   14.430    0.820   -19.242   -23.641   -16.475    -3.984    1.979
    -3.608    -6.554   48.448  144.934  207.054  353.493  509.603  533.281
  428.397  299.237  202.396   55.480   -43.870   -67.829   -68.491   -72.436
CT2239:325           79.771   60.340   40.380   15.650    -3.283    -7.021
    -3.069    -5.104   -16.383   -33.731   -37.770   -28.907   -18.649   -12.847
    -2.500    4.606    -6.267   -33.904    9.016   49.304  143.369  201.271
  242.951  258.228  184.555   46.620   -39.058   -58.491   -65.043   -77.376
CT2239:320           89.464   63.846   37.169    3.002   -22.434   -24.813
   -17.116   -15.602   -18.830   -24.876   -26.292   -23.031   -16.407   -13.629
    0.392   10.372   -54.277  -327.581  -444.203  -210.674   51.050  127.216
  196.772  205.739  146.022   49.850   -16.540   -40.540   -54.715   -75.216
CT2239:315           95.509   60.692   23.832   -15.693   -39.445   -34.253
    -4.569   12.148    5.641    -5.560    -8.477    -4.872    0.827    -0.576
    -2.948    -6.296    -6.215   33.224  112.608  212.487  500.521  563.316
  328.367  133.695   77.810   27.722   -12.991   -37.073   -56.303   -79.374
CT2239:310           95.664   57.776   20.007   -32.045   -64.121   -54.557
   -20.875    -7.446   11.374   37.701   40.339   20.175    -6.013   -12.847
   -13.310   -19.045    5.574   70.455  103.098  160.078  172.362  165.379
  129.361   43.881   13.804   12.136    -2.503   -29.509   -57.219   -83.013
CT2239:305           72.556   39.931    9.752   -23.319   -40.338   -21.668
   28.276   51.067   48.920   39.332   32.548   28.086   28.691   21.665
    -1.937   -15.742    -2.566   29.062   44.081   56.796   35.182   24.103
   21.704    4.494    -8.561    1.207    -0.937   -27.125   -58.391   -84.805
CT2239:300           63.598   37.056   10.497   -21.233   -30.316    8.190
   81.850  112.981   96.012   54.967   35.549   30.459   26.912   17.591
    -1.908   -16.748   -14.092    -3.441    -3.274   -30.467   -74.689   -87.197
   -85.147   -61.673   -51.384   -25.952    -8.624   -19.297   -39.796   -58.932
CT2239:295           45.548   32.643   20.059    -9.372   -18.979   32.758
  146.145  186.902  152.294   67.801   31.987   25.054   27.494   19.243
    8.808    3.300    3.167   15.168   16.613   -40.291  -150.937  -178.374
  -142.134  -101.811   -82.996   -34.059    -8.272   -17.939   -32.970   -43.263
CT2239:290           28.376   22.040   17.762    6.542   12.073   76.715
  194.656  236.925  188.136   76.213   27.913   17.679   12.509    2.329
    -4.673   -10.076    -7.295   12.571   20.950    -7.012   -61.881   -80.503
   -80.823   -77.289   -67.167   -33.839   -10.266   -18.554   -36.111   -50.622
CT2239:285           30.711   27.825   25.315   18.198   25.202   87.973
  211.017  255.661  205.409   94.016   47.185   19.059    -2.145   -14.873
   -19.652   -24.265   -21.160   -10.955    -5.234   23.947   76.478   80.191
   26.237   -32.781   -39.639   -17.116    -5.554   -13.775   -28.556   -45.116
CT2239:280           34.681   36.470   42.912   45.150   49.399   85.045
  162.794  192.741  157.072   69.211   28.445    8.272   -16.809   -29.492
   -23.049   -18.626   -18.062   -17.516   -11.913   32.857  125.159  142.219
   78.898    6.970    -4.650    -4.529    -8.863   -16.107   -24.802   -36.950
CT2239:275           37.034   39.645   44.540   48.812   53.144   49.302
   17.466    1.414   22.151   57.858   57.459   23.985   -15.140   -27.641
   -18.762    -9.895   -18.363   -42.470   -49.348   -19.579   29.142   43.369
   46.306   34.791   24.751    7.112    -7.144   -16.878   -26.920   -38.408
CT2239:270           57.271   44.528   32.817   22.419    6.888   -26.412
   -82.841   -99.997   -63.056   15.425   36.979   18.089    -3.931   -13.800
   -26.645   -36.869   -48.955   -72.963   -88.320   -91.142   -95.489   -82.221
   -25.761   22.958   29.195    7.796    -7.209   -19.818   -32.433   -42.745
CT2239:265           94.570   54.806   12.880   -34.295   -71.252   -95.652
  -122.006  -125.565  -101.163   -56.876   -39.119   -28.713   -27.170   -31.626
   -40.754   -52.450   -65.905   -80.000  -100.310  -150.134  -215.745  -207.338
  -102.606    3.540   31.616    3.237   -15.613   -24.530   -32.995   -40.998
CT2239:260          138.147   64.190    -6.611   -88.680  -151.240  -156.723
  -123.732  -106.417   -93.420   -75.258   -61.278   -47.376   -30.050   -28.102
   -32.050   -34.534   -49.214   -63.802   -94.715  -207.269  -357.809  -354.500
  -166.399   17.868   49.420   10.775   -13.774   -22.957   -30.156   -36.919
CT2239:255          167.785   77.364   -10.322  -100.998  -160.338  -146.319
   -80.391   -53.832   -50.042   -53.646   -48.918   -41.302   -32.460   -27.042
   -16.645    -9.952   -22.389   -39.075   -78.237  -214.332  -410.822  -425.651
  -237.164   -59.992   -16.385   -22.435   -20.812   -25.891   -31.299   -34.963
CT2239:250          145.461   79.908   13.844   -82.426  -155.313  -140.018
   -58.861   -24.281   -25.932   -39.033   -37.960   -35.653   -31.363   -26.070
   -18.410   -12.637   -12.128    -8.264   -33.737  -130.569  -249.792  -262.158
  -183.937   -81.748   -44.356   -27.270   -17.845   -24.585   -31.506   -36.162
CT2239:245           98.965   41.106   -12.633   -60.899   -91.600   -78.688
   -36.962   -20.493   -34.537   -59.413   -59.727   -42.568   -26.291   -20.449
   -19.507   -19.606    -5.923   28.707   36.530    -0.853   -61.071   -78.582
   -79.480   -72.399   -60.621   -27.663   -16.356   -25.638   -33.462   -40.098
CT2239:240           58.404   15.935   -12.857   -31.987   -46.441   -43.930
   -32.672   -29.309   -38.744   -56.208   -54.699   -29.107    -4.350    -0.550
    -9.273   -11.510    -6.831    -6.146    1.204   59.900  122.530  117.711
   52.969    4.738    -7.788   -17.242   -21.941   -28.706   -36.728   -46.223
CT2239:235            -4.220   -24.275   -34.191   -38.077   -40.425   -39.784
   -37.262   -36.397   -41.745   -49.742   -46.272   -29.566   -13.932    -8.392
    -9.590   -11.755   -17.313   -37.620   -14.013  138.403  309.815  327.577
  201.333   80.062   40.281   10.076   -16.227   -27.808   -36.970   -46.962
CT2239:230           -12.951   -26.858   -34.308   -34.001   -30.956   -29.445
   -27.846   -26.182   -25.351   -23.742   -20.576   -14.112    -8.167    -9.869
   -15.646   -23.034   -41.007   -65.542   -52.245   16.554   88.904  123.975
  161.164  156.458  111.140   28.334    -7.995   -23.277   -41.744   -60.379
CT2239:225            -3.421   -18.671   -22.484   -21.048   -19.185   -17.495
   -14.529   -12.254    -9.365    -5.389    -2.291    2.827    5.591    -0.157
   -19.165   -29.145   -48.845   -81.251   -72.624   -31.055   23.163   57.735
  103.586  118.431   83.013   22.366   -10.504   -29.131   -49.503   -69.171
CT2239:220           58.703   51.430   13.747   -20.968   -41.314   -35.717
    0.259   23.175   25.916   17.012   11.151    4.504    -1.093    2.678
   19.611   30.485   23.927   -11.085   -12.598   16.418   57.705   86.465
  114.261  121.164   85.486   31.422    -2.999   -27.356   -47.493   -67.348
CT2239:215            4.186   12.948    -7.895   -36.490   -57.847   -49.682
    -8.226   18.085   16.603    -4.222    -9.422    -6.901    -7.506    -7.433
    -5.931    -3.167    5.591   22.604   38.627   61.320   85.179   98.578
  103.764   97.364   67.857   21.036   -10.194   -33.986   -54.983   -76.968
CT2239:210           16.407   11.998    -0.105   -20.270   -39.665   -36.702
    -9.405    7.434   11.713   11.127    9.605    3.897    -2.339    -4.273
   -11.909   -15.742    4.267   50.063   76.550   96.304  112.888  115.156
   99.072   76.246   54.677   28.034    4.194   -23.714   -54.750   -88.252
CT2239:205           25.880   16.192    6.399    -4.552   -13.848   -13.774
    -6.407    -1.486    1.453    2.067    1.897    1.744    1.881    2.174
    -3.689    -5.288   11.988   48.391   68.290   78.524   85.142   82.431
   62.539   38.634   27.392   26.609   13.377   -22.820   -64.564  -101.894
CT2239:200           26.561   19.093   12.497    2.670    -8.730   -12.047
   -10.339    -9.144    -7.082    -4.620    -3.376    -6.539   -13.111   -11.203
    7.255   28.270   36.027   36.358   38.878   39.588   36.737   32.299
   18.138    5.121    1.016   11.211    7.840   -31.095   -75.225  -108.028
CT2239:195           27.473   18.919   10.346    3.751    -1.614    -8.699
   -19.826   -24.236   -19.222    -5.078    0.503    -6.287   -20.253   -20.945
    -5.911    8.994   11.491    4.086    -1.227    -3.063    -7.827   -10.680
   -10.654    -7.222    -6.236    4.974    8.386   -19.884   -59.289   -94.530
CT2239:190           18.006   14.765   11.814    7.537    1.406    -8.358
   -25.567   -33.929   -25.817    1.145   12.385    5.992    -6.139    -9.360
    -9.781   -11.296   -13.097   -13.499   -12.915   -15.656   -17.283   -17.238
   -20.074   -20.982   -18.110    -2.974    3.779   -17.136   -48.705   -79.396
CT2239:185           22.202   20.307   20.070   23.412   24.400   15.718
    -7.540   -19.553   -14.090    4.427   12.155   11.815    9.847    8.424
    -0.853   -10.680   -15.714   -20.827   -24.043   -29.093   -30.891   -30.509
   -29.241   -26.870   -24.163   -15.703   -11.676   -28.607   -53.223   -77.643
CT2239:180           33.710   31.196   27.870   25.119   21.797   17.263
    7.921    2.734    3.561    8.147    9.870    6.239    -0.744    -1.962
    4.211    9.466    3.725   -21.173   -41.842   -45.889   -38.713   -34.354
   -31.134   -25.475   -23.483   -18.642   -15.872   -33.276   -59.778   -83.376
CT2239:175           46.529   41.793   33.623   15.947    -1.703    -2.278
   12.113   17.904   14.939    4.734    -1.020    -4.444    -6.323    -4.297
    9.979   30.747   28.358    -4.755   -34.628   -35.419   -24.615   -21.156
   -22.709   -24.677   -24.615   -21.411   -21.885   -41.055   -67.374   -87.293
CT2239:170           53.219   38.390   23.782    7.086    -5.820    -2.476
   18.610   30.068   24.080    -1.041   -13.755   -13.111    -7.194    -3.766
    6.771   17.097   18.360   19.141   18.427   11.145    -5.404   -11.419
    -7.824    0.920    -0.329    -8.082   -18.833   -36.301   -58.274   -78.160
CT2239:165           61.911   37.104   18.165    4.673    -2.846    -1.028
   13.365   23.593   21.208    4.242    -5.007    -3.967    2.614    4.930
    8.043   12.952   15.453   21.857   31.649   27.679   10.161    1.704
    9.916   22.418   18.454    5.454    -9.826   -25.426   -45.884   -67.414
CT2239:160           69.070   37.785    7.020   -37.320   -75.386   -70.526
   -15.176    9.514   11.358    2.391    -4.412    -6.196    -0.593    2.552
    -4.384   -11.718    -9.245    3.463   14.923   15.994   11.709    9.566
   13.838   25.431   20.667    0.355   -20.005   -35.442   -55.055   -76.861
CT2239:155           77.117   49.559   24.865    0.683   -15.155   -11.118
   21.766   48.173   39.012    2.101   -11.971   -11.461    -8.229    -9.185
   -15.135   -30.628   -28.748    -4.781   14.377   21.078   32.280   36.043
   20.935    -3.202   -12.570   -14.922   -21.425   -37.833   -57.936   -77.727
CT2239:150           85.175   59.646   38.891   18.168    0.333    -5.161
    -3.065    -5.079    -8.028   -20.533   -27.702   -16.901    7.872   14.556
    0.747   -15.748   -13.895    5.804   24.195   27.358   21.084   15.285
    3.438   -14.354   -23.099   -21.511   -23.097   -39.450   -60.102   -80.692
CT2239:145           82.160   63.084   43.125   20.480    1.127    -7.627
   -11.949   -16.516   -18.832   -20.414   -19.047    -8.160   13.781   19.008
    8.872    -2.773    -0.978   11.334   24.680   29.143   23.345   18.562
   10.531    -0.328    -9.825   -14.698   -20.851   -38.920   -62.095   -85.794
CT2239:140           67.088   56.561   44.974   30.962   16.736    7.285
    -2.288    -9.331    -9.504    -5.940    -4.904    0.702    7.790    8.177
    -1.219   -13.649   -12.049    0.904   14.812   27.434   44.424   48.986
   47.321   34.392   17.656    -2.268   -24.330   -48.926   -73.898   -96.312
CT2239:135           68.470   59.104   48.240   33.176   16.996    8.002
    1.461    -2.558    -3.320    6.440   17.416   10.402    -4.499    -9.502
   -14.022   -23.049   -20.352    -9.931    1.770   24.897   93.857  130.045
  110.152   81.186   58.260    7.952   -37.566   -61.713   -83.982  -104.856
CT2239:130           71.638   55.577   38.739   18.775    0.388    -7.989
   -10.616   -14.777   -16.293   -20.356   -24.971   -18.798    -6.042    -1.768
    -7.315   -14.648   -11.519    -2.362    2.677   18.303   47.045   53.495
   51.790   37.359   19.640    -4.416   -34.366   -62.755   -88.695  -109.316
CT2239:125           66.432   45.812   26.461    8.612    -7.409   -12.320
    -6.245    -1.957    -5.496   -19.126   -25.638   -22.250   -13.260    -8.512
    1.587   13.362   20.674   36.289   52.227   47.573   26.372   18.523
   13.907    7.822    -1.965   -17.791   -34.883   -55.815   -79.243  -100.530
CT2239:120           63.585   42.506   22.213    2.532   -12.890   -15.567
    -1.965    7.547    6.622    -1.215    -4.370    -5.626    -5.743    -4.009
    5.045   17.379   21.106   23.506   20.815   12.333   -12.327   -27.675
   -23.157   -15.676   -16.781   -21.506   -29.606   -49.539   -72.993   -92.371
CT2239:115           60.910   44.287   28.608    5.943   -16.648   -20.718
    -8.270    -0.509    1.739    4.255    3.453    1.235    -3.010    -5.974
    -8.113    -7.894   -10.827   -17.611   -25.644   -34.816   -38.584   -39.596
   -39.214   -41.296   -39.036   -31.892   -30.218   -42.048   -60.482   -78.239
CT2239:110           58.544   41.518   23.570    2.332   -14.504   -17.518
    -6.653    1.914    2.429    0.538    -0.467    -5.248   -10.260   -12.871
   -23.302   -35.960   -43.341   -46.318   -54.583   -72.183   -81.675   -85.871
   -79.187   -70.633   -62.341   -49.079   -39.375   -42.700   -53.113   -64.100
CT2239:105           57.399   43.231   27.477    4.141   -18.794   -21.113
    -4.038    8.472    5.160   -11.519   -20.470   -21.419   -18.179   -20.617
   -23.483   -31.757   -42.587   -47.224   -61.644  -100.268  -167.338  -194.729
  -177.978  -114.565   -77.916   -63.162   -53.702   -53.029   -57.940   -60.602
CT2239:100           43.621   27.956   11.158    -9.200   -24.231   -23.482
    -2.965   13.475    9.786   -12.685   -26.695   -22.069    1.205   10.387
    4.167    0.458   -10.753   -23.729   -37.149   -99.923  -281.893  -381.639
  -317.224  -155.467   -93.908   -77.194   -65.498   -57.592   -58.720   -60.119
CT2239:095           25.999   11.167    1.193    -4.712    -8.480    -6.007
    4.898    8.921    9.504    7.012    1.806    -0.353    1.890    1.993
    5.331   13.715    1.880   -26.608   -54.464  -114.080  -268.041  -344.026
  -300.839  -164.476  -113.082  -101.784   -86.196   -76.914   -73.363   -66.705
CT2239:090           16.315    9.769    7.812    9.563   12.368   18.952
   37.498   53.935   51.114   32.918   23.893   15.025    -1.400    -8.901
    -1.775   13.879    5.807   -45.889  -110.607  -140.828  -173.956  -195.536
  -194.309  -175.635  -154.265  -116.896   -78.364   -65.694   -65.485   -64.991
CT2239:085           22.823   14.974   10.611    7.093    4.438    8.458
   23.361   32.157   29.708   16.106    5.285    1.992    1.792    0.529
    0.288    -1.568    -4.382    -6.712   -11.490    -9.546   23.341   38.727
    -1.261   -73.908   -93.294   -72.819   -51.918   -57.502   -68.294   -70.921
CT2239:080           28.278   25.867   22.541   16.506   11.839   13.306
   20.229   25.594   21.882    8.988    -2.046    -1.669    4.375    3.745
    4.666    6.366   13.107   41.920   79.028   99.668  146.320  163.286
  114.561   11.574   -33.811   -40.143   -43.428   -49.575   -59.572   -75.915
CT2239:075           25.328   23.693   20.777   15.864   13.253   15.938
   23.110   26.367   25.309   28.077   30.067   22.739   14.911   11.760
    5.691    -8.388    -3.603   39.558   92.515  121.141  162.161  176.881
  144.280   64.805   20.766    -5.088   -28.293   -51.481   -75.405   -98.748
CT2239:070           22.908   16.245   14.195   16.958   20.504   26.733
   46.938   63.070   57.230   27.956    7.177    3.834   13.929   17.904
    6.111    -8.903    -5.258    2.034    8.537   37.172  117.704  161.179
  131.994   62.401   25.383    -0.582   -27.030   -56.682   -90.370  -117.795
CT2239:065           26.260   30.192   32.824   33.255   34.118   40.454
   57.788   70.006   60.880   20.210    -9.150   -11.870    0.711    1.930
    -5.119   -23.467   -28.230   -21.420   -11.390    6.791   42.312   63.399
   60.474   42.623   20.980    -6.860   -33.950   -59.660   -86.208  -112.256
CT2239:060           42.650   41.306   38.213   30.359   22.282   23.820
   39.108   48.532   42.953   20.825    4.650    3.324   15.037   17.457
   11.607    -0.710    -6.687   -17.796   -27.670   -12.870   32.817   65.291
   61.115   37.619   18.736    -4.850   -28.933   -56.185   -85.086  -111.762
CT2239:055           39.162   42.569   42.396   33.882   23.517   24.219
   39.872   49.821   46.472   34.900   27.315   22.490   16.541    8.306
    6.969    6.059    3.266   -17.966   -36.903   -22.242   28.909   61.621
   56.601   29.907    9.858   -12.074   -34.540   -57.277   -79.863  -102.939
CT2239:050           30.081   28.027   27.956   31.368   35.297   36.015
   35.303   34.115   31.394   27.579   25.061   24.490   27.250   27.391
   14.329   -11.599   -21.724   -23.343   -22.830    -3.330   57.827   99.499
   85.964   43.965   20.155    0.376   -18.879   -42.766   -70.708  -100.178
CT2239:045           23.883   23.717   24.132   26.702   29.440   25.879
   14.289    3.626    -0.824    -2.476    -4.459    0.395   12.874   16.742
    8.491   -10.545   -17.308   -18.805   -18.797    0.535   59.619   96.991
   83.410   37.957   12.694    0.971   -11.359   -38.027   -71.808  -102.406
CT2239:040           20.941   24.024   25.054   26.281   28.131   20.889
    0.871   -15.208   -23.520   -26.283   -23.787   -18.361    -6.015    -0.697
    1.665    4.368    6.614    -1.423    -6.721    4.236   42.271   70.889
   59.966   30.762   13.075    1.972    -9.882   -35.404   -68.624   -99.319
CT2239:035           18.570   20.764   24.096   29.971   34.426   26.489
    1.397   -24.951   -37.196   -46.264   -53.660   -45.080   -13.555    4.744
    7.760    0.498    -0.546    6.434    9.647   12.234    9.062    3.503
    5.714   12.227    7.224    -5.354   -16.643   -34.350   -57.760   -86.142
CT2239:030           17.728   18.439   20.331   28.200   36.778   30.586
   17.739    7.726    -6.999   -39.210   -58.523   -51.494   -16.499    9.938
   12.097   11.368   16.763   26.797   38.548   37.981   15.542    -0.128
    -0.113    7.245    3.159   -15.956   -37.042   -52.352   -64.945   -82.802
CT2239:025           14.722   23.251   33.556   47.826   57.564   47.620
    9.907   -26.752   -39.664   -37.720   -34.335   -34.265   -40.279   -41.281
   -22.775    8.132   20.228   28.769   35.081   34.432   24.589   16.889
   18.016   24.166   19.888    -1.457   -29.562   -51.818   -72.410   -91.832
CT2239:020           16.240   31.173   40.924   53.084   61.478   48.744
    2.807   -42.489   -54.082   -40.220   -27.100   -23.888   -22.577   -18.218
   -12.512    2.818    8.499    0.749    -1.408    -2.700    -4.092    -1.025
   12.126   40.473   44.431   13.399   -25.666   -51.208   -78.221  -102.443
CT2239:015           28.080   35.255   42.681   51.861   55.401   40.986
    0.666   -33.597   -43.006   -40.212   -38.808   -30.436    -7.853    4.114
    -7.174   -33.564   -47.599   -54.551   -75.054   -81.119   -67.453   -58.178
   -31.022   21.189   36.071    7.141   -37.117   -64.308   -86.521  -104.204
CT2239:010           41.912   39.501   35.761   34.350   34.007   18.562
   -18.304   -48.574   -50.722   -25.809    -4.441    1.294    5.665    5.674
    -9.076   -35.957   -51.955   -65.955   -75.911   -95.078  -135.569  -153.421
  -104.063    -7.491   28.881    -1.229   -45.447   -65.821   -83.188   -97.407
CT2239:005           40.649   39.079   34.708   26.143   15.441    -2.002
   -34.195   -58.640   -53.990   -15.449   11.065   15.692    8.852    -0.656
   -15.128   -33.471   -51.064   -69.361   -87.765  -129.420  -218.065  -257.483
  -183.053   -30.930   28.990    2.248   -35.942   -53.262   -69.727   -85.160
CT2240:360           32.715   35.689   32.784   25.194   15.774    1.446
   -24.701   -42.751   -37.566    -4.676   17.019   18.339    9.337    0.217
   -18.403   -39.100   -59.107   -79.344  -106.047  -171.809  -319.684  -388.104
  -286.366   -66.435   20.764   11.844   -20.919   -40.602   -61.436   -77.700
