
filled_synop: 30 data points in equal steps of sine latitude from +14.5/15 to  -14.5/15

CT2289:360           -28.045   -33.981   -28.923   15.902   85.457  122.212
  147.886  161.464  127.077   19.525   -21.083   42.417  141.394  106.278
  -159.433  -490.613  -593.962  -557.390  -503.593  -477.556  -396.207  -332.002
  -280.470  -157.097   -34.729   18.059   15.824    3.593    2.515    9.054
CT2289:355           -10.575   -12.166   -18.546   16.721   79.927   98.545
   60.407   17.714    7.678    -1.475   11.415  141.511  341.826  405.352
  462.532  513.263  409.676   65.740  -183.220  -288.629  -359.239  -385.021
  -325.566  -142.489    -4.653   37.343   11.200    -6.362    -4.179    -0.547
CT2289:350           -38.756   -51.484   -47.796    -7.178   58.076   67.445
   -11.685   -86.381   -62.826   70.813  167.652  219.716  363.886  497.262
  691.983  957.277  888.907  396.044   -85.055  -239.378  -284.111  -324.730
  -290.032  -153.268   -40.522    7.715    9.106    4.418   10.434   21.802
CT2289:345           -22.453   -40.676   -49.252   -15.455   46.961   46.707
   -52.552  -143.063  -144.015  -118.051  -110.683  -130.314  -334.487  -285.645
  315.345  858.538  862.085  468.444   54.388  -135.621  -225.251  -276.173
  -259.483  -157.474   -74.094   -19.682    -3.388    9.908   33.429   60.961
CT2289:340            0.547   -20.213   -45.479   -16.104   56.860   53.696
   -54.371  -147.100  -169.116  -152.575  -111.981  -132.966  -143.456   -19.747
  367.669  838.257  830.745  371.679   -59.436  -238.025  -297.825  -293.286
  -317.684  -240.199  -116.193   -42.558   -14.450   16.940   50.231   81.130
CT2289:335           -32.635   -55.686   -58.720    -3.296   81.333   77.298
   -55.612  -186.030  -210.948  -202.006  -168.248   -70.927   79.860  188.016
  308.814  424.908  449.299  370.742  212.598    6.648  -517.171  -926.392
  -915.344  -518.824  -156.591   -52.114   -19.394   14.428   49.677   84.017
CT2289:330           -19.488   -48.244   -78.965   -43.281   53.807   54.427
   -74.174  -194.568  -200.360  -157.824  -106.781    1.907  156.163  228.699
  201.964  173.101  231.018  534.550  859.360  665.657  -148.161  -736.918
  -739.699  -384.650  -122.749   -67.620   -22.637   24.277   48.463   64.209
CT2289:325           -25.722   -49.027   -59.531   -33.358   14.416    6.315
   -87.976  -175.962  -159.052   -60.265   25.865   86.740  153.511  186.995
   99.375    -2.454   28.818  210.831  428.570  485.350  504.270  507.625
  390.865  158.885   15.401   -18.596   -11.896    5.461   13.662   12.514
CT2289:320            -6.861   -33.264   -52.512   -44.611   -20.098   -30.186
  -107.588  -173.268  -128.605    3.014  110.111  168.348  190.924  198.300
  119.867   -59.362   -61.770   -17.289   -94.393  112.751  770.457 1144.719
 1048.902  593.499  173.773   40.283   22.581    2.902   -31.618   -63.010
CT2289:315           15.232   -13.538   -45.058   -57.360   -61.123   -72.697
  -126.435  -167.184   -96.079   62.743  172.022  299.515  436.929  473.535
  449.954  410.901  433.646  591.725  883.710  988.325 1215.141 1419.519
 1299.334  758.670  276.312  116.717   66.870    -4.821   -80.916  -152.805
CT2289:310           13.645   -15.133   -45.395   -70.102   -97.235  -102.672
   -96.698   -66.961   29.137  201.400  296.729  451.385  658.665  696.497
  573.557  421.307  438.063  567.446  677.103  785.243  914.960  944.852
  892.207  682.807  440.599  283.000  155.630   27.968   -94.134  -209.339
CT2289:305           19.575   -12.134   -44.021   -81.234  -140.830  -143.799
   -95.614   -42.639   86.300  416.558  564.160  453.310  273.216  222.936
  126.559   46.713   84.476  170.085  225.425  331.760  525.384  650.876
  626.478  493.217  362.169  250.716  140.799   21.957   -86.825  -195.046
CT2289:300           26.140    -4.840   -39.636   -97.356  -180.505  -182.585
   -71.634   53.294  137.419  281.858  314.722   53.359  -461.696  -601.068
  -418.205  -195.786  -115.151   -54.625   28.013  111.193  235.568  355.842
  368.783  311.751  246.387  170.882   91.664   11.455   -71.306  -153.368
CT2289:295           31.399    -4.601   -50.329  -120.122  -213.283  -209.649
   -65.480   83.705   98.426   28.666   -63.512  -301.455  -720.092  -828.614
  -588.924  -269.219  -175.253  -174.688  -174.093   -92.573   53.293  169.109
  201.715  185.742  168.985  128.426   64.506    5.863   -52.157  -112.693
CT2289:290           17.672   -25.427   -66.627  -132.854  -244.781  -243.388
   -51.340  135.916  105.026  -104.903  -247.828  -367.801  -469.372  -488.276
  -409.976  -252.561  -191.412  -143.839   -92.497   -44.029   10.939   75.692
  116.851  110.441  103.331   80.699   36.464    -5.473   -44.950   -84.102
CT2289:285           34.395    -8.578   -61.477  -139.994  -238.459  -224.237
   -17.260  186.975  153.798   -69.458  -210.614  -273.178  -279.130  -280.505
  -231.604  -158.308  -158.242  -202.428  -220.751  -186.815   -90.264   20.554
   89.247  112.156  126.682  107.465   48.864    -5.674   -47.827   -84.667
CT2289:280           18.799   -19.638   -61.557  -125.787  -219.923  -199.453
   13.778  218.335  189.283   -30.874  -165.692  -197.377  -166.536  -171.212
  -169.026  -178.594  -264.475  -530.966  -742.499  -706.312  -411.328  -100.843
   26.773   73.205  104.658  104.156   51.921    -0.345   -39.510   -75.372
CT2289:275            5.683   -21.375   -47.495   -90.053  -173.401  -150.729
   57.866  258.009  226.993   -19.547  -161.617  -151.300   -69.711   -80.787
  -136.491  -212.907  -365.622  -891.393 -1355.622 -1287.743  -716.189  -217.994
   -74.733   -14.224   46.280   66.029   37.272    9.531   -13.899   -42.589
CT2289:270            2.987   -40.266   -80.051  -109.437  -143.771  -101.886
  111.752  322.368  309.777  122.120   18.090    7.353   53.623   31.834
   -57.146  -174.275  -287.126  -582.717  -899.337  -867.232  -573.455  -356.561
  -242.774  -100.871   10.223   47.310   37.878   24.430   14.658    4.262
CT2289:265           13.283   -44.331  -111.294   -95.774   -27.240   35.083
  145.247  244.910  249.447  160.042   97.527  100.371  138.106  106.394
   14.013  -116.638  -133.600  173.326  512.748  439.525   64.945  -148.067
  -141.626   -83.893   -11.809   28.609   27.944   28.678   35.206   41.215
CT2289:260           -19.928   -75.401  -115.226   -84.734    -5.035   59.723
  126.352  181.531  195.527  179.056  162.834  139.781  135.529   89.532
    -1.823  -112.458  -132.146  133.307  413.085  377.838   16.091  -295.516
  -298.081  -164.987   -33.667   21.359   26.596   28.383   37.040   45.548
CT2289:255           -19.548   -76.373  -117.789   -88.984   -11.261   48.140
   95.536  140.256  161.992  166.867  162.295  116.170   55.496   -31.764
  -128.811  -206.308  -272.212  -312.500  -350.639  -369.038  -480.471  -583.637
  -511.114  -272.597   -54.502   19.704   23.108   21.517   28.237   35.880
CT2289:250            -0.977   -55.277  -116.448  -100.410   -43.211    3.815
   59.452  114.833  149.462  168.909  156.142  111.708   36.003   -93.601
  -345.825  -619.550  -740.077  -818.092  -942.983  -875.079  -691.120  -603.700
  -479.304  -238.176   -50.364   11.561    4.350    6.416   22.051   38.367
CT2289:245           -22.603   -75.070  -110.679   -92.192   -42.815    6.374
   70.616  135.449  201.218  324.031  378.599  302.775  161.653   -18.253
  -427.531  -953.378 -1147.126  -973.924  -710.321  -622.578  -430.390  -158.420
   -45.442   -69.853   -58.374   -12.729    2.742   13.202   30.323   49.128
CT2289:240            -0.635   -51.054   -99.756   -87.215   -41.880    1.348
   83.596  169.320  237.976  353.134  425.008  434.515  446.861  299.957
  -118.868  -608.611  -922.556 -1314.310 -1503.160 -1383.670  -896.354  -456.865
  -241.571  -139.995   -81.820   -37.024   -18.962    3.811   28.808   52.036
CT2289:235            2.721   -39.890   -83.612   -69.480   -27.928   12.293
   93.515  187.457  226.741  220.254  232.856  353.329  612.276  538.049
   20.805  -560.784  -939.252 -1649.971 -2140.224 -1982.677 -1150.505  -400.048
  -176.270  -141.001   -95.658   -50.498   -29.296    -0.674   26.104   54.190
CT2289:230           -20.319   -61.575   -86.321   -59.205    1.273   31.623
    7.471   -19.461    3.301   30.655   66.637  210.151  477.274  438.348
   -80.511  -850.849 -1152.103 -1430.763 -1713.355 -1553.676  -811.214  -173.018
   -34.000   -47.325   -45.884   -23.098    -7.713    9.354   28.052   47.438
CT2289:225           -17.891   -43.979   -73.693   -42.942   43.642   76.119
   -26.761  -155.285  -116.981   86.409  227.460  233.570  235.081  207.555
  151.142  119.479  141.303  386.507  695.851  678.325  319.811   10.506
   -56.146   -38.718   -25.131   -20.009    -6.389    7.699   24.711   45.960
CT2289:220           -23.013   -63.356   -87.119   -47.350   42.293   83.958
   75.552   65.413   72.414   82.199  113.842  136.511  156.633  190.941
  338.248  510.250  697.324 1372.634 2013.196 1923.171 1025.748  165.873
   -57.013   -53.371   -40.458   -41.374   -13.485    9.713   25.924   39.416
CT2289:215            -3.419   -49.593   -83.314   -44.744   40.016   93.268
  147.489  204.544  203.047   88.806   21.345   66.185  127.168  176.927
  389.876  712.516  935.914 1494.873 2013.904 1927.409 1108.699  272.846
   32.298    -0.655   -28.499   -51.974   -24.987    2.130   20.915   38.391
CT2289:210           16.598   -27.398   -79.865   -55.075   24.687   75.044
  131.071  186.596  212.015  213.110  223.564  194.011  144.047  147.466
  188.014  172.061  320.815  903.975 1295.127 1280.421  866.805  419.777
  244.873  101.274   -25.978   -67.363   -36.959   -10.532   12.038   43.217
CT2289:205           -12.715   -56.879   -83.539   -62.752   -18.377   23.167
   58.359  100.727  171.049  304.856  371.867  285.084  125.687   30.873
   -58.671   -91.667  -108.762  -184.480  -222.552  -137.469  170.054  422.098
  398.365  165.977   -47.909   -96.487   -61.256   -13.291   22.867   54.907
CT2289:200            5.929   -23.311   -59.516   -40.952    4.732   53.413
   82.589  117.703  257.653  534.468  534.987  485.532  129.728  -122.539
  -260.461  -472.553  -636.144  -941.955 -1236.902 -1110.104  -422.609  170.046
  277.760   88.929   -87.469  -107.769   -55.701    -4.712   28.039   64.073
CT2289:195           -14.192   -36.376   -51.600   -25.743   19.874   73.706
  142.239  214.426  427.295 1246.980 1796.766 1264.212  414.093  153.314
  -123.342  -299.843  -486.988  -906.205 -1180.169 -1117.150  -606.205   -12.758
  159.925   44.057   -81.746   -94.601   -62.598   -16.844   22.423   57.997
CT2289:190           -28.092   -42.185   -46.603   -19.596   23.608   77.179
  185.890  310.354  338.350  170.238   -86.108  -177.538  -596.996  -839.923
  -513.417   -99.417  -210.185  -900.986 -1620.139 -1586.877  -880.186  -216.322
   -15.302   -44.398   -79.467   -59.093   -34.577    -7.752   15.367   37.655
CT2289:185           -13.033   -22.599   -37.453   -15.798   27.331   69.568
  166.024  282.932  210.616  -159.683  -384.445  -486.816  -501.623  -461.164
  -273.659   83.240   12.853  -587.451 -1084.710 -1157.314  -871.125  -446.049
  -276.805  -154.143   -57.197   -17.161   -12.999    -5.469    0.285    1.614
CT2289:180           -19.203   -21.921   -22.154    -4.417   24.738   62.910
  125.826  185.812  130.969   -62.530  -180.863  -247.744  -224.712  -137.878
  108.489  522.001  514.861  -171.619 -1055.422 -1131.334  -667.540  -371.307
  -279.452  -145.524   -23.045   20.210    9.700    -3.442    -3.107    3.378
CT2289:175            -5.976    -7.362   -12.403    0.828   20.025   55.558
  116.445  158.331  141.937   64.157   -21.650   -43.069   -62.005    0.748
  262.161  530.417  639.024 1033.190 1538.873 1311.665  419.184  -143.882
  -210.732  -109.600    -6.394   33.982   24.601   12.276   12.900   13.645
CT2289:170            1.906    -5.484   -18.086   -10.730    -5.167   26.244
  126.505  216.707  216.129  161.187   98.913   56.867   -12.576   35.727
  279.862  573.583  725.839 1229.789 1852.061 1620.283  558.758  -202.309
  -311.066  -162.951   -31.903   13.550   18.394   14.852   14.378   10.824
CT2289:165           -10.883   -22.989   -29.211   -20.089    -8.714   32.119
  188.937  376.095  374.114  216.679  117.772   73.815   -14.949    9.892
  232.808  527.679  660.791  675.604  472.371  335.913   32.070  -422.704
  -528.326  -279.438   -24.660   43.480   34.438   17.840   11.226    3.575
CT2289:160            -0.624   -20.707   -37.480   -37.081   -30.129    -7.359
   76.579  165.106  163.629   51.203   -49.345   -24.245   80.776  161.932
  197.114  199.771  278.589  473.538  700.550  588.625   60.167  -426.887
  -541.319  -313.328   -44.439   30.945   20.425    4.882    -0.832    -4.069
CT2289:155            4.905   -17.988   -45.900   -54.079   -48.504   -43.682
   -33.425   -16.991   -27.294  -100.451  -148.099   -79.158  118.153  224.452
  181.696   57.271  107.197  421.126  825.617  805.836  283.893  -318.663
  -468.423  -273.268   -44.644   14.981   12.652    1.837    -4.974    -4.968
CT2289:150            0.221   -25.057   -46.351   -51.929   -39.152   -38.730
   -79.253  -136.690  -146.202  -132.400   -91.678   -32.177   82.868  130.289
   69.399   -61.830   -20.764  319.119  799.095  855.730  459.274   -66.008
  -221.405  -138.243   -22.914    3.698    2.486    -3.860    -8.846   -15.579
CT2289:145            -4.074   -18.546   -33.180   -39.507   -38.508   -51.672
  -114.452  -200.574  -192.074   -75.432   39.083   75.185   54.760    4.493
   -79.484  -246.502  -246.305   44.789  500.295  619.497  452.043  239.165
  137.446   60.505    2.254    -7.858    -2.565    -3.487   -13.032   -29.305
CT2289:140           -12.837   -22.344   -34.735   -45.259   -52.069   -70.987
  -123.741  -191.990  -155.160   53.057  216.420  213.772   83.983   -11.688
  -125.647  -303.249  -319.981  -164.970   33.264  129.710  172.403  176.347
  134.601   60.692   14.145    -9.941   -15.705   -20.664   -25.442   -27.711
CT2289:135           -58.305   -53.710   -45.929   -49.820   -60.841   -78.400
  -128.214  -184.046  -147.166   57.205  227.535  161.456   10.909   -64.110
  -160.808  -278.941  -295.555  -214.887   -77.247   18.698   23.843   -11.451
    0.948   16.299   10.325   -24.491   -30.505   -22.089   -20.910   -21.829
CT2289:130           -93.755   -85.845   -68.299   -72.913   -90.165  -106.567
  -146.088  -180.203  -162.927  -188.332  -233.890  -205.019  -164.092  -202.943
  -251.788  -281.639  -291.985  -255.840  -155.340   -26.954  187.193  381.003
  412.023  227.880   26.073   -45.021   -28.211    -9.808   -11.095   -10.163
CT2289:125           -68.658   -58.039   -51.047   -60.582   -84.778  -105.020
  -146.251  -182.750  -127.400   20.335  105.009   27.715  -180.179  -337.577
  -350.553  -329.686  -354.647  -434.705  -526.803  -350.721  323.619 1026.372
 1080.379  578.120   72.959   -64.498   -55.373   -24.003   -13.240    -9.164
CT2289:120           -48.157   -45.987   -43.809   -51.411   -78.097   -98.499
  -140.811  -186.452   10.076  639.306  886.156  700.673   53.314  -318.317
  -365.038  -246.772  -237.300  -466.251  -733.176  -589.387   76.328  817.289
  947.603  564.245  104.739   -34.373   -29.868   -12.077   -16.690   -32.623
CT2289:115           -40.474   -40.069   -40.590   -49.572   -75.484   -97.410
  -131.249  -164.776  111.109 1363.366 2304.803 1559.426  -263.234  -835.953
  -744.146  -250.586  -104.682  -387.104  -858.741  -788.150  -168.850  471.008
  591.570  405.119  197.338   94.281   35.145    -9.048   -53.618  -100.304
CT2289:110           -30.102   -35.568   -46.507   -61.342   -80.560  -104.026
  -145.740  -178.569  -133.466   72.165   79.459  -321.626 -1637.243 -2239.299
-1391.862  -198.903   98.941   73.643   -65.216   -22.141   43.792  128.543
  163.578  201.357  241.894  201.466  109.794   10.846   -80.793  -163.416
CT2289:105           -36.273   -55.209   -69.933   -92.505  -113.246  -145.664
  -207.091  -257.529  -337.080  -703.675 -1005.340 -1002.314  -747.298  -610.848
  -491.407   -25.382  216.686  421.717  633.918  688.958  345.159    -3.141
   -19.699  123.676  243.980  211.626  100.979    -5.979   -94.598  -183.981
CT2289:100           -33.724   -50.842   -62.910   -89.368  -120.735  -161.623
  -235.941  -307.547  -385.648  -571.252  -650.993  -577.385  -133.421    5.406
  -361.948  -754.081  -648.370  -151.102  649.240  850.751  549.631  233.606
  181.947  211.336  266.966  233.850  134.485   18.308   -87.290  -188.674
CT2289:095           -50.370   -54.478   -49.952   -74.535  -116.610  -154.641
  -241.930  -345.408  -362.719  -298.369  -234.000  -205.785   -84.209  -151.306
  -984.705 -2732.375 -2985.655 -1519.186  -107.981  246.565  329.931  304.175
  297.158  310.094  321.537  267.784  150.931   29.888   -82.799  -202.886
CT2289:090            -9.624   -22.359   -42.293   -80.396  -135.234  -170.301
  -214.734  -266.781  -230.034   -50.971   70.328   51.566   -43.294  -155.021
  -488.379  -946.045  -959.078  -581.027  155.354  419.695  387.835  337.857
  330.348  341.851  345.073  286.603  169.142   36.128   -84.533  -199.564
CT2289:085            9.317   -11.651   -38.046   -76.171  -152.306  -186.908
  -130.765   -28.915   50.635  206.268  316.468  258.333    3.519  -109.886
  231.948  997.623 1242.763  872.274  458.646  391.920  360.029  308.379
  290.699  305.960  307.776  252.146  134.347   17.221   -81.424  -178.049
CT2289:080            5.713   -12.789   -34.026   -71.511  -140.363  -161.544
   -66.578   88.902  185.787  311.216  392.758  345.993   97.081   21.353
  491.845 1437.324 1726.422 1330.615  576.876  313.095  259.678  237.015
  217.603  243.829  264.027  224.343  132.880   28.670   -67.762  -160.678
CT2289:075           11.801   -14.500   -39.654   -65.212  -118.562  -130.465
   -42.226   94.854  181.318  279.796  358.705  323.956  128.465   95.513
  419.145 1004.509 1176.549  951.280  449.272  245.087  188.337  159.342
  137.690  182.887  237.449  213.284  126.142   34.167   -52.938  -146.908
CT2289:070           15.779   -14.709   -48.750   -77.778  -111.537  -104.286
   -17.587   91.969  150.908  170.385  153.952  150.819   97.879  117.473
  295.508  540.078  616.982  633.008  493.674  371.171  223.954   91.609
   59.340  126.102  199.802  185.747  111.088   26.572   -48.077  -123.666
CT2289:065           16.213   -11.731   -43.018   -60.378   -91.476   -79.575
   25.267  177.131  230.644  195.691  172.726  153.030  113.236  119.980
  243.477  525.364  621.880  550.724  500.124  430.149  238.343   49.027
   19.090   87.292  158.307  146.536   71.248    -1.388   -51.044   -92.920
CT2289:060            1.217   -37.607   -71.304   -87.550  -100.521   -75.933
   31.474  177.405  234.757  222.394  203.587  163.649   96.374   44.895
    2.657   -49.426   -64.882    9.059  135.992  159.398   75.824    4.592
    5.995   63.770  128.724  128.363   77.599   22.143   -21.934   -63.368
CT2289:055            2.296   -38.135   -85.538   -97.419   -89.534   -51.718
   57.847  204.070  273.871  292.419  270.295  212.579  111.018   -10.857
  -287.083  -677.694  -753.977  -678.396  -432.116  -298.140  -161.599   -31.960
   16.166   63.658  121.531  122.729   81.249   35.013   -11.077   -62.514
CT2289:050           -18.352   -73.802  -129.649  -132.974   -92.160   -26.431
  126.801  328.562  414.705  459.320  478.055  370.718  161.740    -5.005
  -459.689 -1383.040 -1612.570 -1000.051  -255.588   -55.612   10.385   19.223
   32.567   66.806  113.038  111.812   66.633   17.380   -25.382   -69.802
CT2289:045           -54.650  -112.686  -151.070  -136.395   -86.262   -15.823
  156.721  408.230  480.100  406.429  330.308  259.364  135.461   43.882
   -32.445  -189.866  -259.374   41.000  578.727  668.319  353.414   64.091
   32.714   74.101  107.823  104.121   65.644   16.693   -27.710   -72.097
CT2289:040           -38.714   -76.090  -129.832  -121.674   -66.644    -4.970
  125.265  283.526  318.282  212.009   80.215   61.133   55.776   58.781
  501.896 1594.384 1863.842  948.424   -90.319  -271.882  -107.127    9.933
   31.740   75.485  115.325  114.987   73.866   29.118   -11.770   -58.988
CT2289:035           -35.262   -60.586   -85.674   -74.835   -41.746   10.866
  110.117  235.483  264.981  199.882  143.187  102.537   34.784   53.764
  333.353  832.976  911.233  445.319  -427.266  -645.668  -376.331   -90.335
   -25.757   26.751   73.022   83.180   50.283   12.326   -16.762   -44.947
CT2289:030           -34.059   -59.784   -76.215   -61.305   -23.635   18.804
   87.292  172.749  184.696  130.970   94.540   54.193   -13.828   12.831
  135.369  235.952  196.250  148.431   -73.108  -203.066  -247.790  -189.853
  -151.930   -66.667   26.803   67.599   50.467   21.277    1.784   -17.325
CT2289:025            -5.813   -26.327   -59.296   -52.185    -5.749   34.660
   84.551  147.694  142.344    2.373  -126.434  -132.602   -86.014   -48.704
   40.089  221.789  260.265  160.623   72.592   -22.316  -202.200  -370.058
  -359.034  -181.801    -0.384   60.527   53.549   40.835   33.125   14.447
CT2289:020           -20.625   -35.989   -48.674   -39.098   -17.829   12.468
   71.207  152.657  152.818   15.483   -87.828  -103.144   -41.642   -10.592
    -8.030   63.501   77.998   30.082    -0.240   -66.686  -239.276  -457.357
  -458.507  -266.596   -31.516   55.058   51.503   31.110   23.543   16.496
CT2289:015           -29.299   -38.627   -42.803   -28.787    -5.913   27.690
   82.570  153.885  174.690  118.182   56.908   49.715   76.841   41.444
  -106.357  -335.606  -424.049  -330.702   -82.676   -75.819  -319.701  -573.289
  -562.978  -343.454   -68.091   38.200   30.874   10.676    7.712    4.312
CT2289:010           -20.665   -25.464   -40.549   -23.540   15.345   50.804
  103.471  159.720  204.315  307.474  348.014  343.713  243.620  101.588
  -153.176  -711.411  -942.776  -729.332  -420.333  -402.074  -546.426  -691.323
  -638.594  -372.215   -87.566    9.209    8.032    1.021    3.129    -6.594
CT2289:005           -38.984   -52.433   -55.462    -9.724   95.591  166.808
  177.525  157.297  190.688  419.668  677.636  650.516  521.591  486.025
  264.903  -134.710  -315.975  -465.362  -603.652  -658.935  -595.282  -497.457
  -425.713  -268.782   -73.755   13.688   15.513    2.088    3.200    6.412
CT2290:360           -34.537   -40.752   -44.897    -4.012  116.762  196.578
  168.686   85.491   29.983  -116.332  -273.980  -201.399   73.861  207.651
  302.892  440.245  413.839  169.867  -192.800  -346.781  -357.855  -325.865
  -282.786  -172.544   -51.536    7.584    6.232    0.406    8.378   17.170
