
filled_synop: 30 data points in equal steps of sine latitude from +14.5/15 to  -14.5/15

CT2246:360           74.816   60.611   43.780   28.329   11.678    -2.521
   -15.634   -30.812   -55.453   -92.745  -114.560   -99.063   -97.995   -22.902
   19.005   13.317    2.711   24.237   72.380   94.883   97.979   71.127
   29.008   14.138   17.318   13.465    2.203   -13.476   -28.799   -44.701
CT2246:355           73.888   62.281   48.275   35.198   21.875   10.951
    5.916   15.096   17.112    8.123    5.510    4.355    -0.908   -15.675
    -9.614    -2.468    -4.053    4.594   15.898   22.038   16.138   -14.223
   -40.602   -42.506   -12.916    8.666    4.127   -10.400   -24.686   -39.768
CT2246:350           69.616   52.820   36.266   25.187   19.777   14.967
   16.981   23.813   31.279   44.491   64.717   65.274   49.480   12.740
    1.794    8.298   14.805   15.025   12.534   13.496    0.553   -39.352
   -60.618   -56.185   -17.904   10.387    6.040    -9.735   -25.936   -43.481
CT2246:345           74.016   48.344   20.838    5.941    8.568   13.397
   21.526   24.600   31.009   67.057  120.221  124.707   98.084   47.235
   25.678   27.022   37.488   29.157    0.632   -17.313   -24.190   -40.354
   -48.069   -39.007    -9.890    6.869    -2.954   -25.105   -43.065   -60.861
CT2246:340           67.385   38.915   15.292    3.595    1.720    3.858
   23.410   66.622   96.365  131.856  187.910  193.242  134.896   51.355
   20.278   14.976   14.017    3.581   -25.704   -49.190   -42.011    -1.768
   29.014   30.775   17.268    6.146    -8.947   -30.131   -49.063   -66.252
CT2246:335           80.688   52.722   20.470    2.904    1.009    5.669
   38.525  110.357  149.416  165.293  177.115  169.638  100.459   19.452
    -9.147   -11.031   -11.583   -20.095   -43.774   -63.929   -47.598   22.763
   70.688   69.487   28.112    -4.526   -20.805   -36.664   -52.079   -67.193
CT2246:330           86.433   59.668   25.309    7.149    4.923    4.254
   35.471  134.298  192.011  168.538   71.590   23.053   22.410   -14.693
   -36.990   -22.787    -6.760   -13.255   -36.801   -50.277   -33.967   32.001
   77.298   75.648   43.043   19.325    0.039   -24.333   -46.550   -69.877
CT2246:325           86.874   62.348   36.436   20.590   12.030    6.237
   10.087   21.104   30.765   62.833  148.545  175.012   88.392    7.778
   -11.521   -13.394    -9.304   -12.107   -18.609   -20.319   -16.721   -14.986
   -12.756    -0.028   26.638   37.473   18.615   -16.690   -52.854   -87.581
CT2246:320          107.275   74.429   34.682    8.403    0.543    -8.290
   -38.208  -115.920  -149.981  -125.707   -97.926   -92.525   -35.931    -1.361
    -1.764   -19.266   -39.017   -35.926   -10.988    4.083    -0.491   -30.447
   -46.315   -34.931    3.512   21.438    2.880   -33.240   -65.320   -96.465
CT2246:315           76.536   53.570   33.104   15.967    5.160    -9.044
   -44.180  -112.772  -142.342  -129.605   -82.595   -57.664   -36.351    -8.102
    -2.569   -11.148   -14.991   -13.847    -6.561    -1.346    -2.396   -11.958
   -15.790   -11.948    3.586   13.089    -2.391   -32.457   -58.872   -83.615
CT2246:310           64.583   53.980   45.645   33.408   17.011    -3.158
   -34.523   -87.772  -112.226   -99.809   -54.647   -30.756   -27.085   -18.759
   -13.809   -12.462   -10.260    -8.444    -1.311    7.552    6.743    0.408
    0.139    2.462    6.180    5.873    -8.656   -32.173   -54.059   -74.918
CT2246:305           65.059   60.393   60.499   51.656   32.384   13.352
   -11.724   -58.505   -77.811   -65.560   -35.054   -23.493   -27.148   -41.761
   -40.203   -18.177    -2.347    -2.637   -17.437   -32.421   -21.678    5.800
   18.909   20.578   16.492   10.494    -6.356   -31.899   -52.842   -71.902
CT2246:300           76.847   57.278   38.278   23.410   13.341    2.170
   -10.648   -34.320   -47.587   -28.810    6.677   13.863    1.558   -14.011
   -17.543   -10.759    -0.927    -3.825   -16.816   -21.006   -13.077   13.292
   33.012   35.564   28.721   19.605    3.924   -18.428   -40.052   -60.564
CT2246:295           91.044   65.489   34.702   13.756    3.261    -4.524
    5.794   45.771   65.246   59.796   47.477   39.207   22.536    3.704
    -5.629   -17.038   -30.456   -35.473   -42.087   -46.199   -33.543    0.786
   24.857   29.661   23.587   16.007    3.556   -13.832   -32.324   -51.861
CT2246:290           94.159   65.139   36.680   18.185    4.568    -3.426
   24.749  105.173  138.122  110.137   34.664    3.874    6.620   11.316
    2.811   -20.928   -42.979   -51.076   -57.434   -59.553   -45.510    -7.406
   16.669   21.209   12.723    2.828    -9.759   -25.288   -39.102   -53.162
CT2246:285          103.328   73.221   42.508   23.312   13.124    4.182
   20.580   84.763  114.138   79.507   18.399    -2.765    -8.837   -12.426
   -18.955   -31.517   -45.764   -50.686   -48.144   -45.706   -37.404    -8.226
   10.848   14.077    4.870    -2.288   -11.724   -28.985   -44.469   -56.778
CT2246:280          115.484   86.239   51.599   30.924   36.473   39.561
   19.330   -39.870   -67.474   -48.798   -15.504   -11.633   -22.527   -33.877
   -35.760   -22.776   -11.551   -20.042   -38.960   -51.606   -53.573   -46.928
   -39.246   -33.299   -24.183   -17.994   -22.556   -34.787   -45.496   -56.951
CT2246:275          100.109   71.415   46.252   29.563   23.389   15.264
    -9.034   -60.326   -81.441   -69.496   -34.371   -23.927   -19.140   -13.748
   -13.273   -11.019   -10.137   -21.329   -47.666   -69.534   -90.834  -127.302
  -139.817  -119.056   -62.375   -22.558   -17.921   -24.812   -28.435   -33.365
CT2246:270          102.409   74.322   45.353   25.269   12.117    0.398
   -13.753   -38.601   -50.746   -41.606   -21.891   -16.627   -11.862    -5.595
    -3.721    0.323    1.759   -14.450   -59.239   -97.296  -121.076  -170.379
  -195.953  -164.996   -76.088   -22.061   -12.896   -17.988   -22.687   -28.960
CT2246:265          103.002   76.802   45.574   23.588    5.173    -9.043
    -2.627   29.445   38.870   22.304    -8.062   -15.285    -6.550    5.535
    7.658    7.299    3.386    -6.291   -23.326   -41.663   -66.178  -100.118
  -109.066   -96.972   -55.006   -23.525   -20.258   -31.957   -36.671   -41.753
CT2246:260           96.545   72.926   47.450   25.746    1.113   -14.823
    1.518   61.286   83.790   53.808    3.145   -10.892   -12.687   -13.177
    -9.929    6.095   16.476   10.312    2.534   -11.061   -28.015   -55.454
   -70.216   -56.741   -21.665    -0.113    -4.262   -25.241   -43.742   -57.091
CT2246:255           98.243   72.633   43.326   22.831    5.986    -7.275
    -5.142    3.970    4.493    8.637    7.730    1.584   -13.189   -25.900
   -22.479    2.657   14.162    2.199   -25.522   -47.291   -57.039   -59.762
   -59.987   -44.070   -18.222    -7.325   -17.445   -41.806   -57.965   -67.390
CT2246:250          107.834   73.831   36.381   14.122    5.463    -2.147
    -5.168   -11.403   -14.443    -1.436   15.144   14.375    -0.743   -11.317
    -9.134   11.921   20.686    -2.291   -66.237  -109.282  -106.238   -66.092
   -42.087   -31.816   -27.048   -24.559   -28.130   -37.092   -44.683   -51.613
CT2246:245           87.853   57.021   28.379   10.542    4.392    0.056
    0.512    8.068   12.430    8.089    1.168    -1.262    -4.532    -8.927
    -4.035   29.780   48.433    0.739  -136.311  -210.162  -195.465   -98.086
   -38.031   -30.009   -41.768   -43.046   -39.375   -31.940   -26.030   -25.150
CT2246:240           83.961   58.427   31.098   11.033    -6.675   -19.614
   -15.542    1.287    5.081    2.361    -9.674   -10.563    2.329   16.457
   19.292   23.969   18.661   -26.367  -166.452  -245.384  -218.423  -109.857
   -54.553   -46.912   -56.230   -56.495   -48.218   -31.826   -20.992   -15.565
CT2246:235           72.886   47.648   23.689    3.973   -15.913   -28.994
   -20.629   10.370   21.430   13.029    -0.006    1.027    9.956   19.782
   22.058   17.148    9.964    -3.423   -45.693   -76.873   -69.783   -36.903
   -19.522   -21.036   -28.625   -32.730   -34.686   -33.596   -34.536   -36.044
CT2246:230           73.292   46.811   20.564    0.601   -17.211   -31.109
   -29.332   -10.584    -2.540    -7.847   -18.978   -16.005    2.168   18.484
   20.861    7.777    0.924   30.971  144.255  216.025  188.187   97.233
   47.645   28.469    1.914   -20.694   -32.694   -39.389   -45.724   -50.861
CT2246:225           81.811   52.993   22.887    0.893   -17.693   -32.595
   -44.433   -48.470   -44.055   -47.270   -35.080   -25.515    -9.598   10.910
   12.594    -7.983   -15.342   30.466  172.886  252.266  234.062  153.712
  108.788   83.482   40.487    9.275    -8.434   -24.053   -40.182   -56.079
CT2246:220           73.787   42.208   11.912    -8.717   -21.136   -28.167
   -52.576  -113.564  -131.606   -98.072   -44.721   -34.014   -30.946   -25.933
   -22.337   -18.687   -12.698    -0.398   10.201   13.882   46.056   97.729
  109.608   86.281   39.620    6.358   -11.594   -26.527   -42.215   -56.779
CT2246:215           76.371   38.272    -2.263   -21.530   -22.249   -14.493
    9.673   36.920   41.627   31.495    -5.880   -23.343   -11.332    -2.422
    -5.458    -7.488    -7.657   -13.909   -36.132   -37.623   -23.500   11.284
   27.552   20.484    -2.018   -18.897   -27.644   -31.577   -39.087   -47.841
CT2246:210           81.565   41.528    1.346   -16.047   -24.388   -15.937
   69.410  252.901  311.548  214.993   74.937   32.365   24.278   20.811
   11.721    5.067    2.251    -5.751   -28.358   -33.252   -21.355    5.223
   17.661   13.637    -0.179   -12.167   -21.186   -26.220   -35.152   -46.795
CT2246:205           99.015   54.547    7.392   -16.664   -31.689   -17.791
   91.343  306.728  377.331  285.190  149.028   96.898   56.140   22.909
   11.520   11.047    6.558    3.163    2.089    5.820    8.918   18.233
   25.288   18.217    2.954    -7.858   -18.170   -25.692   -34.376   -45.715
CT2246:200          115.783   76.891   26.622    2.753   -23.691   -21.481
   46.520  148.250  172.150  159.626  100.153   59.446   39.726   28.605
   19.286   17.829   15.644   13.734   10.855   12.385   19.613   34.348
   39.233   31.270   10.763    -4.174   -16.509   -26.458   -36.640   -47.654
CT2246:195           90.419   56.471   23.239    5.465   -10.617    -0.253
   81.112  247.033  299.174  194.975   48.414    0.772    6.201   11.429
   10.104   21.733   28.544   21.784    -1.512    -8.622    9.874   56.185
   76.085   62.099   28.594    4.579   -13.410   -30.006   -46.912   -62.868
CT2246:190           76.471   49.800   24.329   11.149    2.648   12.523
   85.867  217.327  253.315  170.314   41.726    -2.940    -0.582    6.015
    8.739   18.110   22.314   19.852    -5.909   -20.267   15.024   74.566
   90.876   72.440   34.198    7.986   -14.321   -36.371   -54.676   -70.288
CT2246:185           83.832   59.665   32.285   22.803   28.221   37.861
   77.412  156.454  170.514  116.186   55.045   31.186    8.256    4.500
    9.620    9.180    5.457   39.591  153.395  228.456  179.214   96.696
   69.852   56.794   24.369    -1.049   -13.915   -20.864   -37.866   -61.529
CT2246:180           74.152   47.238   25.316   18.564   26.584   30.061
   27.534   20.672    7.210   -33.705   -88.920   -89.819   -31.076   17.167
   28.476   27.161   30.862   38.605   42.583   39.870   62.938   86.651
   88.574   71.202   42.867   20.403    -0.166   -21.373   -44.387   -68.796
CT2246:175           79.111   55.835   32.276   20.750   34.198   30.649
   -23.885  -122.654  -156.177  -138.084   -99.381   -76.159   -33.735    7.071
   19.105   17.445   18.326   12.660    -4.409    -5.204    9.660   43.279
   56.466   52.205   38.745   23.752    0.110   -28.829   -54.471   -78.979
CT2246:170           86.083   53.830   27.200   18.234   36.456   31.300
   -40.577  -174.745  -219.156  -166.828   -75.710   -40.233   -20.238    -0.666
    8.873    7.376    6.386    0.511   -17.972   -22.688    -9.101   23.053
   39.661   38.163   29.571   17.756    -3.182   -27.603   -49.822   -71.315
CT2246:165          107.606   65.630   23.513    4.534   23.052   19.389
   -50.046  -184.878  -227.432  -159.721   -53.153   -13.774    -7.140    -3.760
    1.222    0.866    0.845    -2.398   -12.268   -14.650    -7.190   12.253
   24.573   25.436   22.819   16.495    -3.020   -27.568   -49.939   -73.249
CT2246:160          115.786   67.603   16.200    -6.690    3.009    -6.255
   -62.827  -161.990  -186.209  -119.631   -20.718   13.760    6.654    -5.963
    -3.495    5.325   10.134    8.732    2.759    0.420    1.798    4.040
    7.874   12.916   22.389   20.505    1.229   -25.865   -51.230   -75.475
CT2246:155           95.936   41.616    -4.538   -29.489   -21.003   -26.819
   -65.268  -125.145  -132.707   -62.694   25.015   47.996   25.280    4.683
    2.720   11.303   18.206   15.747    5.389    2.066    3.326    8.551
   12.873   21.123   35.659   34.491    8.973   -25.833   -52.194   -75.846
CT2246:150           95.336   50.333   10.463   -11.712   -18.729   -31.248
   -52.905   -83.016   -78.605   -17.579   50.338   61.484   22.327   -13.027
   -13.340    3.567   13.034   10.940    -3.330   -12.661    -2.953   13.756
   17.591   29.803   48.936   46.677   29.102    -5.761   -40.145   -68.074
CT2246:145           97.531   64.233   28.768    2.225   -22.412   -39.657
   -44.494   -46.145   -37.155    4.528   47.733   50.074   12.649    -9.554
   -13.784    -6.932    0.251    6.352   22.436   27.991   16.166    9.028
    7.424   11.286   38.676   42.539   25.389    -5.347   -28.999   -42.826
CT2246:140           84.076   58.923   34.663    7.397   -28.697   -49.662
   -35.695    0.589   13.199   13.494   12.009    8.606   -18.564   -44.280
   -37.474    -9.572    2.174    5.688    8.945    3.048   -24.867   -89.426
  -122.971  -132.116  -136.941  -131.100  -110.070   -62.851    -2.778   48.655
CT2246:135           73.704   56.652   40.233   26.834   13.920    3.245
    -1.903    -6.588    -7.255    -3.708    -4.278    -3.309    4.007   12.550
   11.971   16.994   21.517   17.197    6.514    -2.162   -18.684   -34.648
   -52.010  -137.177  -303.700  -331.022  -228.641   -64.831   41.410  115.760
CT2246:130           74.445   55.032   37.774   29.784   32.132   27.875
   14.610    -3.902    -9.249    -2.094    4.315    6.750   11.613   13.810
   16.275   18.342   18.462   10.943    -8.748   -18.795   -10.877   13.889
   14.351   -11.318   -46.089   -53.635   -34.309    -0.985   19.701   40.000
CT2246:125           82.959   61.055   40.095   31.036   33.658   30.572
   15.064   -10.302   -21.708    -7.998   16.548   15.669    -2.800    -9.756
    -3.037    4.068    5.045    0.277   -13.734   -18.939    -5.580   21.533
   37.743   72.221  127.655  135.148   83.648    8.323   -32.167   -59.759
CT2246:120           86.337   63.809   38.684   25.973   25.189   23.262
   23.501   27.042   13.187   -41.060  -107.028  -108.839   -56.682   -19.134
    -6.950    3.597   10.633    8.659    3.975    3.340    6.393    7.590
   19.176   74.086  172.059  192.068  141.467   49.016   -36.652  -109.421
CT2246:115           84.127   61.345   38.774   27.638   22.064   18.880
   33.926   75.455   70.172   -23.796  -121.844  -131.135   -67.610    -9.428
    6.241   14.034   19.545   16.315    7.599    5.453    9.220   15.713
   31.266   73.475  150.864  170.671  113.603   24.366   -48.460  -118.116
CT2246:110           80.839   63.022   42.066   30.369   25.484   25.787
   35.303   51.301   45.961    1.621   -54.527   -64.020   -22.317   14.404
   21.226   18.046   15.574    8.941    -9.466   -17.905    -5.493   17.208
   34.150   54.792   81.973   85.037   51.325    -0.298   -45.939   -90.752
CT2246:105           73.426   54.413   37.940   30.339   23.697   25.872
   52.063   92.013   96.631   64.305   34.224   17.641   19.896   27.166
   24.815   19.450   14.437    9.473    2.263    1.158    8.384   25.756
   37.795   43.594   47.403   44.664   19.552    -8.316   -36.305   -70.346
CT2246:100           71.376   56.749   42.025   28.937   16.546   32.218
   88.924  189.931  218.943  135.411   67.814   39.967   40.350   36.960
   26.663   25.859   21.584   13.182    -2.042    -7.895    3.875   22.339
   30.439   34.281   33.858   28.790    9.805   -15.438   -42.072   -73.183
CT2246:095           71.349   63.028   52.933   46.135   15.651   30.233
  122.238  166.269  181.415  231.459  160.995  119.826   88.171   45.488
   24.586   28.139   22.958   16.554   10.866    6.048    8.388   10.919
   13.310   28.147   44.149   41.145   11.559   -28.696   -59.789   -91.408
CT2246:090           77.483   60.520   44.019   33.076    5.326   24.700
  275.468  726.063  828.501  603.929  418.534  338.190  160.139   41.888
   12.250   21.450   16.352    9.692    5.676    -4.117    -8.009    -7.412
    -5.378   13.634   38.935   43.177   13.564   -32.573   -68.710   -99.704
CT2246:085           99.479   72.175   40.584   24.900   11.543    8.973
  131.291  361.746  451.744  443.399  434.817  385.871  170.585   22.275
    -5.847   14.002   12.098    -6.184   -26.514   -50.901   -75.738  -102.360
  -103.779   -68.000    -4.577   28.977    7.510   -42.214   -74.077   -98.167
CT2246:080          118.026   75.936   28.112    4.836   16.237    -9.578
  -211.216  -570.658  -577.902  -132.241  226.497  261.217  128.314   30.233
    1.345    -3.621   -18.199   -39.071   -57.927   -90.993  -181.428  -299.598
  -312.490  -231.466   -65.425    2.500    -6.964   -37.763   -59.141   -86.060
CT2246:075           80.388   49.691   28.364   20.435   46.973    1.937
  -322.366  -817.005  -856.721  -404.399   46.754  125.806   52.332    8.848
    -5.083    -4.151   -11.351   -43.086   -92.859  -144.834  -272.037  -510.837
  -560.784  -391.831   -97.582   25.632   16.467   -24.103   -52.621   -84.438
CT2246:070           73.161   45.927   24.386   36.808   99.313   72.179
  -149.656  -439.702  -489.002  -317.056   -80.952    -3.502   -19.779   -27.655
   -16.271    5.788    8.048   -13.296   -36.855   -71.523  -124.794  -182.248
  -189.085  -130.104    -9.961   43.706   27.591   -15.688   -47.948   -78.556
CT2246:065           54.190   25.752    8.142   22.983  114.800  116.160
   -42.359  -277.888  -344.486  -270.601  -179.683  -119.325   -48.109    6.153
   21.665   27.458   16.457    0.709   -33.885   -74.693   -71.931   -56.228
   -37.111   -19.091   10.472   35.531   19.090   -17.106   -44.137   -73.348
CT2246:060           62.072   34.633   19.295   49.079  116.749  112.617
   -18.490  -213.117  -269.709  -227.949  -175.830  -131.297   -57.252    -1.347
   24.845   67.004   64.626    -7.388   -63.867   -69.092  -153.002  -178.909
  -139.766   -79.685    5.256   31.116    9.109   -21.381   -48.082   -75.337
CT2246:055           69.759   45.842   18.494   21.598   72.553   72.900
   -15.344  -144.554  -179.167  -153.449  -122.496   -95.301   -57.087   -29.218
    -1.070   51.898   40.303  -162.431  -631.591  -761.400  -488.835  -161.277
   -64.691   -12.566   10.832    7.092   -20.765   -45.639   -66.091   -86.601
CT2246:050           58.243   41.562   30.653   26.110   23.135    8.181
   -22.923   -61.174   -77.999   -59.683   -31.448   -21.703   -18.909    -8.925
    3.968   31.260   20.624   -78.217  -225.491  -223.697   -49.513  365.471
  511.048  376.052  139.983   39.971    -1.617   -33.381   -67.166   -95.648
CT2246:045           57.969   44.077   29.903   19.855   10.230    5.112
    5.511   11.232    8.872    3.664    -0.259    0.536    5.381    9.379
    8.506    -0.952   -13.072    9.227   68.099  124.933  255.274  456.140
  516.462  410.067  169.643   57.418   15.457   -18.577   -57.387   -92.086
CT2246:040           59.073   43.008   26.603   14.669    4.441   10.766
   52.187  111.267  119.915   71.881   12.554    -4.452    7.457   15.258
    7.090   -13.818   -21.454   15.803   84.323  133.106  219.835  304.807
  321.988  257.085  129.463   55.167   15.144   -14.835   -46.330   -78.004
CT2246:035           56.023   40.047   23.511   13.179    -1.495    9.377
  107.548  248.057  269.079  161.726   32.092    -3.944    1.128    -0.098
    -9.890   -21.750   -27.208   -12.511   14.378   38.776   76.468  108.503
  121.072  106.592   67.829   39.656   16.290    -4.765   -30.183   -58.114
CT2246:030           54.052   38.428   21.560   10.629    -4.373    4.438
  128.268  332.454  364.990  221.470   80.735   51.234   32.495    3.468
   -11.921   -18.714   -29.139   -46.505   -67.328   -62.289   -41.369    5.641
   30.997   33.092   35.929   31.451   18.029    4.494   -12.850   -33.871
CT2246:025           48.900   39.056   28.699   17.517    2.695    3.060
   13.392   26.342   53.196  135.593  196.682  173.035   74.149   15.433
    -3.207   -12.615   -26.879   -77.695  -160.739  -182.351  -154.221   -87.475
   -49.172   -17.830   26.550   41.166   17.737   -12.581   -34.222   -55.728
CT2246:020           39.672   37.850   38.225   24.853    2.556   -17.293
   -81.382  -172.824  -172.261   -24.702  100.151   88.220    9.215   -26.725
   -24.083   -19.820   -32.241   -77.888  -169.844  -202.290  -180.216  -133.981
  -104.858   -62.078   10.712   38.011   19.563   -14.224   -40.024   -62.396
CT2246:015           40.515   42.845   48.569   31.260    -8.005   -31.776
   -54.388   -72.670   -93.153  -151.438  -190.557  -165.918   -76.553   -30.695
   -14.403   11.761   19.841    -2.035   -17.036   -29.597   -90.264  -161.418
  -160.427   -94.795    0.727   28.735    7.899   -23.124   -41.872   -59.090
CT2246:010           69.481   57.025   40.043   21.280    -1.089   -15.948
    1.233   37.726    6.296  -161.254  -286.030  -252.988   -98.959   -15.968
    -1.835    -6.223    -1.477   21.158   49.153   46.941   10.370   -53.662
   -66.126   -35.730   18.373   35.470   20.671    -3.362   -20.390   -35.132
CT2246:005           77.901   48.788   18.597    0.937    -8.999   -16.252
    -4.287   10.945   -11.191   -86.561  -128.337  -122.026   -61.621   -17.014
    -7.441   -17.583    -9.527   28.282   95.032  115.253  110.811  107.282
   98.591   70.851   40.027   28.399   21.555   11.055    -2.132   -15.783
CT2247:360           73.170   48.297   23.689    3.494   -19.286   -31.562
   -19.889    -2.869   -16.936   -72.698  -112.624  -101.054   -48.823   -20.695
   -12.236   -21.003   -14.198   20.160   71.584   91.129  110.441  126.417
  121.457   89.076   37.847   15.947    5.543    -5.851   -17.768   -29.851
