
filled_synop: 30 data points in equal steps of sine latitude from +14.5/15 to  -14.5/15

CT2268:360            3.893  -141.218   -53.504   17.859   47.051   41.097
   15.248   -15.261   95.045  382.336  521.986  456.885  155.541    8.414
   -18.274    -6.276   -55.056  -140.296  -225.854  -263.131  -295.181  -278.271
  -157.803   41.104  109.889   75.384   43.889   17.589   -11.347   -28.799
CT2268:355           -99.682   -83.025   -53.136    8.412   44.185    -1.720
   -94.817  -159.045   49.362  693.276 1030.676  938.434  389.873   69.811
    4.244    1.694   -48.453  -170.498  -300.147  -303.743  -165.220   -19.366
   89.659  132.848  129.488   83.204   25.942    -2.249   -19.536   -31.710
CT2268:350           -88.235   -66.969   -45.271    -7.641   56.062   29.664
  -207.968  -413.265  -348.937   53.375  417.753  412.198  178.609   44.873
    -5.874   -12.366   -61.342  -186.519  -337.636  -324.853   -20.404  224.797
  234.007  107.033   85.903   56.701    5.539    -5.851   -13.206   -22.930
CT2268:345           -62.155   -17.251   15.406   45.150   61.537  -100.194
  -764.900 -1436.973 -1419.084  -703.148   -28.712  119.898   58.431    9.713
   -35.653   -67.235  -110.000  -208.757  -346.683  -396.543  -470.947  -553.229
  -469.672  -166.443   13.337   31.578   22.640    8.460    -9.626   -23.733
CT2268:340            -7.204   -17.154   93.075  144.759  160.422   30.608
  -471.941  -992.975  -957.287  -291.120  267.156  322.959  135.169   45.026
    2.078   -31.430   -77.799  -155.173  -250.449  -292.943  -341.673  -375.890
  -293.036   -89.593    3.779    0.735    1.163    -0.358   -12.712   -26.432
CT2268:335           48.647    3.866    -9.068   13.637   29.465   -66.130
  -308.109  -502.688  -450.860  -138.531  121.925  191.529  130.366   48.880
    5.156   -14.165   -40.232   -64.252   -33.197   -10.604   -24.527   -38.487
   -22.134   -18.613   -25.170   -13.438    4.899    2.375   -18.850   -35.288
CT2268:330           34.172    8.640   -12.797   -16.871   -15.493   -46.287
  -173.437  -318.505  -286.078   -36.025  204.653  247.837  145.600   38.522
    0.220    -7.122    -9.752   24.462  104.843  141.143  168.217  186.613
  167.449   59.124   -29.445   -26.520    5.915    5.518   -13.696   -33.383
CT2268:325           35.747   24.576   10.177   -10.409   -40.797   -54.082
   -20.958   43.421  100.074  182.843  246.722  236.878  126.657   17.811
   -13.603   -13.685   -12.926   27.039  108.365  145.863  167.934  164.244
  135.656   45.815   -29.177   -32.093    6.165   11.462    -5.818   -25.936
CT2268:320           53.955   33.658    7.743   -26.859   -68.129   -65.638
   23.359  150.412  200.366  200.332  149.310  111.522   42.589   -24.743
   -43.327   -32.577   -24.134   -14.619    3.833   20.123   67.066  130.153
  138.769   50.618   -20.881   -29.784    1.545    5.678   -10.795   -28.478
CT2268:315           64.081   33.759    1.948   -38.961   -98.331   -98.804
    9.944  157.810  190.299  117.606   -13.671   -57.841   -73.487   -49.917
   -46.609   -47.673   -67.732  -101.519  -173.288  -180.865   -61.503  150.913
  234.746  169.788   44.451    2.290    -7.002   -16.885   -25.351   -30.192
CT2268:310           64.652   24.393   -19.884   -73.675  -126.369  -131.509
   -42.453  110.322  139.316    8.300  -237.339  -310.855  -211.322   -58.867
   -27.718   -29.080   -52.170  -150.386  -422.252  -514.972  -288.334  311.043
  519.711  318.310   94.872   44.538    6.539   -20.662   -26.623   -23.483
CT2268:305           46.886    5.818   -31.978   -72.055  -120.206  -138.628
  -102.050   -23.526   -18.561  -104.799  -244.876  -269.476  -195.454   -57.417
   -20.868    -4.850   -21.550  -184.317  -757.014 -1063.006  -753.043   -40.050
  198.914  180.478  112.918   81.935   12.531   -17.779    -6.433    -3.531
CT2268:300           22.386    -3.522   -27.680   -48.766   -65.307   -77.723
   -95.349  -119.224  -143.552  -187.615  -249.201  -247.006  -161.370   -36.641
    -1.785   14.527    7.657  -147.785  -628.192  -838.001  -643.574  -127.761
   91.933  126.659  125.851  101.195   42.818    7.924    -2.417   -12.828
CT2268:295           27.861    6.420   -15.489   -36.858   -55.461   -82.709
  -126.991  -178.121  -204.422  -217.694  -215.586  -187.921  -121.650   -27.177
    2.610    9.165   -11.099  -143.524  -592.155  -827.630  -615.017  -121.425
   84.634  117.526  125.336   99.125   46.485   14.271    -5.947   -25.494
CT2268:290           29.928   12.979    -0.223    -9.863   -28.408   -73.260
  -154.674  -268.043  -306.570  -274.352  -202.711  -154.344   -94.864   -33.615
    -9.252   15.640   24.667   -53.851  -335.243  -479.177  -351.092   -35.239
   87.333  110.803  125.155  101.175   47.218    7.578   -15.668   -34.924
CT2268:285           26.300   13.206    1.022    7.792   41.543   20.555
  -127.245  -362.883  -427.429  -341.895  -170.462   -91.105   -45.565   -17.393
    1.536   12.908   13.462   21.640   77.668  133.650  132.394  112.814
  126.351  125.843  113.306   79.728   21.471   -10.799   -19.187   -31.406
CT2268:280           58.533   36.360   16.079    -6.632   -43.325  -107.582
  -237.285  -430.097  -478.664  -348.173   -90.634   21.685   20.332    0.480
    6.291   -12.877   -27.445   40.553  299.783  460.145  442.996  308.907
  259.813  169.214   63.312   23.454    6.789   -10.928   -24.780   -35.328
CT2268:275           99.757   56.765    9.314   -44.394   -96.205  -157.934
  -261.096  -386.292  -402.935  -292.549  -112.367   -24.553   20.377   22.774
    8.532   -54.053  -103.818   -48.051  174.996  321.028  403.925  463.618
  441.015  258.602   74.527   15.315   16.512    -2.125   -18.114   -28.448
CT2268:270          132.461   62.012    -5.255   -70.072  -131.603  -181.465
  -232.709  -295.507  -287.432  -187.852   -51.797   29.266  100.104  129.473
   90.467   -65.685  -212.394  -222.756  -200.622  -149.195   92.441  417.336
  488.377  295.268   97.017   33.142    4.449   -11.288   -14.145   -27.993
CT2268:265          152.637   69.424   -10.368   -91.126  -174.523  -224.795
  -228.063  -216.262  -177.398   -77.595   40.689  108.193  225.485  397.097
  348.548   21.444  -228.934  -318.936  -438.623  -417.312  -126.463  320.099
  466.235  349.416  223.670  144.417   54.800    -8.091   -34.158   -49.917
CT2268:260          151.947   80.035    7.154   -75.726  -169.946  -212.725
  -179.393  -130.132   -87.609    4.373  112.206  114.200   41.187   -40.876
   -60.254   -93.373  -195.370  -319.966  -509.572  -519.814  -207.042  203.035
  348.298  369.543  332.585  220.132   57.446   -23.052   -50.416   -72.293
CT2268:255          136.931   75.729    6.281   -76.028  -163.439  -179.311
  -114.713   -45.202    1.058   71.269  140.288   82.103  -179.956  -383.866
  -392.510  -243.261  -197.782  -328.542  -520.919  -507.863  -223.685  168.405
  326.723  357.898  353.723  259.124   78.539    -5.997   -31.560   -64.879
CT2268:250           73.275   59.490   -20.263   -99.765  -192.797  -203.148
   -64.953  106.128  160.789  144.618  105.514   20.014  -245.422  -453.134
  -445.501  -224.789  -173.350  -381.047  -703.847  -716.578  -401.324   -13.785
  161.261  224.863  240.179  180.816   75.670    5.736   -38.283   -67.280
CT2268:245           63.319   23.677   -19.589   -78.982  -149.473  -134.387
   73.081  295.574  328.276  162.560    -7.430   -84.064  -157.509  -202.956
  -223.622  -129.932  -134.000  -422.005  -932.082  -989.694  -599.840  -149.044
   32.677  136.224  199.698  150.363   57.513   20.499    -1.794   -34.400
CT2268:240           17.648   -24.563   -64.098   -87.814  -107.117  -112.684
  -102.883  -107.530   -76.079    -7.582   24.405   14.649    3.297   -23.039
   -25.043   11.822   -57.265  -369.428  -795.644  -896.950  -680.126  -446.172
  -270.172    0.712  134.457  118.475   69.889   36.143    0.856   -31.146
CT2268:235            -6.246   -51.966   -87.981  -103.201  -115.352  -130.547
  -186.702  -243.820  -177.370   34.372  157.016  163.030   94.035   41.036
   60.729   80.563   25.961  -212.272  -477.131  -542.699  -524.093  -435.431
  -291.580   -75.104   46.284   57.040   46.876   31.852    1.688   -28.131
CT2268:230           -86.511  -130.107  -136.489  -134.097  -147.231  -171.722
  -271.795  -355.514  -292.521   -17.528  149.986  139.739   41.401   11.038
   37.507   56.365   53.514   32.982   -28.445  -121.698  -274.977  -338.257
  -259.136   -69.372    -6.130    3.684   17.916    3.865   -14.677   -25.708
CT2268:225           34.604    -1.463   -31.060   -66.012  -106.669   -90.940
    -4.212   87.067  163.046  331.669  503.958  484.745  242.238   21.506
   -14.052   43.958   68.224  117.860  231.998  224.795   -16.914  -311.857
  -299.703   -32.423  158.206  148.835   80.111   32.256   -22.364   -71.968
CT2268:220           24.096    -2.414   -28.492   -59.137   -90.248   -76.674
   -45.461   -57.524   -56.196   -12.377   17.327    3.309   -47.836   -99.218
   -88.760    -8.116   56.961  192.051  422.118  469.310  274.146   -31.864
   -79.745   29.094  112.252  111.628   82.176   44.506    -6.275   -60.328
CT2268:215           30.310    6.493   -44.703   -76.180  -103.343   -93.581
   -70.444   -65.773   -75.973  -142.123  -217.969  -229.969  -140.175   -91.469
   -74.111   -38.543   20.130  159.225  405.218  500.449  430.994  261.902
  188.671  131.555   98.209   85.032   72.654   36.668   -16.743   -66.282
CT2268:210           14.546   -15.203   -39.114   -96.431  -157.280  -162.290
   -67.009   23.547   13.367   -37.058   -31.002   -27.577   -75.250   -62.715
   -46.965   -74.417   -64.319   55.111  307.676  441.938  464.541  453.805
  403.419  226.349   82.715   55.345   69.121   41.363   -13.811   -69.030
CT2268:205           -26.640   -33.964   -47.105   -54.549   -54.359   -37.378
   45.822  156.603  144.625   -59.748  -262.735  -287.721  -209.366  -117.954
   -89.271   -86.632   -85.190   -41.628    6.054   75.762  283.606  560.944
  559.864  279.984   62.728   18.464   38.401   29.397    -9.120   -57.281
CT2268:200           -49.707   -46.497   -40.744    -7.201   15.071    2.044
   -53.445  -111.172  -139.461  -243.229  -490.083  -537.003  -288.126   -63.648
   -31.904   -37.539   -22.983   -69.430  -220.036  -216.333   74.163  436.822
  473.709  233.089   13.368    -5.885   41.872   26.608   -11.628   -50.066
CT2268:195           -36.449   -33.214   -27.597    -5.317    8.206   -18.131
  -141.186  -238.964  -235.114  -136.484    -3.889   38.815    8.053   28.912
   14.927   -68.552  -139.843  -189.740  -291.638  -259.710   29.788  470.720
  517.675  208.736    0.631   -24.152   15.282   18.571    -8.082   -41.388
CT2268:190           20.047    -6.527   -40.513   -84.092  -132.914  -165.619
  -217.722  -257.459  -216.812   -23.837  150.435  180.939  133.852   78.067
   24.807   -93.062  -183.667  -240.576  -290.087  -234.859   -36.851  203.283
  242.428  114.804    -3.823   -18.115   25.287   24.689    -1.763   -33.891
CT2268:185           76.552   16.448   -51.715  -136.979  -218.748  -230.479
  -153.533   -40.907   22.888  105.817  184.616  192.883  125.522   48.520
    -2.894   -81.672  -147.124  -235.380  -378.945  -361.565   -89.371  244.192
  287.992   98.146   -21.607   -22.265   29.080   28.337    -3.976   -32.363
CT2268:180           66.788    3.418   -56.728  -130.975  -197.869  -190.708
   -79.623   71.137  133.659  132.779  108.282   86.634   50.615   17.142
    -9.366   -31.269   -54.525  -121.318  -261.041  -252.180   -10.364  292.700
  313.537  127.415    7.948    -0.957   35.115   34.093    7.032   -28.884
CT2268:175           40.483    -9.594   -56.662  -119.126  -176.686  -148.378
   -23.101  100.363  140.356  108.859   35.164    -1.137    0.407    8.241
    9.783   31.591   41.419   48.295   43.693   74.206  193.056  293.466
  274.321  132.101   35.959   22.798   42.661   26.685   -12.603   -45.419
CT2268:170           23.622   -12.430   -47.973  -101.870  -159.771  -110.060
  128.037  370.364  409.316  272.719   59.317    -8.202    1.055   23.776
   31.443   65.635   99.461  146.692  236.799  297.888  326.780  296.440
  252.260  131.446   47.868   35.125   47.709   34.134    -1.015   -39.639
CT2268:165            7.339   -26.265   -56.736  -101.497  -140.617   -90.552
  163.764  535.501  645.411  382.348   71.580    -0.109   22.470   45.802
   36.177   28.711   21.255   66.188  165.051  206.391  222.281  187.588
  156.606   89.351   44.480   35.197   41.796   35.330    5.344   -34.233
CT2268:160           -20.013   -40.299   -56.098   -89.512  -108.653   -71.657
   -39.545  -127.660  -152.468    -1.660  129.051  125.160  108.830   80.204
   37.232    -9.055   -43.447   -51.373    -5.088   28.728   -12.913   -66.132
   -59.157    -6.559   26.849   32.259   51.630   38.084    -9.227   -45.162
CT2268:155           17.141   -26.779   -17.010    3.568   28.066   67.723
  179.682  292.268  320.391  234.252  153.455  136.131  121.765   71.308
    -0.259   -77.934  -130.853  -135.843  -108.103  -202.477  -535.253  -663.364
  -508.122   -89.594   68.843   64.557   55.065   20.267   -22.010   -42.841
CT2268:150           -78.142   -47.536   -19.820    5.588   32.878   58.587
   92.607  136.652  191.996  313.113  380.393  344.050  216.531  107.941
   -27.401  -254.184  -373.864  -411.674  -427.609  -390.824  -201.893   60.180
  199.254  187.293  121.763   86.251   66.968   36.370    -8.806   -49.192
CT2268:145           -98.530   -60.648   -30.098    -3.465   29.415   53.985
   23.851    8.728   67.789  231.122  390.310  369.787  237.439  106.885
   -53.434  -277.643  -391.540  -406.418  -372.145  -223.254  343.533  827.705
  812.351  328.225  101.761   86.474   74.842   47.422   10.713   -33.461
CT2268:140           -80.519   -25.683    7.448   17.275   24.256   25.779
   -53.855  -135.405   -81.903  168.629  410.418  390.207  209.331   60.440
   -40.455  -148.646  -237.261  -261.369  -296.227  -243.183   69.295  368.977
  397.221  190.345   18.578    8.378   59.063   48.216    4.003   -32.575
CT2268:135          -106.692   -57.483   -12.094   17.049   27.717   70.510
  122.535  179.990  275.308  434.069  564.498  512.136  239.508    -6.677
   -66.968   76.584  143.588    7.747  -292.617  -340.752  -188.673   62.220
   92.840   -52.633  -112.641   -78.234   34.882   63.580   36.437   -10.630
CT2268:130          -131.372   -99.188   -57.363    -3.546   50.730  126.099
  290.778  503.110  602.890  617.181  567.359  476.024  263.022   26.572
   -39.116   57.260   81.460   -41.233  -352.655  -464.193  -350.672  -176.065
  -126.956  -137.826  -149.547  -116.816    0.067   42.154    -3.092   -43.145
CT2268:125          -155.193  -118.749   -77.592   -28.499   23.226  118.305
  307.992  498.853  588.811  692.617  776.527  695.416  379.358   41.559
   -59.968   -22.249    2.171   -43.235  -170.414  -172.646   -23.204  259.776
  304.930  104.305   -87.387   -88.888   23.437   47.515    1.035   -45.119
CT2268:120          -155.152  -111.623   -64.806   -21.698    5.625   96.924
  289.567  547.972  660.396  678.713  684.585  565.437  243.464   -71.478
  -152.331  -120.213   -51.783    4.862   57.234  138.255  305.947  553.481
  566.488  258.057   -29.013   -75.982    0.971   28.602    8.082   -33.266
CT2268:115          -138.562  -100.287   -69.079   -53.803   -30.012   66.710
  252.978  516.577  585.376  404.041  181.168   34.024  -174.920  -324.992
  -333.388  -186.441   -43.664   92.043  305.339  430.164  587.202  738.536
  687.269  354.263   11.717   -57.887    3.971   10.959   -36.436   -79.522
CT2268:110          -125.911   -92.776   -53.759   -36.815   -45.713   62.212
  385.643  745.624  772.929  459.641  -185.486  -468.209  -387.634  -248.081
  -200.182   -65.947   58.378  213.631  570.920  812.801  818.212  759.349
  669.861  383.032   59.896   -25.338   19.299   12.464   -27.434   -69.486
CT2268:105          -129.597   -93.457   -64.839   -45.183   -29.327   89.937
  576.374 1268.013 1416.537  954.038  155.206   -97.840  -104.433   -19.004
   22.173  100.916  207.487  294.588  412.832  499.802  534.899  544.405
  492.901  276.508   50.596    -7.115   14.238   16.798    -3.207   -34.089
CT2268:100          -142.511   -94.362   -46.369    0.765   42.088   87.604
  293.649  725.372  864.085  558.251  134.998   25.393   41.179   66.072
   83.061   81.074   67.935  115.504  162.776  179.661  217.214  231.114
  200.740  132.170   56.622   22.094   36.162   24.216    -5.288   -35.423
CT2268:095          -144.412   -90.987   -32.955   35.503  109.568  105.563
  -232.984  -875.554 -1075.829  -657.362   -60.505   81.083   56.765   18.821
   24.109   15.117   21.252   39.076   62.645   98.643   94.416   75.703
   62.776   50.393   42.892   26.726   28.116   21.656    -2.635   -30.199
CT2268:090          -125.305   -80.063   -32.583   31.506  108.779   33.286
  -402.839  -961.328 -1096.374  -812.935  -272.699   -93.968   -53.017   -35.249
   -21.213   -64.228  -109.796   -80.130   12.831   65.554   51.401   15.755
    7.870   22.490   40.772   38.631   31.869   18.329    1.962   -17.841
CT2268:085           -92.202   -64.659   -35.801   14.282   90.136   49.783
  -202.685  -525.263  -592.537  -524.193  -320.686  -214.352  -133.400   -67.803
   -39.156   -46.862   -49.377   -31.102   26.407   69.695   47.924    5.285
    -1.987   25.333   55.200   46.104   17.154    -2.227   -13.094   -27.860
CT2268:080           -70.254   -49.750   -25.390   12.216   43.487    -3.110
  -133.394  -293.080  -330.058  -280.831  -179.930  -110.341   -82.728   -61.804
   -39.373   -11.625   25.077   33.618   13.222    -8.140    -5.540    -2.452
    -5.935    -1.485   12.511    5.821   -17.713   -33.320   -38.903   -35.705
CT2268:075           -32.289   -26.871   -22.998   -17.385    -5.494   -38.600
  -150.600  -291.880  -317.059  -195.547   -47.241    8.411    3.467    -4.469
    2.845    2.794    1.693   27.808   99.627  135.153   57.789   -73.096
  -101.446   -61.254   -29.767   -35.831   -52.088   -54.508   -43.358   -26.769
CT2268:070            4.308    -7.127   -20.467   -34.261   -44.920   -57.995
   -99.772  -148.825  -138.999   -53.157   53.079   86.235   71.630   52.779
   48.506   40.551   33.199   44.889   72.456   78.049   79.796   64.981
   30.401   -25.004   -61.573   -69.686   -66.538   -56.134   -31.434    -9.332
CT2268:065           35.238   10.258   -13.676   -47.341   -91.864   -99.225
   -51.871    1.040   37.917   89.783  128.240  135.052  108.383   72.432
   58.705   63.123   61.638   42.483    8.094    4.665   54.781  119.483
  102.274   -10.565   -84.618   -87.015   -70.185   -56.601   -32.896    -5.046
CT2268:060           55.011   13.465   -27.628   -78.690  -125.203   -97.501
   29.329  141.521  192.966  251.928  281.471  242.904  125.481   42.116
   18.670    2.995   -15.525   -41.110   -82.930   -80.246   -17.516   40.772
   30.196   -45.237   -99.660   -93.216   -64.065   -41.233   -11.677   15.601
CT2268:055           84.473   27.060   -28.253   -83.396  -127.882   -92.776
  119.745  315.167  352.174  305.445  258.907  197.672   63.012   -26.754
   -45.262   -45.297   -58.505   -96.390  -139.825  -137.471   -71.646   -11.135
   -20.720   -80.721  -107.781   -96.933   -68.230   -38.967    -2.856   25.854
CT2268:050           35.509   67.202    -6.730   -90.622  -137.967   -90.868
   61.865  198.354  204.840  121.211   61.086    2.299   -61.207   -86.471
   -75.052   -47.495   -47.128   -81.312  -116.057  -113.357   -77.330   -48.051
   -46.012   -53.164   -56.452   -54.967   -52.237   -42.449   -24.654    -2.251
CT2268:045           84.631   81.915   15.968   -54.663  -105.172   -46.784
  169.620  333.273  283.773    -6.160  -172.695  -180.462  -108.612   -83.500
   -58.901   -12.380    1.189    -7.589   -17.507   -27.741   -46.995   -61.614
   -62.259   -53.788   -51.410   -56.243   -59.747   -48.548   -30.164   -11.719
CT2268:040           55.660   25.657    -8.596   -50.301   -91.799   -51.907
  225.359  477.341  448.258  147.468   -95.816  -138.613   -92.616   -59.866
   -29.533   10.035   29.927   38.799   40.914   24.890   -24.204   -67.223
   -75.402   -60.204   -57.181   -64.203   -74.898   -64.061   -43.597   -24.724
CT2268:035           19.699   14.859   -20.955   -59.045   -84.276   -25.440
  208.877  413.547  395.972  135.678   -73.611   -93.947   -40.197   -14.978
    3.382   20.783   30.712   48.802   63.892   46.343    -8.146   -60.092
   -76.614   -79.104   -78.455   -78.137   -75.895   -59.235   -34.777   -12.147
CT2268:030            -6.112    -9.313   -21.903   -44.444   -68.089   -56.666
   19.919   90.567   66.668   -15.623   -54.098   -48.114    -2.374   30.570
   39.253   30.598   31.138   45.639   67.657   52.542    -9.068   -85.063
  -105.250   -95.785   -88.838   -86.374   -83.427   -66.438   -41.456   -16.526
CT2268:025           -33.566   -34.422   -31.684   -32.840   -26.598   -34.517
  -111.461  -193.088  -218.480  -205.376  -162.362  -131.821   -43.237   19.372
   31.428   20.630   10.478    7.049    2.781   -21.945   -62.954  -135.916
  -137.688   -92.721   -77.356   -72.057   -71.125   -57.480   -37.903   -19.165
CT2268:020           -65.610   -50.002   -32.076   -11.481    9.542    -3.854
  -104.926  -216.033  -246.205  -206.274  -150.513  -116.065   -50.356    1.063
   11.319    0.347   -15.554   -42.383   -69.996  -107.418  -127.769  -100.920
   -92.576  -101.798   -80.666   -62.079   -67.066   -57.202   -43.322   -24.250
CT2268:015           -88.694   -62.218   -34.532    0.006   41.798   60.503
   92.727  145.527  141.638   28.133   -80.776   -94.457   -59.842   -17.135
   -11.053   -18.155   -34.340  -105.161  -232.954  -323.693  -470.017  -622.288
  -604.959  -326.057  -107.312   -67.454   -96.677   -89.467   -60.871   -23.364
CT2268:010          -109.036   -66.492   -20.409   31.632   76.527   93.615
  121.376  141.612  108.916    -8.205  -123.064  -134.239   -90.093   -33.407
   -33.416   -37.292   -43.597  -116.211  -330.668  -497.250  -594.308  -751.292
  -715.663  -375.048   -76.717   -39.908   -91.062   -92.293   -45.878    -2.747
CT2268:005          -116.751   -64.482   -14.536   40.830  105.449  109.102
    -7.288  -129.776  -149.963  -138.725  -125.908  -123.652   -40.736    -4.767
   -25.188   -64.922  -102.830   -99.454   13.085   46.350   -91.467  -378.141
  -420.741  -205.811   -61.778   -47.567  -109.333  -112.714   -72.029   -23.339
CT2269:360          -111.002   -60.535    -6.772   52.010  111.889  122.170
   -37.549  -268.908  -311.191   -55.927  306.347  357.652  202.875   26.692
   -29.248   -88.753  -137.437  -143.109    -6.700  110.452   55.884  215.545
  275.499   54.109   -44.734   -40.095   -84.917  -110.443   -95.793   -56.314
