
filled_synop: 30 data points in equal steps of sine latitude from +14.5/15 to  -14.5/15

CT2257:360           85.649   51.808   23.153    -4.629   -24.877   -34.394
   -47.656   -41.928   -21.692   40.465   81.881   53.797   47.306   25.690
  -100.205  -299.291  -310.729   -98.815   80.694  276.515  779.375 1048.804
  805.888  118.211  -147.265   -93.890   24.788   23.174   -10.615   -37.292
CT2257:355           77.801   51.715   24.960    -4.405   -22.931   -23.359
   -21.362   10.292   55.590   77.220   57.299   74.710   57.380    9.742
   -25.596   -32.919   -12.610   49.258  141.691  284.323  517.839  570.158
  450.226   61.443  -136.831  -110.502    -4.810   17.316    6.131   -30.641
CT2257:350           74.085   55.769   34.958    -1.273   -19.642    -0.248
   19.632   69.646  229.280  540.012  636.685  469.877  160.862   43.364
   18.702   13.563   18.196   94.397  232.658  320.232  543.181  706.490
  512.246   65.063  -101.295   -66.263   16.736   12.167   -25.350   -55.094
CT2257:345           67.510   43.241   21.923    0.264    -5.538   28.267
   76.502  142.284  328.017  666.541  760.688  542.960  148.121    5.091
    -6.158    7.546   -12.326  -142.032  -307.479  -195.146  156.949  289.628
  193.290   -57.154  -164.693  -120.966   -18.671    7.001   -18.346   -43.418
CT2257:340           72.460   51.051   32.584    6.999    -0.096   48.416
  131.315  203.983  294.452  394.353  397.018  291.765   81.277   -14.679
   -18.294    -5.776   -31.088   -81.038   -98.229   -92.131   -37.822    1.771
   -90.795  -272.775  -312.000  -192.478   -21.879   13.128    -2.785   -24.630
CT2257:335           81.206   65.166   45.232   12.158    2.604   46.668
  125.328  173.259  187.110  194.804  185.705  125.792   53.756   13.987
    3.201    3.278   -32.772   -84.381   -66.896  -119.963  -226.874  -233.141
  -249.739  -302.963  -282.259  -182.754   -43.018   -14.914   -33.251   -47.705
CT2257:330           81.215   53.294   27.582    -0.218    -3.985   38.534
  103.276  117.788   82.260    3.427   -34.711   -31.941    -0.813    -0.342
    -2.558    -1.565   -51.866  -328.846  -627.789  -592.118  -364.630  -240.375
  -129.975   31.672   88.155  100.792   54.173    -5.633   -49.250   -75.294
CT2257:325           84.964   50.780   24.495    -4.013   -13.272   33.363
  150.623  179.172   83.505  -109.312  -173.895  -131.138   -36.822    -9.663
    -4.255    -3.625    3.612   26.979   37.215   10.368  -105.960  -133.318
  124.556  728.818  861.349  495.551   58.125   -27.693   -40.057   -75.906
CT2257:320           75.320   58.106   39.540   19.594   16.170   51.727
  121.230  121.415   25.082  -148.271  -200.293  -143.999   -28.396   14.139
    4.090   -19.226   54.893  498.381  944.814  801.246  204.690   -29.148
  146.852  489.384  569.208  394.022  102.652   -17.309   -49.544   -79.079
CT2257:315           55.046   51.631   47.325   40.290   31.689   37.507
   58.102   39.023   -40.800  -173.102  -207.611  -146.117   -41.168    -0.155
   -10.651   -25.611   45.783  299.494  428.133  400.240  132.516   -25.643
   65.197  283.901  335.829  208.771   34.398   -36.988   -72.153   -85.134
CT2257:310           43.675   47.847   53.848   70.762   62.515   17.557
   -46.650   -86.496  -120.085  -164.510  -164.606  -116.520   -49.419   -20.702
   -30.600   -45.023   -23.262   -38.202  -107.227   -92.477   -81.309  -102.576
   -48.841   70.992  106.455   74.185   20.790   -12.137   -24.020   -44.929
CT2257:305           52.165   64.609   78.425   93.118   71.002   -36.888
  -220.858  -291.774  -253.941  -153.223  -100.940   -64.161   -21.799    -1.024
   -11.605   -20.005   -29.714   -73.322   -75.569  -114.052  -169.929  -166.846
  -104.239   25.518   74.557   47.184   12.574    -9.886   -27.433   -42.348
CT2257:300           56.476   60.686   60.776   76.658   39.262  -136.657
  -391.362  -473.340  -359.381  -141.758   -50.675   -23.409    -9.324    0.331
    -1.246    -4.776   -24.459   -74.436  -115.703  -148.104  -193.368  -194.669
  -127.688    -4.458   50.034   36.545   16.588    -0.193   -25.886   -47.433
CT2257:295           63.821   58.450   54.161   54.257   10.715  -150.850
  -420.126  -486.166  -330.766   -71.054   34.133   42.260   26.300   20.910
   10.249    -0.932   -21.935   -52.781   -81.143  -131.563  -217.742  -233.893
  -154.462   -17.872   33.323   36.573   28.207    4.668   -26.702   -50.521
CT2257:290           83.408   56.119   24.322    2.018   -54.195  -205.832
  -406.215  -427.819  -218.434  107.898  220.965  164.416   75.812   45.396
   23.459    6.239   -12.562   -30.973   -51.603   -92.451  -178.293  -202.972
  -137.381   -23.064   18.458   27.789   32.225   19.144   -11.965   -47.304
CT2257:285           97.881   60.467   21.710   -16.983   -62.784  -147.509
  -270.978  -263.940   -71.328  224.046  315.331  218.422   81.014   34.270
   23.853   13.434    -1.927   -16.603   -29.937   -27.073   -34.737   -34.222
   -19.059    -3.269   12.296   36.046   52.631   25.360   -25.821   -68.504
CT2257:280          102.995   55.215    9.278   -39.182   -84.035  -125.325
  -175.317  -144.336   29.125  255.884  313.424  224.673   91.951   41.675
   31.842   17.721    -1.430   -19.013   -15.400   38.469  162.993  210.767
  163.069   54.960   21.808   43.248   63.828   29.978   -28.197   -77.291
CT2257:275          115.598   65.418    7.649   -53.992   -79.948   -50.659
    -9.567   38.093  152.226  291.015  313.983  220.775   93.508   43.685
   36.654   36.240    2.825   -95.184  -143.546   -51.489  215.207  329.482
  256.681   80.419   32.552   48.100   68.124   44.290    -3.444   -62.681
CT2257:270          124.613   80.901   30.253   -51.889   -74.891   18.736
  187.294  265.930  282.688  286.182  269.128  175.920   54.090    5.446
    4.604    6.019   -29.427  -147.906  -219.562  -134.347  114.989  213.305
  190.854   87.052   57.639   63.822   66.816   32.582   -22.688   -70.848
CT2257:265          106.766   49.498   -10.744   -71.579   -71.286   55.610
  237.957  297.795  281.182  198.362  148.014   98.273   47.381   16.176
    -9.704   -37.995   -56.298   -75.414   -98.754   -85.209   -27.771    -1.893
   45.005   92.170  106.034   91.531   67.515   32.087   -20.883   -65.811
CT2257:260           94.843   47.922    4.343   -53.318   -46.278  129.731
  372.729  435.169  316.193  112.559   41.634   28.370   33.758   23.685
   12.893    7.546    8.945   72.336   87.853   -18.598  -225.766  -301.503
  -190.566   -24.243   62.255   72.524   61.294   45.210    -1.001   -56.188
CT2257:255           93.974   57.937   21.378   -35.950   -41.461  120.802
  439.822  531.096  325.066    -2.360   -86.710   -46.090   23.372   34.540
   32.777   28.825   38.316  146.150  158.765   -56.463  -479.172  -621.882
  -467.555  -148.244    -5.629   49.442   76.650   46.889   -29.762   -85.226
CT2257:250           68.020   44.395   20.549    -4.413    -6.504   15.267
   17.869    8.467   -22.100   -92.261  -108.591   -52.412   30.189   48.064
   48.425   55.313   54.766  127.531   76.452  -308.122 -1113.713 -1395.030
-1030.031  -361.074   -98.444    -6.688   63.688   52.896   -14.798   -67.233
CT2257:245           43.012   35.263   31.938   30.454    8.144   -61.892
  -154.045  -167.462  -104.524   -10.637   24.924   40.435   47.794   47.003
   48.063   51.561   39.532   92.418   19.270  -478.953 -1474.045 -1761.305
-1282.036  -399.111   -51.391    9.411   58.403   21.233   -43.935   -80.787
CT2257:240           48.855   37.329   26.993   24.763    -2.184  -104.150
  -252.309  -261.030   -91.967  144.001  216.935  165.635   86.057   62.565
   45.276   32.018   16.687   62.618    0.691  -433.600 -1420.938 -1681.823
  -952.490  151.888  491.414  304.579   63.276   -10.498   -45.955  -106.913
CT2257:235           69.413   48.146   26.064    2.891   -49.543  -176.435
  -327.693  -331.521  -128.325  163.342  252.459  179.428   84.337   58.566
   36.073   26.759   15.839   43.491    3.381  -197.667  -605.083  -579.249
  227.929 1472.218 1683.919 1012.988  217.729   -80.179  -184.464  -210.443
CT2257:230           76.293   42.419    6.320   -23.414   -70.879  -181.593
  -335.843  -345.887  -188.168   39.465  111.781   77.117    6.446    -8.457
    4.789   13.071   11.122   23.410    7.836   23.005   57.230  227.222
  881.282 1808.852 1896.542 1042.296  130.763   -68.943   -75.865  -158.168
CT2257:225           84.704   52.744   21.293    -9.101   -57.211  -158.734
  -284.363  -292.895  -171.898    -3.962   54.209   33.943    -3.109    -9.397
    6.035   15.392   13.179    7.126    1.430   48.014   89.891  250.946
  805.243 1493.048 1543.393  913.831  186.130   -70.854  -123.063  -165.725
CT2257:220           89.608   53.196   17.801   -19.064   -56.390  -110.813
  -178.275  -178.383  -100.895    5.592   46.978   46.710   42.745   38.423
   30.522   27.190   14.024   -16.350   -18.775   13.996   23.134  139.733
  527.726 1024.928 1056.935  608.626  135.494   -30.462   -76.039  -122.829
CT2257:215           69.470   26.778   -10.844   -43.591   -69.822   -87.984
  -102.358   -91.804   -50.241   11.861   41.763   54.763   72.733   68.796
   38.884   18.111    -3.557   -50.370   -57.031   -30.208    6.173  116.459
  364.347  682.589  708.491  433.112  141.975   21.414   -27.650  -103.354
CT2257:210           78.156   31.526   -17.309   -68.463   -92.252   -70.905
   -37.848   -21.470    -0.753   15.014   25.292   36.556   41.245   35.848
   18.147    -3.761   -32.507  -113.479  -153.828  -112.633   -32.908   47.376
  154.869  273.776  291.643  193.493   88.157    7.136   -49.118   -92.840
CT2257:205           88.418   42.551    -3.418   -55.628   -69.303   -13.350
   69.494   94.914   66.468   25.157   14.711   14.549   19.369   13.823
    1.642    -4.347    -9.953   -23.960   -41.238   -30.432   -13.139    4.861
   47.996   81.799  100.810   90.459   78.023   31.497   -24.721   -77.866
CT2257:200           82.268   43.449    4.881   -37.564   -43.067   25.116
  119.392  144.044   95.833   28.937    6.227    1.881    0.096    -4.584
    -3.893    0.537   31.218  141.087  161.623   87.873   -29.289   -71.930
   -36.997   15.424   60.954   67.825   58.978   18.128   -31.222   -72.360
CT2257:195           86.937   59.447   24.510   -15.842   -14.259   57.555
  142.047  169.721  141.997   90.415   64.337   42.170   18.635    5.474
    1.392    6.132   43.748  192.177  196.748   -56.790  -408.323  -449.514
  -394.495   -90.565   48.790   56.247   39.979   17.321   -27.650   -67.173
CT2257:190           89.512   73.817   49.975    7.343    4.944   73.678
  163.544  197.961  216.542  187.252  158.686  121.766   48.942   25.964
   19.593   17.190   40.223  165.693  184.682  -357.938 -1686.046 -2039.936
-1224.828  -129.356   82.051   37.585   19.187    -1.838   -45.173   -76.936
CT2257:185           84.096   65.736   46.912   28.515   36.421   94.358
  161.540  185.319  238.049  341.239  334.173  165.723   54.556   35.882
   32.408   36.788   31.681    -4.826   -27.775  -139.275  -480.367  -579.304
  -347.582   -27.916   37.968   31.573   21.006    -4.169   -38.986   -68.870
CT2257:180           86.216   73.234   64.882   58.569   59.223   81.092
  108.622   96.068   -19.558  -192.092  -219.128  -104.844   -28.856   -15.280
    8.084   21.751   27.727   -21.801   39.202  664.200 2160.986 2544.040
 1546.515  328.576   65.166   55.915   28.650    -6.888   -31.758   -63.593
CT2257:175          174.563  152.521  121.932   80.865   57.951   62.535
   73.409   47.403  -102.122  -314.757  -338.850  -157.880   -24.376    -3.705
    2.907    4.939   13.940   -41.611   42.149  769.902 2352.875 2732.801
 1718.273  357.695   41.428   35.701   19.495   -12.045   -36.501   -65.614
CT2257:170          102.035   90.307   77.130   63.242   48.070   32.566
   18.733    2.230   -16.927   -21.128   -13.867   20.795   65.347   66.939
   19.816    -9.199   -15.007   -80.917   -16.485  285.356  663.569  716.384
  541.493  109.267   -68.601   -56.178   -17.644   -22.794   -34.420   -54.039
CT2257:165           51.019   53.791   61.687   76.311   67.160   11.607
   -61.710   -81.499   -20.351   83.021  104.356   71.362   80.940   76.391
   18.881   -11.351   -14.984   -40.855   -13.015   25.597   41.668   49.990
   15.451   -26.148   -73.763   -43.547    -9.287   -20.035   -36.351   -49.465
CT2257:160           67.112   63.517   59.107   51.472   30.036   -25.095
   -85.534  -105.835  -126.981  -163.217  -151.031   -86.573   -66.920   -49.138
    -9.501    8.422   16.743   45.279   63.343   38.110   23.880   21.337
   -24.220   -36.306   -40.184   -25.202   -10.255   -16.578   -33.102   -47.960
CT2257:155           79.975   61.654   42.066   22.896    -2.978   -50.067
   -96.637  -107.332   -97.393   -71.520   -57.066   -36.122    -4.185    1.080
    7.582   17.708   28.480   58.866   42.456   -35.638  -145.809  -173.394
  -120.963   -42.204   -11.021    -9.458    -9.709   -15.876   -30.552   -45.267
CT2257:150           91.687   63.594   32.222    -1.322   -29.340   -63.139
   -98.124   -86.246   -18.886   54.178   70.250   48.919   37.816   29.788
   29.951   28.859   33.619   61.635   12.593  -179.113  -476.549  -526.632
  -344.202   -87.512    -8.764   -16.798   -26.703   -34.722   -45.094   -51.912
CT2257:145          102.864   69.334   31.130   -10.976   -41.800   -69.588
   -87.504   -47.834   67.564  182.809  196.950  116.552   48.400   26.110
   52.040   39.378   28.849   61.589    -2.149  -244.310  -714.401  -788.710
  -462.421  -103.221   -15.705   -24.930   -35.607   -41.758   -51.404   -54.788
CT2257:140          105.147   69.361   26.230   -26.597   -53.075   -69.824
   -79.189   -11.622  164.451  327.337  343.593  222.512  105.238   57.093
  100.700   63.013   -67.066  -163.417  -180.076  -297.960  -297.247  -220.820
  -151.782   -50.440    -3.682   -32.820   -52.215   -53.603   -53.231   -54.657
CT2257:135           89.945   50.717   10.925   -33.602   -54.760   -69.053
   -76.052    9.181  234.286  426.951  444.270  308.607  170.282   99.034
  118.878   48.960  -236.877  -710.320  -824.908  -691.258  -179.945   32.819
    -2.780   -29.323   -10.429   -43.063   -62.617   -58.216   -46.617   -39.883
CT2257:130           80.272   38.565    -2.514   -44.097   -60.224   -66.558
   -52.584   75.633  416.727  766.359  777.473  484.815  272.299  162.396
  143.165   61.566  -472.592 -1839.201 -2355.587 -1552.305  -280.539   62.466
   71.438   21.961    2.008   -33.362   -55.177   -61.481   -54.912   -45.865
CT2257:125           74.768   38.877    3.458   -38.742   -44.844   -49.368
   -33.066  127.591  452.931  711.732  728.833  528.929  322.177  183.830
  121.525   48.106   -69.655  -287.333  -323.092  -103.049  311.032  419.247
  281.805   88.268   23.913   -18.140   -51.204   -55.446   -43.949   -40.050
CT2257:120           88.500   43.616    -4.516   -57.109   -69.158   -82.638
   -59.072  168.546  765.933 1218.721 1230.380  795.515  334.442  184.911
  113.826   59.460  431.070 1511.009 1945.350 1510.482  878.564  686.652
  446.658  178.478   73.683   16.436   -36.037   -49.344   -44.501   -47.061
CT2257:115           92.456   43.607    -8.151   -71.262   -69.978   -35.718
    1.978  284.259 1315.428 2127.648 2133.396 1387.175  764.726  531.448
  192.943   55.883  342.441  961.953 1133.421 1002.898  557.608  372.944
  296.023  198.067  114.924   34.372   -35.938   -55.682   -53.318   -54.476
CT2257:110          100.316   44.875   -13.987   -84.801   -71.298   55.767
  171.879  379.957 1381.604 2458.046 2419.338 1373.430  816.656  610.561
  193.135   40.963  171.719  419.769  475.529  467.563  304.366  208.545
  188.131  178.986  124.591   47.462   -20.078   -41.178   -47.126   -58.030
CT2257:105          103.370   43.943   -21.794   -78.405   -53.453  135.337
  277.606  113.527  -528.420  -979.610  -920.830  -442.944   -86.329   22.023
   19.844   24.380   17.685   22.271   32.530   19.407   11.037    6.843
   62.400  131.855  116.938   47.232   -12.419   -35.564   -44.022   -49.518
CT2257:100          103.321   54.383    -1.359   -60.955   -79.338   88.663
  255.729  -156.948 -2155.407 -4003.012 -3765.058 -1592.863  -243.089    2.976
   -10.502    -9.817   -31.231   -35.014   -38.899   -79.591  -121.803  -109.899
   -12.891   88.320   92.568   40.065    0.591   -16.655   -28.951   -43.490
CT2257:095           98.989   46.596    -8.995   -49.199   -60.566   57.774
  113.659  -267.674 -1462.651 -2226.194 -2019.092  -665.257  360.725  523.105
  191.841   25.592   -29.309   -51.084   -70.795  -100.861  -122.704  -104.558
   -34.305   33.333   50.057   34.389   15.942    -5.356   -29.058   -55.212
CT2257:090           98.986   50.955    -0.398   -49.111   -70.030   -10.555
   -12.515  -232.279  -733.233 -1046.808  -793.011  317.008 1201.320 1123.220
  357.292   35.288   -54.737  -140.856  -192.065  -170.224  -114.530   -84.476
   -52.383   -12.695   13.981   20.021   19.107    -4.971   -41.120   -75.049
CT2257:085          105.213   56.401    7.207   -40.317   -87.273  -112.810
  -157.377  -276.605  -476.907  -614.795  -480.515  -125.776   44.648  174.749
  114.548   25.916   -70.885  -192.472  -255.145  -279.664  -248.222  -209.871
  -137.791   -25.840   13.618   20.049   21.295   -10.683   -52.640   -87.255
CT2257:080           90.734   44.905    0.351   -41.326   -90.579  -147.132
  -212.118  -319.923  -541.110  -714.647  -653.895  -473.230  -359.354  -235.042
   -71.528   -17.206   -74.902  -161.051  -205.716  -321.570  -515.161  -492.106
  -214.096    9.712   53.309   50.011   40.723    8.016   -39.172   -85.734
CT2257:075           90.389   43.133    -2.738   -46.331   -99.677  -168.388
  -244.159  -332.426  -490.931  -601.958  -558.689  -348.978  -158.301  -110.249
   -84.914   -53.704   -71.629  -129.457  -146.366   -77.379   49.247   87.291
   80.162  102.439  109.230   73.461   42.569    3.737   -46.070   -91.817
CT2257:070          109.381   57.622    1.527   -55.548  -109.434  -150.912
  -198.046  -272.917  -404.142  -478.002  -438.965  -259.168   -97.397   -55.625
   -59.842   -43.872   -40.619   -24.014    0.925  105.856  365.770  409.417
  228.388  119.690  109.529   76.004   42.438    0.898   -48.521   -90.360
CT2257:065          104.736   51.543    -0.778   -52.164   -99.463  -128.318
  -173.174  -228.198  -339.056  -424.808  -370.665  -203.961   -97.642   -54.814
   -53.493   -50.984   -55.175   -72.274   -71.935   -50.848   -75.939   -53.684
   32.534   65.403   65.282   48.117   27.396    -5.093   -46.623   -87.209
CT2257:060          114.171   60.777    7.666   -47.324  -107.897  -143.687
  -165.273  -196.574  -264.892  -276.790  -222.371  -117.129   -21.460   -11.479
   -39.264   -44.510   -66.601   -93.390  -105.157  -125.508  -148.141  -129.118
   -49.079   29.104   37.739   16.329    -0.706   -27.065   -57.492   -89.961
CT2257:055          101.720   60.264   19.963   -24.557  -103.175  -273.813
  -426.469  -436.661  -342.071  -246.067  -149.437   -22.853   45.045   54.565
    5.652   -32.941   -43.532   -34.663   -48.474   -76.395  -101.711   -92.163
   -40.677   15.715   31.534   26.831   15.442   -15.110   -53.883   -92.669
CT2257:050           75.948   43.840   14.831   -19.943  -130.086  -383.186
  -574.427  -548.458  -334.446  -161.556   13.803  267.810  311.033  315.405
  143.696   26.454   14.380   44.318   28.556   -29.938   -93.476   -93.227
   -39.473   10.984   27.549   26.471   19.130   -10.444   -55.876  -100.508
CT2257:045           48.598   22.928    2.610   -13.186   -92.578  -331.979
  -530.519  -479.101  -146.397   97.045  286.464  798.163 1181.170  890.763
  265.261   74.981   34.907   29.651   10.145   -63.944  -116.529  -117.562
   -75.275   -29.808    -9.206    9.463   14.384   -22.702   -73.128  -109.385
CT2257:040           51.135   31.891   17.034   -12.863   -89.372  -239.646
  -343.336  -293.273    -5.037  228.724  212.604   -48.552  -191.627  -105.172
   16.251   37.598    -9.524  -136.085  -184.862  -155.534  -169.705  -170.121
  -116.401   -72.970   -44.671    4.114   32.331    1.286   -55.980  -105.136
CT2257:035           63.219   33.410    9.989   -10.877   -59.079  -149.853
  -219.985  -225.449  -199.483  -208.219  -319.224  -771.280 -1039.063  -771.213
  -189.402    9.283   47.455   91.228   95.401   37.451   -14.786   -43.683
   -85.011  -110.545   -84.395    -6.342   35.487   13.858   -36.506   -89.053
CT2257:030           89.628   53.933   20.199   -14.827   -54.583   -99.948
  -135.673  -166.266  -224.792  -270.454  -338.672  -461.463  -450.477  -389.432
  -136.579    3.509   78.324  190.424  214.172  148.035  107.817   66.347
   -67.591  -154.916  -126.367   -19.598   36.006    5.291   -45.670   -84.392
CT2257:025           80.474   50.034   17.711   -16.349   -45.612   -74.631
  -103.672  -111.224   -82.100   -73.412  -108.471  -156.059  -156.172  -127.187
   -62.241   -18.022   -11.833   -48.625   -64.363   -50.195   -71.929   -91.443
  -132.897  -167.154  -127.892   -20.308   43.991   25.171   -25.735   -75.684
CT2257:020           69.553   41.085   10.910   -19.793   -33.061   -27.457
   -25.858   -20.531   10.436   26.155   12.735   -33.055   -58.035   -40.606
   -13.996   -16.281   -81.748  -174.390  -215.473  -228.298  -216.245  -208.829
  -177.561  -133.454   -75.990    8.994   48.583   16.604   -35.126   -79.704
CT2257:015           57.209   31.086    4.843   -20.908   -29.541   -12.819
    2.481   14.360   28.846   36.414   42.175   32.473   11.667   12.279
    6.107   -25.589  -110.850  -210.311  -271.885  -389.549  -473.808  -443.986
  -271.445  -130.459   -67.964    1.294   38.538    7.683   -39.366   -75.713
CT2257:010           49.441   26.328    3.463   -20.326   -23.717    -3.216
   12.748   25.297   38.035   47.404   76.888  158.936  184.610  122.343
   14.281   -39.801  -102.458  -171.241  -220.807  -326.730  -410.080  -405.633
  -305.483  -207.284  -138.029   -30.367   21.963    1.078   -33.634   -64.598
CT2257:005           49.710   25.983    3.146   -18.228   -16.582   11.347
   32.266   47.787   62.916   70.600   68.961   64.267   52.532   28.812
   -15.849   -44.899   -57.531   -67.715   -66.731   -54.603   -51.739   -69.587
  -124.153  -150.814  -117.831   -27.099   14.508    -2.115   -30.420   -53.995
CT2258:360           72.394   41.858   10.392   -20.524   -17.891   29.285
   65.754   83.601   94.237  101.673   69.026   -19.742   -66.547   -62.297
   -36.625   -32.390    -7.371   31.340   87.992  243.161  371.044  334.089
  109.910   -46.697   -62.841   -14.881    7.146    -5.828   -29.487   -51.593
