
filled_synop: 30 data points in equal steps of sine latitude from +14.5/15 to  -14.5/15

CT2253:360           67.272   53.303   39.028   20.190    0.428    -8.173
   -12.898   -13.267   16.607   99.046  145.087  130.749   85.836   67.633
   40.050    7.222    -8.678   -44.373   -73.162   -39.775   80.148  140.459
  145.582  145.320  121.962   45.670   -26.294   -59.741   -80.765  -101.235
CT2253:355           59.538   39.277   21.330    8.160    -1.586   -14.340
   -31.464   -45.865   -53.299   -47.380   -21.780    -5.476   37.413   57.625
   38.651    -0.183   -18.487   -50.379   -80.459   -64.580   -13.588   28.733
  147.777  332.497  338.928  156.340   -17.573   -58.501   -78.048  -104.754
CT2253:350           54.982   45.699   33.660   18.024    1.141   -20.796
   -46.851   -72.398  -132.911  -310.453  -419.533  -312.294   -79.173    -1.041
    6.673    1.004    -4.898   -19.996   -29.014   -31.803   -49.000   -40.886
   72.270  274.746  296.503  144.398   -15.916   -68.005   -92.006  -108.721
CT2253:345           52.052   56.316   53.756   46.712   36.738   13.183
   -36.275   -78.188  -118.807  -190.147  -195.334  -170.086   -68.077   -12.604
    1.862    5.543    7.197   12.104    9.525    3.623   -25.336   -30.988
    -1.931   15.367   18.337    9.972   -23.148   -49.030   -63.156   -84.590
CT2253:340           55.242   46.628   38.892   32.710   20.825    -0.919
   -34.369   -58.927   -76.106   -87.174   -80.637   -62.038   -16.296    8.133
    4.524    -3.989    -5.090   17.428   44.211   26.814   -21.462   -33.696
   -26.810    -4.173    3.856   -15.057   -29.771   -48.106   -65.177   -78.798
CT2253:335           56.856   40.147   24.569   10.909    -2.631   -21.510
   -58.314   -77.775   -60.608    -5.197   18.656   20.835   10.788    -0.658
   -18.571   -46.016   -62.116   -59.524   -76.559   -89.213  -120.635  -140.608
  -100.299   -45.373   -21.565   -25.546   -28.260   -39.544   -60.079   -77.636
CT2253:330           53.458   38.671   20.150    -4.031   -20.714   -19.357
   -24.218   -18.470   30.651  138.314  173.741  131.374   35.756    -8.552
   -29.564   -46.721   -78.578  -114.840  -149.561  -181.081  -217.630  -220.173
  -160.441   -84.920   -36.979    -8.791    1.626   -21.063   -54.199   -75.848
CT2253:325           55.757   33.880   13.982   -13.858   -35.775    -1.663
   94.701  117.098  168.531  280.667  316.649  218.444   23.406   -56.546
   -47.807   -27.340   -80.764  -209.709  -309.095  -362.958  -412.751  -376.957
  -282.507  -114.036   -34.661   -10.053    3.882    -2.345   -30.049   -56.926
CT2253:320           77.539   49.218   22.230   -21.413   -63.879   -23.114
  241.723  485.112  416.635   65.275   -98.719   -90.069   -13.954   15.899
    4.229    9.589   -66.270  -371.819  -681.648  -722.754  -710.164  -694.054
  -480.478  -117.790    -9.829   -25.815   -35.360   -34.503   -38.359   -44.742
CT2253:315           73.814   38.330    3.602   -36.252   -63.838   -82.268
  -161.548  -256.922  -266.720  -296.880  -340.076  -258.856   -73.799   -16.687
    -0.272    2.726   -84.670  -386.618  -620.688  -590.371  -372.439  -209.324
  -140.525   -89.378   -60.895   -36.119   -16.524   -16.368   -24.725   -32.060
CT2253:310           34.459   30.584   11.923   -15.752   -38.956   -80.754
  -158.612  -192.547  -214.086  -192.839  -157.355  -123.929   -40.086    -7.029
    3.990    1.899   -56.412  -249.820  -339.759  -153.376  400.404  621.745
  366.839   28.072   -45.483   -19.310    -9.776   -20.201   -29.762   -39.691
CT2253:305            8.431    4.047    -1.688   -14.603   -29.270   -45.413
   -76.282   -90.418   -77.554   -27.517    -0.999    -6.457   -14.620    -8.974
    0.952    0.365   -14.060   -49.269   -38.925  152.275  545.920  666.278
  416.878   76.257   -19.606   -20.295   -20.787   -27.133   -34.958   -43.449
CT2253:300            0.132    -2.871    -4.709    -9.142   -18.501   -15.895
   12.165   20.060   18.557   15.924   15.871    7.647   -10.246   -10.633
    -1.072    2.812   13.759   39.075   79.300  221.476  391.602  426.007
  293.782   57.194   -24.806   -18.212   -22.857   -31.050   -36.495   -43.191
CT2253:295           -20.844   -12.190    -8.674    -0.852    9.607   18.981
   25.316   24.829   15.035    -6.223   -11.303   -19.089   -29.395   -32.732
   -23.588   -13.923    -6.825   19.760   75.472  171.466  363.240  438.842
  277.517   51.504   -33.256   -38.353   -32.635   -29.706   -29.689   -32.635
CT2253:290            -9.697    -8.389    -1.765   10.571   21.817   27.822
   23.282   18.593   16.326    -4.867   -18.839   -20.478    -6.938    -7.045
   -12.017   -12.191   -43.717  -238.517  -406.297  -258.814  198.095  398.952
  271.159   32.295   -45.220   -34.852   -22.173   -24.926   -27.876   -32.698
CT2253:285           35.391   17.791    8.599    1.694    -7.459    -3.046
   20.727   44.842   65.309   91.234  108.621   92.247   49.056   20.588
    6.375    -6.202   -50.706  -182.525  -245.161  -114.759  284.311  501.723
  375.059   59.141   -59.152   -55.248   -26.657   -27.224   -38.745   -55.579
CT2253:280           72.821   34.804    -2.075   -37.656   -65.394   -64.810
   -36.640   -13.466   29.260  135.984  190.679  168.626   80.434   29.020
    7.979    -8.439   -31.436   -76.174  -113.602   -49.658  123.585  207.872
  159.436    -3.279   -65.089   -37.537   -11.230   -25.896   -48.847   -66.228
CT2253:275           95.901   58.207   18.314   -36.415   -91.656  -103.533
   -64.175   -19.103   29.063  128.481  193.434  162.652   52.078    -2.207
   -12.646   -13.001   -25.577   -44.584   -60.237   -38.583   36.672   86.634
   67.435   10.957   -13.039   -21.066   -26.146   -37.174   -51.031   -67.159
CT2253:270           95.085   59.834   19.909   -29.882   -74.072   -91.902
   -93.015   -82.839   -63.362   -25.430    2.406    5.623    -5.682   -12.690
   -19.251   -18.324   -27.706   -49.160   -81.614   -86.191   -61.411   -41.235
   -25.915    8.400   14.936   -11.257   -38.921   -50.787   -58.598   -67.580
CT2253:265           77.663   45.327   14.717   -16.716   -46.400   -74.372
  -126.397  -148.189  -143.963  -106.991   -63.330   -52.656   -35.209   -24.892
   -16.417    0.261    -9.590   -32.865   -62.003   -93.695  -156.374  -188.062
  -145.758   -41.503    3.051   -30.089   -74.202   -81.780   -76.965   -69.959
CT2253:260           55.587   36.552   18.211    -3.403   -17.922   -22.919
   -74.823  -123.746  -124.148   -73.690   -34.223   -35.677   -12.515    3.822
   12.276   41.581   32.647   -29.062  -103.962  -153.172  -236.345  -283.422
  -220.971   -68.872    -5.090   -25.492   -76.422   -89.980   -85.149   -68.454
CT2253:255           44.664   32.884   27.976   19.221   13.339   50.215
  135.888  209.250  205.773  112.294   26.909    1.733   26.553   29.856
   25.533   35.568   14.668   -60.997  -160.536  -217.466  -287.070  -312.161
  -242.872   -41.567   40.722    -7.788   -75.127   -74.779   -58.831   -49.897
CT2253:250           51.089   38.814   27.114    1.551   -15.387   66.685
  338.506  547.669  547.306  341.264  157.350   97.903   71.800   40.410
   23.202   14.977   -11.052   -71.672  -145.379  -209.302  -341.697  -415.922
  -324.975   -78.480   30.593    8.126   -48.015   -64.038   -63.259   -56.046
CT2253:245           65.852   46.360   29.319    -2.620   -22.673  102.188
  485.897  764.945  772.870  516.146  276.942  191.460  116.271   61.522
   31.324    -5.177   -38.521   -58.957   -83.424  -150.493  -346.808  -462.259
  -366.276   -74.054   52.029   21.146   -37.409   -55.718   -65.588   -66.196
CT2253:240           95.618   64.697   40.762    -4.833   -53.946   29.893
  457.304  893.387  908.875  527.905  283.295  203.797  123.732   81.645
   52.001   14.079    -8.430    -9.959    1.239   -51.627  -290.101  -480.302
  -364.320   -38.745   68.299   30.641   -28.689   -44.659   -55.022   -68.564
CT2253:235          124.207   75.109   21.459   -53.663  -111.845   -88.944
   -19.017    8.230   24.244   14.966   -38.062   -41.352   20.621   35.543
   30.807   32.434   33.970   56.846   78.787   64.007   52.029   75.455
   68.646   96.796  122.625   81.447    8.541   -26.915   -48.289   -71.058
CT2253:230          126.388   76.349   23.769   -38.200   -94.410  -147.228
  -287.039  -368.329  -328.342  -152.176   -25.258    -9.350   15.012   21.716
   18.714   26.756   38.323   97.145  167.960  172.815  131.972   94.718
  110.440  133.858  127.525   80.981   19.896   -17.754   -50.842   -80.505
CT2253:225          126.902   73.735   20.835   -33.131   -81.820  -127.832
  -249.787  -318.475  -244.200   34.509  233.809  222.041   96.016   27.815
   11.457   19.488   30.338   73.563  121.250  132.512  107.723   81.562
   93.282  122.926  117.635   75.243   26.676    -8.684   -42.659   -77.536
CT2253:220          131.016   80.337   28.777   -31.533   -86.715   -97.144
   -76.780   -41.177   57.642  326.289  510.453  455.145  165.248    -0.760
   -18.275   12.592   21.357   24.661   19.929   37.660   89.186  121.129
  121.549  110.591   94.525   60.967   23.040   -11.998   -50.131   -87.206
CT2253:215          125.366   81.311   42.640   -15.707   -79.950   -73.411
   79.147  224.670  298.996  404.639  467.389  416.754  160.809    -2.536
   -22.592    9.807   16.573    1.626   -16.574    5.372  106.649  186.116
  174.149   80.179   37.504   28.503   21.892   -14.750   -64.124  -103.550
CT2253:210           83.812   61.579   41.188   22.182    2.291    5.224
   68.286  135.904  166.800  169.418  182.668  169.487   72.943   15.039
    2.044    5.084    -2.467   -10.609   -18.031    -1.519   83.550  157.415
  151.950   73.983   36.751   31.559   31.346    1.894   -43.570   -87.927
CT2253:205           56.522   48.659   44.104   44.031   32.824   -24.881
  -167.830  -285.681  -298.291  -240.948  -176.150  -126.488   -41.015    9.882
   13.054   18.248   12.737   -37.640   -97.181  -103.006   -34.169   59.260
   78.350   52.226   48.555   50.675   41.244    7.486   -42.288   -88.238
CT2253:200           44.720   39.172   30.214   37.636   52.953   -19.228
  -314.440  -623.303  -655.770  -449.155  -267.556  -197.522  -101.450   -39.508
   -12.836   15.726   23.280   -71.771  -217.913  -253.560  -223.172  -157.196
   -98.569   79.145  162.178  113.628   38.041    -1.474   -49.004   -94.211
CT2253:195           36.737   38.371   42.321   56.572   57.358   -11.996
  -211.653  -378.552  -397.374  -278.642  -128.008   -73.481   -42.470    -3.944
   11.172    8.030   24.127   34.827   -11.667   -68.761  -247.439  -449.808
  -344.382   37.202  193.707  162.863   85.755   30.806   -29.436   -87.545
CT2253:190           30.052   43.681   49.338   55.455   57.107   23.851
   -53.051  -129.551  -138.453   -98.618   -66.388   -34.951   -10.632    2.895
   15.246    4.440   35.450  307.498  820.239  855.013  300.266  -146.162
  -135.304   85.382  171.662  148.196   91.212   46.506   -11.342   -68.104
CT2253:185           28.149   23.335   20.963   25.786   28.965   17.278
   10.498    -0.001    -0.522    2.869    5.818   17.040    7.027    2.420
   14.922   15.742   58.945  259.217  521.080  523.275  294.603   55.028
   31.696  125.203  170.098  147.868   89.537   36.412   -24.681   -81.927
CT2253:180           13.045    4.100    1.022    8.175   17.143   18.002
   37.256   67.570   76.226   62.009   59.235   57.960   30.005   17.815
   23.758   28.208   58.639  148.759  237.740  217.731   99.286   -20.118
   -15.666  101.722  167.707  146.106   80.784   26.099   -38.831  -100.294
CT2253:175            8.992    7.179    3.943    -4.477   -14.794   -24.044
   -55.352  -113.424  -109.906   -16.180   50.265   55.255   29.688   14.683
   18.400   40.014   56.827   67.667   72.412   33.394  -165.974  -348.499
  -280.995   44.378  183.700  133.307   51.026    2.896   -60.948  -116.671
CT2253:170           29.550   27.976   25.129   22.367   20.695    9.261
   -35.388   -65.655   -52.447    3.313   57.267   60.370   25.306    -4.533
    -6.685   24.319   23.377   -35.117   -73.600   -94.793  -261.581  -367.270
  -275.848   -18.695   89.022   84.353   61.854   22.665   -39.472   -99.726
CT2253:165           33.029   34.616   31.934   28.772   23.512   14.402
    -7.544   -22.555    2.558   84.445  145.265  137.699   61.901    4.459
   -16.401   -19.877   -43.918  -191.643  -457.131  -447.251   -58.319  287.692
  282.560  111.184   41.669   43.670   50.587   16.852   -38.399   -92.689
CT2253:160           33.479   29.107   24.302   19.950   14.690    9.356
    2.386    -2.297   29.639  138.556  226.290  211.639   94.006   12.040
   -10.122   -16.225   -26.014   -94.026  -250.063  -206.587  271.261  673.448
  604.660  232.599   36.636   25.187   48.205   14.903   -44.776   -97.219
CT2253:155           32.256   22.790   15.560   11.621    7.915    4.316
    2.993    1.402   19.892   88.538  143.015  137.196   70.067   21.952
    7.883    1.888    9.154  126.866  431.962  549.423  472.335  439.784
  364.639  113.721   -11.513    -7.759   36.837   30.572   -10.784   -71.045
CT2253:150           35.560   24.267   15.178    9.845    6.131    -1.517
    -4.616    -4.954    -0.215    7.102   14.288   15.302    -0.292   -14.171
   -15.171   -19.176   -10.362   82.555  203.241  229.502  158.461    4.236
   -21.195   -27.695   -51.090   -28.182   36.300   18.923   -35.329   -79.612
CT2253:145           45.293   39.870   34.767   29.168   21.620    6.137
   -30.496   -63.591   -69.434   -71.253   -68.856   -58.695   -39.524   -30.266
   -22.046    -9.237    5.924   17.078    7.967    8.937    6.177    -5.185
   -30.037   -50.406   -52.983   -30.703   20.126   21.213   -18.806   -65.248
CT2253:140           42.414   38.497   31.922   27.305   23.634    -3.481
   -78.258  -154.333  -164.194  -114.905   -62.564   -42.479   -15.633   10.517
   13.042   10.346   13.655    -2.884   -26.477   -22.997    4.946   45.212
   28.906   -12.540   -25.327    -0.864   35.935   21.247   -23.199   -69.227
CT2253:135           42.872   33.396   26.229   23.806   19.929    -5.784
   -80.040  -151.648  -155.497  -104.569   -41.715   -21.613    -5.191   14.535
   11.507    4.106    -1.229   -14.205   -31.517   -27.201    7.686   43.489
   45.456   20.953   10.978   20.390   33.423    6.562   -45.375   -85.768
CT2253:130           44.804   32.896   22.064   15.577    9.862   -13.600
   -79.729  -136.430  -117.359   -65.222   15.308   26.912    2.283    -0.237
   -17.884    -7.879    -6.856   -20.892   -37.441   -34.231    -7.805   25.416
   42.721   61.298   66.008   54.762   37.114    9.762   -36.389   -84.161
CT2253:125           52.116   39.092   25.723   12.887    -5.198   -26.049
   -77.416  -117.481   -39.400  131.985  167.401  175.302  153.791   28.731
   -28.501   -11.655   -13.848   -24.617   -46.846   -51.514   -27.076    4.031
   25.462   65.154   83.580   67.677   39.789    8.390   -36.295   -83.510
CT2253:120           66.285   56.958   42.713   23.606    -0.159   -12.490
   -56.975  -110.763   24.790  685.392 1303.304 1308.589  665.022   88.869
   -11.783   18.289   19.255    5.374   -12.247   -18.472   -20.496   -24.192
    -6.740   44.793   67.082   57.134   37.904    5.670   -45.922   -88.800
CT2253:115           91.589   60.625   28.530    -7.401   -45.769   -66.574
   -77.376   -88.578   -11.952  558.491 1487.002 1524.933  592.977   95.573
   35.279   30.918   27.400   32.252   50.891   49.208   12.815   -21.745
   -13.048   27.352   49.424   47.831   34.484    9.522   -32.001   -74.799
CT2253:110           94.475   67.025   36.360    -4.985   -47.921   -77.141
   -92.352   -94.528  -189.254 -1000.988 -2331.817 -2345.069  -891.732   -99.189
   -14.591    -4.899    6.465   29.308   72.103   75.978   16.241   -51.453
   -42.895   31.240   70.752   66.084   57.217   30.773   -21.150   -66.625
CT2253:105           89.283   56.382   22.927   -11.025   -39.194   -60.382
   -52.784   -32.725  -124.737  -508.059  -690.303  -665.936  -397.553   -25.325
   31.688    -2.254    -2.157   11.947   28.778   25.855    4.087   -22.455
   -19.791    4.040   19.826   31.966   41.901   23.247   -21.187   -65.387
CT2253:100           78.355   51.706   26.115    0.824   -27.022   -40.700
   -22.235   -10.406    2.152  139.278  268.462  266.414  117.445   15.111
   19.210    6.416    -1.915    7.305   21.020   14.617    -1.662   -19.796
   -15.825    -1.333    7.595   18.863   29.109   11.142   -31.957   -75.143
CT2253:095           75.980   48.974   24.677    3.345   -19.515   -34.815
   -31.347   -20.263   29.008  263.722  516.442  519.711  223.045    8.499
    -4.805   23.793   36.499   27.209   17.843    -2.190   -42.700   -72.184
   -63.457   -19.130   18.149   28.872   28.602    4.809   -44.438   -88.797
CT2253:090           73.423   52.573   31.322    9.530   -14.350   -51.785
  -131.863  -203.626  -204.785  -159.685  -118.712   -87.953   -39.060   -28.707
   -21.995    8.328   16.965    3.206   -19.271   -47.226  -148.812  -225.061
  -206.529   -75.471   24.428   33.321   23.248    3.955   -42.087   -93.639
CT2253:085           72.091   54.935   34.224   11.444   -10.489   -49.233
  -176.742  -355.129  -397.696  -347.179  -307.594  -271.965  -129.479   -13.875
    4.272   11.185   12.735   -14.642   -80.304  -117.955  -225.088  -424.114
  -381.890  -116.029    0.285    3.964    -3.973   -23.519   -69.100  -104.434
CT2253:080           67.239   49.541   32.164   17.799    2.849   -24.727
   -61.993   -73.799   -80.887  -112.712   -84.917   -62.279   -41.292    0.249
   10.473    2.588    -2.723   -19.496   -45.365   -50.073   44.141  239.147
  219.869   50.297    -0.741   12.415   25.809   10.198   -35.669   -84.479
CT2253:075           59.447   44.596   27.356    8.478   -12.388   -21.001
    -3.639   11.288   10.737   12.983    8.360    9.945    -2.272   -16.365
   -15.584   -22.251   -30.626   -34.848   -39.410   -31.184   37.518   90.868
   96.068   42.336    3.568   19.988   43.784   29.438   -15.397   -68.347
CT2253:070           39.112   22.113    6.127    -8.037   -19.857   -16.997
   17.917   59.690   67.702   52.919   23.149   10.236    -1.272   -11.285
   -18.282   -31.028   -37.966   -36.432   -31.387   -30.625   -57.915  -108.212
   -98.849   -37.360    -5.033   13.907   43.223   19.900   -46.864   -99.242
CT2253:065           34.995   23.026   11.853    -1.116   -13.633    -9.188
   25.460   63.934   68.776   46.061   17.347    -0.379   -22.936   -38.843
   -41.332   -30.070   -22.154   -18.934   -11.545   -17.974   -68.483  -124.293
  -119.627   -59.725   -20.462    0.871   28.085   22.575   -16.017   -63.061
CT2253:060           21.825   18.735   10.386    2.689    -3.622    2.685
   31.811   62.727   65.773   33.816    4.085   -16.341   -38.586   -53.138
   -54.789   -36.314   -24.454    -5.448   20.670   17.463   -23.524   -69.430
   -72.506   -48.493   -25.266    0.713   26.631   14.216   -26.793   -65.064
CT2253:055           15.222    9.415    6.605    7.849   11.493   20.391
   36.010   53.209   61.999   33.930   32.023   15.082   -24.328   -34.241
   -46.136   -26.634   -12.553    5.728   30.225   24.823    9.323   -29.842
   -35.082   -33.479   -29.587    -9.562    9.464    -2.267   -38.068   -66.391
CT2253:050           13.046   13.280   15.832   19.663   23.179   32.149
   33.511   50.213  100.138  106.173   88.290   65.411   45.692    4.689
   -37.862   -21.105   -25.332   -19.006    4.332   -19.536   -12.753   -33.717
   -24.700   -31.807   -38.404   -13.288    -0.035    -2.679   -25.427   -54.282
CT2253:045           24.775   26.376   24.919   21.087   14.342   28.033
   36.274   17.632   90.590  411.782  520.368  471.616  384.114   79.081
   -17.992    -0.252   -23.259   -92.305   -94.716   -92.394  -204.958  -172.314
  -131.039   -92.061   -20.616    1.628   -13.126   -16.215   -41.145   -59.094
CT2253:040           51.205   41.214   30.124   12.424   -11.344    1.205
   82.003  182.024  304.875  922.011 1860.522 1906.379  828.304   94.745
    -5.383   13.385   -28.766  -271.690  -759.020  -960.391  -953.696  -957.669
  -815.833  -346.177   -66.072    -7.995    8.376   10.515   -21.288   -51.486
CT2253:035           56.297   43.290   30.157   13.239    -4.845    5.216
   84.441  176.787  169.501   -18.147  -282.872  -305.394  -109.369   11.452
   26.229   15.116   -19.513  -255.055  -787.292 -1029.439  -960.341  -858.947
  -735.074  -370.397   -99.677   -30.857    4.066   12.251   -21.159   -52.714
CT2253:030           47.062   38.017   26.513   14.445    7.742    6.350
   21.729   45.764   -94.369  -810.297 -1659.855 -1710.879  -827.686   -81.880
   40.590   12.780    0.174   48.091  228.487  248.629  -120.247  -487.479
  -480.697  -242.687   -61.548   -24.775   -10.050   -10.943   -39.713   -63.405
CT2253:025           33.842   28.509   22.573   15.437   10.996    -3.152
   -49.852  -112.221  -232.071  -618.864  -986.258  -984.117  -554.200   -67.825
   46.817   28.754   38.755  164.702  483.695  564.832  273.090  -139.687
  -176.907   -27.576   55.132   54.179   22.611   -18.019   -58.154   -83.113
CT2253:020           28.551   17.852   10.050    6.144    5.080    -3.703
   -18.601   -29.011   -55.999   -57.536   -11.965   12.656    1.261    5.534
   36.205    1.592   -11.618   75.226  209.538  241.823  289.930  272.345
  285.345  385.418  419.991  298.129   55.994   -38.347   -56.170   -85.003
CT2253:015           10.817    6.559    3.556    5.183    9.458    4.618
    -5.107   -15.494    1.902  151.596  325.332  350.431  217.396   49.110
   24.249    -9.049   -22.052   56.147  234.539  330.491  413.508  539.314
  562.581  529.596  480.826  337.415   71.773   -42.701   -64.686   -98.256
CT2253:010           21.610   16.895   13.348   10.571    6.763    6.940
   14.627   21.228   47.913  194.974  379.780  399.906  229.259   58.649
   24.394   11.015   17.086   44.253   99.858  152.559  249.157  362.618
  425.967  551.479  604.137  444.723  127.541   -34.763   -93.097  -127.806
CT2253:005           46.148   38.788   30.290   20.685    9.059    7.467
   19.988   38.731   45.248   17.233   -47.918   -66.577   -27.329   -12.237
   -17.238   -21.418   -28.948   -22.408   -23.477    -8.898   31.835   72.079
  122.599  222.609  262.712  205.355   78.853    1.763   -39.617   -88.957
CT2254:360           54.024   43.227   31.960   16.798    0.289    -0.904
   16.183   54.127   53.134   -53.539  -163.300  -182.759  -116.309   -34.833
   -23.189   -16.839   -14.753   -26.619   -57.226   -58.975   -52.060   -37.384
    -8.601   42.901   81.759   63.503   31.683    -7.694   -52.871   -87.174
